0.2236827313899994 0.19992555677890778 0.48456016182899475 3.9664976596832275 3.46327805519104 -1.6992052793502808 738282.4743056047
0.22133849561214447 0.19633549451828003 0.4832476079463959 3.7632949352264404 3.427379846572876 -1.683646559715271 738282.4743057201
0.21704846620559692 0.19215422868728638 0.4819832742214203 3.554669141769409 3.407424211502075 -1.656079649925232 738282.4743058356
0.21529792249202728 0.19212685525417328 0.4808431565761566 3.291449785232544 3.3282084465026855 -1.621341586112976 738282.474305951
0.21208995580673218 0.1859254390001297 0.4804251492023468 3.060722589492798 3.217787265777588 -1.5797258615493774 738282.4743060549
0.20952406525611877 0.18437081575393677 0.47945982217788696 2.791644811630249 3.123727798461914 -1.5271300077438354 738282.4743061705
0.20694571733474731 0.1796095222234726 0.47854846715927124 2.494112491607666 3.008694648742676 -1.4758760929107666 738282.4743062858
0.20642514526844025 0.1789294183254242 0.4776878356933594 2.2339539527893066 2.8520045280456543 -1.4266760349273682 738282.4743064127
0.20191511511802673 0.17353728413581848 0.47682538628578186 1.9522218704223633 2.747849225997925 -1.380751371383667 738282.4743065286
0.20229369401931763 0.1705372929573059 0.4764944314956665 1.7059531211853027 2.56847882270813 -1.340688705444336 738282.4743066442
0.19336441159248352 0.16503649950027466 0.47571560740470886 1.5064888000488281 2.5273849964141846 -1.3030387163162231 738282.4743067594
0.19290556013584137 0.16420111060142517 0.4750954210758209 1.2406846284866333 2.4256701469421387 -1.2616820335388184 738282.4743068749
0.19151683151721954 0.15795227885246277 0.47451797127723694 1.0052965879440308 2.3166005611419678 -1.21403968334198 738282.4743069903
0.18600253760814667 0.15321649610996246 0.4749894440174103 0.8232881426811218 2.295872449874878 -1.165096640586853 738282.4743071058
0.18516314029693604 0.15013064444065094 0.47467586398124695 0.613862931728363 2.2199368476867676 -1.1207902431488037 738282.4743072212
0.17987269163131714 0.1446315348148346 0.4743981957435608 0.4497641921043396 2.1725504398345947 -1.0755512714385986 738282.4743073366
0.17648841440677643 0.14243823289871216 0.47418153285980225 0.2576230764389038 1.976546049118042 -1.030449628829956 738282.4743074521
0.17483162879943848 0.138409823179245 0.47394049167633057 0.03014608472585678 1.7111927270889282 -1.0105668306350708 738282.4743075675
0.17024829983711243 0.1366492062807083 0.47411051392555237 -0.13638314604759216 1.4330930709838867 -0.9911483526229858 738282.474307683
0.1655569076538086 0.13173499703407288 0.47385546565055847 -0.32079532742500305 1.1942028999328613 -0.9725192189216614 738282.47430781
0.1646021455526352 0.13154539465904236 0.4736248254776001 -0.51701819896698 0.9339989423751831 -0.9627471566200256 738282.4743079139
0.15404288470745087 0.12669368088245392 0.47335901856422424 -0.7307682633399963 0.7227659225463867 -0.9534258246421814 738282.4743080523
0.1554240882396698 0.12547391653060913 0.47347936034202576 -0.8883039951324463 0.4160076081752777 -0.9531024694442749 738282.4743081562
0.14641046524047852 0.12206055968999863 0.4732702076435089 -0.9987384676933289 0.2372693419456482 -0.9576013088226318 738282.47430826
0.14338719844818115 0.12045377492904663 0.47313055396080017 -1.1896198987960815 0.14486680924892426 -0.9491803646087646 738282.4743083755
0.14153702557086945 0.11529683321714401 0.4730721712112427 -1.2770116329193115 -0.02893388643860817 -0.9382796883583069 738282.474308491
0.13411575555801392 0.11584591120481491 0.47258177399635315 -1.4815921783447266 -0.19944792985916138 -0.9292464256286621 738282.4743086065
0.1300908327102661 0.11241823434829712 0.472480833530426 -1.6133291721343994 -0.40023648738861084 -0.9183392524719238 738282.4743087218
0.1300288289785385 0.11179307848215103 0.47240641713142395 -1.8008731603622437 -0.6465776562690735 -0.9185915589332581 738282.4743088374
0.11805211007595062 0.10253024101257324 0.47210928797721863 -2.0340816974639893 -1.0641130208969116 -0.9159350395202637 738282.4743089527
0.12105435132980347 0.10401774197816849 0.4721256196498871 -2.045060157775879 -1.085495114326477 -0.9168061017990112 738282.4743090682
0.11341486871242523 0.09779489785432816 0.47210797667503357 -2.274996280670166 -1.6405593156814575 -0.9211797714233398 738282.4743091835
0.11237169802188873 0.10058324038982391 0.4721103608608246 -2.294774293899536 -1.6327948570251465 -0.9206221699714661 738282.4743093105
0.10488764196634293 0.09271848946809769 0.47189396619796753 -2.4320294857025146 -2.1092641353607178 -0.903667151927948 738282.4743094144
0.10807399451732635 0.09461645036935806 0.4719080328941345 -2.445876359939575 -2.1317622661590576 -0.9046931862831116 738282.4743095299
0.09637374430894852 0.08665791153907776 0.4743052124977112 -2.4666764736175537 -2.459449529647827 -0.9062106609344482 738282.4743096454
0.10031723976135254 0.08726508915424347 0.4743146002292633 -2.4714133739471436 -2.487384080886841 -0.907470703125 738282.4743097723
0.09580151736736298 0.08546065539121628 0.4743274450302124 -2.496279716491699 -2.683889150619507 -0.9092204570770264 738282.4743098762
0.09617473185062408 0.08321283012628555 0.4744013547897339 -2.559056282043457 -2.8478755950927734 -0.9158141016960144 738282.4743100031
0.0895938128232956 0.08185867220163345 0.47455117106437683 -2.554752826690674 -2.963613271713257 -0.9074045419692993 738282.4743101071
0.08462343364953995 0.07798532396554947 0.47746679186820984 -2.669494867324829 -3.087888717651367 -0.90785813331604 738282.474310234
0.08074907213449478 0.0752439871430397 0.47780704498291016 -2.739997386932373 -3.211909532546997 -0.9056336283683777 738282.4743103725
0.08703246712684631 0.07404357939958572 0.4782319664955139 -2.7880642414093018 -3.3797035217285156 -0.893040120601654 738282.4743104648
0.0840521827340126 0.07311009615659714 0.47870421409606934 -2.7505080699920654 -3.5133843421936035 -0.8886560797691345 738282.4743105688
0.0806758776307106 0.07158865034580231 0.4811737537384033 -2.7934279441833496 -3.680109977722168 -0.8881150484085083 738282.4743106957
0.0789722204208374 0.06893463432788849 0.4817708134651184 -2.8689393997192383 -3.8438334465026855 -0.9052545428276062 738282.4743107996
0.07784252613782883 0.06636364758014679 0.48241281509399414 -2.856961965560913 -3.9340708255767822 -0.91368567943573 738282.4743109382
0.07611329108476639 0.06675455719232559 0.4831275939941406 -2.8937833309173584 -4.040122032165527 -0.9263153076171875 738282.474311042
0.0732254683971405 0.06471516191959381 0.4838810861110687 -3.0130255222320557 -4.13162088394165 -0.9289425015449524 738282.4743111575
0.07122857868671417 0.06132475286722183 0.48797306418418884 -2.9441421031951904 -4.196903228759766 -0.9431441426277161 738282.4743112613
0.06771770864725113 0.05957461893558502 0.48875319957733154 -2.9020302295684814 -4.182146072387695 -0.9444100856781006 738282.4743113883
0.06450388580560684 0.05566401034593582 0.48943889141082764 -2.7511157989501953 -4.172854900360107 -0.9489442706108093 738282.4743114922
0.05974004045128822 0.05231526866555214 0.49010229110717773 -2.6791462898254395 -4.094844818115234 -0.9463174343109131 738282.4743116077
0.05915296450257301 0.05245841667056084 0.49079465866088867 -2.5329647064208984 -4.065038204193115 -0.9681078791618347 738282.474311723
0.056333884596824646 0.05036189779639244 0.49249696731567383 -2.504135847091675 -4.131392478942871 -0.9973461031913757 738282.47431185
0.06367935240268707 0.05285259336233139 0.49326291680336 -2.4732418060302734 -4.201231956481934 -1.0268676280975342 738282.474311954
0.06123439595103264 0.05026376247406006 0.4940503239631653 -2.464667797088623 -4.216407775878906 -1.0479183197021484 738282.4743120694
0.059780821204185486 0.04928341135382652 0.494842529296875 -2.474102020263672 -4.316554069519043 -1.0785250663757324 738282.4743121847
0.0576685406267643 0.04893874377012253 0.4962117671966553 -2.5033035278320312 -4.2779741287231445 -1.101656436920166 738282.4743123002
0.05220178887248039 0.046159930527210236 0.4968741834163666 -2.4877068996429443 -4.193947792053223 -1.1289288997650146 738282.4743124157
0.050014350563287735 0.044442079961299896 0.497413694858551 -2.439957618713379 -4.125338554382324 -1.1557927131652832 738282.4743125311
0.05073274299502373 0.04526243731379509 0.4978647232055664 -2.4142537117004395 -4.025627613067627 -1.1836458444595337 738282.4743126581
0.04920685291290283 0.041731417179107666 0.49827083945274353 -2.323333263397217 -3.944991111755371 -1.212639570236206 738282.4743127619
0.04707843065261841 0.039993345737457275 0.501186192035675 -2.2464897632598877 -3.8270645141601562 -1.238588809967041 738282.4743128889
0.05552024394273758 0.04231075942516327 0.501833975315094 -2.1588945388793945 -3.7796919345855713 -1.2683340311050415 738282.4743130044
0.053300321102142334 0.04184906929731369 0.502532422542572 -2.1065618991851807 -3.7199923992156982 -1.2982110977172852 738282.4743131198
0.054759155958890915 0.041604433208703995 0.503170371055603 -2.0935354232788086 -3.6196653842926025 -1.32829749584198 738282.4743132237
0.05257074534893036 0.039956893771886826 0.5036894679069519 -2.076897382736206 -3.5861525535583496 -1.3580735921859741 738282.4743133391
0.05138514190912247 0.03811466321349144 0.5041117072105408 -2.040792226791382 -3.5814616680145264 -1.4001418352127075 738282.4743134546
0.052012939006090164 0.03812598064541817 0.5045122504234314 -1.9734665155410767 -3.4441215991973877 -1.4311177730560303 738282.4743135815
0.05021613836288452 0.03583138808608055 0.5048890113830566 -1.901367425918579 -3.306666374206543 -1.4663138389587402 738282.4743136854
0.04911501705646515 0.03581925481557846 0.5031949877738953 -1.7781481742858887 -3.117753267288208 -1.4995783567428589 738282.4743138008
0.047938067466020584 0.03462334722280502 0.5032813549041748 -1.6770250797271729 -2.911252737045288 -1.5348825454711914 738282.4743139509
0.04681124910712242 0.033454395830631256 0.503322958946228 -1.541474461555481 -2.720963954925537 -1.5794402360916138 738282.4743140318
0.04104000702500343 0.03373800590634346 0.5032840967178345 -1.4787349700927734 -2.499055862426758 -1.6141839027404785 738282.4743141587
0.04062904417514801 0.03327898308634758 0.5032027363777161 -1.4119147062301636 -2.3340682983398438 -1.652267336845398 738282.474314274
0.041071392595767975 0.03139819577336311 0.5024374723434448 -1.3723888397216797 -2.1925222873687744 -1.68724524974823 738282.4743143895
0.04006872698664665 0.030337955802679062 0.5021221041679382 -1.3236340284347534 -2.0647106170654297 -1.724034309387207 738282.474314505
0.04497082158923149 0.031868189573287964 0.501718282699585 -1.3290432691574097 -2.0884323120117188 -1.769837737083435 738282.4743146204
0.04292421042919159 0.03114161267876625 0.5012685656547546 -1.333092451095581 -2.0093021392822266 -1.798649787902832 738282.4743147359
0.042013417929410934 0.030115706846117973 0.5021793246269226 -1.2955126762390137 -1.9900325536727905 -1.830482006072998 738282.4743148513
0.0424465611577034 0.026195017620921135 0.5016205310821533 -1.224066972732544 -2.002349853515625 -1.875533103942871 738282.4743149667
0.04278464987874031 0.02471817098557949 0.5009881854057312 -1.1606858968734741 -1.9505038261413574 -1.9086371660232544 738282.4743151052
0.04410557076334953 0.024417992681264877 0.5002290606498718 -1.1434239149093628 -1.8940064907073975 -1.9440680742263794 738282.4743151977
0.04173329845070839 0.024625662714242935 0.49937891960144043 -1.0583570003509521 -1.7999963760375977 -1.9852133989334106 738282.4743153129
0.043879829347133636 0.02346913330256939 0.49894413352012634 -1.039474606513977 -1.690895915031433 -2.0198974609375 738282.4743154284
0.04331505298614502 0.02258550375699997 0.4979577660560608 -0.9406443238258362 -1.5884342193603516 -2.049408197402954 738282.4743155439
0.046319879591464996 0.01848594658076763 0.49686360359191895 -0.8526039123535156 -1.4455188512802124 -2.0836546421051025 738282.4743156593
0.045867014676332474 0.017584336921572685 0.4958078861236572 -0.7900137305259705 -1.2894419431686401 -2.10476016998291 738282.4743157747
0.041376207023859024 0.016924366354942322 0.4951206147670746 -0.8277913331985474 -1.0871943235397339 -2.121490716934204 738282.4743158902
0.04097233712673187 0.01646045781672001 0.4939423203468323 -0.7700082659721375 -0.8896529078483582 -2.143157720565796 738282.4743160056
0.040066368877887726 0.01569226197898388 0.49265801906585693 -0.8176513910293579 -0.751099169254303 -2.161954641342163 738282.474316121
0.041400566697120667 0.013643668033182621 0.49129560589790344 -0.8324382305145264 -0.6295127272605896 -2.1888980865478516 738282.4743162366
0.04098955914378166 0.012795740738511086 0.4898836612701416 -0.7793691754341125 -0.4761280417442322 -2.2068541049957275 738282.4743163518
0.048276763409376144 0.01286319550126791 0.49059388041496277 -0.8169620633125305 -0.4851300120353699 -2.212968349456787 738282.4743164673
0.048002202063798904 0.012052341364324093 0.48902690410614014 -0.8132368326187134 -0.45506852865219116 -2.2296106815338135 738282.4743165829
0.04934078827500343 0.01458638347685337 0.48737457394599915 -0.888116180896759 -0.4399314224720001 -2.247668981552124 738282.4743167098
0.049106813967227936 0.013853024691343307 0.48565125465393066 -0.9209414720535278 -0.3695719242095947 -2.257702589035034 738282.4743168136
0.05310950428247452 0.010565869510173798 0.48392239212989807 -0.9230102896690369 -0.3123175799846649 -2.2646796703338623 738282.4743169405
0.05283080413937569 0.010540741495788097 0.48212385177612305 -0.924288809299469 -0.22583909332752228 -2.279433012008667 738282.4743170445
0.054149433970451355 0.009142729453742504 0.4801954925060272 -0.8688768744468689 -0.07707076519727707 -2.273189067840576 738282.4743171599
0.05284330993890762 0.007684794720262289 0.47814542055130005 -0.8081973791122437 0.08827298134565353 -2.2797515392303467 738282.4743172753
0.05225376412272453 0.006855339743196964 0.4759996235370636 -0.8142551183700562 0.2731213867664337 -2.28052020072937 738282.4743173907
0.051490865647792816 0.006038527004420757 0.47588038444519043 -0.762592613697052 0.49607282876968384 -2.2797889709472656 738282.4743175062
0.055201172828674316 0.0055200448259711266 0.473712682723999 -0.7854710221290588 0.6330709457397461 -2.2805044651031494 738282.4743176331
0.05250200256705284 0.0028665377758443356 0.471427857875824 -0.7395744919776917 0.8381502628326416 -2.26434326171875 738282.474317737
0.05705500394105911 0.004243563394993544 0.4690222144126892 -0.7153684496879578 0.9382556676864624 -2.2573418617248535 738282.4743178639
0.0563354454934597 0.002036568010225892 0.46628281474113464 -0.7960832118988037 1.0153779983520508 -2.251476287841797 738282.474317968
0.05786709487438202 0.003024718025699258 0.4637244641780853 -0.8166402578353882 1.0820448398590088 -2.2519149780273438 738282.4743180836
0.05767723172903061 0.0020162821747362614 0.46106457710266113 -0.954624354839325 1.116597056388855 -2.2371671199798584 738282.4743182104
0.0578455924987793 0.0018518699798732996 0.4582834839820862 -1.0112218856811523 1.1964136362075806 -2.2173593044281006 738282.4743183141
0.05840853974223137 0.0013882408384233713 0.4554001986980438 -1.0406672954559326 1.2580347061157227 -2.1995596885681152 738282.4743184296
0.05832311511039734 0.0012920706067234278 0.45457446575164795 -1.0867592096328735 1.3383431434631348 -2.180433988571167 738282.474318545
0.058151230216026306 0.000740372808650136 0.45157673954963684 -1.082664966583252 1.456866979598999 -2.1595399379730225 738282.4743186608
0.05877893045544624 0.0025971177965402603 0.4484727382659912 -1.1064119338989258 1.5695250034332275 -2.141883134841919 738282.4743187759
0.05857653170824051 0.002118839183822274 0.4452917277812958 -1.124969244003296 1.6451102495193481 -2.1248433589935303 738282.4743189032
0.05946296080946922 -0.0001460362400393933 0.4418976604938507 -1.117248296737671 1.7825778722763062 -2.1187946796417236 738282.4743190183
0.05923004820942879 -0.0006176168099045753 0.43847280740737915 -1.055384874343872 1.9127135276794434 -2.1092257499694824 738282.4743191221
0.0652691051363945 -0.005626754369586706 0.4349432587623596 -1.0032131671905518 1.983260154724121 -2.0951967239379883 738282.4743192494
0.06694626808166504 -0.005754544865339994 0.4312981367111206 -0.9849503636360168 2.111219644546509 -2.0901036262512207 738282.474319353
0.06616076827049255 -0.007280830759555101 0.4274800717830658 -0.9980786442756653 2.1865665912628174 -2.077455520629883 738282.47431948
0.0670585185289383 -0.007873819209635258 0.42278051376342773 -1.0345040559768677 2.262082576751709 -2.0701191425323486 738282.4743195954
0.06778997927904129 -0.0068055493757128716 0.41864266991615295 -1.0706192255020142 2.3058767318725586 -2.068164587020874 738282.4743196997
0.0677369087934494 -0.007715174462646246 0.4143768548965454 -1.1493719816207886 2.4020438194274902 -2.062507152557373 738282.4743198266
0.06744663417339325 -0.00813891552388668 0.4100063145160675 -1.1697514057159424 2.4397637844085693 -2.0537002086639404 738282.4743199305
0.0664193406701088 -0.008749961853027344 0.4078808128833771 -1.2566370964050293 2.442244291305542 -2.0532233715057373 738282.4743200459
0.06578449159860611 -0.00901368260383606 0.40341755747795105 -1.2580716609954834 2.4900856018066406 -2.0485141277313232 738282.4743201729
0.06536805629730225 -0.009379430674016476 0.3988489806652069 -1.3639343976974487 2.4852774143218994 -2.0503759384155273 738282.4743202768
0.06875164806842804 -0.006917505990713835 0.39419054985046387 -1.382315993309021 2.4259703159332275 -2.0605859756469727 738282.4743204034
0.06956280022859573 -0.008188841864466667 0.3894847333431244 -1.3778311014175415 2.4101388454437256 -2.0506653785705566 738282.4743205076
0.06965963542461395 -0.0054188682697713375 0.387451171875 -1.3754771947860718 2.340024709701538 -2.06552791595459 738282.4743206231
0.06742659211158752 -0.0038427847903221846 0.38270097970962524 -1.3269606828689575 2.335761070251465 -2.0702545642852783 738282.4743207501
0.0668853297829628 -0.003986187744885683 0.37789344787597656 -1.3107926845550537 2.256748914718628 -2.0793206691741943 738282.4743208651
0.06914453953504562 -0.01514220330864191 0.37300825119018555 -1.2736589908599854 2.1229054927825928 -2.0974817276000977 738282.4743209693
0.07407675683498383 -0.0114244120195508 0.3682960867881775 -1.2255852222442627 2.0206305980682373 -2.1094112396240234 738282.4743210963
0.07358609139919281 -0.016891738399863243 0.3632648289203644 -1.147234320640564 2.00264048576355 -2.10972261428833 738282.4743212002
0.07532153278589249 -0.016377899795770645 0.35816690325737 -1.0214004516601562 2.027442693710327 -2.1124720573425293 738282.4743213269
0.07181277871131897 -0.01939104124903679 0.35299620032310486 -0.9565469026565552 2.0433642864227295 -2.1048474311828613 738282.4743214423
0.07442516833543777 -0.020690279081463814 0.3477209210395813 -0.873569905757904 2.076129913330078 -2.087912082672119 738282.4743215578
0.07472196221351624 -0.01898800954222679 0.34407520294189453 -0.9057437777519226 2.17177152633667 -2.0631461143493652 738282.4743216733
0.07492871582508087 -0.02429278753697872 0.33867305517196655 -0.9488887786865234 2.2036097049713135 -2.0441880226135254 738282.4743217886
0.0964127704501152 -0.024683674797415733 0.33329740166664124 -0.9863537549972534 2.1429271697998047 -2.0151307582855225 738282.474321904
0.09613083302974701 -0.024955088272690773 0.3278058171272278 -1.0624263286590576 2.181948661804199 -1.9853824377059937 738282.4743220311
0.09701457619667053 -0.021554069593548775 0.32126274704933167 -1.222280502319336 2.1239707469940186 -1.95685613155365 738282.4743221351
0.09507817775011063 -0.02265460602939129 0.31563839316368103 -1.3335456848144531 2.164860248565674 -1.9290028810501099 738282.4743222503
0.09593592584133148 -0.021969188004732132 0.30995750427246094 -1.460260033607483 2.170130491256714 -1.901877999305725 738282.4743223658
0.09553233534097672 -0.02209692820906639 0.30418217182159424 -1.5255751609802246 2.223942756652832 -1.8507024049758911 738282.4743224812
0.09603028744459152 -0.0185752734541893 0.2983969748020172 -1.6183323860168457 2.262403964996338 -1.8099889755249023 738282.4743225967
0.09507416933774948 -0.014830207452178001 0.294229656457901 -1.606357216835022 2.344510793685913 -1.7698038816452026 738282.474322712
0.09464015811681747 -0.020512240007519722 0.2884157598018646 -1.5250996351242065 2.3883771896362305 -1.7195022106170654 738282.4743228278
0.09905488789081573 -0.017504030838608742 0.2824651002883911 -1.4106467962265015 2.4443018436431885 -1.6643486022949219 738282.4743229432
0.09553247690200806 -0.012760793790221214 0.27641016244888306 -1.3475998640060425 2.551753282546997 -1.598471760749817 738282.4743230584
0.10264372080564499 -0.023729678243398666 0.27053195238113403 -1.1694581508636475 2.5300917625427246 -1.5296547412872314 738282.4743231738
0.09559956192970276 -0.01847468502819538 0.2645622193813324 -1.1060681343078613 2.6909732818603516 -1.4568349123001099 738282.4743232892
0.09525099396705627 -0.04216389358043671 0.2587301731109619 -0.7966933846473694 2.7355589866638184 -1.4085078239440918 738282.4743234278
0.09616593271493912 -0.04198206216096878 0.252998024225235 -0.7198038697242737 2.790259838104248 -1.336562991142273 738282.4743235203
0.09270890802145004 -0.04170742630958557 0.2473572939634323 -0.6829856634140015 2.8227503299713135 -1.2690893411636353 738282.4743236356
0.09273374825716019 -0.0409940741956234 0.24333946406841278 -0.6937568187713623 2.8424479961395264 -1.186517357826233 738282.4743237626
0.0947510376572609 -0.03737218677997589 0.23776857554912567 -0.8480401635169983 2.7698843479156494 -1.1035382747650146 738282.4743238664
0.09108763933181763 -0.036196790635585785 0.2320879101753235 -1.036001443862915 2.753389358520508 -1.0200386047363281 738282.4743239818
0.09759475290775299 -0.05436618998646736 0.22642196714878082 -1.0161687135696411 2.583301305770874 -0.9455580115318298 738282.4743240975
0.09595513343811035 -0.05466454103589058 0.2203051745891571 -1.249666452407837 2.486520767211914 -0.8647719025611877 738282.474324213
0.097687728703022 -0.05596783012151718 0.2145605832338333 -1.3772382736206055 2.3831169605255127 -0.7818299531936646 738282.4743243285
0.09548953175544739 -0.05557013675570488 0.2088717818260193 -1.5083849430084229 2.3719637393951416 -0.680834174156189 738282.4743244436
0.09321102499961853 -0.05383800342679024 0.20329627394676208 -1.6673154830932617 2.3331291675567627 -0.5819912552833557 738282.474324582
0.09087038040161133 -0.056116733700037 0.19784824550151825 -1.7898492813110352 2.357334613800049 -0.4916149377822876 738282.4743246745
0.08699335157871246 -0.055654820054769516 0.1929834485054016 -1.8940051794052124 2.457872152328491 -0.39464983344078064 738282.4743248017
0.08578471094369888 -0.05588177964091301 0.18771187961101532 -2.0304229259490967 2.4687864780426025 -0.2914552390575409 738282.4743249053
0.08986020088195801 -0.04688554257154465 0.18247781693935394 -2.2543015480041504 2.445108652114868 -0.17873667180538177 738282.4743250207
0.09239691495895386 -0.04788905754685402 0.17726565897464752 -2.408644199371338 2.4780352115631104 -0.054914895445108414 738282.4743251477
0.09334403276443481 -0.032001856714487076 0.17074739933013916 -2.68540096282959 2.424724817276001 0.07348209619522095 738282.4743252515
0.09078644216060638 -0.03180292993783951 0.16561348736286163 -2.7402701377868652 2.355644702911377 0.18600071966648102 738282.474325367
0.09243600070476532 -0.031400226056575775 0.16055719554424286 -2.821445941925049 2.1605732440948486 0.27099934220314026 738282.4743254825
0.09140883386135101 -0.031620804220438004 0.15545886754989624 -2.9074618816375732 2.1228768825531006 0.37422817945480347 738282.4743255981
0.09298225492238998 -0.03214980661869049 0.15043389797210693 -2.8150105476379395 2.082517147064209 0.49719008803367615 738282.4743257136
0.09808661043643951 -0.039992693811655045 0.1409883350133896 -2.60923171043396 2.0853288173675537 0.611289918422699 738282.4743258291
0.09378664195537567 -0.045175936073064804 0.13520550727844238 -2.334774971008301 2.1399247646331787 0.7197928428649902 738282.4743259444
0.0917653813958168 -0.046526968479156494 0.12988486886024475 -2.201531410217285 2.2489612102508545 0.8131333589553833 738282.4743260598
0.0890708789229393 -0.04581449180841446 0.12453372776508331 -2.0667290687561035 2.308150291442871 0.9039384722709656 738282.4743261753
0.08995390683412552 -0.048585157841444016 0.11918595433235168 -1.8537273406982422 2.351100444793701 1.0058149099349976 738282.4743263021
0.08896539360284805 -0.029624054208397865 0.11373846977949142 -2.111193895339966 2.353865385055542 1.1298801898956299 738282.4743264174
0.0837727040052414 -0.02803577296435833 0.10818269103765488 -2.19879412651062 2.450313091278076 1.24802565574646 738282.4743265213
0.08330132812261581 -0.027025392279028893 0.10285569727420807 -2.2805702686309814 2.4877283573150635 1.3864364624023438 738282.474326637
0.08125698566436768 -0.0271755363792181 0.09758388996124268 -2.451998233795166 2.5484485626220703 1.5468634366989136 738282.4743267638
0.07981666922569275 -0.02588803879916668 0.09487509727478027 -2.697622060775757 2.5914955139160156 1.7309657335281372 738282.4743268678
0.07766098529100418 -0.025775592774152756 0.08978205174207687 -2.82922625541687 2.6601381301879883 1.9216469526290894 738282.4743269831
0.07350669801235199 -0.024515915662050247 0.08451444655656815 -3.0945334434509277 2.8388831615448 2.1166322231292725 738282.4743271103
0.07220949977636337 -0.024508660659193993 0.0797438845038414 -3.1656389236450195 3.042776346206665 2.34049654006958 738282.4743272258
0.06932499259710312 -0.024261824786663055 0.0764799490571022 -3.208557605743408 3.267310857772827 2.5649325847625732 738282.4743273297
0.06787147372961044 -0.02350892312824726 0.07186377048492432 -3.251871347427368 3.4105987548828125 2.7809810638427734 738282.4743274563
0.06306596845388412 -0.022521575912833214 0.06683448702096939 -3.2992939949035645 3.6276891231536865 2.9871175289154053 738282.4743275719
0.06107073277235031 -0.02135901339352131 0.06232266128063202 -3.266183376312256 3.7365448474884033 3.1920835971832275 738282.4743276756
0.057471342384815216 -0.02122926525771618 0.05761444941163063 -3.1591827869415283 3.895887613296509 3.380790948867798 738282.4743278027
0.053803954273462296 -0.019196337088942528 0.0538182258605957 -3.0210533142089844 4.0533976554870605 3.566619396209717 738282.474327918
0.04831647872924805 -0.01813003048300743 0.048640310764312744 -2.988593578338623 4.202051639556885 3.7254650592803955 738282.4743280335
