-0.0008818001369945705 3.5649667552206665e-05 0.03312157094478607 -0.8111323118209839 -0.1438164860010147 -0.08961738646030426 738282.4096866719
-0.0010826687794178724 0.00031306722667068243 0.026282209903001785 -0.9468843340873718 -0.07265636324882507 -0.08988083899021149 738282.4096867776
-0.0005086497985757887 -0.0006316048675216734 0.027141576632857323 -0.5842359662055969 -0.28372088074684143 -0.09137950837612152 738282.4096868926
-0.0006740547833032906 -6.008533819112927e-05 0.029021067544817924 -0.839273989200592 -0.18028534948825836 -0.09199133515357971 738282.4096870197
-0.0006596714374609292 0.00013750034850090742 0.028982464224100113 -0.8992336392402649 -0.17019887268543243 -0.09303045272827148 738282.4096871249
0.0002962887519970536 -0.0006937973666936159 0.024300480261445045 -0.6153938174247742 -0.4893569350242615 -0.09401234984397888 738282.4096872417
-0.0007710302015766501 -9.44365092436783e-05 0.02801244892179966 -0.8619591593742371 -0.012893049977719784 -0.08812543004751205 738282.4096873689
-0.0009899674914777279 0.0004811410035472363 0.027507852762937546 -1.0459864139556885 0.027412038296461105 -0.0903671458363533 738282.4096874726
-0.0012071907985955477 0.0003442613815423101 0.028044691309332848 -0.926069438457489 0.0550999753177166 -0.08982754498720169 738282.4096875995
-0.0004652297939173877 -0.0005585147300735116 0.03017118014395237 -0.5741665959358215 -0.25186318159103394 -0.09385684132575989 738282.409687715
-0.0014042045222595334 -0.00027793069602921605 0.026812737807631493 -0.7658342123031616 0.10423697531223297 -0.0865301564335823 738282.4096878188
-0.0006748207379132509 -0.0004617779632098973 0.028193961828947067 -0.7152068614959717 -0.21542702615261078 -0.09391073137521744 738282.4096879689
-0.0008474582573398948 -0.0006713645998388529 0.028425611555576324 -0.6754359006881714 -0.12916597723960876 -0.09195592254400253 738282.4096880505
-0.0010404224740341306 7.69647303968668e-05 0.029291216284036636 -0.9717985987663269 -0.06194668263196945 -0.08910559862852097 738282.4096881784
-0.0004891454009339213 3.7587327824439853e-05 0.02367216907441616 -0.9328664541244507 -0.2705446183681488 -0.09372589737176895 738282.409688294
-0.0012277261121198535 -0.0001214770381920971 0.024649860337376595 -0.8375878930091858 0.02489571087062359 -0.089492566883564 738282.4096884094
-0.0012537753209471703 -0.00011573963274713606 0.024632859975099564 -0.8334222435951233 -0.010845803655683994 -0.08989889174699783 738282.4096885134
-0.0008952839416451752 -0.00011021016689483076 0.024837570264935493 -0.8292136788368225 -0.16854624450206757 -0.09200708568096161 738282.4096886287
-0.0005087092285975814 1.6138212231453508e-05 0.02051505632698536 -0.889214277267456 -0.28607115149497986 -0.09380688518285751 738282.4096887558
-0.0010467570973560214 -0.0007231830386444926 0.02127154916524887 -0.610410213470459 -0.0547492615878582 -0.08890057355165482 738282.4096888604
-0.0006724949344061315 1.443726614525076e-05 0.022776920348405838 -0.9166187047958374 -0.2030014842748642 -0.09179418534040451 738282.4096889751
-0.001224187551997602 4.0508843085262924e-05 0.023036906495690346 -0.8932792544364929 0.008380269631743431 -0.08613733947277069 738282.409689102
-0.0004933716263622046 -0.0006797923124395311 0.024576079100370407 -0.6168280243873596 -0.28379204869270325 -0.08990336954593658 738282.4096892059
-0.0012139801401644945 0.0003912841493729502 0.02312695048749447 -1.0533547401428223 0.010046257637441158 -0.08576295524835587 738282.4096894368
-0.0012444502208381891 7.603227277286351e-05 0.024113327264785767 -0.8683373928070068 -0.021930238232016563 -0.08831612765789032 738282.4096894612
-0.0012621487258002162 0.00027351672179065645 0.024092281237244606 -0.919317901134491 -0.05017358809709549 -0.08935709297657013 738282.4096895539
-0.000527198426425457 -7.568951696157455e-05 0.024637902155518532 -0.7656750679016113 -0.3288327753543854 -0.09108586609363556 738282.409689669
-0.0006742400582879782 -0.0006921603926457465 0.02142801322042942 -0.5884656310081482 -0.21866701543331146 -0.08868566155433655 738282.4096897959
-0.0013938868651166558 0.0005964306183159351 0.024160973727703094 -1.0878880023956299 0.05173438414931297 -0.08725570142269135 738282.4096899122
-0.001072138431482017 -0.000561024178750813 0.028422290459275246 -0.5843560099601746 -0.12086165696382523 -0.09029918909072876 738282.4096900158
0.00022278806136455387 0.00015341051039285958 0.0307740718126297 -0.8981215953826904 -0.5624181032180786 -0.09926485270261765 738282.4096901427
-0.0009261306840926409 0.00026735442224889994 0.03804050013422966 -0.8808538317680359 -0.02614285610616207 -0.09099331498146057 738282.4096902467
-0.0009958775481209159 -0.0007634872454218566 0.029870612546801567 -0.5582824349403381 -0.04751085117459297 -0.08604242652654648 738282.4096903622
-0.0006476485868915915 -0.000816208019386977 0.03098517470061779 -0.6290538907051086 -0.1935073733329773 -0.0900678038597107 738282.4096904893
-0.001188392867334187 -0.0002914545766543597 0.03243684768676758 -0.868428111076355 0.008432619273662567 -0.08475685119628906 738282.409690593
-0.0012218402698636055 -0.000276017002761364 0.03298031538724899 -0.8633220195770264 -0.028202952817082405 -0.08500322699546814 738282.4096907084
-0.001257338561117649 -0.00034252097248099744 0.02627526968717575 -0.8567307591438293 -0.05397381633520126 -0.08685415238142014 738282.409690824
-0.0012746738502755761 0.0007681498536840081 0.02583766169846058 -1.2233418226242065 -0.07399953156709671 -0.08321082592010498 738282.4096910318
-0.0007283216109499335 -0.0001835166767705232 0.030567266047000885 -0.7537447810173035 -0.27299338579177856 -0.08464927971363068 738282.409691078
-0.0010822914773598313 0.00021381201804615557 0.03238227963447571 -0.9014471173286438 -0.11358733475208282 -0.08578671514987946 738282.4096911818
-0.0008894389611668885 -0.0005466265138238668 0.03298098221421242 -0.6452503204345703 -0.17960579693317413 -0.08501771837472916 738282.4096912973
-0.0008792970911599696 0.0009256534976884723 0.030350875109434128 -1.1863552331924438 -0.16745126247406006 -0.08606179058551788 738282.4096914011
-0.0008632658864371479 -0.00048054323997348547 0.03555375710129738 -0.6105844974517822 -0.15733212232589722 -0.08236847817897797 738282.4096915283
-0.00046519245370291173 -0.0005161578301340342 0.036441363394260406 -0.669826865196228 -0.2755676209926605 -0.08358319103717804 738282.4096916436
-0.0013977824710309505 -0.00012776874064002186 0.03910591080784798 -0.842456579208374 0.08216314762830734 -0.07872183620929718 738282.4096917593
-0.0004864096990786493 -3.081962131545879e-05 0.031620804220438004 -0.908275842666626 -0.28621843457221985 -0.0837826058268547 738282.4096918744
-0.0012211721623316407 0.00037906368379481137 0.03260721638798714 -1.0229090452194214 0.014318650588393211 -0.08147337287664413 738282.40969199
-0.0012450426584109664 0.0009889339562505484 0.03229588270187378 -1.1771514415740967 -0.018242385238409042 -0.08058037608861923 738282.4096921054
-0.0010690086055547 -0.00041282910387963057 0.03708870708942413 -0.5734267234802246 -0.10551862418651581 -0.08403631299734116 738282.4096922206
-0.00010483552614459768 -0.00045281811617314816 0.0380222424864769 -0.637268602848053 -0.4389646649360657 -0.08396647125482559 738282.4096923592
0.0 0.0 0.0 0.0 0.0 0.0 738282.4096925554
1.3304259027790977e-06 -0.0009010634967125952 -9.752693586051464e-07 -0.0010477473260834813 -0.0013008697424083948 -0.0003466737689450383 738282.4096925682
2.2413235001295106e-07 -0.0018165867077186704 0.15388093888759613 -0.001522951410152018 -0.0004187488812021911 0.0001394706778228283 738282.4096926824
1.8542309589975048e-06 -0.0021978251170367002 0.17563281953334808 -1.1276191473007202 -0.011236284859478474 0.001016600406728685 738282.409692798
0.0010643646819517016 1.6530299035366625e-05 0.027235502377152443 -2.9482529163360596 -1.9393657445907593 -0.04145744442939758 738282.4096929027
-0.0006783533608540893 0.00020014663459733129 0.032289233058691025 -3.1538498401641846 1.9502966403961182 0.012651809491217136 738282.4096930296
-0.0006222195806913078 0.00014152440417092294 0.034330159425735474 -2.7143993377685547 1.25249445438385 -1.0061772627523169e-05 738282.4096931451
-1.8079421352013014e-05 -0.000177746667759493 0.03648176044225693 -1.8720380067825317 -0.3116462230682373 -0.008902674540877342 738282.4096932606
-1.632771636650432e-05 -0.001295520574785769 0.03618753328919411 0.2806357741355896 -0.26547008752822876 -0.012296229600906372 738282.4096933765
-6.902706445544027e-06 0.000899369886610657 0.03119714930653572 -4.151197910308838 -0.24348919093608856 -0.01678517274558544 738282.4096934918
0.0005153952515684068 -0.00042464499711059034 0.03580618277192116 -1.112173080444336 -1.107494831085205 0.00203990307636559 738282.4096935956
0.0002508804900571704 -0.00042477986426092684 0.03641949221491814 -1.2214537858963013 -0.3668239116668701 -0.004138248506933451 738282.4096937125
0.0005091128405183554 -0.0004152233595959842 0.03649083897471428 -1.292888879776001 -0.6743961572647095 -0.004691333044320345 738282.4096938395
0.0014852246968075633 -0.00045215938007459044 0.027877872809767723 -1.2437418699264526 -1.9063787460327148 -0.0034158749040216208 738282.4096940588
0.0007547083660028875 -0.0004373146512079984 0.02947116456925869 -1.2735956907272339 -0.36418843269348145 -0.0001909173879539594 738282.4096940703
-0.0004797597648575902 -0.0014203431783244014 0.02842012420296669 -0.03759416565299034 1.2574094533920288 0.014425036497414112 738282.4096941875
0.0005211024545133114 -0.0003985689836554229 0.034289076924324036 -1.5574229955673218 -0.27926701307296753 0.0011958001414313912 738282.4096942908
0.00022887474915478379 -0.000256723869824782 0.026679297909140587 -1.7181917428970337 0.04629703238606453 0.005398874636739492 738282.4096944178
0.00023309129755944014 -0.0012083174660801888 0.02718386799097061 -0.5789265632629395 0.003658447414636612 0.004477137699723244 738282.4096945217
-0.0004979645600542426 -0.0007243134314194322 0.0274964589625597 -1.2198456525802612 0.6812974810600281 0.017446530982851982 738282.4096946488
0.00045888382010161877 -0.0011755089508369565 0.029017502442002296 -0.7656201124191284 -0.4156774580478668 -0.0008721630438230932 738282.4096947641
-0.0005004486883990467 -0.00042937486432492733 0.030684931203722954 -1.5014837980270386 0.5031977891921997 0.01995333656668663 738282.409694868
-0.00051733577856794 -0.00029196753166615963 0.02508639730513096 -1.6052502393722534 0.32511770725250244 0.01876952312886715 738282.4096949949
-0.0005248830420896411 0.00017454729822929949 0.024501770734786987 -1.8449227809906006 0.1998772770166397 0.022160207852721214 738282.4096950989
0.00017242753528989851 -0.0011646595085039735 0.026653707027435303 -0.5800783038139343 -0.4179694950580597 0.0035004133824259043 738282.4096952259
-0.00030671287095174193 -0.0003919494047295302 0.029171500355005264 -1.2369030714035034 0.004370125476270914 0.011259452439844608 738282.4096953414
-5.652911204379052e-05 -0.00030883392901159823 0.02348644845187664 -1.3655344247817993 -0.19977451860904694 0.010275332257151604 738282.4096955379
-5.7527111493982375e-05 0.0006222520023584366 0.02268911898136139 -1.91898512840271 -0.1819440722465515 0.011601046659052372 738282.4096955837
-0.0005367567064240575 -3.184031811542809e-06 0.024403173476457596 -1.2477415800094604 0.1350887268781662 0.011588622815907001 738282.4096956877
0.0004040683270432055 2.579272404545918e-05 0.024856628850102425 -1.2018698453903198 -0.5191974639892578 0.011579390615224838 738282.4096958031
0.0004142645630054176 -0.0011549016926437616 0.024480249732732773 -0.4604824185371399 -0.41941526532173157 0.018023250624537468 738282.4096959184
0.00018574160640127957 -0.0012768146116286516 0.021096255630254745 -0.6115288138389587 -0.21175622940063477 0.019970117136836052 738282.4096960224
0.0001881272328319028 -0.0003166130627505481 0.02204582467675209 -1.2416399717330933 -0.19365502893924713 0.014096339233219624 738282.4096961378
0.00018861415446735919 -0.0003166808164678514 0.021804435178637505 -1.1831978559494019 -0.17850573360919952 0.01453173067420721 738282.4096962532
0.00018200644990429282 -0.00031187618151307106 0.021508587524294853 -1.1446378231048584 -0.16077546775341034 0.014008570462465286 738282.4096963803
0.0004098174104001373 -0.00039286440005525947 0.018682578578591347 -1.1095367670059204 -0.2704102098941803 0.011969977989792824 738282.4096965073
-0.0005173492827452719 0.00030737827182747424 0.01837886869907379 -1.4295133352279663 0.2227282077074051 0.019681891426444054 738282.4096966111
0.00018074113177135587 -0.0005244645872153342 0.020755257457494736 -0.8779267072677612 -0.2012273669242859 0.014822005294263363 738282.4096967266
0.0006522053154185414 -0.0010157061042264104 0.01977817714214325 -0.6971321105957031 -0.3983161449432373 0.01215397473424673 738282.409696842
0.0013586236163973808 -0.0005590401124209166 0.019824322313070297 -0.9889153838157654 -0.6406282782554626 0.0007330182124860585 738282.4096970152
-0.00023978151148185134 0.00016748603957239538 0.020836450159549713 -1.3035576343536377 0.22661685943603516 0.0204501673579216 738282.4096970729
0.00022806297056376934 -0.0011249931994825602 0.023736141622066498 -0.6162555813789368 -0.05890754237771034 0.016580801457166672 738282.4096971884
0.00023456358758267015 -0.0011308373650535941 0.024103829637169838 -0.7163994312286377 -0.07072461396455765 0.01629602536559105 738282.4096973039
-0.00024126112111844122 -0.0006700516678392887 0.02460433728992939 -0.974992036819458 0.11285766214132309 0.023451877757906914 738282.4096974193
0.0004547945864032954 0.00019642393453978002 0.021406320855021477 -1.3503475189208984 -0.23158836364746094 0.01221969723701477 738282.4096975463
-0.0004759575240314007 -0.0002067156310658902 0.023398282006382942 -1.0572681427001953 0.18102747201919556 0.022193925455212593 738282.4096976501
-0.00048313193838112056 -0.0004317072744015604 0.023650407791137695 -0.9322896003723145 0.10604152828454971 0.019809164106845856 738282.4096977669
-0.0004925038083456457 0.00027678333572112024 0.023918548598885536 -1.209662675857544 0.05235680937767029 0.021530382335186005 738282.4096978824
0.0004406623193062842 8.042324770940468e-05 0.02479192614555359 -1.0466442108154297 -0.3588895797729492 0.009432105347514153 738282.4096979978
-1.58897673827596e-05 0.0007056313916109502 0.021470343694090843 -1.2925878763198853 -0.11183957010507584 0.01525835506618023 738282.4096981133
-0.00048218044685199857 0.00026989105390384793 0.022188808768987656 -1.0121495723724365 0.0719241052865982 0.017860326915979385 738282.4096982287
0.0013894165167585015 -0.0010990150040015578 0.023262692615389824 -0.4377943277359009 -0.7051013112068176 0.0041848341934382915 738282.4096983441
0.0007208054303191602 -0.0009958939626812935 0.027682363986968994 -0.5555471777915955 -0.2934841811656952 0.015453562140464783 738282.4096984941
0.00047531744348816574 0.0008391740266233683 0.02585223875939846 -1.3611629009246826 -0.15356694161891937 0.00844686571508646 738282.4096985866
-0.0002162116434192285 -0.0002624384069349617 0.028910888358950615 -0.8045424222946167 0.11682131141424179 0.024238813668489456 738282.4096986908
-0.0004643660213332623 -0.001229919376783073 0.02845046855509281 -0.47645998001098633 0.14801383018493652 0.025091933086514473 738282.4096988059
0.0004907059483230114 -0.00044674082892015576 0.03245196491479874 -0.8418258428573608 -0.26206883788108826 0.00938376598060131 738282.4096989214
0.00049699901137501 -0.00020281867182347924 0.03292126953601837 -0.943526566028595 -0.22549408674240112 0.010472787544131279 738282.4096990367
-0.00048329849960282445 -0.00032881382503546774 0.02596779726445675 -0.9294525384902954 0.14253123104572296 0.02652818150818348 738282.4096991522
0.0014346422394737601 -0.0002788758429232985 0.028594981878995895 -0.9218862652778625 -0.5928309559822083 -0.003685512114316225 738282.4096992677
0.0004960295045748353 -0.0009421543218195438 0.032157644629478455 -0.6655996441841125 -0.1473778635263443 0.01591363176703453 738282.4096993832
-0.00046833528904244304 -0.0004567197465803474 0.03296946361660957 -0.8846394419670105 0.18843787908554077 0.028717773035168648 738282.4096994986
-0.00048730848357081413 -0.0007871564594097435 0.02699352242052555 -0.8056036829948425 0.11142586171627045 0.024551503360271454 738282.409699614
-0.0007400611066259444 0.0004265545285306871 0.0271700881421566 -1.2296884059906006 0.13644088804721832 0.03125641867518425 738282.4096997294
-0.0007468278054147959 -0.0002650836540851742 0.029246892780065536 -0.9052630662918091 0.07203908264636993 0.023909689858555794 738282.4096999487
-1.5224155504256487e-05 -0.0002583881432656199 0.02983040362596512 -0.8969975709915161 -0.216813862323761 0.01650104857981205 738282.4096999605
0.00047805512440390885 -0.0002644733467604965 0.029468053951859474 -0.8918957710266113 -0.35369181632995605 0.012176110409200191 738282.4097000757
-0.00048619986046105623 -0.0006010510842315853 0.023795271292328835 -0.8114540576934814 0.013477332890033722 0.023006075993180275 738282.4097001912
0.0014714886201545596 -0.0005799820646643639 0.02496410347521305 -0.8291727304458618 -0.6370834708213806 0.0019352806266397238 738282.4097003068
0.0005008751177228987 -0.0010137725621461868 0.028649138286709785 -0.6881808638572693 -0.20412738621234894 0.019295649603009224 738282.4097004223
0.0002632344258017838 -1.8207239918410778e-05 0.0299034733325243 -1.0375089645385742 -0.10962904244661331 0.018160464242100716 738282.4097005493
-0.0002482389681972563 -0.0003454914840403944 0.024329567328095436 -0.9217821955680847 0.03881441801786423 0.023618847131729126 738282.4097006532
-0.0007387181976810098 -0.00034943094942718744 0.023862048983573914 -0.9108177423477173 0.14866094291210175 0.026735471561551094 738282.4097007687
0.0002410703309578821 -0.00032508475123904645 0.025437887758016586 -0.9008485674858093 -0.21353429555892944 0.015443533658981323 738282.4097008844
0.00024490145733579993 -0.001061348244547844 0.025501465424895287 -0.6700504422187805 -0.19257622957229614 0.016012778505682945 738282.4097010114
0.0004811747348867357 -0.00013360283628571779 0.021490756422281265 -1.0140962600708008 -0.24835428595542908 0.012133534997701645 738282.4097011152
-4.614634235622361e-06 -0.0008595687686465681 0.022195948287844658 -0.758969783782959 -0.07235155999660492 0.019453197717666626 738282.4097012422
0.00023957785742823035 -0.0011080928379669785 0.022008216008543968 -0.7127871513366699 -0.1563490927219391 0.017412878572940826 738282.4097014616
0.0004849976976402104 -0.0006201556534506381 0.02224477380514145 -0.8940272927284241 -0.21984699368476868 0.015268798917531967 738282.4097014847
-0.00048656691797077656 -0.0006131001282483339 0.02261180244386196 -0.8908578157424927 0.08872158825397491 0.027056187391281128 738282.4097015769
-0.0004976242780685425 9.508231596555561e-05 0.020658310502767563 -1.10161292552948 0.03824622184038162 0.02634308859705925 738282.4097017039
-0.0004969214787706733 0.0005766324466094375 0.020160045474767685 -1.1867420673370361 -0.004856526851654053 0.024224771186709404 738282.4097018194
0.00047391466796398163 -0.0010771251982077956 0.023233909159898758 -0.6132035255432129 -0.31632697582244873 0.015000693500041962 738282.4097019233
0.00047581273247487843 -6.299824599409476e-05 0.025907231494784355 -0.9591801762580872 -0.2685697078704834 0.014647752046585083 738282.4097020503
0.00046929545351304114 -0.00036659729084931314 0.022244008257985115 -0.8647559881210327 -0.23403246700763702 0.015733497217297554 738282.4097021656
-0.0005060947732999921 -0.00035737926373258233 0.02249157987535 -0.8677552342414856 0.06834183633327484 0.02368507720530033 738282.4097022811
0.0014328231336548924 -7.132074097171426e-05 0.025150960311293602 -0.9361273050308228 -0.530271053314209 0.008246563374996185 738282.4097023965
0.00023957077064551413 -0.0009784942958503962 0.029113315045833588 -0.6500488519668579 -0.09840486943721771 0.022773148491978645 738282.409702512
-0.00024347208091057837 -0.00048328106640838087 0.030101152136921883 -0.8423152565956116 0.02217576652765274 0.024500170722603798 738282.4097026273
0.0007046142127364874 -0.00031037587905302644 0.025202937424182892 -0.9164496660232544 -0.28613412380218506 0.014497045427560806 738282.4097027313
-0.0002556972613092512 0.00018439983250573277 0.025899996981024742 -1.0389506816864014 0.015267429873347282 0.023343022912740707 738282.4097029392
0.00046947604278102517 0.00020134070655331016 0.026997700333595276 -0.995836615562439 -0.21947897970676422 0.016681982204318047 738282.4097029739
-0.0004935662727802992 -0.0009806480957195163 0.02863343060016632 -0.6329756379127502 0.0675673559308052 0.023290064185857773 738282.4097030782
0.0002309164556208998 -0.0010463198414072394 0.024105295538902283 -0.6920027136802673 -0.18177153170108795 0.01590885780751705 738282.4097032173
-0.0004967062268406153 -0.0003106750373262912 0.02509772963821888 -0.9333186149597168 0.032733138650655746 0.022809594869613647 738282.4097033101
0.0004771837848238647 -0.00029791571432724595 0.02592180296778679 -0.9181237816810608 -0.2693745195865631 0.0142937321215868 738282.4097034367
0.0004782103933393955 -0.0010152702452614903 0.02645665779709816 -0.7119461297988892 -0.22901961207389832 0.016215182840824127 738282.4097035637
0.0002357819175813347 -0.0010095222387462854 0.026932040229439735 -0.7528370022773743 -0.13760660588741302 0.0181940458714962 738282.4097036684
-0.00026510815951041877 -9.565966320224106e-05 0.022571029141545296 -1.0326765775680542 -0.008548865094780922 0.0208989679813385 738282.4097037958
-0.0005106968455947936 -0.00032712038955651224 0.022855207324028015 -0.9253314733505249 0.023024016991257668 0.02173762395977974 738282.4097038998
0.0014259916497394443 -0.0010227931197732687 0.025006521493196487 -0.7135413885116577 -0.5330049991607666 0.00929847452789545 738282.4097040036
-0.00047040311619639397 -0.0004394013958517462 0.03250528499484062 -0.8805162310600281 0.08520189672708511 0.023967955261468887 738282.4097041306
9.650979109210311e-07 -3.7860110751353204e-05 0.026203472167253494 -1.0067087411880493 -0.10415299236774445 0.018477879464626312 738282.4097042345
0.0016978848725557327 -2.8708796889986843e-05 0.02652267925441265 -0.9700018763542175 -0.5804893374443054 0.009320210665464401 738282.4097044658
-0.0001953542814590037 6.154485890874639e-05 0.03231387212872505 -0.9438775777816772 0.062484100461006165 0.021310267969965935 738282.4097044772
5.024110578233376e-05 8.206505299312994e-05 0.033356163650751114 -0.9229986071586609 -0.05432312563061714 0.020208366215229034 738282.409704581
0.0002921528066508472 -0.00014966874732635915 0.03396356850862503 -0.8363780975341797 -0.13939115405082703 0.01962309703230858 738282.409704708
-0.0007032299181446433 0.0004462399519979954 0.026257961988449097 -1.0434406995773315 0.1359720379114151 0.023933911696076393 738282.4097048234
0.0005126873147673905 -0.0009541020262986422 0.02945888414978981 -0.5863490700721741 -0.2688620388507843 0.017174132168293 738282.4097049389
0.0002745848032645881 -0.00043945887591689825 0.03133070841431618 -0.7876223921775818 -0.16690382361412048 0.01933129131793976 738282.4097050427
0.0005199146689847112 -0.00043738578096963465 0.03151251748204231 -0.8030972480773926 -0.22630718350410461 0.018364330753684044 738282.4097051697
-0.00047706725308671594 -0.0005315255839377642 0.02514541707932949 -0.8162193894386292 0.0711142048239708 0.025516031309962273 738282.4097052852
0.0009922903263941407 0.0009570642141625285 0.026782896369695663 -1.2322354316711426 -0.38890933990478516 0.013414137065410614 738282.4097054006
-0.00020779026090167463 6.319049134617671e-05 0.0317252017557621 -0.8661798238754272 0.012317298911511898 0.02154444344341755 738282.4097055161
0.0002767663390841335 -0.00016760929429437965 0.03250756859779358 -0.7926833629608154 -0.15594464540481567 0.018556738272309303 738282.4097056319
0.000519367924425751 -0.00016671531193424016 0.03274260833859444 -0.8036556243896484 -0.21569345891475677 0.017267653718590736 738282.4097057473
-0.00022917396563570946 -2.9765869840048254e-05 0.02669670805335045 -0.8785861134529114 0.006750114262104034 0.021205205470323563 738282.4097058628
1.2713451724266633e-05 0.0009520456660538912 0.02679094299674034 -1.1413589715957642 -0.09393133968114853 0.01907689869403839 738282.4097060243
-0.0004763616598211229 0.0009602107456885278 0.027061911299824715 -1.0705686807632446 0.029770104214549065 0.02080666832625866 738282.4097060936
1.6359510482288897e-05 0.0002463448327034712 0.028450634330511093 -0.8121680617332458 -0.1439705491065979 0.019087500870227814 738282.4097062093
-0.00048404582776129246 -0.00010347512579755858 0.023555226624011993 -0.7511017322540283 -0.004939146805554628 0.019015785306692123 738282.4097063248
-0.00048236074508167803 0.0001429843541700393 0.02362368069589138 -0.8380432724952698 -0.036369696259498596 0.019698482006788254 738282.4097064406
-0.00048412143951281905 -0.00010960524377878755 0.02337777055799961 -0.7710782885551453 -0.05888644605875015 0.018170583993196487 738282.4097065566
0.001008105231449008 -0.0011102796997874975 0.02279706485569477 -0.5214954018592834 -0.4793030619621277 0.00754558527842164 738282.409706672
-0.0002292777062393725 -8.30121643957682e-06 0.029319027438759804 -0.8644158840179443 -0.0645270124077797 0.018420899286866188 738282.4097067874
0.00025959082995541394 -8.024927956284955e-05 0.02442004531621933 -0.8587133288383484 -0.2129134237766266 0.013971153646707535 738282.4097069029
-0.0007409508689306676 -7.508356065955013e-05 0.02466631680727005 -0.8546630144119263 0.07511299103498459 0.020080585032701492 738282.4097070182
6.200247298693284e-06 0.0009235434699803591 0.025500664487481117 -1.1115134954452515 -0.17395678162574768 0.014325850643217564 738282.4097071337
-0.0004896854516118765 -0.0007503546075895429 0.029315834864974022 -0.5861753225326538 -0.031144846230745316 0.01701289415359497 738282.4097072375
0.0007558801444247365 -5.997970583848655e-05 0.025351710617542267 -0.8446260094642639 -0.38349294662475586 0.009496827609837055 738282.4097073646
-0.00048748264089226723 -0.0002781337534543127 0.027399631217122078 -0.7775758504867554 0.0095930565148592 0.019337071105837822 738282.4097075626
0.0005075822700746357 -0.0010099740466102958 0.0282992422580719 -0.5964680314064026 -0.28477156162261963 0.013535195961594582 738282.4097075972
-0.0004751752130687237 -0.00023173377849161625 0.030842235311865807 -0.8522750735282898 0.013087241910398006 0.021695967763662338 738282.4097077128
0.0005227405345067382 3.3325082767987624e-05 0.03220975026488304 -0.915359377861023 -0.2807646095752716 0.013103673234581947 738282.4097078287
-0.00023860263172537088 -0.0005448327865451574 0.025684215128421783 -0.7653955221176147 -0.043339356780052185 0.01953340694308281 738282.4097079439
0.0005134559469297528 -3.641767398221418e-05 0.026244018226861954 -0.9155975580215454 -0.2598452866077423 0.01283180434256792 738282.4097080593
-0.0002307754912180826 -0.0002744344237726182 0.027071742340922356 -0.8328258991241455 -0.031015099957585335 0.018887141719460487 738282.4097081748
1.641898779780604e-05 -2.2882031771587208e-05 0.02735404297709465 -0.8988813161849976 -0.11713802069425583 0.017071809619665146 738282.4097082901
0.0005062745767645538 -7.495000318158418e-05 0.023326635360717773 -0.8853729367256165 -0.24966682493686676 0.015808960422873497 738282.4097084171
-0.00023761797638144344 -7.303891470655799e-05 0.02369464561343193 -0.8729649782180786 -0.024202704429626465 0.021021664142608643 738282.4097085226
0.0005132027436047792 -0.0005672522238455713 0.024174710735678673 -0.7359853982925415 -0.23843780159950256 0.018021512776613235 738282.4097086381
-0.0004822843475267291 -0.0005523767322301865 0.02503230795264244 -0.7634022235870361 0.04771837964653969 0.023291822522878647 738282.4097087535
0.0002759211929515004 -0.001039175782352686 0.02600151114165783 -0.6574740409851074 -0.18211457133293152 0.01657414436340332 738282.4097088691
-0.00048556207912042737 -7.947107951622456e-05 0.022328238934278488 -0.9582159519195557 0.026135757565498352 0.022156277671456337 738282.4097090767
-0.00047903216909617186 -0.0003310915781185031 0.022567836567759514 -0.8677018880844116 -0.010040076449513435 0.02277933433651924 738282.4097091113
-0.0004743725585285574 -8.29984710435383e-05 0.02237587794661522 -0.9264782071113586 -0.039235178381204605 0.0234028659760952 738282.4097092154
-0.00047447733231820166 -0.000583417946472764 0.022545425221323967 -0.7829441428184509 -0.05902140960097313 0.021777763962745667 738282.4097093306
0.0015241147484630346 -0.00012620627239812165 0.018895167857408524 -0.9268770217895508 -0.5766011476516724 0.013692726381123066 738282.4097094465
0.0002856376231648028 -0.0010707136243581772 0.023599721491336823 -0.659063994884491 -0.15594609081745148 0.02368597500026226 738282.4097095618
0.0002906222071032971 -0.00030466425232589245 0.02470984309911728 -0.8969854116439819 -0.1490846425294876 0.021118594333529472 738282.4097096774
0.000537166721187532 -0.0003038377617485821 0.024760320782661438 -0.8867724537849426 -0.20285774767398834 0.019210128113627434 738282.4097097928
0.0005410815356299281 -0.00030605270876549184 0.024778319522738457 -0.8791532516479492 -0.1852763444185257 0.019028080627322197 738282.4097099091
0.00026189544587396085 0.0008920476539060473 0.020140351727604866 -1.175668716430664 -0.10920114815235138 0.01659577153623104 738282.4097100241
0.0005225284839980304 0.0004149090382270515 0.021656133234500885 -0.9688084125518799 -0.17634712159633636 0.018293164670467377 738282.4097101511
-0.00070431106723845 -0.0010524349054321647 0.022161047905683517 -0.5661949515342712 0.14450711011886597 0.019510667771100998 738282.4097102666
0.0005282895872369409 -0.00022144117974676192 0.028002705425024033 -0.8264036774635315 -0.23452574014663696 0.016295241191983223 738282.409710382
0.0002643672632984817 -0.0012801067205145955 0.02236558310687542 -0.5761398077011108 -0.14528504014015198 0.017466597259044647 738282.4097105436
0.0005073342472314835 -0.0005426786374300718 0.023677339777350426 -0.8363145589828491 -0.20441891252994537 0.01552586629986763 738282.4097106028
0.0005024196580052376 0.0004176734364591539 0.02340097911655903 -1.0997965335845947 -0.18184365332126617 0.014747176319360733 738282.4097108684
0.0005209958762861788 -0.0009797661332413554 0.026667021214962006 -0.6463715434074402 -0.16885532438755035 0.017799658700823784 738282.4097116687
-0.00019653901108540595 -0.00048023281851783395 0.028033018112182617 -0.8304283618927002 0.040465958416461945 0.019651971757411957 738282.409711715
-0.0007027975516393781 0.0001853068097261712 0.023685341700911522 -1.0331175327301025 0.13179722428321838 0.022023135796189308 738282.4097117612
1.4100431144470349e-05 -2.553317608544603e-05 0.02537398412823677 -0.9244443774223328 -0.13005192577838898 0.01744677871465683 738282.4097117729
-0.0004625662404578179 -0.0002594323013909161 0.025727521628141403 -0.8405619859695435 -0.0006169811822474003 0.01856301911175251 738282.4097117842
-0.0002279304462717846 -0.0012248102575540543 0.02572663687169552 -0.5773941278457642 -0.09952802956104279 0.015037702396512032 738282.409711842
-0.0004631345218513161 0.00018402034766040742 0.02348524145781994 -1.0424401760101318 -0.04355573654174805 0.021722348406910896 738282.4097118535
0.0007346533820964396 0.0009008588385768235 0.022968703880906105 -1.1942986249923706 -0.39707261323928833 0.01878446154296398 738282.4097118882
0.0002655648859217763 0.0002416586212348193 0.026249518617987633 -0.9125645756721497 -0.2018047571182251 0.020700694993138313 738282.4097119226
0.0002660623867996037 0.00024490937357768416 0.026370622217655182 -0.8963905572891235 -0.18327511847019196 0.020951319485902786 738282.4097119458
-0.0004573068581521511 0.00025177610223181546 0.02661958336830139 -0.8842471241950989 0.028565743938088417 0.020965207368135452 738282.4097120612
-0.0004681471618823707 -0.0005379593931138515 0.02275160327553749 -0.6778023838996887 -0.011361172422766685 0.021209239959716797 738282.4097121189
-0.0004703867598436773 -0.0005357323680073023 0.02291339449584484 -0.7195016145706177 -0.04249994829297066 0.021094294264912605 738282.4097122228
0.0014531537890434265 -4.0924540371634066e-05 0.023989243432879448 -0.8812962174415588 -0.5949330925941467 0.01317141018807888 738282.4097123382
-0.00021010037744417787 -0.0001776222779881209 0.031099196523427963 -0.8026525974273682 -0.025636017322540283 0.022982707247138023 738282.4097124652
-0.0007125980337150395 -2.3208849597722292e-05 0.025210199877619743 -0.8796817064285278 0.08038199692964554 0.0252948310226202 738282.4097125806
-0.000710434396751225 -0.0009922906756401062 0.025768477469682693 -0.6079905033111572 0.02564295381307602 0.023669205605983734 738282.4097126846
-0.0007120865629985929 -0.00024178798776119947 0.02721482887864113 -0.8630183935165405 -0.01412458997219801 0.025060757994651794 738282.4097128009
0.0005127728218212724 -0.00022933544823899865 0.027921002358198166 -0.8616681694984436 -0.37183108925819397 0.017809106037020683 738282.4097129164
0.0005166929331608117 0.0010061858920380473 0.02811749279499054 -1.1875252723693848 -0.3167123794555664 0.017547231167554855 738282.4097130549
-0.0007045657839626074 -0.0002558761334512383 0.025074293836951256 -0.7824345827102661 0.04899667575955391 0.023640679195523262 738282.4097131472
-0.0004560640954878181 1.985608832910657e-08 0.025787606835365295 -0.8614867329597473 -0.062217552214860916 0.02280571311712265 738282.4097132741
3.335412475280464e-05 -0.000982323195785284 0.02597181499004364 -0.5982714891433716 -0.20802287757396698 0.020063936710357666 738282.4097133781
0.0015178840840235353 2.1847194147994742e-05 0.027292819693684578 -0.9171820878982544 -0.5807577967643738 0.012484760954976082 738282.4097135859
0.0007624598802067339 -0.0002611489617265761 0.024727966636419296 -0.8361955881118774 -0.2745901644229889 0.020192282274365425 738282.4097136089
-0.0004642923304345459 -0.0007515748729929328 0.02501543238759041 -0.7093178033828735 0.08082348853349686 0.027475938200950623 738282.4097137359
0.0005332684959284961 -0.0004724521131720394 0.027416346594691277 -0.807305097579956 -0.22938941419124603 0.020880550146102905 738282.4097138398
0.00028991239378228784 -0.00022262110724113882 0.02768850140273571 -0.8813548684120178 -0.1424873024225235 0.021616166457533836 738282.4097139898
0.000782063405495137 2.3742057237541303e-05 0.027821645140647888 -0.9359413981437683 -0.2669302523136139 0.018725724890828133 738282.4097140706
-0.00023602048167958856 0.0004363162152003497 0.021758250892162323 -1.0416032075881958 0.022985562682151794 0.02150917612016201 738282.4097141987
0.0005197927821427584 -0.001009209081530571 0.024287469685077667 -0.6077833771705627 -0.20886556804180145 0.023376401513814926 738282.4097143145
0.00027889737975783646 7.30942701920867e-06 0.02643711306154728 -0.9213975667953491 -0.12434271723031998 0.02184923365712166 738282.4097144185
-0.0004617529921233654 2.748602128122002e-06 0.02641553431749344 -0.9002473950386047 0.0663842260837555 0.025204230099916458 738282.4097145338
0.0010163040133193135 -0.0002928530448116362 0.023284414783120155 -0.8221133947372437 -0.3678262531757355 0.020182833075523376 738282.4097146493
0.00028046005172654986 -0.0010181076359003782 0.024394268169999123 -0.635925829410553 -0.1164642870426178 0.023309607058763504 738282.4097147763
-0.00020932612824253738 -0.0002560378925409168 0.025435011833906174 -0.8775086402893066 0.005214145872741938 0.025541437789797783 738282.4097148802
-0.00020838293130509555 -5.066918674856424e-06 0.02547110989689827 -0.9329939484596252 -0.028731325641274452 0.025562802329659462 738282.4097151123
0.0002928277535829693 -1.1767406249418855e-07 0.025919735431671143 -0.9096844792366028 -0.17867465317249298 0.023612627759575844 738282.409715124
0.0002826125710271299 0.0009334321366623044 0.02158520370721817 -1.1414742469787598 -0.16612929105758667 0.022486545145511627 738282.4097152278
-0.0002131287328666076 -0.00028517236933112144 0.02399924397468567 -0.7565473318099976 -0.0314299538731575 0.021612318232655525 738282.4097153432
0.0015423835720866919 -1.5488292319787433e-06 0.02544643171131611 -0.8448396325111389 -0.49372851848602295 0.020492643117904663 738282.4097154586
0.000798191234935075 -0.0007089030696079135 0.028198333457112312 -0.659444272518158 -0.21858614683151245 0.02429717779159546 738282.409715574
0.0007619110401719809 -2.2751377400709316e-05 0.023771125823259354 -0.8909985423088074 -0.1953001171350479 0.02031630650162697 738282.4097156895
-0.0005018021911382675 -0.0002714945876505226 0.02374773845076561 -0.8189442753791809 0.13290366530418396 0.02384309470653534 738282.4097158165
0.001523534650914371 4.923848973703571e-05 0.02828688733279705 -0.887789249420166 -0.43010908365249634 0.01593734510242939 738282.4097159319
0.0007827827357687056 -0.000918222707696259 0.031134072691202164 -0.6325672268867493 -0.17397154867649078 0.0220932774245739 738282.4097160473
0.0007959904032759368 0.00011276901204837486 0.033531803637742996 -0.9266186356544495 -0.16708838939666748 0.01861768402159214 738282.4097161512
0.0002433148183627054 0.0010095147881656885 0.025531481951475143 -1.137601375579834 -0.045781996101140976 0.019471146166324615 738282.4097162782
0.001509496127255261 -0.00016792796668596566 0.02991749905049801 -0.7544530630111694 -0.3745468556880951 0.02175137773156166 738282.4097164052
-0.00044399802573025227 0.00014184530300553888 0.03362732753157616 -0.8321076035499573 0.16900524497032166 0.02375691384077072 738282.4097165093
0.0005554489325731993 0.00020910344028379768 0.037531185895204544 -0.8301646709442139 -0.15915094316005707 0.02124043181538582 738282.4097166593
0.0002833862672559917 7.379572343779728e-05 0.02964145690202713 -0.8248897194862366 -0.09798461943864822 0.021343419328331947 738282.4097167632
-0.0004512692685239017 -0.00041922650416381657 0.02963210828602314 -0.6938149333000183 0.07695119827985764 0.02495863474905491 738282.4097168442
2.828889773809351e-05 -0.0006482984754256904 0.030541464686393738 -0.6610955595970154 -0.10784469544887543 0.020960602909326553 738282.4097169827
0.0015018898993730545 -0.00040173655725084245 0.030884690582752228 -0.7639668583869934 -0.5147332549095154 0.01175946369767189 738282.4097170869
0.00029707190697081387 -0.0003401406283956021 0.03580572456121445 -0.7758994698524475 -0.10142869502305984 0.021111615002155304 738282.4097172024
0.0015005080495029688 -0.0004462708893697709 0.027700264006853104 -0.7870683073997498 -0.44634562730789185 0.012927262112498283 738282.4097173063
0.0005343835800886154 -0.000426213548053056 0.029591960832476616 -0.7948499917984009 -0.11258800327777863 0.021514061838388443 738282.4097174219
0.0005321974749676883 -0.0001799366727937013 0.029697058722376823 -0.8699809908866882 -0.12168482691049576 0.021753329783678055 738282.4097175606
0.0002882591215893626 -0.0009138197638094425 0.030082358047366142 -0.6604097485542297 -0.06317190080881119 0.02460573799908161 738282.4097176756
0.00026852209703065455 -0.0004768236540257931 0.025451749563217163 -0.8343139886856079 -0.08409574627876282 0.023677196353673935 738282.4097177929
0.0010014058789238334 0.001229089219123125 0.025099027901887894 -1.2955533266067505 -0.3007703721523285 0.01879502274096012 738282.4097178852
-0.00044753990368917584 0.0005681809270754457 0.02981196716427803 -0.9847219586372375 0.13127930462360382 0.020853206515312195 738282.4097183063
0.0005280250334180892 -0.000843257294036448 0.03315562754869461 -0.552000105381012 -0.19912847876548767 0.020177656784653664 738282.4097197065
0.0005344602395780385 -0.0008343231165781617 0.034117598086595535 -0.6182714104652405 -0.1894075572490692 0.020231109112501144 738282.4097198105
-0.0004559163935482502 -0.00044348614756017923 0.027562467381358147 -0.8003090620040894 0.08492748439311981 0.025888172909617424 738282.409719972
0.0005237632431089878 -0.0006682242383249104 0.02897186018526554 -0.7419291734695435 -0.23671633005142212 0.018027812242507935 738282.4097201808
0.0005156382103450596 -0.0004183790006209165 0.0291764959692955 -0.8298149704933167 -0.21262255311012268 0.017194626852869987 738282.4097202029
0.0002706871600821614 -0.00042130553629249334 0.029400723055005074 -0.8269327282905579 -0.13246840238571167 0.01903596706688404 738282.4097203894
-0.0004786192439496517 0.0005031065084040165 0.023539239540696144 -1.0931742191314697 0.0617610402405262 0.020365078002214432 738282.4097204243
-0.0004806688230019063 -0.00022096853354014456 0.024926915764808655 -0.8334697484970093 0.01220967248082161 0.017311282455921173 738282.4097204471
0.0005137927364557981 -0.0007110977312549949 0.025374911725521088 -0.7012356519699097 -0.2915031909942627 0.01451946422457695 738282.4097205175
0.0005138097913004458 4.541223825071938e-05 0.0262727253139019 -0.9278010129928589 -0.2592589855194092 0.016011681407690048 738282.4097205638
0.001504608429968357 -0.0007650049519725144 0.02168348617851734 -0.7074613571166992 -0.494704008102417 0.01489117182791233 738282.4097205985
-0.0007156848441809416 0.00029236459522508085 0.026164812967181206 -0.9983603954315186 0.1711457073688507 0.019037071615457535 738282.4097206562
0.0015311813913285732 0.00011857229401357472 0.031886231154203415 -0.8926729559898376 -0.49294203519821167 0.015618250705301762 738282.4097206793
0.0005444790585897863 0.00016404975031036884 0.03481864929199219 -0.880050539970398 -0.15212185680866241 0.01725076511502266 738282.4097207139
-0.0002048778987955302 0.0001679882116150111 0.03485976532101631 -0.870292603969574 0.043200839310884476 0.018352000042796135 738282.4097207488
-0.0002300220658071339 3.881387965520844e-05 0.026819905266165733 -0.8604807257652283 -0.007450901437550783 0.018787430599331856 738282.4097207946
1.8843202269636095e-05 -0.0007030069828033447 0.026998335495591164 -0.6622440814971924 -0.10661029070615768 0.016664443537592888 738282.4097208065
-0.0004847374511882663 -0.00019498748588375747 0.02768426388502121 -0.8325788974761963 0.013256384991109371 0.01817021705210209 738282.4097208292
1.8120152162737213e-05 6.174192094476894e-05 0.028179239481687546 -0.8986226320266724 -0.15895815193653107 0.015624730847775936 738282.4097208414
0.0007746687042526901 -0.0002588905917946249 0.023349769413471222 -0.82044917345047 -0.3549681007862091 0.013580651953816414 738282.4097208641
-0.00047216861275956035 0.0005130510544404387 0.02497369796037674 -1.017863392829895 0.01714589260518551 0.015442630276083946 738282.4097208871
-0.0004702222649939358 2.4281416699523106e-05 0.025681421160697937 -0.8439862132072449 -0.025128692388534546 0.014445100910961628 738282.40972091
0.0005191685631871223 -0.0007118338835425675 0.02613903395831585 -0.6485306024551392 -0.31055793166160583 0.011122236959636211 738282.4097209332
0.0005195069243200123 -0.00019392091780900955 0.027298487722873688 -0.8227375149726868 -0.2721755802631378 0.010295983403921127 738282.4097209459
0.00026643078308552504 0.0009972790721803904 0.024080077186226845 -1.1447625160217285 -0.17702269554138184 0.008406383916735649 738282.4097209678
-0.0004698334960266948 -0.0004391538677737117 0.02702464908361435 -0.6852309703826904 0.021082928404211998 0.011403842829167843 738282.4097210375
-0.0004750624648295343 -0.00043552470742724836 0.027357442304491997 -0.7193436026573181 -0.01765042543411255 0.011780939064919949 738282.4097212122
0.0002662604383658618 -0.0009224420064128935 0.027693647891283035 -0.620058536529541 -0.2397698611021042 0.008345420472323895 738282.4097212581
0.0002570874057710171 -0.0009793044300749898 0.02298690564930439 -0.6718378067016602 -0.21429534256458282 0.008817200548946857 738282.409721362
-0.00023531090118922293 9.490242518950254e-06 0.023536263033747673 -0.9595783352851868 -0.07234130799770355 0.010487440973520279 738282.4097214891
0.0014814710011705756 1.8766011635307223e-05 0.024421565234661102 -0.9260684847831726 -0.526967465877533 0.002374191302806139 738282.4097215929
-0.00020490064343903214 -0.0001535734481876716 0.030238131061196327 -0.8383966088294983 0.0006201878422871232 0.00959715060889721 738282.4097217083
0.0005369525169953704 -0.00013118618517182767 0.031841859221458435 -0.835681676864624 -0.2198331505060196 0.006977766752243042 738282.4097218238
-0.00046791028580628335 -0.0004520364454947412 0.026349646970629692 -0.772817850112915 0.052623599767684937 0.011021350510418415 738282.4097219391
-0.00046653635217808187 4.484802411752753e-05 0.026753442361950874 -0.911611020565033 0.0064306361600756645 0.011831379495561123 738282.4097220546
-0.00047517369966953993 -0.00020361642236821353 0.027046307921409607 -0.825064480304718 -0.02258746139705181 0.009999006055295467 738282.4097221816
