-0.007828384637832642 -5.4112966608954594e-05 0.02885872684419155 -0.4048040807247162 -0.13952240347862244 -0.07075097411870956 738282.404029124
-0.0077711003832519054 -3.882710007019341e-05 0.029621010646224022 -0.39012596011161804 -0.07234244048595428 -0.06970811635255814 738282.4040292396
-0.0077240425162017345 -2.5250594262615778e-05 0.03018527664244175 -0.378990113735199 -0.020474812015891075 -0.07030673325061798 738282.4040293549
-0.00771030317991972 0.00032512814505025744 0.0239314753562212 -0.5023577213287354 0.025291208177804947 -0.07327382266521454 738282.4040294819
-0.008967433124780655 -1.895798391160497e-06 0.02454584278166294 -0.33172357082366943 0.5178765654563904 -0.07195692509412766 738282.4040295973
-0.007756979204714298 0.0003958340676035732 0.030078914016485214 -0.4701239764690399 -0.040958672761917114 -0.07050242274999619 738282.4040297015
-0.009009714238345623 7.374762208200991e-05 0.032782506197690964 -0.307548850774765 0.46272218227386475 -0.07389338314533234 738282.4040298862
-0.007794851902872324 -8.426685235463083e-05 0.038158416748046875 -0.2534278929233551 -0.08418124914169312 -0.07358460873365402 738282.4040299439
-0.008483811281621456 0.0007778166909702122 0.031242813915014267 -0.6032500863075256 0.2228744477033615 -0.07284525781869888 738282.4040300593
-0.0077627189457416534 0.0004730735963676125 0.03318352252244949 -0.4066864550113678 -0.0691082775592804 -0.07120127975940704 738282.4040301748
-0.008288467302918434 0.00031414569821208715 0.034631289541721344 -0.3236545920372009 0.17133744060993195 -0.07280095666646957 738282.4040302902
-0.007733778562396765 0.0003188882546965033 0.035544220358133316 -0.32692229747772217 -0.04403485357761383 -0.07120324671268463 738282.4040304057
-0.008469789288938046 -0.0005074744112789631 0.027913352474570274 -0.06444631516933441 0.25687873363494873 -0.06839828193187714 738282.4040305095
-0.008500270545482635 0.00021478017151821405 0.029871629551053047 -0.39343905448913574 0.22174197435379028 -0.06813011318445206 738282.4040306365
-0.009095683693885803 -0.00015277363127097487 0.029970582574605942 -0.24797208607196808 0.3915993273258209 -0.06823994219303131 738282.4040307519
-0.009346215054392815 2.5385141270817257e-05 0.030292343348264694 -0.33605045080184937 0.38879677653312683 -0.06548343598842621 738282.4040308568
-0.007897012867033482 4.044336674269289e-05 0.03338252380490303 -0.3358174264431 -0.20043863356113434 -0.07515467703342438 738282.4040309842
-0.009335719048976898 2.5763931262190454e-05 0.030885325744748116 -0.33597609400749207 0.39014989137649536 -0.06822411715984344 738282.4040310996
-0.008635444566607475 -0.0005371588049456477 0.03275260701775551 -0.1416216343641281 0.059521980583667755 -0.07628419250249863 738282.404031238
-0.007864795625209808 -2.1828168428328354e-06 0.033336054533720016 -0.385820597410202 -0.1900767832994461 -0.08008168637752533 738282.4040314466
-0.007809638045728207 0.0003937938599847257 0.03393752500414848 -0.5056268572807312 -0.11649709939956665 -0.08069580793380737 738282.4040314581
-0.008320469409227371 -0.0007560072117485106 0.028124850243330002 -0.07731351256370544 0.13479673862457275 -0.06999127566814423 738282.4040315736
-0.008520109578967094 0.0007439328473992646 0.031013913452625275 -0.6602610349655151 0.1933380514383316 -0.07794181257486343 738282.4040316889
-0.008542109280824661 0.00024163532361853868 0.033214155584573746 -0.3898366391658783 0.17323119938373566 -0.07649066299200058 738282.4040317825
-0.008554511703550816 -0.0007095621549524367 0.03358311206102371 -0.05438551679253578 0.158146470785141 -0.07617045193910599 738282.404031898
-0.007806352339684963 0.00041169000905938447 0.03798384964466095 -0.512580394744873 -0.1127149760723114 -0.07968421280384064 738282.4040320249
-0.009090717881917953 -0.0007369182421825826 0.03139958903193474 -0.08526549488306046 0.3935440480709076 -0.07337892055511475 738282.4040321289
-0.00858269538730383 0.0007782284519635141 0.036135539412498474 -0.6654675602912903 0.1334037184715271 -0.07392475754022598 738282.4040322442
-0.007824036292731762 0.00027335365302860737 0.038523491472005844 -0.3951626718044281 -0.12866781651973724 -0.07454048842191696 738282.4040323606
-0.008556751534342766 -0.0006708877044729888 0.04117123782634735 -0.06081875041127205 0.18736034631729126 -0.07228202372789383 738282.4040324873
-0.009526497684419155 -0.0005949281039647758 0.03166210651397705 -0.19059641659259796 0.4950157403945923 -0.0681169256567955 738282.4040326027
-0.009026671759784222 -0.0006175793241709471 0.03381338715553284 -0.22840765118598938 0.21192815899848938 -0.07272998243570328 738282.40403272
-0.007887601852416992 -5.906841397518292e-05 0.03437274321913719 -0.45111653208732605 -0.19558218121528625 -0.08012697845697403 738282.4040328369
-0.007827682420611382 -3.509682574076578e-05 0.03530757874250412 -0.4276229441165924 -0.11914364993572235 -0.07853315770626068 738282.4040329756
-0.008358458057045937 -1.4132614523987286e-05 0.036965467035770416 -0.4104153513908386 0.12583965063095093 -0.0763879343867302 738282.4040330562
-0.009111232124269009 -0.00022583430109079927 0.028011953458189964 -0.334587961435318 0.37088489532470703 -0.07617250829935074 738282.4040331834
-0.008219033479690552 -0.0007958753267303109 0.030161309987306595 -0.15259097516536713 -0.010346599854528904 -0.07815346121788025 738282.4040332875
-0.00820110272616148 0.0006787339225411415 0.03274719417095184 -0.6987714171409607 0.014915643259882927 -0.08056140691041946 738282.4040334142
-0.008188695646822453 0.0007620532414875925 0.033811185508966446 -0.6088532209396362 0.034266695380210876 -0.08008424937725067 738282.4040335298
-0.00816531665623188 0.0007730943616479635 0.02609693445265293 -0.5363783836364746 0.051322393119335175 -0.08007685840129852 738282.4040336452
-0.009294824674725533 6.753016350558028e-05 0.026543263345956802 -0.23543666303157806 0.4369697868824005 -0.08720075339078903 738282.4040337504
-0.007888354361057281 9.33231131057255e-05 0.03115345723927021 -0.262080579996109 -0.13976602256298065 -0.07992241531610489 738282.4040339582
-0.007831616327166557 8.792670996626839e-05 0.03172511234879494 -0.27686408162117004 -0.07543019205331802 -0.07983873039484024 738282.4040339928
-0.007769311312586069 7.838231249479577e-05 0.0320473313331604 -0.2898826003074646 -0.026371996849775314 -0.0806693285703659 738282.4040341106
-0.009220863692462444 -0.00016601286188233644 0.025423454120755196 -0.23915500938892365 0.49268314242362976 -0.07510197162628174 738282.4040342148
-0.00782102718949318 -0.00013747919001616538 0.03162355720996857 -0.2629171907901764 -0.09887945652008057 -0.08420561999082565 738282.4040343299
-0.008161460049450397 0.0008101892890408635 0.032996173948049545 -0.5878345370292664 0.07315995544195175 -0.08438021689653397 738282.4040344685
-0.008734036237001419 0.0003124218201264739 0.035144198685884476 -0.33582520484924316 0.2663455307483673 -0.08292548358440399 738282.4040345608
-0.008571693673729897 -0.00013144355034455657 0.027673594653606415 -0.2065216600894928 0.15886513888835907 -0.08380899578332901 738282.4040346763
-0.00877908430993557 4.0141116187442094e-05 0.02772195264697075 -0.3005848228931427 0.20496000349521637 -0.08250553905963898 738282.4040348263
-0.007844598032534122 3.800953709287569e-05 0.028142385184764862 -0.30790087580680847 -0.1476784646511078 -0.08615900576114655 738282.4040349071
0.0 0.0 0.0 0.0 0.0 0.0 738282.4040350239
-0.0008924019639380276 0.00020081375259906054 0.2381458431482315 -0.41115009784698486 0.0028626229614019394 3.196030593244359e-05 738282.4040351398
-0.0013202824629843235 -0.00038169650360941887 0.03897111490368843 1.6923630237579346 1.3413373231887817 -0.026600442826747894 738282.4040352552
-0.0005635167472064495 2.4267033040814567e-06 0.056969739496707916 -0.39887136220932007 -3.7353827953338623 -0.041215091943740845 738282.4040353708
-0.0005567386979237199 0.0005036006332375109 0.05710921809077263 -1.9219564199447632 -3.4298455715179443 -0.1037706583738327 738282.4040354865
-0.0005678335437551141 0.000250480166869238 0.060102254152297974 -0.15156950056552887 -3.1345324516296387 -0.016670236364006996 738282.4040356019
-0.00032842427026480436 0.00022237058146856725 0.038564667105674744 -0.005530813708901405 -2.511746406555176 -0.01025443710386753 738282.4040357174
-0.0003103385679423809 0.000229967015911825 0.03850974515080452 -0.0006683320971205831 -2.1622474193573 -0.01001936849206686 738282.4040359367
-0.0008036991930566728 0.00023640423023607582 0.0386023111641407 -0.009954915381968021 -0.3954198360443115 -0.013731698505580425 738282.4040359944
-0.000679610762745142 0.0007561977254226804 0.039166949689388275 -1.387477993965149 -1.093402624130249 -0.046423494815826416 738282.4040360636
-0.000344502943335101 0.00013051410496700555 0.040972668677568436 0.7310648560523987 -1.9351770877838135 0.011173561215400696 738282.4040361791
-0.0018837819807231426 0.0009399696136824787 0.03446505218744278 -1.4307234287261963 1.9445626735687256 -0.008961878716945648 738282.4040362946
-0.0004669154295697808 0.0007007320527918637 0.043845284730196 -0.30577197670936584 -2.150282621383667 -0.015655437484383583 738282.4040364099
-0.00039860059041529894 0.0005422697868198156 0.04438697546720505 0.08632161468267441 -1.739676594734192 -0.01137106865644455 738282.4040365369
-0.00034235866041854024 0.0005378517671488225 0.04476045072078705 0.01940743252635002 -1.4368849992752075 -0.014033923856914043 738282.4040366523
-0.0009597871103323996 -0.00043688598088920116 0.03448116034269333 1.3893102407455444 -0.2929380536079407 -0.004579667001962662 738282.4040367566
-0.0009731019963510334 -0.0005243439809419215 0.034913569688797 0.9429591298103333 -0.3753983974456787 -0.005043515469878912 738282.4040368721
-0.0013452147832140326 -0.0005957851535640657 0.03461363539099693 0.6194394826889038 0.07807005196809769 0.004558035638183355 738282.4040369875
-0.0004803284246008843 0.00022462681226897985 0.03654547780752182 -0.7524919509887695 -1.2339659929275513 -0.006721534766256809 738282.4040371029
-0.00041547996806912124 0.0002640668535605073 0.03705562651157379 -0.6035786867141724 -1.0146608352661133 -0.004282013978809118 738282.4040372183
-0.0005400708178058267 0.0010257421527057886 0.02814863622188568 -1.3350155353546143 -0.8318224549293518 -0.0009593504364602268 738282.4040373915
-0.001658358727581799 0.00041539265657775104 0.03080143965780735 -0.26081809401512146 0.6434310674667358 -0.021967284381389618 738282.4040374608
-0.0004349593655206263 0.0002589781070128083 0.035612139850854874 -0.07925162464380264 -0.9261308312416077 -0.010632190853357315 738282.4040375762
-0.00037493009585887194 0.0002453915076330304 0.03579644858837128 -0.12033926695585251 -0.7688121795654297 -0.011303834617137909 738282.4040376801
-0.0013629570603370667 4.025346061098389e-05 0.028436996042728424 0.02052931860089302 0.2037777602672577 -0.02065580151975155 738282.4040377955
-0.0019527901895344257 1.3486767784343101e-05 0.027171868830919266 -0.05362299829721451 0.5569705963134766 -0.018872994929552078 738282.4040379113
-0.0005857322830706835 0.00034152608714066446 0.031405676156282425 -0.4170880615711212 -0.8956537842750549 -0.004231378436088562 738282.4040380383
-0.0005045317229814827 0.00018440478015691042 0.03191347420215607 -0.22644904255867004 -0.7279132008552551 -0.009470120072364807 738282.4040381537
-0.0017563530709594488 0.00035706651397049427 0.03502662852406502 -0.37960079312324524 0.546765148639679 -0.006989391520619392 738282.4040382692
-0.0011196976993232965 0.000702755234669894 0.02916671521961689 -0.6291772723197937 -0.3393792510032654 0.008505715057253838 738282.4040383846
-0.0017631091177463531 6.956277502467856e-05 0.030527114868164062 -0.0018738829530775547 0.2329975962638855 -0.02854292280972004 738282.4040385004
-0.0005925531149841845 3.9693240978522226e-05 0.032793737947940826 -0.07310349494218826 -0.7856969237327576 -0.01631520502269268 738282.4040386057
-0.0017856364138424397 3.1582840165356174e-05 0.038761019706726074 -0.12544557452201843 0.37837928533554077 -0.020783470943570137 738282.4040387211
-0.0011298978934064507 0.0006803417345508933 0.031246736645698547 -0.6518583297729492 -0.37391170859336853 0.008249296806752682 738282.4040388598
-0.0019298464758321643 5.039446477894671e-05 0.033752452582120895 -0.07551068067550659 0.279369592666626 -0.02634267695248127 738282.4040389528
-0.0005745161324739456 0.00037951458944007754 0.03711681067943573 -0.35576462745666504 -0.7472870349884033 -0.004843106027692556 738282.4040390681
-0.00046066517825238407 -0.00012212803994771093 0.0385366827249527 0.002635932993143797 -0.5884233117103577 -0.020945074036717415 738282.4040391837
-0.00036849797470495105 0.00019182315736543387 0.03999042510986328 -0.28297629952430725 -0.47082486748695374 -0.01271561998873949 738282.404039299
-0.0008186333579942584 0.0007007902022451162 0.02967425435781479 -0.5983803868293762 -0.15731708705425262 -0.004421533085405827 738282.4040394152
-0.00044009010889567435 0.0002269636170240119 0.030872199684381485 -0.20184743404388428 -0.3522198796272278 -0.01569679006934166 738282.4040395307
-0.0003960119793191552 0.00021792347251903266 0.03075498901307583 -0.21990348398685455 -0.2876167893409729 -0.01658390462398529 738282.4040396463
-0.0008899488020688295 0.00020774296717718244 0.03072384186089039 -0.23248650133609772 0.05902237072587013 -0.0185317974537611 738282.4040397615
-0.001044061267748475 0.0003438308776821941 0.022495422512292862 -0.3392872214317322 0.027371462434530258 -0.013014900498092175 738282.4040398771
-0.0010606833966448903 0.00017594487871974707 0.021980518475174904 -0.22776958346366882 -0.0032177921384572983 -0.019696412608027458 738282.4040399924
-0.0012530693784356117 -0.0005363253294490278 0.021029381081461906 0.13497692346572876 0.06889098137617111 -0.038926295936107635 738282.404040108
-0.001255188137292862 7.861571066314355e-05 0.022833555936813354 -0.3338264226913452 0.0334307998418808 -0.012706490233540535 738282.4040403387
-0.0005910335457883775 9.858422708930448e-05 0.02265186794102192 -0.3140173852443695 -0.3524402379989624 -0.012628188356757164 738282.4040403733
-0.0013793930411338806 -0.0007362557807937264 0.020381536334753036 0.13415275514125824 0.16325771808624268 -0.03781335428357124 738282.4040404542
-0.0005508667672984302 -0.00014773709699511528 0.023827245458960533 -0.3181161880493164 -0.3239852488040924 -0.014883490279316902 738282.4040405811
-0.0004961377708241343 -0.00014432241732720286 0.023799248039722443 -0.309017151594162 -0.25146904587745667 -0.014065329916775227 738282.4040407311
-0.00028457515873014927 -0.00014282495249062777 0.023400384932756424 -0.30200308561325073 -0.2803860604763031 -0.014992342330515385 738282.4040408119
-0.001771909068338573 -0.00031036429572850466 0.02174343168735504 -0.21203672885894775 0.5577776432037354 -0.02127651683986187 738282.4040409274
-0.00119008996989578 -0.00015301391249522567 0.02531329356133938 -0.3187209367752075 0.06877202540636063 -0.014385002665221691 738282.4040410324
-0.0012130880495533347 0.0005337384063750505 0.02485370635986328 -0.6592682600021362 0.04259144142270088 0.007364761084318161 738282.4040411471
-0.0012175043812021613 -5.728445103159174e-05 0.0270650964230299 -0.22738227248191833 0.0241562370210886 -0.020093047991394997 738282.4040412746
-0.0005481850821524858 0.0006094439304433763 0.02771652862429619 -0.5839306116104126 -0.33356621861457825 0.0056014820002019405 738282.4040413895
-0.0010062663350254297 0.0006584162474609911 0.022961951792240143 -0.5133571028709412 -0.0005023640696890652 -0.004771513398736715 738282.4040415051
-0.0005020453245379031 0.00020113092614337802 0.023338522762060165 -0.2061937302350998 -0.25591984391212463 -0.014812793582677841 738282.4040416206
-0.0004463691439013928 0.000185492099262774 0.02337404154241085 -0.22783151268959045 -0.19580017030239105 -0.015999499708414078 738282.4040417358
-0.00040517380693927407 0.00034185999538749456 0.023472921922802925 -0.3282213509082794 -0.14883850514888763 -0.012293103151023388 738282.4040418859
-0.001912090228870511 -1.132894067268353e-05 0.019627006724476814 -0.1573927253484726 0.6278543472290039 -0.03038756363093853 738282.4040419667
-0.0005196156562305987 0.00034913161653093994 0.02766278386116028 -0.3594937324523926 -0.2520831823348999 -0.01182181853801012 738282.4040420821
-0.00046630235738120973 2.5895411454257555e-05 0.02819002792239189 -0.18497756123542786 -0.18620137870311737 -0.02176503650844097 738282.4040421975
-0.00042530984501354396 9.288134492635436e-07 0.028507689014077187 -0.2169719934463501 -0.13443651795387268 -0.020755404606461525 738282.4040423131
-0.00038891733856871724 -2.086853055516258e-05 0.028719240799546242 -0.24095289409160614 -0.09561415761709213 -0.018541403114795685 738282.4040424284
-0.00039298844058066607 -0.0005837645148858428 0.021349482238292694 -0.021142927929759026 -0.06725376099348068 -0.028551360592246056 738282.4040425438
-0.0010462094796821475 -0.00013603977276943624 0.022214196622371674 -0.32594770193099976 0.2676926851272583 -0.01340897660702467 738282.4040426593
-0.0004090333532076329 3.947108780266717e-05 0.023784125223755836 -0.3992292582988739 -0.10361801087856293 -0.011624695733189583 738282.4040427747
-0.000551611534319818 -0.0006275051273405552 0.02487228438258171 -0.06829231977462769 0.005856528412550688 -0.028401348739862442 738282.4040428903
-0.0015976768918335438 -0.000172645493876189 0.020869677886366844 -0.3582598567008972 0.47255775332450867 -0.01293064933270216 738282.4040430057
-0.00047964765690267086 1.3143496289558243e-05 0.024720652028918266 -0.41997572779655457 -0.16659675538539886 -0.007867062464356422 738282.4040431211
-0.001308991457335651 0.0005612181266769767 0.0261230506002903 -0.6188199520111084 0.2610958516597748 0.0021842115093022585 738282.4040432366
-0.0004908161354251206 0.000116253417218104 0.02948548085987568 -0.31885185837745667 -0.16569103300571442 -0.009444049559533596 738282.4040434328
-0.0009722986724227667 0.0006578408647328615 0.031432706862688065 -0.5412886738777161 0.10672658681869507 -0.0020165194291621447 738282.4040434675
-0.0015155249275267124 0.0001411315897712484 0.02458031475543976 -0.2644864022731781 0.3097163736820221 -0.022091198712587357 738282.4040435829
-0.0005252134287729859 0.0001479650236433372 0.02667298913002014 -0.27962711453437805 -0.19631662964820862 -0.012625178322196007 738282.4040436983
-0.00030057152616791427 -0.00021676035248674452 0.026445019990205765 -0.1420619636774063 -0.21039141714572906 -0.019703561440110207 738282.4040438151
-0.0016639401437714696 -4.852124766330235e-05 0.03030054271221161 -0.2590075135231018 0.43060821294784546 -0.019620858132839203 738282.4040439189
-0.001930304686538875 0.00025267351884394884 0.022768279537558556 -0.41899266839027405 0.40762069821357727 -0.010502301156520844 738282.4040440461
-0.0020163787994533777 -7.607648149132729e-05 0.023392850533127785 -0.25283029675483704 0.3186296224594116 -0.02166968211531639 738282.404044162
-0.0013774647377431393 -0.0006235484033823013 0.02404087968170643 -0.05538804084062576 -0.032168641686439514 -0.03352545201778412 738282.4040443009
-0.0006549076060764492 -0.0003303622652310878 0.023855295032262802 -0.2620515823364258 -0.2944854497909546 -0.022807715460658073 738282.4040443933
-0.0020348296966403723 3.340254261274822e-05 0.029955679550766945 -0.41537946462631226 0.35549819469451904 -0.015199766494333744 738282.4040444972
-0.002076573669910431 -0.00013952692097518593 0.024580800905823708 -0.32232409715652466 0.2792661786079407 -0.019803594797849655 738282.4040446242
-0.0007216723752208054 -0.0001344029587926343 0.02635013498365879 -0.32177314162254333 -0.33456897735595703 -0.016757190227508545 738282.4040447396
-0.0013690049527212977 -0.0006561772897839546 0.029999103397130966 -0.11246490478515625 0.040161971002817154 -0.026832392439246178 738282.4040449256
-0.0006556173320859671 1.9814086044789292e-05 0.0317145474255085 -0.4424692988395691 -0.2331148236989975 -0.013967504724860191 738282.404044971
-0.0014614263782277703 0.0007547957357019186 0.02651173621416092 -0.6903366446495056 0.18352240324020386 -0.006660633720457554 738282.4040450866
-0.001309725339524448 0.0008422276005148888 0.027490783482789993 -0.59971684217453 0.08390943706035614 -0.008416414260864258 738282.4040452025
-0.0006016947445459664 0.00037605073885060847 0.028959298506379128 -0.3237152695655823 -0.19556061923503876 -0.011708260513842106 738282.404045318
-0.0018082060851156712 0.00022450949472840875 0.03173302859067917 -0.2546251118183136 0.3471421003341675 -0.027878379449248314 738282.404045468
-0.0006100412574596703 0.0002587715571280569 0.03655082359910011 -0.27324479818344116 -0.19573500752449036 -0.01787513494491577 738282.4040455379
-0.00143590965308249 0.00018903498130384833 0.029604636132717133 -0.2850109934806824 0.21116164326667786 -0.023697838187217712 738282.4040456646
-0.0005512519273906946 0.00019326779874973 0.031067879870533943 -0.2926471531391144 -0.15118582546710968 -0.021639693528413773 738282.4040457801
-0.0004978510551154613 0.00019217850058339536 0.03165601193904877 -0.3000393211841583 -0.08838029205799103 -0.020812194794416428 738282.4040458956
-0.0006409686175175011 0.0009293310577049851 0.0324249267578125 -0.5672145485877991 0.026407534256577492 -0.015295777469873428 738282.4040460109
-0.002114777686074376 -0.00015925416664686054 0.026853779330849648 -0.11003104597330093 0.575223982334137 -0.03656376525759697 738282.4040461264
-0.000563105451874435 0.00024145105271600187 0.035050686448812485 -0.2961771488189697 -0.12368584424257278 -0.024021130055189133 738282.4040462419
-0.0012457594275474548 0.00025434730923734605 0.0375022254884243 -0.3001304566860199 0.19880031049251556 -0.02516297437250614 738282.40404645
-0.000519571069162339 0.0002572110970504582 0.03865710645914078 -0.303378164768219 -0.08008488267660141 -0.022639837116003036 738282.4040464961
-0.0004554440965875983 0.00025858439039438963 0.0396016389131546 -0.30566316843032837 -0.02653380110859871 -0.022782213985919952 738282.4040465885
-0.0013864837819710374 0.0001905167882796377 0.029614225029945374 -0.30672556161880493 0.3317592740058899 -0.023282025009393692 738282.4040467155
-0.0004789848462678492 1.9315137251396663e-05 0.032115813344717026 -0.2472282350063324 -0.03705873340368271 -0.024865297600626945 738282.4040468194
-0.0004425508959684521 -0.00018557698058430105 0.03244626894593239 -0.20479343831539154 0.00739101879298687 -0.026159416884183884 738282.4040469349
-0.0004145046405028552 -1.8029522834694944e-05 0.03300538659095764 -0.2998970150947571 0.04237198084592819 -0.02326139621436596 738282.4040470503
-0.00154500687494874 -0.000813485065009445 0.02563891001045704 -0.050830062478780746 0.4504818916320801 -0.030769793316721916 738282.4040471668
-0.00047506601549685 8.441207319265231e-05 0.03082575462758541 -0.4450109302997589 -0.017660262063145638 -0.017757251858711243 738282.4040472826
-0.0013739281566813588 -0.0002648614172358066 0.03296765685081482 -0.2860373258590698 0.348328560590744 -0.02179013006389141 738282.4040473981
-0.000485666940221563 -0.0002722310309763998 0.035272881388664246 -0.2991712689399719 -0.03736811876296997 -0.022618189454078674 738282.4040475137
-0.0010145193664357066 0.0006577444728463888 0.03682158887386322 -0.6440533399581909 0.20682227611541748 -0.009045024402439594 738282.404047629
-0.0014080492546781898 0.000704367586877197 0.028392160311341286 -0.5680352449417114 0.32368871569633484 -0.012921172194182873 738282.4040477447
-0.0005235947901383042 0.00021239493798930198 0.030715690925717354 -0.3089964985847473 -0.06095908209681511 -0.019079437479376793 738282.404047907
-0.0008540475973859429 2.873723497032188e-05 0.03159171715378761 -0.24741525948047638 0.11938183009624481 -0.024356642737984657 738282.4040479877
-0.00048039358807727695 0.0003885266196448356 0.032209232449531555 -0.4035162925720215 -0.015333788469433784 -0.016243642196059227 738282.4040480916
-0.0017414501635357738 0.0007313743117265403 0.024537503719329834 -0.5228284001350403 0.493818074464798 -0.01800118200480938 738282.4040482081
-0.0008996030082926154 0.0007886062376201153 0.027461223304271698 -0.4760054051876068 0.06698228418827057 -0.013394040055572987 738282.4040483235
-0.0005201720632612705 0.00026552609051577747 0.027448272332549095 -0.23521788418293 -0.05031122639775276 -0.02182600647211075 738282.404048439
-0.00048442318802699447 0.0002505147422198206 0.02765541523694992 -0.2579837143421173 -0.0035453077871352434 -0.021850155666470528 738282.4040485546
-0.0010108454152941704 5.405348201747984e-05 0.02813374623656273 -0.20756231248378754 0.23491203784942627 -0.024937057867646217 738282.4040486701
-0.0019513393053784966 -0.0003991316189058125 0.020583098754286766 -0.10185717791318893 0.5491552352905273 -0.028662513941526413 738282.4040487856
-0.0013179315719753504 -5.794128082925454e-05 0.02399737387895584 -0.2913672924041748 0.18264803290367126 -0.021682128310203552 738282.4040489009
-0.0013231075135990977 0.0006641891086474061 0.02360185980796814 -0.5706285834312439 0.16844236850738525 -0.008607329800724983 738282.4040490405
-0.0011589829809963703 0.00017059949459508061 0.025168899446725845 -0.31018707156181335 0.09240277856588364 -0.02008705586194992 738282.4040491328
-0.00223962077870965 0.0001449679839424789 0.02138245478272438 -0.3138955533504486 0.507576048374176 -0.022502852603793144 738282.4040492483
-0.001954032573848963 -3.9726983231958e-05 0.022393472492694855 -0.24844065308570862 0.2825862467288971 -0.024964338168501854 738282.4040493756
-0.0006906022899784148 -5.2221213991288096e-05 0.022570062428712845 -0.2682388126850128 -0.22296682000160217 -0.023850437253713608 738282.4040494675
-0.0010070736752822995 0.0006879186257719994 0.024950891733169556 -0.5489757061004639 -0.0017769146943464875 -0.015158808790147305 738282.4040495945
-0.0021084873005747795 1.3773124919680413e-05 0.02836155891418457 -0.22974799573421478 0.4314733147621155 -0.027866600081324577 738282.40404971
-0.0006810518098063767 0.00017034598567988724 0.026450790464878082 -0.32358595728874207 -0.17106841504573822 -0.02240206114947796 738282.4040498254
-0.0006214386667124927 -0.0002007223229156807 0.026968063786625862 -0.19447986781597137 -0.09453137964010239 -0.02468729577958584 738282.4040499411
-0.0005726114031858742 -3.814388037426397e-05 0.027575019747018814 -0.29516154527664185 -0.03596197068691254 -0.022903941571712494 738282.4040500564
-0.00034423524630255997 -0.0002339097554795444 0.02758522517979145 -0.2393774688243866 -0.0572453998029232 -0.023849356919527054 738282.4040502068
-0.001042368821799755 0.0006578846368938684 0.02240787073969841 -0.5922718644142151 0.25855404138565063 -0.019860118627548218 738282.4040502878
-0.001251953886821866 0.0007134590414352715 0.02237522043287754 -0.5294547080993652 0.29855793714523315 -0.02210676111280918 738282.4040504148
-0.0018407198367640376 0.0003849555505439639 0.02211025170981884 -0.35111933946609497 0.4574921727180481 -0.029911333695054054 738282.4040505191
-0.0019051069393754005 -0.00016521292855031788 0.022311318665742874 -0.15018291771411896 0.37992069125175476 -0.03647724539041519 738282.4040506345
-0.002333057811483741 0.00035842604120261967 0.023224160075187683 -0.38824087381362915 0.4521963894367218 -0.025695497170090675 738282.40405075
-0.0012705812696367502 0.0007194007630459964 0.01959463767707348 -0.5033056139945984 -0.014499318785965443 -0.017527347430586815 738282.4040508769
-0.0006843092269264162 0.0003868647909257561 0.01891043223440647 -0.3312866687774658 -0.17218269407749176 -0.02271905541419983 738282.4040509809
-0.0006193856243044138 0.0003921840980183333 0.019239185377955437 -0.33160218596458435 -0.09606332331895828 -0.02414257638156414 738282.4040511078
-0.0005700847832486033 0.0007665985613130033 0.019390281289815903 -0.4622137248516083 -0.03912000730633736 -0.022837065160274506 738282.4040512232
-0.0020020874217152596 -0.0001326682831859216 0.018476523458957672 -0.10588894039392471 0.5237023830413818 -0.03115883097052574 738282.4040513271
-0.0006383091676980257 0.000428667786763981 0.025010893121361732 -0.3584342300891876 -0.08659055829048157 -0.02543575130403042 738282.4040514436
-0.0005908531602472067 6.992805720074102e-05 0.025486048310995102 -0.22442626953125 -0.03155950829386711 -0.02723044715821743 738282.4040515707
-0.0005528386100195348 4.687764885602519e-05 0.025788869708776474 -0.25177496671676636 0.010067174211144447 -0.0280092041939497 738282.4040516745
-0.0008917003870010376 0.0007735160761512816 0.026572173461318016 -0.5293862223625183 0.16893868148326874 -0.02493872120976448 738282.4040518019
-0.001828177715651691 0.00024096356355585158 0.02223985455930233 -0.2883758246898651 0.47781914472579956 -0.02999008819460869 738282.4040519174
-0.0006204232340678573 0.00025950188864953816 0.02659447491168976 -0.297970712184906 -0.0464690625667572 -0.02917236089706421 738282.4040520213
-0.0005808433052152395 0.000440374540630728 0.027097832411527634 -0.3685598075389862 0.0019249017350375652 -0.03006567806005478 738282.4040521367
-0.0005475656944327056 0.00045163294998928905 0.027422109618782997 -0.359348863363266 0.03744896128773689 -0.02985597960650921 738282.4040523445
-0.001266677281819284 -0.0005068452446721494 0.022401588037610054 -0.04009048268198967 0.3117825388908386 -0.03475599363446236 738282.4040523791
-0.0013090005377307534 0.000745598110370338 0.025722041726112366 -0.5479382872581482 0.2697198987007141 -0.024320805445313454 738282.404052483
-0.0013416039291769266 0.0008001102833077312 0.02627251110970974 -0.49172675609588623 0.23923881351947784 -0.02634643018245697 738282.4040525984
-0.0013698611874133348 0.000283971952740103 0.027394931763410568 -0.2631610333919525 0.21634221076965332 -0.032452791929244995 738282.4040527258
-0.0013934413436800241 0.0008424603147432208 0.02825416810810566 -0.46824198961257935 0.19616596400737762 -0.02575940638780594 738282.4040528412
-0.002144058933481574 9.248844435205683e-05 0.02356833405792713 -0.18590319156646729 0.42748236656188965 -0.036900848150253296 738282.4040529566
0.00041100973612628877 0.0008721519261598587 0.0302815493196249 -0.46602195501327515 -0.47399306297302246 -0.027952641248703003 738282.4040530721
-0.0003847441403195262 0.0006031589000485837 0.04180130362510681 -0.30652329325675964 -0.005023296922445297 -0.03077249601483345 738282.4040531759
-0.0003384636656846851 0.00022449513198807836 0.0428803376853466 -0.18738281726837158 0.054952722042798996 -0.030008060857653618 738282.4040532914
-0.0014770586276426911 0.00030709890415892005 0.032507143914699554 -0.277637243270874 0.48335832357406616 -0.02856096811592579 738282.4040534069
-0.00153058220166713 -0.0006525925709865987 0.033190976828336716 0.026447664946317673 0.4201582074165344 -0.03774086385965347 738282.4040535339
-0.0006257803761400282 5.427293581306003e-05 0.0380721241235733 -0.3147345781326294 0.05234984681010246 -0.03350462391972542 738282.4040536493
-0.0011646125931292772 -0.0005143806338310242 0.040071096271276474 -0.12506073713302612 0.28665104508399963 -0.03415387496352196 738282.4040538224
-0.0006111155380494893 1.9385961422813125e-05 0.04217570275068283 -0.372462660074234 0.07442059367895126 -0.030974192544817924 738282.4040538801
-0.002099944045767188 -0.0007362846517935395 0.034443411976099014 -0.10743211954832077 0.636091411113739 -0.030247574672102928 738282.404053984
-0.0006805429002270103 -0.00020781406783498824 0.04134151339530945 -0.3610594868659973 0.00796885509043932 -0.03058396838605404 738282.404054111
-0.0006384874577634037 0.0003674822801258415 0.041865307837724686 -0.5562869906425476 0.055958956480026245 -0.02399064414203167 738282.4040542264
-0.0006061847670935094 0.0004107003624085337 0.043089937418699265 -0.5022015571594238 0.09255276620388031 -0.024956660345196724 738282.4040543418
-0.0011486861621960998 0.0011887267464771867 0.03107539750635624 -0.7258460521697998 0.32148241996765137 -0.021362289786338806 738282.4040544584
-0.0005979010020382702 0.0003248838766012341 0.03457735851407051 -0.3009330928325653 0.0952807366847992 -0.026153871789574623 738282.4040545626
-0.000569941767025739 0.00031998721533454955 0.034881483763456345 -0.3078451156616211 0.12167143821716309 -0.026278771460056305 738282.4040546779
-0.0005553995142690837 0.0005124700255692005 0.035313986241817474 -0.379645973443985 0.1426762044429779 -0.025111977010965347 738282.4040547934
-0.0020776130259037018 0.000333280157065019 0.0358409583568573 -0.30158957839012146 0.6900927424430847 -0.03092716820538044 738282.4040549318
-0.0021740214433521032 0.0004759523144457489 0.029441094025969505 -0.3765091300010681 0.5707942843437195 -0.028150789439678192 738282.404055026
-0.0022494664881378412 0.0002987040497828275 0.029930446296930313 -0.3011094033718109 0.47786423563957214 -0.03227361664175987 738282.4040551529
-0.0007951449370011687 -7.481488137273118e-05 0.03168695792555809 -0.17806628346443176 -0.11979861557483673 -0.03768761083483696 738282.4040553607
-0.0007472578436136246 9.991023398470134e-05 0.03304969519376755 -0.2851211130619049 -0.04487554728984833 -0.03472639247775078 738282.4040553838
-0.0022097041364759207 6.980699254199862e-05 0.028947412967681885 -0.29962143301963806 0.5430866479873657 -0.0326065719127655 738282.4040554882
-0.002277712570503354 6.434082024497911e-05 0.029400072991847992 -0.3081021308898926 0.4588668644428253 -0.03368078172206879 738282.4040556031
-0.0015668267151340842 0.0008432219037786126 0.030664294958114624 -0.5818122625350952 0.13033029437065125 -0.02469836175441742 738282.4040557302
-0.0021697187330573797 -5.998212509439327e-05 0.03390054404735565 -0.195566788315773 0.34413185715675354 -0.03877884894609451 738282.4040558457
-0.002396725583821535 -7.978642679518089e-05 0.03418770432472229 -0.23304876685142517 0.3709755837917328 -0.03683619946241379 738282.4040559612
-0.0019667961169034243 0.0008283833158202469 0.02659648470580578 -0.5898253917694092 0.19039450585842133 -0.02382213994860649 738282.4040560765
-0.0021809234749525785 0.00029740529134869576 0.027926845476031303 -0.33226484060287476 0.2545569837093353 -0.033210285007953644 738282.404056192
-0.0008400417282246053 0.0004913121229037642 0.027882833033800125 -0.40131881833076477 -0.22138263285160065 -0.028294993564486504 738282.4040563074
-0.0007748998468741775 0.00031816112459637225 0.028983179479837418 -0.32175472378730774 -0.12423726916313171 -0.028217468410730362 738282.404056423
-0.002044573426246643 0.00029333418933674693 0.025537924841046333 -0.3283348083496094 0.40475428104400635 -0.030147669836878777 738282.4040565384
-0.0015145756769925356 0.0008793054730631411 0.026938164606690407 -0.526206374168396 0.15403054654598236 -0.027279896661639214 738282.4040566538
-0.0007406767690554261 0.0003417851112317294 0.02766803652048111 -0.28647375106811523 -0.10059963166713715 -0.025850139558315277 738282.4040568732
-0.0012736022472381592 0.0003478407743386924 0.029229911044239998 -0.30002301931381226 0.16171994805335999 -0.02679380215704441 738282.4040568847
-0.0006917138816788793 0.0003461862215772271 0.029537372291088104 -0.3104667067527771 -0.0274091437458992 -0.02678007446229458 738282.4040570002
-0.002172278705984354 -0.0006590847042389214 0.02436256967484951 0.005563563667237759 0.5399081110954285 -0.024889493361115456 738282.4040571271
-0.0007391334511339664 9.131718252319843e-05 0.032141052186489105 -0.33706676959991455 -0.061560504138469696 -0.029392603784799576 738282.404057231
-0.0012732715113088489 0.0008589948411099613 0.03338692709803581 -0.5950117111206055 0.19395822286605835 -0.02599290944635868 738282.4040573479
-0.0007013115682639182 0.0007262629806064069 0.034907255321741104 -0.46921154856681824 -0.0016478026518598199 -0.026642534881830215 738282.4040574622
-0.001993356039747596 0.0003263041435275227 0.028608355671167374 -0.3088763952255249 0.49232882261276245 -0.02859378419816494 738282.4040575776
-0.0012912644306197762 -0.00043270093738101423 0.03072800301015377 -0.05903841182589531 0.15965795516967773 -0.03037591651082039 738282.4040576932
-0.0012935914564877748 -0.00067526800557971 0.030885104089975357 -0.06520015746355057 0.16794221103191376 -0.029195519164204597 738282.4040578201
-0.0007178548839874566 4.938276833854616e-05 0.03271641954779625 -0.3886552155017853 -0.018598347902297974 -0.029434872791171074 738282.4040579255
-0.0006715926574543118 3.846267281915061e-05 0.025539282709360123 -0.37722405791282654 0.03147678077220917 -0.03001868724822998 738282.4040580401
-0.0006426589679904282 4.58153554063756e-05 0.02544180490076542 -0.3654078543186188 0.06912114471197128 -0.030751461163163185 738282.404058167
-0.000814502127468586 0.0008206224301829934 0.024979649111628532 -0.6067219972610474 0.16083423793315887 -0.03141211345791817 738282.4040582825
-0.002152755856513977 -6.75115516060032e-05 0.027073120698332787 -0.22585096955299377 0.6030352115631104 -0.034826263785362244 738282.404058434
-0.001481567625887692 0.0009119403548538685 0.033186785876750946 -0.5641613006591797 0.25233855843544006 -0.0273904986679554 738282.4040585147
-0.002057172590866685 0.00016707675240468234 0.027426721528172493 -0.2526620030403137 0.423718124628067 -0.03583941608667374 738282.4040586071
-0.001535144867375493 0.000936551601625979 0.029116397723555565 -0.5169612169265747 0.1776525229215622 -0.027258535847067833 738282.4040587341
-0.002311393851414323 0.00023217602574732155 0.03115585818886757 -0.216221883893013 0.4311593174934387 -0.03796094283461571 738282.4040588496
-0.0012327625881880522 0.0002295861777383834 0.033588334918022156 -0.24158409237861633 -0.007211638614535332 -0.03788486123085022 738282.404058965
-0.0013388008810579777 0.00016171601600944996 0.026027144864201546 -0.2577175498008728 0.10637988895177841 -0.03741450980305672 738282.4040590818
-0.0007439260371029377 0.0003393203660380095 0.0255921371281147 -0.3293842077255249 -0.0537797287106514 -0.037513915449380875 738282.404059186
-0.0016655799699947238 0.000364109204383567 0.027706703171133995 -0.323929101228714 0.3059973418712616 -0.035712577402591705 738282.4040593242
-0.0007332738605327904 0.000575750251300633 0.029701437801122665 -0.37960824370384216 -0.029649922624230385 -0.03747401013970375 738282.4040594166
-0.000692620174959302 0.00040244217962026596 0.03028712049126625 -0.297875314950943 0.023246655240654945 -0.03635163605213165 738282.4040595435
-0.0019969241693615913 0.00035865860991179943 0.024848805740475655 -0.2982712388038635 0.4974305331707001 -0.03418711945414543 738282.404059682
-0.0011173522798344493 -0.0005741336499340832 0.028114207088947296 0.01632034406065941 0.10405401140451431 -0.04047451913356781 738282.4040597745
-0.001300279633142054 0.0001388591917930171 0.031054608523845673 -0.31991201639175415 0.18521960079669952 -0.03674202039837837 738282.404059936
-0.0016873427666723728 -0.000427543738624081 0.03154822066426277 -0.12575535476207733 0.31213268637657166 -0.03738008439540863 738282.4040599951
-0.0007752301753498614 -0.00027137427241541445 0.033719781786203384 -0.23968951404094696 -0.0504227839410305 -0.04244617000222206 738282.4040601217
-0.0007027506362646818 0.0002579052234068513 0.02564568817615509 -0.4652434289455414 0.001534860348328948 -0.041911665350198746 738282.4040602371
-0.0006677630008198321 0.0002829428412951529 0.025793693959712982 -0.4314589500427246 0.04420854523777962 -0.04072621092200279 738282.4040603526
-0.001207290100865066 -0.0006294593913480639 0.027191748842597008 -0.0753435492515564 0.27696114778518677 -0.03827047720551491 738282.404060468
-0.0006616038735955954 0.00026717959553934634 0.03078017383813858 -0.4707118570804596 0.05298611894249916 -0.04137401282787323 738282.4040605834
-0.0032497637439519167 -0.0004605208814609796 0.026546549052000046 -0.16954092681407928 1.0138545036315918 -0.03719761222600937 738282.4040606989
-0.0018298650393262506 0.0008580005960538983 0.04178166389465332 -0.6744256019592285 0.23503971099853516 -0.026540091261267662 738282.4040608149
-0.0014703681226819754 0.0009392834035679698 0.042995259165763855 -0.5916919708251953 0.08398674428462982 -0.028267299756407738 738282.4040609415
-0.0008935749065130949 0.00043693830957636237 0.044269852340221405 -0.32743850350379944 -0.09519986063241959 -0.03018932044506073 738282.4040610457
-0.002186473459005356 -0.00046824783203192055 0.04906590282917023 0.0002019542589550838 0.4374513328075409 -0.039416827261447906 738282.404061161
-0.0012803917052224278 0.0011221114546060562 0.0440790019929409 -0.6714345812797546 0.0442911796271801 -0.031069574877619743 738282.4040612763
-0.0022338186390697956 8.60766158439219e-05 0.04974714666604996 -0.19149555265903473 0.4057871103286743 -0.03839748725295067 738282.4040614379
-0.0009588778484612703 0.0006710583693347871 0.0544755719602108 -0.4260624945163727 -0.11800476163625717 -0.0327354334294796 738282.4040615072
-0.0009119712049141526 0.000703680794686079 0.056346435099840164 -0.40478983521461487 -0.05049382522702217 -0.03261755406856537 738282.4040616232
-0.001781496568582952 0.00042375276098027825 0.04250934347510338 -0.3229818046092987 0.33061549067497253 -0.03500192239880562 738282.404061738
-0.0014242434408515692 -0.000747580430470407 0.04341530054807663 0.06977696716785431 0.15513423085212708 -0.03341317176818848 738282.4040618545
-0.0014398905914276838 0.00018981547327712178 0.04794972017407417 -0.3585396707057953 0.15611231327056885 -0.03330380097031593 738282.4040619694
-0.0008489759638905525 0.0001927001285366714 0.04873733967542648 -0.3537254333496094 -0.04149048775434494 -0.03452577814459801 738282.4040620733
-0.0018151336116716266 0.0010053951991721988 0.05107354745268822 -0.6123944520950317 0.3345816433429718 -0.03217364847660065 738282.4040622009
-0.0026182427536696196 0.0003926239733118564 0.037365760654211044 -0.3517434597015381 0.5590493083000183 -0.035854846239089966 738282.4040623165
-0.0017039210069924593 0.0004188732709735632 0.04095994681119919 -0.34925055503845215 0.13446392118930817 -0.03229324147105217 738282.4040624314
-0.0008946720627136528 0.0002221922914031893 0.04052494838833809 -0.28277289867401123 -0.12546686828136444 -0.031924113631248474 738282.4040625468
-0.0008519285474903882 0.0004140566161368042 0.04153298959136009 -0.3595564067363739 -0.058837566524744034 -0.03261568397283554 738282.4040626623
-0.0017762727802619338 0.000360258505679667 0.032027699053287506 -0.3557389974594116 0.3183647692203522 -0.03198230266571045 738282.4040627779
-0.0016057053580880165 0.0009636929607950151 0.032247237861156464 -0.5474271178245544 0.21474714577198029 -0.03269314020872116 738282.404062951
-0.0008235217537730932 0.0004126562853343785 0.03357606753706932 -0.30335310101509094 -0.05902981385588646 -0.030073542147874832 738282.4040630318
-0.0021874508820474148 0.00043212505988776684 0.03636407479643822 -0.3122274577617645 0.4492128789424896 -0.03370808809995651 738282.4040631241
-0.0008248049416579306 0.0005857215146534145 0.031212257221341133 -0.38477855920791626 -0.0725572258234024 -0.031421978026628494 738282.4040632742
-0.0013789883814752102 0.0009972271509468555 0.03221257030963898 -0.5021712183952332 0.17746779322624207 -0.03327295184135437 738282.404063355
-0.000791529135312885 0.0002419740048935637 0.033123958855867386 -0.2034471184015274 -0.020798103883862495 -0.030396398156881332 738282.404063482
-0.0007559245568700135 0.00022200045350473374 0.033347561955451965 -0.23729076981544495 0.02217634581029415 -0.030570978298783302 738282.4040635864
-0.0007286424515768886 0.0002077198587357998 0.033427558839321136 -0.2640492916107178 0.05426947399973869 -0.030232839286327362 738282.4040637013
-0.0014952068449929357 -0.0006478559225797653 0.02521083876490593 -0.024805380031466484 0.33373987674713135 -0.024183576926589012 738282.4040638282
-0.0015263536479324102 0.00028129667043685913 0.027368562296032906 -0.42401227355003357 0.289345920085907 -0.026022104546427727 738282.4040639321
-0.0021297617349773645 -9.715446503832936e-05 0.027051892131567 -0.2774769365787506 0.44645094871520996 -0.025041237473487854 738282.4040640476
-0.0008388258866034448 9.438909182790667e-05 0.030442241579294205 -0.35923805832862854 -0.07438310980796814 -0.029230570420622826 738282.4040641631
-0.0009786324808374047 0.0008489401079714298 0.02393924631178379 -0.6119740605354309 0.04239356890320778 -0.027702907100319862 738282.4040642785
-0.000769224832765758 0.000514642393682152 0.02455037273466587 -0.41921478509902954 0.00468244357034564 -0.02564898133277893 738282.4040644517
-0.00074151431908831 0.0003358474059496075 0.02430005371570587 -0.3388548493385315 0.03865823149681091 -0.02457275241613388 738282.4040645093
-0.0007214556098915637 0.0003344863362144679 0.02393651194870472 -0.3415399193763733 0.06482720375061035 -0.02434142306447029 738282.4040646252
-0.0007079343777149916 0.00033280797651968896 0.02354966476559639 -0.3444725275039673 0.0857481062412262 -0.0242225993424654 738282.4040647402
-0.0014691975666210055 0.0008788741542957723 0.019061235710978508 -0.5325955152511597 0.3498971164226532 -0.026493556797504425 738282.404064856
-0.0015055628027766943 0.0001560468808747828 0.0199106615036726 -0.23810935020446777 0.2989690899848938 -0.027803514152765274 738282.4040649713
-0.0007744285394437611 0.00014045994612388313 0.02054658718407154 -0.2674473822116852 0.011277951300144196 -0.02650829777121544 738282.404065098
-0.0009378131362609565 0.0008914907230064273 0.02131524123251438 -0.5388336181640625 0.10797912627458572 -0.027223652228713036 738282.4040652135
-0.0007362519390881062 0.0001583095290698111 0.019260196015238762 -0.24148373305797577 0.056906379759311676 -0.025204984471201897 738282.4040653177
-0.0009025952313095331 0.001286118058487773 0.020289750769734383 -0.6407800316810608 0.13883686065673828 -0.02830294519662857 738282.4040654335
-0.0012840976705774665 0.0002251233672723174 0.023178163915872574 -0.20626111328601837 0.25907984375953674 -0.027922144159674644 738282.4040655713
-0.0007421016925945878 0.00019812276877928525 0.024181369692087173 -0.2507244348526001 0.046589840203523636 -0.02639247104525566 738282.4040656752
-0.0007228847243823111 0.0001682988222455606 0.02425309084355831 -0.282207727432251 0.07018565386533737 -0.027523284777998924 738282.4040657907
-0.0018430656054988503 0.0008809093269519508 0.02096685953438282 -0.5530687570571899 0.4633379280567169 -0.02696746401488781 738282.4040659654
-0.0007974123582243919 0.0005631348467431962 0.025103483349084854 -0.38050293922424316 0.007429272867739201 -0.02752242609858513 738282.404066012
-0.0013321470469236374 -0.00035996921360492706 0.026028327643871307 -0.061365384608507156 0.23118436336517334 -0.03000708669424057 738282.4040661274
-0.0015466451877728105 0.0003283037804067135 0.028847867622971535 -0.3951340913772583 0.27250760793685913 -0.027735406532883644 738282.404066254
-0.0008381903753615916 0.0003322847478557378 0.02994319051504135 -0.39026108384132385 -0.023059098049998283 -0.029881229624152184 738282.404066358
-0.00170748436357826 -0.00043033756082877517 0.024531234055757523 -0.12358386069536209 0.3439103960990906 -0.029105069115757942 738282.4040664734
-0.0017619191203266382 0.0002610359515529126 0.026217900216579437 -0.4486892819404602 0.2965702712535858 -0.028305813670158386 738282.4040665888
-0.0008792984299361706 0.0002771688741631806 0.02729751355946064 -0.42987990379333496 -0.0734536275267601 -0.030281297862529755 738282.4040667042
-0.0008377767517231405 0.0002890673640649766 0.027795011177659035 -0.4164167642593384 -0.021419767290353775 -0.029093995690345764 738282.4040668197
-0.002073371782898903 0.0008385779219679534 0.024102630093693733 -0.6052107810974121 0.4805106222629547 -0.03148782253265381 738282.4040669466
-0.0016184510895982385 0.00017173045489471406 0.027645772323012352 -0.28503379225730896 0.20203226804733276 -0.03219778463244438 738282.4040670621
-0.0016352114034816623 0.00015156075824052095 0.027827836573123932 -0.305692583322525 0.188179150223732 -0.0314890593290329 738282.4040671672
-0.001653546467423439 0.000873128476087004 0.028522171080112457 -0.5832497477531433 0.17651060223579407 -0.02887660451233387 738282.4040672831
-0.0024178349412977695 1.6335687178070657e-05 0.031055722385644913 -0.200241357088089 0.4334090054035187 -0.0345931351184845 738282.4040674677
-0.0024410008918493986 -6.02087820880115e-05 0.02513967640697956 -0.23998382687568665 0.35956642031669617 -0.03344494476914406 738282.4040675135
-0.0010244110599160194 0.0002950705820694566 0.027066992595791817 -0.4043740928173065 -0.22429873049259186 -0.03208838403224945 738282.4040676404
-0.0009585506631992757 0.00030682870419695973 0.028087837621569633 -0.3940783739089966 -0.1385721117258072 -0.034132152795791626 738282.4040677444
-0.0009025212493725121 -5.736684033763595e-05 0.028835546225309372 -0.2541368901729584 -0.07463692128658295 -0.03108256123960018 738282.4040678603
-0.0023323025088757277 -9.906181367114186e-05 0.024770909920334816 -0.28209400177001953 0.4993431568145752 -0.029126940295100212 738282.404067976
-0.0009386164019815624 9.445629257243127e-05 0.03034723736345768 -0.3676777482032776 -0.1159566193819046 -0.03354023024439812 738282.4040680918
-0.0010781489545479417 0.0008528707548975945 0.031141946092247963 -0.6309008598327637 0.011412523686885834 -0.03794930875301361 738282.4040682187
-0.0012456565164029598 0.0009101751493290067 0.03210559859871864 -0.5650428533554077 0.1074102371931076 -0.03675379231572151 738282.4040683226
-0.0008494819630868733 0.00033638044260442257 0.02599208615720272 -0.3139914572238922 -0.01482843142002821 -0.031050339341163635 738282.404068438
-0.0013855263823643327 -0.00042939314153045416 0.025826821103692055 -0.06485314667224884 0.2166309952735901 -0.029002755880355835 738282.404068565
-0.0008327040122821927 9.735670028021559e-05 0.0284542478621006 -0.3350067436695099 -0.0016692632343620062 -0.03239969536662102 738282.4040686688
-0.0013697074027732015 0.0008520324481651187 0.02909589558839798 -0.6031886339187622 0.22534345090389252 -0.03413332253694534 738282.4040687964
-0.0013900093035772443 0.0009073539404198527 0.029740555211901665 -0.545662522315979 0.20301280915737152 -0.034512508660554886 738282.4040690158
-0.002345229033380747 0.00013742747250944376 0.022495832294225693 -0.2425297647714615 0.5084977746009827 -0.03799133375287056 738282.4040690388
-0.0013009174726903439 -0.0006178447511047125 0.02514665015041828 -0.014436737634241581 0.029007961973547935 -0.03852243721485138 738282.4040691428
-0.0018711014417931437 0.000859295716509223 0.031059792265295982 -0.6167929172515869 0.2510186731815338 -0.032608360052108765 738282.4040692581
-0.0015215507009997964 0.0009177346364594996 0.03217389062047005 -0.5557182431221008 0.08818215876817703 -0.0325876884162426 738282.4040693736
-0.0012954529374837875 0.0009035540861077607 0.02541930601000786 -0.5087460279464722 0.03024369664490223 -0.03016413189470768 738282.404069489
-0.0008988990448415279 0.0003669536381494254 0.025533482432365417 -0.2783524990081787 -0.0772773027420044 -0.027593811973929405 738282.404069593
-0.0008547271136194468 -2.62730463873595e-05 0.025353871285915375 -0.17050085961818695 -0.03023463860154152 -0.02658069133758545 738282.4040697083
-0.0008247526711784303 0.0001316911802859977 0.026020541787147522 -0.2830100357532501 0.007005270104855299 -0.028819004073739052 738282.4040698353
-0.000802293885499239 0.00049896928248927 0.0263126939535141 -0.43248450756073 0.03701532259583473 -0.029809225350618362 738282.4040699393
-0.00229384982958436 -0.0006453702808357775 0.02240842953324318 -0.02945018745958805 0.573000967502594 -0.020851146429777145 738282.4040700662
-0.0014499669196084142 -0.0006796990637667477 0.02742006443440914 -0.11217539012432098 0.14280182123184204 -0.026468344032764435 738282.4040701817
-0.0014605135656893253 -0.00016500022320542485 0.0285489484667778 -0.3678406774997711 0.13917623460292816 -0.024474482983350754 738282.4040702971
-0.0009001791477203369 2.2831029127701186e-05 0.028398165479302406 -0.43537411093711853 -0.05494202300906181 -0.028400171548128128 738282.4040704125
-0.0016141323139891028 -0.0005458378582261503 0.024175165221095085 -0.22811856865882874 0.2420979142189026 -0.023487012833356857 738282.4040705524
-0.0014561357675120234 0.000746434205211699 0.025321803987026215 -0.706199049949646 0.14962400496006012 -0.0250814538449049 738282.4040706449
-0.0008933244389481843 0.0006314092897810042 0.026663783937692642 -0.5622575879096985 -0.048169076442718506 -0.023399192839860916 738282.4040707602
-0.0008621235610917211 -0.0002708957763388753 0.02834603749215603 -0.20264387130737305 -0.004305694717913866 -0.019867632538080215 738282.4040708758
-0.001406915602274239 -0.00010442380153108388 0.02986162155866623 -0.30884048342704773 0.21425502002239227 -0.022009316831827164 738282.4040709911
-0.001237764721736312 0.0008030204917304218 0.023793887346982956 -0.6366097331047058 0.12851166725158691 -0.02430645003914833 738282.404071095
-0.0008651545504108071 -8.069779141806066e-05 0.026067515835165977 -0.2600153386592865 0.004282060079276562 -0.020676011219620705 738282.4040712229
-0.0008369279676117003 0.00047147463192231953 0.02710149437189102 -0.4744373559951782 0.03228316083550453 -0.023034464567899704 738282.4040713379
-0.0008198051364161074 0.0003014193207491189 0.027452915906906128 -0.3869416117668152 0.056710876524448395 -0.022599894553422928 738282.4040714536
-0.00216499762609601 0.00011302082566544414 0.027838654816150665 -0.323679655790329 0.49654433131217957 -0.023604396730661392 738282.4040715699
-0.0024564871564507484 6.000556095386855e-05 0.022310372442007065 -0.33800825476646423 0.45002231001853943 -0.022607240825891495 738282.4040716841
-0.0010163598926737905 7.68278114264831e-05 0.026418808847665787 -0.3496910333633423 -0.1065855398774147 -0.020926767960190773 738282.4040717996
-0.0009680024231784046 0.00027341124950908124 0.027226300910115242 -0.41820409893989563 -0.045175980776548386 -0.020888054743409157 738282.404071904
-0.0009287724969908595 0.0002828661527018994 0.027699343860149384 -0.4062643349170685 0.001779035897925496 -0.020946364849805832 738282.4040720768
-0.0016517434269189835 0.00025914431898854673 0.02281869575381279 -0.3988034129142761 0.28667280077934265 -0.021832993254065514 738282.4040721374
-0.0009227034170180559 0.0002721044875215739 0.023856522515416145 -0.3924195170402527 -0.0006879405700601637 -0.02045092172920704 738282.4040722516
-0.0008894985658116639 0.00027928283088840544 0.023917222395539284 -0.38720324635505676 0.034800633788108826 -0.020453589037060738 738282.4040723786
-0.0014242831384763122 -0.0004631871124729514 0.024342993274331093 -0.12422599643468857 0.2557390630245209 -0.018198475241661072 738282.404072494
-0.0014529229374602437 0.0007746036862954497 0.02186308428645134 -0.6430649161338806 0.23374688625335693 -0.018775487318634987 738282.404072598
-0.002594767138361931 -0.0004540257214102894 0.024105312302708626 -0.1166345477104187 0.6087043285369873 -0.0252098198980093 738282.404072725
-0.0017878245562314987 -9.903201862471178e-05 0.02948475442826748 -0.31329938769340515 0.16589990258216858 -0.021769212558865547 738282.4040728288
-0.001050542457960546 0.00044776173308491707 0.029352931305766106 -0.5307392477989197 -0.10830790549516678 -0.021046478301286697 738282.4040729568
-0.0010061324574053288 0.0003017417620867491 0.03062993846833706 -0.4271335005760193 -0.047161031514406204 -0.0201578289270401 738282.4040730722
-0.0015005419263616204 0.0008323312504217029 0.024594459682703018 -0.6143180131912231 0.1989273577928543 -0.021334988996386528 738282.4040731878
-0.0009649221901781857 0.00015880791761446744 0.026423536241054535 -0.29059895873069763 -0.014047762379050255 -0.018367353826761246 738282.4040733031
-0.001122920191846788 -0.0004160443786531687 0.02626172825694084 -0.10902188718318939 0.09554482251405716 -0.018252458423376083 738282.4040734186
-0.0024163234047591686 9.712461178423837e-05 0.02833082713186741 -0.3727192282676697 0.5762531757354736 -0.015967460349202156 738282.4040735805
-0.0025014213752001524 6.598696927540004e-05 0.023193396627902985 -0.37468573451042175 0.47467660903930664 -0.016797956079244614 738282.4040736381
-0.0011036976939067245 -0.00010307716729585081 0.02610483393073082 -0.3077852725982666 -0.13796381652355194 -0.021896708756685257 738282.4040737763
-0.0010495131136849523 0.00044072887976653874 0.026912104338407516 -0.5220432281494141 -0.0682758167386055 -0.01880401186645031 738282.4040738803
-0.0016173227922990918 0.0008743520593270659 0.027937332168221474 -0.5957895517349243 0.12573185563087463 -0.01748487539589405 738282.4040739958
-0.0008264628704637289 0.0009238140191882849 0.02877703867852688 -0.5459920167922974 -0.10073863714933395 -0.016306409612298012 738282.4040741111
-0.002757425419986248 0.0005412077880464494 0.02624070644378662 -0.3897823989391327 0.5301389694213867 -0.023844093084335327 738282.4040742267
-0.0010915320599451661 0.00021740407100878656 0.03313957527279854 -0.26889896392822266 -0.11126115918159485 -0.01872400939464569 738282.4040743421
-0.0010545700788497925 0.0004052156873513013 0.03421681001782417 -0.35637784004211426 -0.05872352048754692 -0.018752483651041985 738282.4040744691
-0.0010211701737716794 0.00020535202929750085 0.03475423529744148 -0.2971062958240509 -0.01749754510819912 -0.01805194839835167 738282.4040745739
-0.001998037798330188 -0.0004640545230358839 0.027594946324825287 -0.1253606677055359 0.33581554889678955 -0.015033729374408722 738282.4040746894
-0.0014401115477085114 0.0003157428000122309 0.030346862971782684 -0.4425947964191437 0.0900781899690628 -0.019876835867762566 738282.4040748049
-0.001031116466037929 0.00032312553958036005 0.030491266399621964 -0.42417749762535095 -0.03452356532216072 -0.021244367584586143 738282.4040749202
-0.0026314971037209034 0.0003469986841082573 0.032504960894584656 -0.4120924174785614 0.5194402933120728 -0.018325267359614372 738282.4040751165
-0.0010890117846429348 0.0004028010298497975 0.03955324366688728 -0.4028480648994446 -0.09937439858913422 -0.01953246258199215 738282.4040751511
-0.0016374267870560288 0.0009688212303444743 0.03081623464822769 -0.5908589363098145 0.1400219351053238 -0.01873389258980751 738282.4040752664
-0.0010283293668180704 0.0001903169322758913 0.03237563371658325 -0.2754161059856415 -0.06261758506298065 -0.01607544533908367 738282.4040753819
-0.002465655328705907 0.00019453431013971567 0.03453932702541351 -0.29688000679016113 0.4394540786743164 -0.0180131196975708 738282.4040754987
-0.0014841825468465686 0.0010570221347734332 0.03893584385514259 -0.577221691608429 0.03170512989163399 -0.016943814232945442 738282.4040756136
-0.0014354134909808636 0.0010089175775647163 0.028194397687911987 -0.5268487334251404 0.04485118389129639 -0.017327675595879555 738282.4040757291
-0.0010097252670675516 -1.7118669347837567e-05 0.02876667119562626 -0.1576375514268875 -0.07097189873456955 -0.014089168980717659 738282.4040758446
-0.0016257744282484055 0.001042665564455092 0.03174852952361107 -0.5349093675613403 0.1692294329404831 -0.019829342141747475 738282.4040759599
-0.0016358030261471868 0.0010732717346400023 0.03206762298941612 -0.4929927885532379 0.15510167181491852 -0.01880762167274952 738282.4040760869
-0.0010014892322942615 0.00024858227698132396 0.033236995339393616 -0.19956301152706146 -0.05436123535037041 -0.014712370000779629 738282.4040761908
-0.002892387332394719 0.0001665036252234131 0.027186166495084763 -0.2406783252954483 0.5733273029327393 -0.01531418226659298 738282.4040763063
-0.0010513357119634748 0.00021143487538211048 0.034014590084552765 -0.27110040187835693 -0.12178518623113632 -0.019794413819909096 738282.4040764216
-0.001022745855152607 0.000419031159253791 0.03475089743733406 -0.36024028062820435 -0.06760222464799881 -0.019121011719107628 738282.4040765947
-0.0010052334982901812 0.00042431920883245766 0.03519668057560921 -0.36325207352638245 -0.02323542907834053 -0.01886168122291565 738282.4040766525
-0.0027168935630470514 0.00015663390513509512 0.027331769466400146 -0.30088528990745544 0.5201274752616882 -0.012828724458813667 738282.404076768
-0.0023353490978479385 0.00016432744450867176 0.02941194921731949 -0.31757599115371704 0.28672876954078674 -0.015303894877433777 738282.4040768833
-0.0010527666890993714 0.00016843416960909963 0.030671311542391777 -0.3301054537296295 -0.14157883822917938 -0.01994527317583561 738282.4040769988
-0.0010225166333839297 0.00016771790978964418 0.031199822202324867 -0.33876755833625793 -0.08334614336490631 -0.018877152353525162 738282.4040771258
-0.0010013522114604712 0.0003885762416757643 0.031501591205596924 -0.4077068865299225 -0.03618396073579788 -0.020548725500702858 738282.4040772412
-0.0020763729698956013 -0.0005217312136664987 0.024697303771972656 -0.14221610128879547 0.31283146142959595 -0.012642218731343746 738282.4040773452
-0.0018813717179000378 0.0001194138967548497 0.026151210069656372 -0.38201385736465454 0.2001367062330246 -0.016433410346508026 738282.4040774605
-0.001008552499115467 0.00012302891991566867 0.0265465397387743 -0.37580394744873047 -0.07387050241231918 -0.018787680193781853 738282.4040775875
-0.0020966448355466127 -0.0005342543008737266 0.028702186420559883 -0.18220359086990356 0.283999502658844 -0.013618563301861286 738282.4040776914
-0.0016648144228383899 0.0012440241407603025 0.023930002003908157 -0.7262269258499146 0.1130860447883606 -0.015289259143173695 738282.4040778069
-0.0016752707306295633 -5.8670597354648635e-05 0.02800079807639122 -0.2554577887058258 0.11258062720298767 -0.016025397926568985 738282.4040779236
-0.00258122687228024 0.00016184232663363218 0.028393449261784554 -0.34465181827545166 0.35769057273864746 -0.015107572078704834 738282.404078108
-0.0013011504197493196 0.00018827457097359002 0.031633954495191574 -0.3492705523967743 -0.129633367061615 -0.016525983810424805 738282.4040781773
-0.002529747085645795 0.00021493494568858296 0.03726727142930031 -0.3523635268211365 0.42257001996040344 -0.015052738599479198 738282.4040782928
-0.0019572065211832523 0.0008343278896063566 0.030055537819862366 -0.6007672548294067 0.0979369580745697 -0.012701256200671196 738282.4040783966
-0.2362256497144699 -0.042617134749889374 0.030286140739917755 -0.9339500665664673 0.12215302884578705 1.0863054990768433 738282.4040785123
-0.23603466153144836 -0.04258279502391815 0.030818022787570953 -0.8627339005470276 0.17139482498168945 1.0853631496429443 738282.4040786419
-0.23591716587543488 -0.042485784739255905 0.03114990144968033 -0.9056923389434814 0.20933903753757477 1.0835322141647339 738282.404078733
-0.23606520891189575 -0.04225544631481171 0.02423723228275776 -0.9904683828353882 0.3398304879665375 1.081945538520813 738282.4040788489
-0.23620061576366425 -0.04217572137713432 0.023950396105647087 -0.9484323263168335 0.38859403133392334 1.0800304412841797 738282.4040789773
-0.23694252967834473 -0.04257068410515785 0.023162556812167168 -0.7545321583747864 0.6378823518753052 1.0742648839950562 738282.404079082
-0.23706603050231934 -0.04258809611201286 0.023803656920790672 -0.7665466070175171 0.5588160157203674 1.0743201971054077 738282.4040792086
-0.23585239052772522 -0.04271309822797775 0.0268993116915226 -0.7206417918205261 0.06791471689939499 1.0772238969802856 738282.4040793126
-0.23713433742523193 -0.042773857712745667 0.025545528158545494 -0.7385337948799133 0.5550358295440674 1.0718170404434204 738282.4040794281
-0.23581354320049286 -0.04273682460188866 0.028548993170261383 -0.7491941452026367 0.05660521611571312 1.0745904445648193 738282.4040796127
-0.2357514202594757 -0.042741358280181885 0.029114559292793274 -0.7542479038238525 0.11473830044269562 1.0741887092590332 738282.4040796588
-0.23571285605430603 -0.04237407073378563 0.02944820001721382 -0.8688322901725769 0.15776123106479645 1.0737547874450684 738282.4040797743
-0.2364005148410797 -0.042797792702913284 0.023485664278268814 -0.7300523519515991 0.4135987460613251 1.0698988437652588 738282.4040798896
-0.23606102168560028 -0.04203994199633598 0.024081824347376823 -0.9592145085334778 0.27163243293762207 1.0713294744491577 738282.4040800167
-0.2362360656261444 -0.042554646730422974 0.025139333680272102 -0.7363215088844299 0.32944589853286743 1.0683170557022095 738282.4040801206
-0.2356746643781662 -0.042153626680374146 0.02551063522696495 -0.8507106900215149 0.14723631739616394 1.0692760944366455 738282.4040802361
-0.23563045263290405 -0.04288921132683754 0.026238197460770607 -0.5921434760093689 0.17780569195747375 1.066705346107483 738282.4040803631
-0.2355957329273224 -0.0425942987203598 0.02162747085094452 -0.7400643825531006 0.20162025094032288 1.0656344890594482 738282.4040804784
-0.23558184504508972 -0.04259445518255234 0.02133026346564293 -0.7357593178749084 0.21959097683429718 1.065159559249878 738282.4040805823
-0.23556645214557648 -0.042402930557727814 0.021004175767302513 -0.7862700819969177 0.23228253424167633 1.0648471117019653 738282.4040807092
-0.23555657267570496 -0.042394280433654785 0.020730506628751755 -0.7643693685531616 0.2422368824481964 1.0642746686935425 738282.4040808141
-0.23670005798339844 -0.0436207614839077 0.017767511308193207 -0.39850813150405884 0.5992395281791687 1.0582674741744995 738282.4040809296
-0.23639464378356934 -0.04304138198494911 0.020842410624027252 -0.6443985104560852 0.4050639271736145 1.0603044033050537 738282.4040811489
-0.23564252257347107 -0.04302855208516121 0.021249812096357346 -0.6555318832397461 0.13694822788238525 1.0598021745681763 738282.404081172
-0.23563063144683838 -0.04245369881391525 0.021122461184859276 -0.838356077671051 0.16779810190200806 1.060104250907898 738282.4040812873
-0.2365802526473999 -0.04357089474797249 0.024425791576504707 -0.4440477788448334 0.48477959632873535 1.0549732446670532 738282.4040813913
-0.23607008159160614 -0.042070627212524414 0.023279380053281784 -0.9692735075950623 0.25491395592689514 1.059507966041565 738282.4040815183
-0.23723727464675903 -0.04296090081334114 0.02652466483414173 -0.602520763874054 0.6093134880065918 1.0551217794418335 738282.4040816237
-0.2357950657606125 -0.0428764782845974 0.031248420476913452 -0.6195234656333923 0.05330783501267433 1.0558161735534668 738282.4040817388
-0.2357749342918396 -0.04228759929537773 0.03229304403066635 -0.8075665235519409 0.10207568854093552 1.0560569763183594 738282.4040818661
-0.2372490018606186 -0.0431414395570755 0.026901885867118835 -0.5321993231773376 0.6150242686271667 1.052538275718689 738282.4040819828
-0.23675520718097687 -0.0431213416159153 0.02923734486103058 -0.5611196756362915 0.34940269589424133 1.0528490543365479 738282.4040820865
-0.2358076423406601 -0.042917996644973755 0.029832180589437485 -0.6410328149795532 0.023898674175143242 1.0533860921859741 738282.4040822133
-0.23676759004592896 -0.042905088514089584 0.03281617909669876 -0.638886034488678 0.3772067725658417 1.0515451431274414 738282.4040823288
-0.23660774528980255 -0.04289169982075691 0.033534035086631775 -0.6367052793502808 0.28585782647132874 1.0498172044754028 738282.4040824445
-0.23714913427829742 -0.04182560369372368 0.025645501911640167 -0.9953033328056335 0.45604753494262695 1.0501986742019653 738282.4040825485
-0.23585768043994904 -0.04207067936658859 0.029230333864688873 -0.7839746475219727 -0.01616070233285427 1.0489678382873535 738282.4040826755
-0.2358061969280243 -0.0424075573682785 0.030218137428164482 -0.6218401789665222 0.04361452907323837 1.0472536087036133 738282.4040827793
-0.2357664853334427 -0.04239603504538536 0.030641132965683937 -0.6179444789886475 0.08896362036466599 1.0464167594909668 738282.4040828948
-0.23683607578277588 -0.04349854588508606 0.023874416947364807 -0.30918627977371216 0.48735979199409485 1.0433412790298462 738282.4040830217
-0.23557116091251373 -0.043068718165159225 0.02850538119673729 -0.5021259784698486 0.005107218399643898 1.0448567867279053 738282.4040831256
-0.2355334758758545 -0.042692363262176514 0.02914218045771122 -0.6452440619468689 0.06017212197184563 1.044524908065796 738282.4040832525
-0.2366636097431183 -0.0426831915974617 0.030636005103588104 -0.6318968534469604 0.4594378173351288 1.0427570343017578 738282.4040833795
-0.23686665296554565 -0.04332781583070755 0.02534562535583973 -0.441959410905838 0.46021902561187744 1.041117548942566 738282.4040834834
-0.23731565475463867 -0.04278622567653656 0.02557235211133957 -0.6539732813835144 0.5209523439407349 1.0429706573486328 738282.4040835873
-0.2364441305398941 -0.042737409472465515 0.027708251029253006 -0.6310084462165833 0.1530873030424118 1.0407681465148926 738282.4040837161
-0.2368176281452179 -0.04291490837931633 0.028568118810653687 -0.5543273687362671 0.29105642437934875 1.0389760732650757 738282.4040838426
-0.2362547218799591 -0.04290619492530823 0.028650641441345215 -0.556397020816803 0.0948275700211525 1.037810206413269 738282.4040839581
-0.23616524040699005 -0.04298871383070946 0.022044051438570023 -0.5569594502449036 0.12825126945972443 1.036772608757019 738282.4040840628
-0.23632501065731049 -0.04279777780175209 0.02194737270474434 -0.616153359413147 0.21317431330680847 1.0358028411865234 738282.4040842354
-0.23575492203235626 -0.04239967092871666 0.021537555381655693 -0.7152646780014038 0.03798692300915718 1.0354914665222168 738282.4040842816
-0.23725475370883942 -0.042547158896923065 0.024487892165780067 -0.6121327877044678 0.5479482412338257 1.0357003211975098 738282.4040844087
-0.23657217621803284 -0.041951652616262436 0.023243604227900505 -0.7718373537063599 0.22438229620456696 1.0353938341140747 738282.4040845125
-0.23580335080623627 -0.04245544224977493 0.024006174877285957 -0.5334776043891907 -0.021541817113757133 1.0334349870681763 738282.4040846395
-0.23672060668468475 -0.043212953954935074 0.025585589930415154 -0.2908610999584198 0.3356282413005829 1.0305060148239136 738282.4040847549
-0.2358221411705017 -0.04241783916950226 0.029498958960175514 -0.5969372987747192 -0.006321960594505072 1.0306758880615234 738282.4040848588
-0.23578783869743347 -0.042204439640045166 0.02993195690214634 -0.6414534449577332 0.04294859990477562 1.029383897781372 738282.4040849743
-0.23726531863212585 -0.042857825756073 0.024644015356898308 -0.4225814938545227 0.5849320292472839 1.027591347694397 738282.4040851012
-0.2367810606956482 -0.042828869074583054 0.027220983058214188 -0.44668814539909363 0.3018079698085785 1.0254584550857544 738282.404085205
-0.23585817217826843 -0.042235732078552246 0.028151735663414 -0.6546692252159119 -0.04386863112449646 1.0248188972473145 738282.4040853205
-0.23581376671791077 -0.04220009595155716 0.02882235124707222 -0.6194998025894165 0.012715366668999195 1.0232865810394287 738282.404085436
-0.23651251196861267 -0.04264725372195244 0.023292947560548782 -0.4622119069099426 0.3140941858291626 1.0224789381027222 738282.4040855527
-0.23577545583248138 -0.042435675859451294 0.024144699797034264 -0.5373048782348633 0.026394831016659737 1.021417498588562 738282.4040857602
-0.23631638288497925 -0.042427804321050644 0.024819491431117058 -0.5275617837905884 0.2615293562412262 1.0203255414962769 738282.4040857962
-0.23652993142604828 -0.041855454444885254 0.02459891512989998 -0.7133997678756714 0.30997323989868164 1.0197083950042725 738282.4040859004
-0.23578473925590515 -0.042708657681941986 0.027501817792654037 -0.3367631733417511 0.02336280047893524 1.017546534538269 738282.4040860274
-0.23594175279140472 -0.04185335710644722 0.023156870156526566 -0.6974219679832458 0.12962263822555542 1.0163053274154663 738282.404086131
-0.23572176694869995 -0.04255512356758118 0.024159563705325127 -0.3866451382637024 0.07907168567180634 1.0151233673095703 738282.4040862473
-0.23570135235786438 -0.04218405857682228 0.024639450013637543 -0.5392356514930725 0.10444188117980957 1.0143572092056274 738282.4040863739
-0.23568281531333923 -0.042365629225969315 0.024683550000190735 -0.4583810567855835 0.1274566799402237 1.014415979385376 738282.4040864792
-0.23661822080612183 -0.043211400508880615 0.02004951983690262 -0.20015515387058258 0.47340917587280273 1.0130608081817627 738282.4040865948
-0.23705428838729858 -0.043078068643808365 0.020063478499650955 -0.3307415843009949 0.5366791486740112 1.0124975442886353 738282.4040867102
-0.23657429218292236 -0.04192329943180084 0.022501720115542412 -0.753072202205658 0.2592434883117676 1.012891173362732 738282.4040868256
-0.23582231998443604 -0.042038608342409134 0.023314395919442177 -0.6189292073249817 -0.017020592465996742 1.0088616609573364 738282.4040869641
-0.2357848882675171 -0.04200565814971924 0.023712869733572006 -0.5823789238929749 0.03020237199962139 1.00803542137146 738282.4040870566
-0.23575110733509064 -0.04145497828722 0.019396347925066948 -0.7470357418060303 0.06643407046794891 1.0076262950897217 738282.4040872651
-0.2363053858280182 -0.041591521352529526 0.02010495588183403 -0.6130818724632263 0.2879750728607178 1.0055919885635376 738282.4040872994
-0.2357274293899536 -0.04268740862607956 0.021065760403871536 -0.1891998052597046 0.067106232047081 1.004153847694397 738282.4040874145
-0.23705002665519714 -0.04273657500743866 0.022723736241459846 -0.25462549924850464 0.5419965386390686 1.004264235496521 738282.4040875187
-0.23844347894191742 -0.04286818951368332 0.017202487215399742 -0.3013208210468292 0.8994547724723816 1.004187822341919 738282.4040876455
-0.237507164478302 -0.04281248152256012 0.023869279772043228 -0.3371322453022003 0.34848156571388245 1.0008037090301514 738282.404087761
-0.23642149567604065 -0.041859742254018784 0.024156810715794563 -0.6862291693687439 -0.08353269100189209 1.0005934238433838 738282.4040878763
-0.23737934231758118 -0.0423603393137455 0.0296271201223135 -0.43500077724456787 0.3018905222415924 0.9997169375419617 738282.4040879927
-0.23740288615226746 -0.04255107417702675 0.029984639957547188 -0.3756762742996216 0.2648818790912628 0.997658371925354 738282.4040880966
-0.23774667084217072 -0.042429666966199875 0.02416815608739853 -0.45956680178642273 0.36594972014427185 0.9979798197746277 738282.4040882239
-0.23608171939849854 -0.04238919913768768 0.025565939024090767 -0.4576966464519501 -0.26023101806640625 0.9947079420089722 738282.4040883278
-0.23602111637592316 -0.04199100658297539 0.02676711045205593 -0.58379727602005 -0.15746305882930756 0.9946685433387756 738282.4040884548
-0.23633910715579987 -0.04328834265470505 0.030091024935245514 -0.10224929451942444 0.04677625000476837 0.99611496925354 738282.4040885586
-0.2385820597410202 -0.043633654713630676 0.024547679349780083 -0.12238561362028122 0.8403827548027039 0.9974879026412964 738282.404088778
-0.2362135648727417 -0.04261776804924011 0.041390519589185715 -0.5141216516494751 -0.20519369840621948 0.9903263449668884 738282.4040887908
-0.23614788055419922 -0.0425950288772583 0.043135665357112885 -0.4993995428085327 -0.11857657134532928 0.990157425403595 738282.404088905
-0.23609548807144165 -0.04257373884320259 0.04452281445264816 -0.48844990134239197 -0.0535430982708931 0.9897187948226929 738282.4040890319
-0.23606117069721222 -0.0423617884516716 0.04559117183089256 -0.5428507328033447 -0.0019244252471253276 0.9894495606422424 738282.4040891358
-0.2362215667963028 -0.04161791875958443 0.03425346314907074 -0.7709131240844727 0.10985486954450607 0.9884005784988403 738282.4040892628
-0.23600538074970245 -0.04230931028723717 0.03677736222743988 -0.43854111433029175 0.05691808462142944 0.9899308681488037 738282.4040893667
-0.23598650097846985 -0.04230239614844322 0.03723175823688507 -0.4393503665924072 0.08128123730421066 0.988580584526062 738282.4040894822
-0.23597723245620728 -0.042102862149477005 0.037761006504297256 -0.500636875629425 0.10057424753904343 0.9887911677360535 738282.4040895976
-0.23638108372688293 -0.04178498312830925 0.02877306193113327 -0.6024782657623291 0.24347253143787384 0.9870392084121704 738282.4040897134
-0.23659254610538483 -0.04175673425197601 0.02870263159275055 -0.5573039650917053 0.2814517319202423 0.9873348474502563 738282.4040898287
-0.23602363467216492 -0.0422871857881546 0.029729720205068588 -0.339035302400589 0.06162896007299423 0.9881925582885742 738282.4040899558
-0.2365800440311432 -0.04270278289914131 0.02984016388654709 -0.23605431616306305 0.2685145437717438 0.9870210886001587 738282.4040900718
-0.23603057861328125 -0.04252361133694649 0.03132140636444092 -0.3432907462120056 0.05562501773238182 0.9857974052429199 738282.4040901758
-0.23659473657608032 -0.04183413088321686 0.025202196091413498 -0.6085863709449768 0.2653869390487671 0.9868981242179871 738282.4040903604
-0.2360333651304245 -0.04271708056330681 0.027376728132367134 -0.24832695722579956 0.051102008670568466 0.985652506351471 738282.4040904297
-0.2375326305627823 -0.04276106879115105 0.029281364753842354 -0.29367122054100037 0.5625479817390442 0.9866109490394592 738282.4040905338
-0.2349833995103836 -0.041674718260765076 0.042773786932229996 -0.6250189542770386 -0.37375408411026 0.9811225533485413 738282.4040906378
-0.23696044087409973 -0.0416606068611145 0.042914386838674545 -0.567537248134613 0.4162910580635071 0.9831023812294006 738282.4040907769
-0.2367994487285614 -0.042975809425115585 0.046023737639188766 -0.09490767121315002 0.2958454489707947 0.9792318940162659 738282.4040908808
-0.23605310916900635 -0.04260151460766792 0.04932739585638046 -0.29410648345947266 0.018695872277021408 0.9782166481018066 738282.4040909964
-0.23603253066539764 -0.042412906885147095 0.050698619335889816 -0.3843337297439575 0.05879335105419159 0.9756271839141846 738282.4040911118
-0.23600947856903076 -0.042605675756931305 0.05186513438820839 -0.3264977037906647 0.0884188562631607 0.9746805429458618 738282.404091227
-0.2375890165567398 -0.042527634650468826 0.03831293061375618 -0.4084721803665161 0.6267890334129333 0.9768977761268616 738282.404091331
-0.236091747879982 -0.04266544058918953 0.04507623240351677 -0.3399331569671631 -0.0011364893289282918 0.9719515442848206 738282.404091447
-0.23607753217220306 -0.0420701839029789 0.04609030857682228 -0.5520603060722351 0.03932938724756241 0.9718331694602966 738282.404091562
-0.23605379462242126 -0.04263554885983467 0.047934431582689285 -0.3192483186721802 0.07312453538179398 0.9706956744194031 738282.4040917003
-0.23783990740776062 -0.04295416176319122 0.03621763736009598 -0.2737874984741211 0.6936087012290955 0.9714515805244446 738282.4040918734
-0.2369595468044281 -0.04172053188085556 0.041801802814006805 -0.700326681137085 0.2432253658771515 0.9704403877258301 738282.4040919081
-0.23696985840797424 -0.043259888887405396 0.0464065857231617 -0.10033469647169113 0.23114366829395294 0.9654093980789185 738282.4040920351
-0.23620936274528503 -0.04205934703350067 0.050313472747802734 -0.566821277141571 -0.04475581645965576 0.9657695889472961 738282.404092139
-0.2372080534696579 -0.04223033785820007 0.054595522582530975 -0.4553423225879669 0.34057092666625977 0.965647280216217 738282.4040922659
-0.23796167969703674 -0.04253891482949257 0.03749368339776993 -0.37206771969795227 0.5644225478172302 0.9644498825073242 738282.4040923814
-0.23624013364315033 -0.042074497789144516 0.042460013180971146 -0.5084164142608643 -0.12095513194799423 0.9623885154724121 738282.4040925084
-0.23641055822372437 -0.04245597496628761 0.044326286762952805 -0.3452857732772827 0.015405295416712761 0.9629455208778381 738282.4040926354
-0.23618800938129425 -0.0424572192132473 0.04461062699556351 -0.3536474108695984 -0.011903439648449421 0.9623416662216187 738282.4040927392
-0.2361299991607666 -0.04132160171866417 0.03259551525115967 -0.7573334574699402 0.032739508897066116 0.9608293175697327 738282.4040928431
-0.23752076923847198 -0.042876947671175 0.03717707470059395 -0.14552056789398193 0.522681474685669 0.9607419371604919 738282.4040929616
-0.23618295788764954 -0.04241824150085449 0.04328380897641182 -0.3400925099849701 -0.02360358089208603 0.9601742029190063 738282.4040930759
-0.23615773022174835 -0.042419735342264175 0.04382998123764992 -0.35165688395500183 0.02057724818587303 0.9582574367523193 738282.4040932956
-0.23777225613594055 -0.04243602231144905 0.04590402916073799 -0.35980454087257385 0.5759162902832031 0.9588754773139954 738282.4040933301
-0.2373962104320526 -0.043314289301633835 0.03688142076134682 -0.10409241169691086 0.34233587980270386 0.9554666876792908 738282.4040934226
-0.2366660088300705 -0.04169396683573723 0.04079299047589302 -0.6929429769515991 0.0376104861497879 0.9560152292251587 738282.404093538
-0.2368604689836502 -0.04324096813797951 0.04645594581961632 -0.09800583124160767 0.13030628859996796 0.9535576701164246 738282.4040936534
-0.23627939820289612 -0.04224146157503128 0.049611058086156845 -0.49095582962036133 -0.06168011203408241 0.9534849524497986 738282.4040937693
-0.23597517609596252 -0.04167361184954643 0.03572573885321617 -0.6647297739982605 -0.07959697395563126 0.9520758390426636 738282.4040938847
-0.23593978583812714 -0.04183020815253258 0.036502718925476074 -0.5306971073150635 -0.026239609345793724 0.9522567987442017 738282.4040940002
-0.23669785261154175 -0.04322821646928787 0.038027361035346985 -0.04104103520512581 0.27052053809165955 0.9537303447723389 738282.4040941041
-0.23671945929527283 -0.04327491670846939 0.03893020376563072 -0.12340600043535233 0.23914691805839539 0.9529396295547485 738282.404094231
-0.23676402866840363 -0.041678380221128464 0.04261951893568039 -0.7005001902580261 0.21630007028579712 0.9526181817054749 738282.404094358
-0.23614828288555145 -0.0422632209956646 0.03326098248362541 -0.43401235342025757 0.007953823544085026 0.9497779607772827 738282.4040944624
-0.23632743954658508 -0.04225464165210724 0.03331689536571503 -0.41914698481559753 0.10964832454919815 0.947982907295227 738282.4040945778
-0.2361138015985489 -0.042647939175367355 0.033107247203588486 -0.27861320972442627 0.05680222436785698 0.9469784498214722 738282.4040948086
-0.23610323667526245 -0.04226095974445343 0.03340081498026848 -0.4291163980960846 0.08084359019994736 0.9445658326148987 738282.4040948438
-0.23787721991539001 -0.04292935132980347 0.026640702039003372 -0.22224773466587067 0.6786816120147705 0.9445777535438538 738282.4040949246
-0.23620222508907318 -0.04286856949329376 0.03405169025063515 -0.26094484329223633 -0.021180186420679092 0.9413155913352966 738282.4040950516
-0.23717522621154785 -0.04249710589647293 0.036191314458847046 -0.41659992933273315 0.3405848741531372 0.942630410194397 738282.4040951439
-0.23779864609241486 -0.04250352457165718 0.03562093898653984 -0.40630289912223816 0.4847729206085205 0.9424018263816833 738282.4040952709
-0.23689261078834534 -0.04246433824300766 0.03859545662999153 -0.39875122904777527 0.08424451947212219 0.9403507113456726 738282.4040953863
-0.23720240592956543 -0.04213520139455795 0.028414085507392883 -0.5198383927345276 0.2147497534751892 0.9398189187049866 738282.4040955018
-0.23624829947948456 -0.042674046009778976 0.028819577768445015 -0.29228341579437256 -0.11768288910388947 0.9359644651412964 738282.4040956171
-0.23755422234535217 -0.04268219321966171 0.032403964549303055 -0.3113059997558594 0.3826121985912323 0.9361057877540588 738282.404095734
-0.2366734892129898 -0.042271338403224945 0.03534320369362831 -0.45158493518829346 0.005124005489051342 0.9351269006729126 738282.4040958494
-0.23620910942554474 -0.04230646416544914 0.02605249173939228 -0.4301902651786804 -0.09009511768817902 0.9331472516059875 738282.4040959649
-0.23616459965705872 -0.04229329898953438 0.02584332786500454 -0.41289740800857544 -0.03647889941930771 0.9313035011291504 738282.4040960807
-0.23763713240623474 -0.042295463383197784 0.02691066451370716 -0.40115344524383545 0.4982648193836212 0.9311455488204956 738282.4040965897
-0.23623694479465485 -0.04239610210061073 0.033649470657110214 -0.3327203094959259 -0.09329789876937866 0.9280745387077332 738282.4040966707
-0.23619651794433594 -0.04239735007286072 0.03401985019445419 -0.3407757580280304 -0.04288190230727196 0.9272093176841736 738282.4040967287
-0.23668956756591797 -0.04247571527957916 0.026002105325460434 -0.3451923131942749 0.17730963230133057 0.9269507527351379 738282.40409674
-0.23615004122257233 -0.04247142747044563 0.026156989857554436 -0.3481994867324829 -0.03049210086464882 0.926263689994812 738282.4040967631
-0.236114501953125 -0.04247359558939934 0.025926658883690834 -0.3513321280479431 0.005549949128180742 0.9254605770111084 738282.4040967863
-0.23609700798988342 -0.042286381125450134 0.02564449980854988 -0.4147748351097107 0.032675568014383316 0.9244407415390015 738282.40409689
-0.2374044954776764 -0.04252329096198082 0.02026960626244545 -0.3389132618904114 0.4789232909679413 0.9241008758544922 738282.4040970054
-0.2361711710691452 -0.04247605800628662 0.024827798828482628 -0.34233254194259644 -0.04618143290281296 0.9219414591789246 738282.4040971209
-0.2367042601108551 -0.043049406260252 0.025438060984015465 -0.15686479210853577 0.17851808667182922 0.9212427139282227 738282.4040972375
-0.2361532300710678 -0.04288840666413307 0.02619163878262043 -0.270823210477829 -0.03248998895287514 0.9181178212165833 738282.4040973415
-0.23689883947372437 -0.041778236627578735 0.02774631790816784 -0.6790454983711243 0.25626885890960693 0.9194180965423584 738282.4040974689
-0.2376657873392105 -0.04267112910747528 0.025073722004890442 -0.27840083837509155 0.47616806626319885 0.9188429713249207 738282.4040975838
-0.23774725198745728 -0.042685844004154205 0.02554911933839321 -0.2980375587940216 0.38285720348358154 0.9182028770446777 738282.4040978032
-0.23633886873722076 -0.04209715873003006 0.028178183361887932 -0.5088847875595093 -0.20995809137821198 0.9153825640678406 738282.4040978147
-0.236666738986969 -0.042055319994688034 0.030595388263463974 -0.4709755480289459 -0.0037808059714734554 0.9150319695472717 738282.4040979303
-0.23755726218223572 -0.04171081632375717 0.02479725331068039 -0.5752114057540894 0.35010460019111633 0.914440393447876 738282.4040980458
-0.23760680854320526 -0.04221465811133385 0.025679491460323334 -0.32465147972106934 0.28717952966690063 0.913693368434906 738282.4040981613
-0.23635773360729218 -0.04199525713920593 0.027147825807332993 -0.3998399078845978 -0.22219909727573395 0.9131278395652771 738282.4040982769
-0.23629486560821533 -0.04235221818089485 0.02778029441833496 -0.2559940814971924 -0.14293691515922546 0.912519633769989 738282.4040983923
-0.23663389682769775 -0.04160979390144348 0.029971159994602203 -0.5442037582397461 0.04788963496685028 0.9083765745162964 738282.4040985194
-0.2366103082895279 -0.04162346199154854 0.023865684866905212 -0.4967046082019806 0.059354640543460846 0.9077703952789307 738282.4040986242
-0.23622269928455353 -0.04233093559741974 0.024235405027866364 -0.19323748350143433 -0.062435295432806015 0.9087526798248291 738282.4040987396
-0.23619435727596283 -0.04216568171977997 0.024646097794175148 -0.29566991329193115 -0.020814979448914528 0.9066174030303955 738282.4040988564
-0.23616696894168854 -0.04217517003417015 0.024537380784749985 -0.3071245849132538 0.010746238753199577 0.9057753682136536 738282.4040989719
-0.2376507669687271 -0.04262055456638336 0.02032657153904438 -0.1828445941209793 0.5641506314277649 0.9073337912559509 738282.4040990872
-0.23625601828098297 -0.04219622537493706 0.02685544267296791 -0.3538610339164734 -0.07111614942550659 0.9030986428260803 738282.4040992951
-0.23679222166538239 -0.0416325107216835 0.027721397578716278 -0.547852635383606 0.16865165531635284 0.9023597240447998 738282.4040993066
-0.2365991324186325 -0.042880039662122726 0.030676253139972687 -0.03882846608757973 0.08728626370429993 0.9011352062225342 738282.4040994341
-0.23793068528175354 -0.0421835295855999 0.034083981066942215 -0.374429851770401 0.5504286885261536 0.9025859832763672 738282.4040995612
-0.23680894076824188 -0.04220923036336899 0.028082173317670822 -1.0332757234573364 0.43820643424987793 1.0677640438079834 738282.4040997702
-0.23631873726844788 -0.042219340801239014 0.028379665687680244 -1.299318790435791 0.3568630516529083 1.1349825859069824 738282.4040998872
-0.2363540232181549 -0.04225461557507515 0.028523553162813187 -1.4927353858947754 0.5109418034553528 1.1690419912338257 738282.4040999914
-0.2360428124666214 -0.042319636791944504 0.028082044795155525 -1.5827099084854126 0.641591489315033 1.200274109840393 738282.4041000949
-0.236794576048851 -0.04240861162543297 0.02451849728822708 -1.4199706315994263 0.972994863986969 1.1876612901687622 738282.4041001528
-0.23599091172218323 -0.04280368611216545 0.028546014800667763 -1.4625308513641357 0.833936333656311 1.2096654176712036 738282.404100245
-0.2365001142024994 -0.04271532595157623 0.030809396877884865 -1.5028371810913086 0.9568518996238708 1.2068125009536743 738282.4041003493
