1.500664472579956 0.002930793911218643 0.011539202183485031 -0.05980047211050987 0.012380611151456833 -0.03773820027709007 738282.4680643684
1.5022025108337402 0.0033739537466317415 0.011331927962601185 -0.07576591521501541 -0.04882078990340233 -0.0380287729203701 738282.4680644837
1.50198495388031 0.0033780464436858892 0.0113379480317235 -0.07246337831020355 -0.037992123514413834 -0.03868516907095909 738282.4680645993
1.5022082328796387 0.0029385630041360855 0.011346125043928623 -0.053336333483457565 -0.04530782625079155 -0.03907787427306175 738282.4680647147
1.5010968446731567 0.0022759409621357918 0.011362566612660885 -0.025637144222855568 0.0014177499106153846 -0.0398707389831543 738282.46806483
1.5013136863708496 0.0020541164558380842 0.011612781323492527 -0.016652483493089676 -0.007380403578281403 -0.038852397352457047 738282.4680649454
1.502211093902588 0.0036264804657548666 0.011636381968855858 -0.07904372364282608 -0.041424013674259186 -0.039521679282188416 738282.4680650609
1.501762866973877 0.002736700465902686 0.011666731908917427 -0.042294640094041824 -0.021256960928440094 -0.039576176553964615 738282.4680651763
1.5008612871170044 0.0020577486138790846 0.01169036515057087 -0.015350662171840668 0.015578845515847206 -0.03952810540795326 738282.4680652918
1.5008395910263062 0.0020349742844700813 0.011708937585353851 -0.014411875046789646 0.014163563959300518 -0.03920113667845726 738282.4680654071
1.5004832744598389 0.003739665960893035 0.011439546011388302 -0.0825706273317337 0.027321157976984978 -0.03958449885249138 738282.4680655226
1.5008950233459473 0.0029153514187783003 0.011451452039182186 -0.0484524704515934 0.009836455807089806 -0.039935313165187836 738282.4680656495
1.500878095626831 0.002936343429610133 0.011453305371105671 -0.04733087494969368 0.009960194118320942 -0.0400838740170002 738282.4680657535
1.5009307861328125 0.005980062298476696 0.011446179822087288 -0.1686299443244934 0.005238160490989685 -0.03988641873002052 738282.4680658692
1.5009243488311768 0.005239489022642374 0.012060822919011116 -0.13180117309093475 0.005916066002100706 -0.04027398303151131 738282.4680659847
1.5019010305404663 0.005267805885523558 0.012097867205739021 -0.12754911184310913 -0.033808112144470215 -0.039897412061691284 738282.4680660999
1.5009196996688843 0.004511756356805563 0.012153280898928642 -0.09262792766094208 0.00766631169244647 -0.039103731513023376 738282.4680662155
1.5003222227096558 0.004724505823105574 0.012187828309834003 -0.09915545582771301 0.031136445701122284 -0.03981230407953262 738282.4680663308
1.5001153945922852 0.005738541483879089 0.012211416848003864 -0.1377945989370346 0.03776789829134941 -0.03890882804989815 738282.468066446
1.5011086463928223 0.005356821697205305 0.011393255554139614 -0.11689597368240356 -0.004250435158610344 -0.038920752704143524 738282.4680665617
1.5003046989440918 0.005177523475140333 0.011389647610485554 -0.10435214638710022 0.027092427015304565 -0.03939218074083328 738282.4680666769
1.5009046792984009 0.004792990628629923 0.011391858570277691 -0.08564529567956924 0.0011688369559124112 -0.03946066275238991 738282.4680668039
1.5019216537475586 0.005417024251073599 0.01138064730912447 -0.10995795577764511 -0.04210590943694115 -0.03893056884407997 738282.4680669077
1.5011123418807983 0.0054276795126497746 0.010839602909982204 -0.1049264445900917 -0.006088136695325375 -0.04006621241569519 738282.4680670232
1.5009033679962158 0.004828245844691992 0.010809781961143017 -0.07601480185985565 0.0015059602446854115 -0.041164372116327286 738282.4680671386
1.500486135482788 0.004633920732885599 0.010775493457913399 -0.06498647481203079 0.018849149346351624 -0.040937818586826324 738282.4680672543
1.5004562139511108 0.004687068518251181 0.01074081752449274 -0.06536687910556793 0.01989603601396084 -0.04178733006119728 738282.4680673694
1.5009183883666992 0.004577688407152891 0.010707596316933632 -0.05833303928375244 -0.0020199271384626627 -0.04220135882496834 738282.4680674964
1.5005342960357666 0.005157941021025181 0.009588047862052917 -0.08123619854450226 0.01330680400133133 -0.04131157696247101 738282.4680676118
1.502091646194458 0.005367637146264315 0.00949640478938818 -0.08643857389688492 -0.052739184349775314 -0.04176957160234451 738282.4680677273
1.5011271238327026 0.005582080688327551 0.009409982711076736 -0.09307865798473358 -0.010606304742395878 -0.041213441640138626 738282.4680678427
1.5007344484329224 0.006388992071151733 0.009309879504144192 -0.1225188598036766 0.005050793755799532 -0.0395704060792923 738282.4680679468
1.5011259317398071 0.00542409485206008 0.009541886858642101 -0.07593259960412979 -0.012743244878947735 -0.04051612317562103 738282.468068062
1.5005277395248413 0.005035416688770056 0.009470473043620586 -0.05575352534651756 0.012022378854453564 -0.04146489128470421 738282.4680681777
1.5009206533432007 0.004638780374079943 0.009394553489983082 -0.03662737458944321 -0.005772891454398632 -0.041962094604969025 738282.4680682931
1.5009124279022217 0.004653609357774258 0.00932623352855444 -0.03557343780994415 -0.006413804832845926 -0.043555181473493576 738282.4680684085
1.5016733407974243 0.004628158174455166 0.009256693534553051 -0.03407758101820946 -0.03725174814462662 -0.04344556853175163 738282.4680685353
1.501489281654358 0.005212464369833469 0.010705966502428055 -0.056092847138643265 -0.0284567940980196 -0.042576808482408524 738282.4680686512
1.501489520072937 0.004839753266423941 0.010716126300394535 -0.03960257023572922 -0.027583694085478783 -0.042309198528528214 738282.4680687662
1.5011087656021118 0.004650379065424204 0.010725509375333786 -0.03067343682050705 -0.007997940294444561 -0.04420316964387894 738282.4680688815
1.5016882419586182 0.004651637282222509 0.010732223279774189 -0.030443886294960976 -0.030720895156264305 -0.04542744159698486 738282.4680690086
1.5011128187179565 0.005238462705165148 0.010040920227766037 -0.05687645077705383 -0.005323018413037062 -0.045171141624450684 738282.4680691124
1.5024871826171875 0.005638425704091787 0.010007769800722599 -0.07182569801807404 -0.06403427571058273 -0.04536996781826019 738282.4680692282
1.5009158849716187 0.005451422184705734 0.009996508248150349 -0.061688344925642014 0.005112184211611748 -0.045337941497564316 738282.4680693434
1.5009033679962158 0.005495938938111067 0.009965689852833748 -0.0609038881957531 0.005085168872028589 -0.043873272836208344 738282.4680694587
1.502769947052002 0.00687788613140583 0.009933136403560638 -0.11769966781139374 -0.0740336999297142 -0.044416218996047974 738282.4680695626
1.5033459663391113 0.00672357901930809 0.010336969047784805 -0.10690664499998093 -0.0912163034081459 -0.045106440782547 738282.468069678
1.5028108358383179 0.006187042687088251 0.01034957729279995 -0.07956264168024063 -0.06102349981665611 -0.04698562994599342 738282.4680698051
1.502827763557434 0.005633173976093531 0.010348980315029621 -0.05280575901269913 -0.05795571953058243 -0.04690156504511833 738282.4680699204
1.5026546716690063 0.005642495583742857 0.010346075519919395 -0.05106646195054054 -0.04705871269106865 -0.0463392473757267 738282.4680700474
1.5018950700759888 0.006229911930859089 0.010207153856754303 -0.07252991199493408 -0.013137899339199066 -0.04549432173371315 738282.4680701514
1.5019197463989258 0.006296875886619091 0.010194654576480389 -0.07283569127321243 -0.012163498438894749 -0.04560580477118492 738282.4680702552
1.50186288356781 0.005447312258183956 0.010189682245254517 -0.03593074530363083 -0.007767153438180685 -0.0465487539768219 738282.4680703826
1.5029704570770264 0.006732777692377567 0.010178808122873306 -0.08830831944942474 -0.05343277007341385 -0.04621640220284462 738282.4680704976
1.5018908977508545 0.006204918026924133 0.01019112579524517 -0.06224774569272995 -0.005779720377177 -0.04586898162961006 738282.4680706131
1.503017783164978 0.005655508954077959 0.010105544701218605 -0.03560156375169754 -0.05074213817715645 -0.046002697199583054 738282.4680707285
1.5022802352905273 0.005095929838716984 0.01010200660675764 -0.010469869710505009 -0.015791524201631546 -0.04684252291917801 738282.4680708442
1.5017199516296387 0.0056641241535544395 0.010096445679664612 -0.03457331657409668 0.009899746626615524 -0.046941161155700684 738282.4680709593
1.5017222166061401 0.006051998119801283 0.010084979236125946 -0.05026358366012573 0.010735682211816311 -0.04855082184076309 738282.4680710633
1.5017211437225342 0.005488279741257429 0.010446672327816486 -0.024517808109521866 0.01099639106541872 -0.048377420753240585 738282.4680711786
1.5019135475158691 0.005880424287170172 0.01045828778296709 -0.04036659002304077 0.004522629547864199 -0.04944275692105293 738282.4680713057
1.5029042959213257 0.005888215731829405 0.010470504872500896 -0.039018090814352036 -0.037273868918418884 -0.049135442823171616 738282.4680714211
1.5027192831039429 0.005299780052155256 0.010486341081559658 -0.012628223747015 -0.02743651159107685 -0.04826729744672775 738282.4680715365
1.5019270181655884 0.006102999206632376 0.010505921207368374 -0.047512054443359375 0.008778472431004047 -0.04924779757857323 738282.468071652
1.5023422241210938 0.005306753795593977 0.012737522833049297 -0.011928310617804527 -0.008479705080389977 -0.04936493933200836 738282.4680717674
1.502347707748413 0.006732911337167025 0.012868396006524563 -0.07192891091108322 -0.007009583059698343 -0.049962930381298065 738282.4680718828
1.5029714107513428 0.006336452905088663 0.012998640537261963 -0.0525016263127327 -0.03315069526433945 -0.05066476762294769 738282.4680719982
1.50214684009552 0.005929787177592516 0.013134431093931198 -0.03336304798722267 0.0021742440294474363 -0.05042808875441551 738282.4680721022
1.5025591850280762 0.005927590187638998 0.012759462930262089 -0.0324615016579628 -0.01367557980120182 -0.049556732177734375 738282.4680722291
1.5025657415390015 0.00529903220012784 0.012859921902418137 -0.004852762911468744 -0.013292906805872917 -0.04950388893485069 738282.4680723445
1.5017236471176147 0.005295524839311838 0.012963294051587582 -0.005061354022473097 0.024593535810709 -0.05026780813932419 738282.46807246
1.5021491050720215 0.005080253351479769 0.013067498803138733 0.0035547048319131136 0.005851654801517725 -0.05182947590947151 738282.4680725755
1.5036472082138062 0.0063556525856256485 0.012731370516121387 -0.049752287566661835 -0.05447261407971382 -0.05274069681763649 738282.4680726909
1.5030080080032349 0.00593196228146553 0.012821802869439125 -0.031045231968164444 -0.023508574813604355 -0.05329945310950279 738282.4680728064
1.5034385919570923 0.006798660848289728 0.012904305011034012 -0.06614933907985687 -0.0360441729426384 -0.05440665781497955 738282.4680729217
1.5032305717468262 0.006371321622282267 0.012997000478208065 -0.04618468135595322 -0.02353314869105816 -0.05496734008193016 738282.4680730371
1.5019235610961914 0.006373864132910967 0.013093850575387478 -0.04487114027142525 0.030760055407881737 -0.054233014583587646 738282.4680731526
1.5019066333770752 0.006402463186532259 0.013111242093145847 -0.044372957199811935 0.030961159616708755 -0.05401477962732315 738282.468073268
1.502748966217041 0.003916770685464144 0.013207643292844296 0.057207439094781876 -0.0033862031996250153 -0.054483331739902496 738282.4680733951
1.5031640529632568 0.005323086399585009 0.013318936340510845 -0.004673053976148367 -0.019821638241410255 -0.05507772043347359 738282.4680734988
1.503170132637024 0.004701900761574507 0.01340579241514206 0.01813325472176075 -0.01825190708041191 -0.05527207627892494 738282.4680736145
1.5027612447738647 0.003863084362819791 0.013303101994097233 0.049708615988492966 0.0010005198419094086 -0.05666865035891533 738282.4680737413
1.503185510635376 0.005722967442125082 0.013405829668045044 -0.029454708099365234 -0.015229263342916965 -0.056127164512872696 738282.4680738451
1.5027668476104736 0.0055128163658082485 0.013490913435816765 -0.02160581946372986 0.003599937306717038 -0.05614028871059418 738282.4680739606
1.5029819011688232 0.0050855944864451885 0.013572516851127148 -0.004722424317151308 -0.004369635134935379 -0.055741019546985626 738282.468074076
1.5021308660507202 0.003794280579313636 0.013658563606441021 0.044425927102565765 0.03083181567490101 -0.05680714175105095 738282.4680741917
1.5040713548660278 0.005721290595829487 0.013069686479866505 -0.03651341050863266 -0.04862175136804581 -0.056367501616477966 738282.4680743068
1.504079818725586 0.004639929626137018 0.013117550872266293 0.006736119277775288 -0.04597342386841774 -0.05627668648958206 738282.4680744223
1.5029947757720947 0.0037605585530400276 0.013169663958251476 0.04033859446644783 0.0017260925378650427 -0.05651748552918434 738282.4680745378
1.5025577545166016 0.0037526935338974 0.013218673877418041 0.03694154694676399 0.01979334093630314 -0.05679101124405861 738282.4680746532
1.5032179355621338 0.004845436196774244 0.012790367938578129 -0.010411214083433151 -0.0067280009388923645 -0.057441722601652145 738282.4680747802
1.5027799606323242 0.005731471814215183 0.012816919013857841 -0.04758336767554283 0.012354237958788872 -0.058313991874456406 738282.468074884
1.5021018981933594 0.003946044947952032 0.012849443592131138 0.025015834718942642 0.04064991697669029 -0.05682845786213875 738282.4680749995
1.504116177558899 0.004607667215168476 0.012894903309643269 -0.003644403535872698 -0.03983225300908089 -0.05776049941778183 738282.4680751149
1.504127025604248 0.004828662611544132 0.012925609014928341 -0.014050365425646305 -0.038267992436885834 -0.05774598941206932 738282.4680752304
1.5029984712600708 0.004830817226320505 0.012173425406217575 -0.014859764836728573 0.009194507263600826 -0.058425433933734894 738282.4680753577
1.5025484561920166 0.004831749014556408 0.012158620171248913 -0.016289182007312775 0.027023566886782646 -0.05958252400159836 738282.4680754612
1.502549171447754 0.00391929317265749 0.012142425402998924 0.01891992799937725 0.026034103706479073 -0.0594676248729229 738282.4680755885
1.5034675598144531 0.004375925753265619 0.012135413475334644 -0.001412944751791656 -0.009965917095541954 -0.057905733585357666 738282.4680756921
1.502785325050354 0.003916888497769833 0.012123188935220242 0.014580181799829006 0.01869065687060356 -0.05716221034526825 738282.4680758074
1.5041733980178833 0.0050722043961286545 0.011657949537038803 -0.03402653709053993 -0.03533336520195007 -0.05745527520775795 738282.4680759344
1.503477692604065 0.005073959939181805 0.011623678728938103 -0.034414295107126236 -0.003449345240369439 -0.057671912014484406 738282.4680760499
1.5025485754013062 0.004380091559141874 0.011587118729948997 -0.007473793346434832 0.0341513492166996 -0.0576971210539341 738282.4680761538
1.5023096799850464 0.004375229123979807 0.011545393615961075 -0.00821051187813282 0.043639905750751495 -0.05743127688765526 738282.4680762808
1.5027793645858765 0.0055477977730333805 0.010903201065957546 -0.055407311767339706 0.023967400193214417 -0.057284340262413025 738282.4680763962
1.5027797222137451 0.003912354353815317 0.01083641778677702 0.008718758821487427 0.022616736590862274 -0.05785282701253891 738282.4680765116
1.5032490491867065 0.004617524798959494 0.01077020913362503 -0.02068752609193325 0.005766000133007765 -0.05836408957839012 738282.4680766271
1.5041927099227905 0.00508866086602211 0.010699152946472168 -0.039806969463825226 -0.030073067173361778 -0.05881749838590622 738282.468076754
1.5037235021591187 0.004616380203515291 0.010636070743203163 -0.0221968125551939 -0.009839549660682678 -0.05836745351552963 738282.468076858
1.5025525093078613 0.004617601633071899 0.009909129701554775 -0.022980643436312675 0.035504426807165146 -0.058872345834970474 738282.4680769733
1.5023130178451538 0.004612878430634737 0.009808821603655815 -0.023458892479538918 0.04370611533522606 -0.05870988965034485 738282.4680770773
1.502309799194336 0.0036536601837724447 0.009709478355944157 0.011867382563650608 0.042957574129104614 -0.05863940343260765 738282.4680772043
1.5037505626678467 0.00556580675765872 0.00963506568223238 -0.0640663132071495 -0.013793624006211758 -0.05901237204670906 738282.46807732
1.5030275583267212 0.005085339769721031 0.010527719743549824 -0.04364055395126343 0.017059532925486565 -0.06028226763010025 738282.468077435
1.5032641887664795 0.004846758209168911 0.010488522239029408 -0.034605760127305984 0.008896710351109505 -0.06056467816233635 738282.468077539
1.5022995471954346 0.004603352397680283 0.0104514230042696 -0.025477834045886993 0.04468106850981712 -0.060099758207798004 738282.4680776544
1.5042192935943604 0.004598790314048529 0.010424635373055935 -0.026098845526576042 -0.02930695004761219 -0.06016591191291809 738282.4680777815
1.5032531023025513 0.004598364699631929 0.011389565654098988 -0.026378560811281204 0.008836528286337852 -0.05971944332122803 738282.4680778969
1.5042176246643066 0.005081237759441137 0.011404028162360191 -0.045642219483852386 -0.025729704648256302 -0.05875726044178009 738282.4680780122
1.5032578706741333 0.0045968615449965 0.011425565928220749 -0.02668813429772854 0.00964408926665783 -0.059434741735458374 738282.4680781277
1.5032559633255005 0.003624642500653863 0.01144009456038475 0.009746992029249668 0.008506085723638535 -0.059668827801942825 738282.4680782431
1.5030146837234497 0.005568666849285364 0.011470828205347061 -0.06406905502080917 0.018078681081533432 -0.059263214468955994 738282.4680783586
1.502524733543396 0.0043451846577227116 0.011307856999337673 -0.015834562480449677 0.036043137311935425 -0.0594291128218174 738282.4680784739
1.502280831336975 0.004343540407717228 0.01131349429488182 -0.016414927318692207 0.04345095902681351 -0.05948130786418915 738282.4680785894
1.5030124187469482 0.0048298304900527 0.011323349550366402 -0.035306788980960846 0.015431402251124382 -0.05921733006834984 738282.4680787049
1.503258228302002 0.004826376214623451 0.011328398250043392 -0.034694429486989975 0.006502096075564623 -0.05938617140054703 738282.4680788203
1.5032637119293213 0.005805613938719034 0.011986959725618362 -0.07112810015678406 0.0057986113242805 -0.058175306767225266 738282.4680789358
1.5025255680084229 0.00531662767753005 0.012031919322907925 -0.05140533298254013 0.03256063535809517 -0.05899731069803238 738282.4680790512
1.5042427778244019 0.004335372243076563 0.012080692686140537 -0.014591609127819538 -0.03221198171377182 -0.059298332780599594 738282.4680791666
1.5022743940353394 0.0045834495685994625 0.012136134319007397 -0.02488427795469761 0.042226679623126984 -0.05817627161741257 738282.4680792821
1.5042593479156494 0.0050747389905154705 0.012189066968858242 -0.0437728576362133 -0.031216833740472794 -0.05896107107400894 738282.4680793975
1.5027897357940674 0.0038495271001011133 0.01096401084214449 0.0014592366060242057 0.025994766503572464 -0.05985334515571594 738282.4680795245
1.503780484199524 0.004338584374636412 0.010939829982817173 -0.01698249578475952 -0.009645474143326283 -0.060963716357946396 738282.4680796283
1.5032916069030762 0.005569141823798418 0.010914728045463562 -0.06390511989593506 0.00868260394781828 -0.0602896511554718 738282.4680797438
1.5032933950424194 0.00507265655323863 0.01088669616729021 -0.04565342515707016 0.008387749083340168 -0.06072939559817314 738282.4680798592
1.5030503273010254 0.003839911427348852 0.009713496081531048 -6.695256888633594e-05 0.017107829451560974 -0.059459708631038666 738282.4680799862
1.5042989253997803 0.004841289948672056 0.009627644903957844 -0.03905383497476578 -0.027818700298666954 -0.05997742712497711 738282.4680800901
1.5025683641433716 0.003605363890528679 0.009550986811518669 0.006549701560288668 0.03813294321298599 -0.06007926166057587 738282.468080217
1.5043185949325562 0.004855357576161623 0.009478310123085976 -0.04137495905160904 -0.026126543059945107 -0.06050665304064751 738282.468080321
1.5030680894851685 0.004609310999512672 0.009400437586009502 -0.03269941359758377 0.021532313898205757 -0.059843458235263824 738282.4680804363
1.5043189525604248 0.00485927565023303 0.010369275696575642 -0.04175160080194473 -0.02320284955203533 -0.059762924909591675 738282.4680805634
1.5033191442489624 0.004864022135734558 0.01034314651042223 -0.042194124311208725 0.016314465552568436 -0.06083352863788605 738282.4680806672
1.503322720527649 0.005612658336758614 0.010311167687177658 -0.06870432943105698 0.01592261530458927 -0.060737621039152145 738282.4680807827
1.5023208856582642 0.004862521775066853 0.010283921845257282 -0.04013373330235481 0.05243174359202385 -0.06031553074717522 738282.468080898
1.5022786855697632 0.004863197915256023 0.011362002231180668 -0.04003288224339485 0.05098786577582359 -0.06021720543503761 738282.4680810135
1.5060473680496216 0.004855575505644083 0.011408545076847076 -0.03990679979324341 -0.08781121671199799 -0.05951499193906784 738282.468081129
1.505144476890564 0.0039470926858484745 0.011457787826657295 -0.007762253750115633 -0.04958318546414375 -0.05968306213617325 738282.4680812561
1.5049220323562622 0.003944580443203449 0.011491719633340836 -0.009148171171545982 -0.037444960325956345 -0.060388825833797455 738282.4680813601
1.5044701099395752 0.004627742804586887 0.011530635878443718 -0.035204701125621796 -0.01643110252916813 -0.05996378883719444 738282.4680814752
1.505167007446289 0.0041621383279562 0.011748399585485458 -0.017452627420425415 -0.03941699117422104 -0.05910782143473625 738282.4680816022
1.504244327545166 0.004625492729246616 0.011798964813351631 -0.03583969175815582 -0.00042241421760991216 -0.05897722765803337 738282.468081718
1.503998041152954 0.004855625331401825 0.01184149831533432 -0.04290192201733589 0.014077984727919102 -0.06070168688893318 738282.4680818446
1.505163311958313 0.0039361994713544846 0.011883091181516647 -0.010115363635122776 -0.028118299320340157 -0.05923670530319214 738282.4680819369
1.506106972694397 0.004864844959229231 0.010337552055716515 -0.04149767756462097 -0.0599786639213562 -0.06199544295668602 738282.4680820524
1.5062271356582642 0.00487543037161231 0.010294796898961067 -0.044878795742988586 -0.05976845324039459 -0.06501409411430359 738282.4680821797
1.5046966075897217 0.006747128441929817 0.010273810476064682 -0.11445572972297668 -0.0041563562117516994 -0.04995362088084221 738282.4680822834
1.5038269758224487 0.005699124652892351 0.010258251801133156 -0.067775659263134 0.03464352712035179 -0.06676249206066132 738282.4680824103
1.5034228563308716 0.006800398230552673 0.010220076888799667 -0.10541989654302597 0.04441561922430992 -0.07425866276025772 738282.4680825257
1.5047712326049805 0.006772920489311218 0.010944255627691746 -0.09843392670154572 -0.008322715759277344 -0.09918488562107086 738282.4680826411
1.505224585533142 0.006094318348914385 0.01100115291774273 -0.06042974814772606 -0.02812706120312214 -0.13834547996520996 738282.4680827565
1.5055075883865356 0.0062570576556026936 0.011063984595239162 -0.045508965849876404 -0.05311662703752518 -0.18538707494735718 738282.468082872
1.5057518482208252 0.005679717753082514 0.011128496378660202 -0.03726617246866226 -0.052525594830513 -0.18939654529094696 738282.4680829876
1.5074607133865356 0.004669337533414364 0.01108840573579073 -0.0013586104614660144 -0.12436974793672562 -0.13977812230587006 738282.4680831028
1.5093008279800415 0.004262763541191816 0.01106664352118969 -0.028767423704266548 -0.12857061624526978 -0.04522848129272461 738282.4680832183
1.5095454454421997 0.003627815982326865 0.011070575565099716 0.08741707354784012 -0.201338991522789 0.016048766672611237 738282.4680833337
1.5110955238342285 0.0008954172371886671 0.010958683677017689 0.13759326934814453 -0.21879300475120544 0.06475268304347992 738282.4680834492
1.5118985176086426 -0.0005361957591958344 0.010843964293599129 0.22138315439224243 -0.21466216444969177 0.15244068205356598 738282.4680835645
1.5129342079162598 -0.0015205380041152239 0.011273007839918137 0.22040802240371704 -0.33962103724479675 0.2863069474697113 738282.46808368
1.513770341873169 -0.004550681449472904 0.011166620068252087 0.3891803026199341 -0.12287232279777527 0.3884625732898712 738282.4680837954
1.5143436193466187 -0.006576922722160816 0.011015133932232857 0.3795178532600403 -0.31105777621269226 0.5229789614677429 738282.4680839109
1.515710473060608 -0.009434065781533718 0.010748876258730888 0.4712360203266144 -0.3434058427810669 0.7494305372238159 738282.4680840264
1.5165586471557617 -0.0105928098782897 0.012010068632662296 0.42502057552337646 -0.2689622938632965 0.9808938503265381 738282.4680841417
1.5154908895492554 -0.014798908494412899 0.011995211243629456 0.665595293045044 -0.0617949403822422 1.2959468364715576 738282.4680842572
1.5165517330169678 -0.018870577216148376 0.011772981844842434 1.1050087213516235 -0.23569229245185852 1.6406235694885254 738282.468084361
1.5167784690856934 -0.0202619768679142 0.011721082031726837 1.1500182151794434 -0.28769510984420776 1.8951398134231567 738282.4680844881
1.5169174671173096 -0.025978857651352882 0.010936815291643143 1.0662100315093994 -0.2689470946788788 2.0779874324798584 738282.4680846034
1.5167595148086548 -0.02856694906949997 0.010641862638294697 0.9178559184074402 -0.2800602316856384 2.3056352138519287 738282.4680847189
1.5174171924591064 -0.03806668147444725 0.009406348690390587 1.3294380903244019 -0.21198895573616028 2.5893704891204834 738282.4680848343
1.5169955492019653 -0.04162859916687012 0.008991984650492668 1.309403419494629 -0.12693794071674347 2.8765597343444824 738282.4680849498
1.517982840538025 -0.04413121938705444 0.008702886290848255 1.2978370189666748 -0.21492648124694824 3.1595706939697266 738282.4680850653
1.5184437036514282 -0.050736527889966965 0.008765606209635735 1.2822619676589966 -0.1932494193315506 3.446455955505371 738282.4680851921
1.5196418762207031 -0.0545438677072525 0.008227824233472347 1.304880142211914 -0.30199742317199707 3.717726469039917 738282.4680852961
1.5204070806503296 -0.06327756494283676 0.006548883393406868 1.4482245445251465 -0.29610827565193176 3.917498826980591 738282.4680854116
1.5203982591629028 -0.06540549546480179 0.006438354961574078 1.341428518295288 -0.24165111780166626 4.1275529861450195 738282.468085527
1.5200015306472778 -0.07520641386508942 0.004028379917144775 1.4671134948730469 -0.1705595701932907 4.412784576416016 738282.4680856423
1.5191845893859863 -0.07876969128847122 0.005655451212078333 1.1654257774353027 -0.14072580635547638 4.63033390045166 738282.4680857578
1.5179498195648193 -0.08328238129615784 0.005105715710669756 0.8834221959114075 0.1281951516866684 4.830643177032471 738282.4680858732
1.5187536478042603 -0.09109502285718918 0.003503526793792844 0.5029067993164062 0.01985943503677845 5.065220832824707 738282.4680859887
1.518187403678894 -0.09603487700223923 0.0028173415921628475 -0.1880175918340683 0.07961476594209671 5.293917179107666 738282.468086104
1.5162686109542847 -0.1034206822514534 0.0027504218742251396 -0.9173198342323303 0.22384582459926605 5.507697582244873 738282.468086231
1.5164750814437866 -0.10623683780431747 0.0029908553697168827 -1.6056050062179565 0.21376502513885498 5.66800594329834 738282.468086335
1.5144842863082886 -0.11218933016061783 0.0023705149069428444 -2.420307159423828 0.2100045531988144 5.848337650299072 738282.4680864504
1.5125998258590698 -0.11257167160511017 0.003395075909793377 -3.8068010807037354 0.5140622854232788 5.982310771942139 738282.4680865658
1.512108325958252 -0.11410919576883316 0.0040506538935005665 -4.8871002197265625 0.3794422149658203 6.063661575317383 738282.4680866812
1.5098769664764404 -0.1173514649271965 0.002482545794919133 -6.020334243774414 0.42779454588890076 6.112707138061523 738282.4680868082
1.5089139938354492 -0.11905968189239502 0.002815022598952055 -7.084121227264404 0.8575597405433655 6.196239471435547 738282.4680869468
1.508649230003357 -0.1195247620344162 0.0033823850098997355 -8.142969131469727 1.0078480243682861 6.242587089538574 738282.4680870275
1.5076076984405518 -0.11877613514661789 0.003952442202717066 -9.217020988464355 1.226823091506958 6.242929935455322 738282.4680871546
1.5061049461364746 -0.11673907190561295 0.003381849965080619 -10.25991439819336 1.4926780462265015 6.321381092071533 738282.4680872584
1.5048918724060059 -0.1158558651804924 0.003217578399926424 -10.966240882873535 1.5188616514205933 6.369299411773682 738282.4680873739
1.510952115058899 -0.11513436585664749 0.0034424045588821173 -11.502205848693848 1.25942862033844 6.411421775817871 738282.4680874893
1.5094096660614014 -0.11188589781522751 0.002814358798786998 -12.05754280090332 1.2643005847930908 6.46719217300415 738282.4680876164
1.5112744569778442 -0.11678021401166916 0.0028985645622015 -12.149515151977539 1.2290244102478027 6.456667423248291 738282.4680877201
1.5092518329620361 -0.10920009016990662 0.0027670490089803934 -12.604721069335938 1.2463101148605347 6.477635860443115 738282.4680878471
1.5080206394195557 -0.10413119196891785 0.0015659593045711517 -12.790438652038574 1.2318813800811768 6.458136081695557 738282.4680879626
1.504498839378357 -0.09303464740514755 -0.0012716816272586584 -12.987412452697754 1.3028239011764526 6.349587917327881 738282.4680880664
1.502739667892456 -0.08606469631195068 -0.004122819751501083 -12.83126449584961 1.3707056045532227 6.3634843826293945 738282.4680881934
1.4983450174331665 -0.06687134504318237 -0.005999232642352581 -12.920422554016113 1.5438311100006104 6.317508220672607 738282.4680882973
1.4958962202072144 -0.05800563842058182 -0.009896750561892986 -12.383468627929688 1.7513090372085571 6.357934951782227 738282.4680884244
1.4927922487258911 -0.03802459314465523 -0.018858566880226135 -12.178536415100098 1.92063570022583 6.418171405792236 738282.4680885281
1.4904911518096924 -0.03372732922434807 -0.021632183343172073 -11.291363716125488 2.1408848762512207 6.353952884674072 738282.4680886436
1.4891185760498047 -0.02326659858226776 -0.027940930798649788 -10.555615425109863 2.2234725952148438 6.401492118835449 738282.4680887705
1.4855331182479858 -0.010572090744972229 -0.02040993422269821 -9.899430274963379 2.3297135829925537 6.401378631591797 738282.4680888745
1.4839563369750977 -0.00565994530916214 -0.022382698953151703 -8.814515113830566 2.3257527351379395 6.343074798583984 738282.4680890014
1.4857124090194702 -0.005352087784558535 -0.02100840024650097 -7.530832767486572 2.053668260574341 6.421389579772949 738282.4680891169
1.484169363975525 -0.0003505838103592396 -0.022692158818244934 -6.4280619621276855 1.8212761878967285 6.394051551818848 738282.4680892323
1.4862196445465088 -0.0017143338918685913 -0.011722917668521404 -4.9235944747924805 1.4905178546905518 6.3925275802612305 738282.4680893362
1.4858145713806152 0.009560713544487953 -0.014740979298949242 -4.038751125335693 1.236520767211914 6.450399398803711 738282.4680894517
1.4871559143066406 0.010357944294810295 -0.013071110472083092 -2.741335153579712 0.9674183130264282 6.463334560394287 738282.468089567
1.4866819381713867 0.009774137288331985 -0.010681609623134136 -1.4552726745605469 0.7533696889877319 6.355401039123535 738282.468089694
1.4905897378921509 0.011475170031189919 -0.00465197442099452 -0.22682081162929535 0.3468342423439026 6.434082984924316 738282.4680898095
1.4900034666061401 0.010924343951046467 -0.002687713596969843 0.8849506974220276 0.09326785802841187 6.26839017868042 738282.4680899249
1.4889507293701172 0.015372741967439651 -0.0018539561424404383 1.6715598106384277 -0.1893942654132843 6.113794326782227 738282.4680900518
1.4997451305389404 0.000691611785441637 0.00514181237667799 3.1683154106140137 -0.8182701468467712 6.167853355407715 738282.4680901557
1.5029383897781372 0.000919699901714921 0.006976356264203787 3.835469961166382 -1.173805832862854 6.125938415527344 738282.4680902596
1.502701759338379 -9.462074376642704e-05 0.007972250692546368 4.367975234985352 -1.3415764570236206 5.96192741394043 738282.4680903866
1.5008615255355835 -0.0035749587696045637 0.010495977476239204 4.899072647094727 -1.320512294769287 5.748940467834473 738282.468090502
1.5017677545547485 -0.004327542148530483 0.012765342369675636 5.201286315917969 -1.3456051349639893 5.624073505401611 738282.4680906174
1.5037680864334106 -0.0038562947884202003 0.015049685724079609 5.324421405792236 -1.3638286590576172 5.506063938140869 738282.4680907213
1.5053870677947998 -0.007626161444932222 0.016143951565027237 5.492086887359619 -1.2800451517105103 5.429041385650635 738282.4680908483
1.5001444816589355 0.0019594377372413874 0.01911604404449463 5.041721343994141 -0.9542509317398071 5.254303932189941 738282.4680909637
1.4988499879837036 0.005794242024421692 0.02174459956586361 4.788069248199463 -0.7676162123680115 5.149664878845215 738282.4680910792
1.4964064359664917 0.011445475742220879 0.02431970089673996 4.426939964294434 -0.578134298324585 5.049453258514404 738282.4680911946
1.4948089122772217 0.01460328884422779 0.027012841776013374 4.189809322357178 -0.4182690382003784 4.913078784942627 738282.46809131
1.4922327995300293 0.023229248821735382 0.0308217853307724 3.81624174118042 -0.28044241666793823 4.843018531799316 738282.4680914254
1.4914100170135498 0.02649717964231968 0.033566564321517944 3.708604574203491 -0.2482471615076065 4.766671657562256 738282.4680915524
1.4887984991073608 0.03048120066523552 0.03616126626729965 3.6158177852630615 -0.1831861138343811 4.664037227630615 738282.4680916562
1.4882044792175293 0.03228190168738365 0.039164166897535324 3.7191002368927 -0.19895124435424805 4.587766170501709 738282.4680917717
1.485926866531372 0.0360325388610363 0.045105431228876114 3.925312042236328 -0.2427251935005188 4.546820640563965 738282.4680918872
1.4856890439987183 0.03766120225191116 0.048347171396017075 4.320465564727783 -0.43312859535217285 4.491787910461426 738282.4680920026
1.484876036643982 0.04175332188606262 0.05126821622252464 4.700660228729248 -0.6568812131881714 4.42231559753418 738282.468092118
1.4845380783081055 0.041961703449487686 0.05479102209210396 5.2313995361328125 -0.9326431751251221 4.386314868927002 738282.4680922334
1.4840009212493896 0.04445661976933479 0.057984575629234314 5.6074676513671875 -1.2112038135528564 4.3506951332092285 738282.4680923489
1.484126329421997 0.04670878127217293 0.0640082135796547 5.886780261993408 -1.5026756525039673 4.28289270401001 738282.4680924643
1.4833638668060303 0.04837947338819504 0.06739725172519684 6.060978412628174 -1.715165376663208 4.216508388519287 738282.4680925797
1.4827882051467896 0.04938671737909317 0.07087085396051407 6.1195220947265625 -1.874871850013733 4.174882888793945 738282.4680926952
1.4828407764434814 0.049363620579242706 0.07451745867729187 6.100426197052002 -1.9700932502746582 4.144482612609863 738282.4680928106
1.4852726459503174 0.048707008361816406 0.07962623983621597 6.0027337074279785 -2.084278106689453 4.0078816413879395 738282.4680929144
1.4861756563186646 0.04947841912508011 0.08340093493461609 5.853343963623047 -2.022066831588745 3.9278879165649414 738282.4680930414
1.487674593925476 0.04942665249109268 0.08727981150150299 5.71059513092041 -1.892590045928955 3.810861587524414 738282.4680931569
1.4870628118515015 0.0505608469247818 0.0911639928817749 5.419851303100586 -1.6906650066375732 3.7419352531433105 738282.4680932723
1.4868419170379639 0.05056965351104736 0.09507205337285995 5.241491794586182 -1.4246246814727783 3.6860949993133545 738282.4680933878
1.4874788522720337 0.05046156421303749 0.09664919227361679 5.055232524871826 -1.2175687551498413 3.6044323444366455 738282.4680935032
1.4872524738311768 0.05048761144280434 0.10020124167203903 4.832941055297852 -0.9755514860153198 3.5509839057922363 738282.4680936188
1.4872076511383057 0.050954144448041916 0.10360096395015717 4.586888313293457 -0.7923734784126282 3.5177230834960938 738282.468093734
1.4893649816513062 0.05090184882283211 0.10693912208080292 4.313386917114258 -0.6875565648078918 3.3804728984832764 738282.4680938495
1.4895628690719604 0.051101669669151306 0.10652553290128708 4.043726444244385 -0.5208271145820618 3.3317599296569824 738282.468093965
1.4893971681594849 0.05094967409968376 0.10978196561336517 3.8497958183288574 -0.38886088132858276 3.346687078475952 738282.4680940803
1.4893276691436768 0.05126770958304405 0.11296376585960388 3.6935346126556396 -0.3199315667152405 3.355259656906128 738282.4680942073
1.489742636680603 0.05127306655049324 0.1160791888833046 3.6181392669677734 -0.3018759787082672 3.3134870529174805 738282.4680943112
1.4899293184280396 0.05130647495388985 0.11923341453075409 3.6049821376800537 -0.3632805049419403 3.335660696029663 738282.4680944382
1.4910156726837158 0.052699245512485504 0.12184617668390274 3.4918901920318604 -0.4065263867378235 3.265432834625244 738282.468094542
1.4919133186340332 0.05127749964594841 0.12500295042991638 3.396244525909424 -0.4251636564731598 3.2512831687927246 738282.4680946575
1.4920408725738525 0.050167184323072433 0.12814663350582123 3.3044323921203613 -0.37641745805740356 3.2830870151519775 738282.4680947729
1.4923359155654907 0.05017048120498657 0.13127173483371735 3.148747205734253 -0.2566284239292145 3.2262322902679443 738282.4680949
1.4926201105117798 0.05042733624577522 0.1325863003730774 2.9585766792297363 -0.14774517714977264 3.2516047954559326 738282.4680950039
1.492553949356079 0.05027579143643379 0.13567213714122772 2.708897590637207 -0.021486924961209297 3.1888489723205566 738282.4680951192
1.4922685623168945 0.05055345967411995 0.13878180086612701 2.510850667953491 0.1790577471256256 3.241475820541382 738282.4680952347
1.4926021099090576 0.05014624074101448 0.14184316992759705 2.29571795463562 0.3426211178302765 3.2016050815582275 738282.4680953501
1.490844488143921 0.04714028537273407 0.14488515257835388 2.18161940574646 0.6176038384437561 3.2511651515960693 738282.4680954771
1.4911439418792725 0.04694391041994095 0.14761582016944885 1.9147337675094604 0.7163801789283752 3.282928943634033 738282.4680955926
1.4912337064743042 0.046634282916784286 0.15080136060714722 1.6844536066055298 0.8067418932914734 3.217480421066284 738282.4680957079
1.4914888143539429 0.045891087502241135 0.15406017005443573 1.5618876218795776 0.8187758922576904 3.2588937282562256 738282.4680958119
1.491671085357666 0.04622996598482132 0.15741221606731415 1.4166077375411987 0.7268474102020264 3.1962242126464844 738282.4680959273
1.4913872480392456 0.04640582948923111 0.1565183848142624 1.4043411016464233 0.5789668560028076 3.143792152404785 738282.4680960543
1.4909621477127075 0.0462932288646698 0.15980982780456543 1.3782843351364136 0.37473565340042114 3.171741247177124 738282.4680961581
1.4916954040527344 0.046165741980075836 0.16321569681167603 1.3917986154556274 0.1069195568561554 3.1150591373443604 738282.4680962736
1.4913445711135864 0.04572070762515068 0.16673360764980316 1.4242417812347412 -0.12053775787353516 3.0357325077056885 738282.468096389
1.4935380220413208 0.04673377424478531 0.17039868235588074 1.424851417541504 -0.39277029037475586 2.97652268409729 738282.4680965046
1.4930298328399658 0.04556109756231308 0.17077873647212982 1.486120581626892 -0.5420589447021484 2.9810006618499756 738282.4680966315
1.4943939447402954 0.040092237293720245 0.17443658411502838 1.6574655771255493 -0.6944143772125244 2.8775198459625244 738282.4680967468
1.4946621656417847 0.03915467485785484 0.17831000685691833 1.6777000427246094 -0.7640119194984436 2.8699090480804443 738282.4680968623
1.4941691160202026 0.03841135650873184 0.18232446908950806 1.630728840827942 -0.7944216132164001 2.8650875091552734 738282.4680969777
1.494257926940918 0.03778430074453354 0.18569062650203705 1.5420225858688354 -0.752598226070404 2.7653050422668457 738282.4680970932
1.4943283796310425 0.03683659806847572 0.18989452719688416 1.3866578340530396 -0.6906524300575256 2.719700813293457 738282.4680972085
1.4944332838058472 0.0353643037378788 0.1942247599363327 1.2625466585159302 -0.631898820400238 2.7253658771514893 738282.4680973355
1.494545578956604 0.03487495332956314 0.19872646033763885 1.0792100429534912 -0.6028887033462524 2.6947669982910156 738282.4680974279
1.494741678237915 0.033621545881032944 0.20334424078464508 0.9302986264228821 -0.5995053648948669 2.6269543170928955 738282.4680975549
1.4947396516799927 0.03206365928053856 0.20669914782047272 0.7837192416191101 -0.6044823527336121 2.5948033332824707 738282.4680976819
1.4950242042541504 0.030825670808553696 0.2114611268043518 0.6276924014091492 -0.6389036178588867 2.5897393226623535 738282.4680977857
1.495348572731018 0.029686495661735535 0.21633142232894897 0.5182748436927795 -0.6843633055686951 2.572896957397461 738282.4680979012
1.4959335327148438 0.028784770518541336 0.22131161391735077 0.41152432560920715 -0.7500199675559998 2.504121780395508 738282.4680980166
1.4956399202346802 0.02622336894273758 0.2278243899345398 0.3399612009525299 -0.783909022808075 2.4838626384735107 738282.468098132
1.4959287643432617 0.02554892562329769 0.23305056989192963 0.21191565692424774 -0.8058663606643677 2.470414876937866 738282.4680982475
1.496127963066101 0.02477852813899517 0.2383422553539276 0.12082254141569138 -0.7928299307823181 2.4541847705841064 738282.4680983629
1.4969319105148315 0.023526035249233246 0.24368348717689514 0.046503107994794846 -0.8076386451721191 2.400496006011963 738282.4680984783
1.4970813989639282 0.02381320483982563 0.24912504851818085 -0.0882309079170227 -0.7712957859039307 2.3629403114318848 738282.4680986053
1.4974195957183838 0.023685652762651443 0.2532689571380615 -0.18671075999736786 -0.7062438726425171 2.341269016265869 738282.4680987092
1.4978307485580444 0.022592894732952118 0.2587028741836548 -0.25653111934661865 -0.6481863260269165 2.3189034461975098 738282.4680989285
1.4946532249450684 0.023761965334415436 0.26421919465065 -0.38548293709754944 -0.5122498869895935 2.2971861362457275 738282.4680990092
1.494309425354004 0.023882489651441574 0.26971811056137085 -0.49616673588752747 -0.4830947816371918 2.263420820236206 738282.4680991594
1.4941726922988892 0.022633682936429977 0.27613627910614014 -0.557607114315033 -0.4294716417789459 2.2479286193847656 738282.4680991825
1.4916917085647583 0.021564960479736328 0.28169727325439453 -0.6105307340621948 -0.35804444551467896 2.2575080394744873 738282.468099321
1.4918650388717651 0.02086089923977852 0.2872355282306671 -0.6447172164916992 -0.38049226999282837 2.220384359359741 738282.4680994133
1.4923148155212402 0.01931603066623211 0.2927582859992981 -0.6678988337516785 -0.39169570803642273 2.1870462894439697 738282.4680995174
1.4927798509597778 0.01863846369087696 0.29829034209251404 -0.722150981426239 -0.42273637652397156 2.1624855995178223 738282.4680996442
1.4934005737304688 0.017342351377010345 0.30575039982795715 -0.7692258358001709 -0.48264622688293457 2.1197664737701416 738282.4680997481
1.4933685064315796 0.015817856416106224 0.31123578548431396 -0.805546224117279 -0.49652522802352905 2.067146062850952 738282.4680998635
1.4926730394363403 0.01703726314008236 0.31667646765708923 -0.9046633243560791 -0.5124815106391907 2.0442187786102295 738282.468099979
1.4944018125534058 0.016197573393583298 0.32204872369766235 -0.975836455821991 -0.595176100730896 2.037325382232666 738282.4681000944
1.4923344850540161 0.01659812405705452 0.32774895429611206 -1.052562952041626 -0.5796447992324829 2.038254737854004 738282.4681002098
1.4950734376907349 0.013186856172978878 0.33303460478782654 -1.0409667491912842 -0.6663504838943481 2.0016086101531982 738282.4681003252
1.4955483675003052 0.01183359231799841 0.33824872970581055 -1.0365737676620483 -0.6431922912597656 1.9806029796600342 738282.4681004407
1.4965856075286865 0.011234654113650322 0.34334081411361694 -1.1040862798690796 -0.613726019859314 1.971496820449829 738282.4681005676
1.4964909553527832 0.010686313733458519 0.3483053147792816 -1.1752469539642334 -0.4703490436077118 1.9497275352478027 738282.4681006831
1.4969427585601807 0.009152445010840893 0.3526032865047455 -1.2120553255081177 -0.31697288155555725 1.9473167657852173 738282.4681007985
1.4914679527282715 -0.006394859869033098 0.007695965003222227 -0.1289105862379074 -1.2132062911987305 0.006318097468465567 738282.4687139099
1.4914758205413818 -0.007143059745430946 0.0074081276543438435 -0.09666111320257187 -1.2110379934310913 0.006609347648918629 738282.4687140253
1.4899789094924927 -0.006961913779377937 0.0073843058198690414 -0.10605336725711823 -1.1432228088378906 0.007226024754345417 738282.4687141408
1.4914926290512085 -0.006972001865506172 0.007359033450484276 -0.10832571983337402 -1.2096800804138184 0.00741800619289279 738282.4687142562
1.4909249544143677 -0.006593330763280392 0.007330423686653376 -0.1266597956418991 -1.1832375526428223 0.007323756814002991 738282.4687143716
1.49153733253479 -0.006789677776396275 0.008321844972670078 -0.12011627107858658 -1.2071460485458374 0.00676422705873847 738282.468714487
1.490179419517517 -0.006598894950002432 0.008352849632501602 -0.12987755239009857 -1.1463900804519653 0.008132832124829292 738282.4687146024
1.4915612936019897 -0.0071976929903030396 0.008383899927139282 -0.10398552566766739 -1.2082842588424683 0.009490050375461578 738282.4687147294
1.4915704727172852 -0.006609900388866663 0.008413989096879959 -0.13116149604320526 -1.2038919925689697 0.00871754065155983 738282.4687148333
1.4916198253631592 -0.006625020410865545 0.008444690145552158 -0.130722314119339 -1.2024827003479004 0.00851195678114891 738282.4687149487
1.4889036417007446 -0.006986367981880903 0.008700762875378132 -0.11420571804046631 -1.083751916885376 0.008604914881289005 738282.4687151103
1.4903961420059204 -0.006807280238717794 0.00877088401466608 -0.12179768830537796 -1.1505073308944702 0.009315229021012783 738282.4687151796
1.489623785018921 -0.0068107591941952705 0.008815979585051537 -0.1215674877166748 -1.1173937320709229 0.009280575439333916 738282.4687152951
1.4895644187927246 -0.0068316152319312096 0.008863437920808792 -0.1224423497915268 -1.1158182621002197 0.009442392736673355 738282.4687154104
1.4893348217010498 -0.00679383147507906 0.008943281136453152 -0.12505817413330078 -1.107055425643921 0.009822449646890163 738282.4687155373
1.4893159866333008 -0.007519464939832687 0.008990696631371975 -0.09427373111248016 -1.1095170974731445 0.010951717384159565 738282.4687156528
1.4893001317977905 -0.0067987991496920586 0.009043581783771515 -0.12767817080020905 -1.1114195585250854 0.010577855631709099 738282.4687157568
1.4900317192077637 -0.007362599950283766 0.009098062291741371 -0.10277470201253891 -1.1445821523666382 0.01014500018209219 738282.4687158721
1.4887135028839111 -0.008125943131744862 0.00914033129811287 -0.07226215302944183 -1.089049220085144 0.009836781769990921 738282.4687159876
1.4892690181732178 -0.006811601109802723 0.009552729316055775 -0.13089437782764435 -1.1145528554916382 0.009278505109250546 738282.4687161031
1.48944890499115 -0.008352329023182392 0.009622826240956783 -0.0652836412191391 -1.1230270862579346 0.008366147987544537 738282.4687162185
1.4900189638137817 -0.006825173273682594 0.009716360829770565 -0.13487011194229126 -1.1494076251983643 0.00860526505857706 738282.468716334
1.4884445667266846 -0.007220081519335508 0.009787259623408318 -0.11999636143445969 -1.0828672647476196 0.008158911019563675 738282.4687164609
1.4892102479934692 -0.006828198675066233 0.009523446671664715 -0.13715605437755585 -1.1195249557495117 0.008230424486100674 738282.4687165648
1.4891515970230103 -0.006833063438534737 0.009573236107826233 -0.1373811662197113 -1.1190091371536255 0.00652281753718853 738282.4687166803
1.4911295175552368 -0.006816533859819174 0.009634634479880333 -0.13880521059036255 -1.2023319005966187 0.006409278139472008 738282.4687168073
1.4900263547897339 -0.006816123612225056 0.009701927192509174 -0.1398070603609085 -1.153196930885315 0.006520959548652172 738282.4687169227
1.4904015064239502 -0.006816898938268423 0.009754982776939869 -0.14055944979190826 -1.16867196559906 0.0074591729789972305 738282.4687170265
1.4903961420059204 -0.006817452143877745 0.009099639020860195 -0.1395675092935562 -1.168230414390564 0.007767888251692057 738282.468717142
1.4918285608291626 -0.008249812759459019 0.009114931337535381 -0.08054578304290771 -1.2286324501037598 0.008090948686003685 738282.468717269
1.4916714429855347 -0.0075551834888756275 0.009149659425020218 -0.11275485157966614 -1.218972086906433 0.008625124581158161 738282.4687173844
1.4907735586166382 -0.009022144600749016 0.00917886197566986 -0.051554013043642044 -1.1770167350769043 0.00977653544396162 738282.4687174999
1.4916948080062866 -0.006505503784865141 0.009552841074764729 -0.1644437313079834 -1.2136876583099365 0.008585639297962189 738282.4687176152
1.490964412689209 -0.007429647725075483 0.0096066789701581 -0.12419260293245316 -1.1776114702224731 0.006880664266645908 738282.4687177192
1.4917269945144653 -0.007814271375536919 0.009644282050430775 -0.11012259125709534 -1.2086926698684692 0.007824270986020565 738282.4687178346
1.4911659955978394 -0.00763113796710968 0.00969669409096241 -0.1196179911494255 -1.1822947263717651 0.008192375302314758 738282.4687179616
1.4917523860931396 -0.007639341056346893 0.009736820124089718 -0.12201211601495743 -1.2053072452545166 0.007861267775297165 738282.4687180772
1.49175226688385 -0.008614284917712212 0.009076466783881187 -0.08188661187887192 -1.203233242034912 0.008903308771550655 738282.4687181925
1.4903852939605713 -0.0084361108019948 0.009098243899643421 -0.09355038404464722 -1.1423354148864746 0.009549017995595932 738282.4687182965
1.4903829097747803 -0.00805243756622076 0.009109842590987682 -0.11239944398403168 -1.1417397260665894 0.009244401007890701 738282.4687184235
1.490980863571167 -0.0076637836173176765 0.009123014286160469 -0.13162900507450104 -1.167578935623169 0.008951510302722454 738282.4687185274
1.491386890411377 -0.009285573847591877 0.009078431874513626 -0.06259085983037949 -1.184581995010376 0.009848717600107193 738282.4687186889
1.4913930892944336 -0.007875938899815083 0.009107423014938831 -0.12702152132987976 -1.1823115348815918 0.008257764391601086 738282.4687187697
1.4918054342269897 -0.007878285832703114 0.009117139503359795 -0.12773846089839935 -1.1964893341064453 0.0076383864507079124 738282.4687188852
1.4909876585006714 -0.007674692198634148 0.009136427193880081 -0.13730815052986145 -1.1589142084121704 0.007212765049189329 738282.4687190007
1.4920300245285034 -0.008301213383674622 0.009149025194346905 -0.11228548735380173 -1.2019033432006836 0.008012200705707073 738282.4687191161
1.4901516437530518 -0.008094388991594315 0.009519566781818867 -0.12184488773345947 -1.1180909872055054 0.007941917516291142 738282.4687192315
1.4920474290847778 -0.008099708706140518 0.009566299617290497 -0.12324364483356476 -1.1978552341461182 0.006840150337666273 738282.4687193469
1.4912093877792358 -0.008316291496157646 0.009610832668840885 -0.11495997756719589 -1.1584562063217163 0.0060282074846327305 738282.4687194624
1.4918522834777832 -0.008109215646982193 0.009649158455431461 -0.12463989853858948 -1.1861768960952759 0.007150678429752588 738282.4687195778
1.4918920993804932 -0.008134976960718632 0.009810573421418667 -0.12435155361890793 -1.1840537786483765 0.007510180119425058 738282.4687196933
1.490621566772461 -0.007275261916220188 0.00986440572887659 -0.1613854020833969 -1.1305979490280151 0.007198445498943329 738282.4687198086
1.4904179573059082 -0.007272390648722649 0.009913288056850433 -0.16081580519676208 -1.1224371194839478 0.006812752690166235 738282.4687199241
1.4916170835494995 -0.007468636613339186 0.009973797015845776 -0.15093012154102325 -1.172403335571289 0.006280187517404556 738282.4687200395
1.4910153150558472 -0.007265094202011824 0.010027225129306316 -0.15956845879554749 -1.1452778577804565 0.006245892029255629 738282.468720155
1.4911785125732422 -0.0074659003876149654 0.00806307140737772 -0.15019464492797852 -1.1549816131591797 0.006143750157207251 738282.4687202708
1.4893176555633545 -0.00725712813436985 0.0080134691670537 -0.15755723416805267 -1.0783133506774902 0.00639038672670722 738282.4687203863
1.4911726713180542 -0.007672206033021212 0.007992689497768879 -0.1387227177619934 -1.1553318500518799 0.006730031222105026 738282.4687205016
1.490959882736206 -0.0072563146241009235 0.007945109158754349 -0.15506520867347717 -1.1454107761383057 0.0062184580601751804 738282.4687206171
1.4905385971069336 -0.007251541130244732 0.008337635546922684 -0.1541791558265686 -1.1259541511535645 0.005290282424539328 738282.4687207325
1.4898955821990967 -0.007250981405377388 0.008315241895616055 -0.1517634093761444 -1.098794937133789 0.004958963021636009 738282.468720848
1.491180658340454 -0.007677329238504171 0.008306541480123997 -0.13435205817222595 -1.1524932384490967 0.0053045484237372875 738282.4687209635
1.4911844730377197 -0.007462387904524803 0.008287942968308926 -0.14325152337551117 -1.151790976524353 0.00567892799153924 738282.4687210788
1.4911909103393555 -0.007449740543961525 0.008270546793937683 -0.1420317441225052 -1.151960849761963 0.006264881230890751 738282.4687212058
1.4899868965148926 -0.007076263427734375 0.008145222440361977 -0.1555880755186081 -1.1020368337631226 0.005721997935324907 738282.4687213212
1.4907844066619873 -0.007274146657437086 0.008130135014653206 -0.14699098467826843 -1.1354196071624756 0.005819825455546379 738282.4687214252
1.4907697439193726 -0.007250707596540451 0.008107401430606842 -0.14630937576293945 -1.1330746412277222 0.0051918597891926765 738282.4687215405
1.4874179363250732 -0.007680012844502926 0.008085405454039574 -0.12901337444782257 -0.9980701804161072 0.0057175313122570515 738282.468721656
1.4883322715759277 -0.0074876151047647 0.008467060513794422 -0.13601990044116974 -1.0417282581329346 0.005537239369004965 738282.4687217714
1.4888707399368286 -0.008056393824517727 0.008479631505906582 -0.1136726438999176 -1.0678201913833618 0.007501685060560703 738282.4687218869
1.487488031387329 -0.007868911139667034 0.00846476387232542 -0.12213515490293503 -1.0144180059432983 0.008232876658439636 738282.4687220022
1.4884302616119385 -0.007477917242795229 0.008493602275848389 -0.13795195519924164 -1.060597538948059 0.008294523693621159 738282.4687221177
1.4883140325546265 -0.0074617392383515835 0.008494634181261063 -0.13843996822834015 -1.0601636171340942 0.007979015819728374 738282.4687222447
1.4881970882415771 -0.008224665187299252 0.009520426392555237 -0.10734545439481735 -1.0600649118423462 0.00886472687125206 738282.4687223486
1.4872426986694336 -0.008415888994932175 0.009563898667693138 -0.09985481202602386 -1.0241838693618774 0.007643512450158596 738282.468722464
1.488710641860962 -0.008047209121286869 0.009657495655119419 -0.11575932055711746 -1.0917645692825317 0.008272754028439522 738282.4687225911
1.4886295795440674 -0.008055436424911022 0.00971632357686758 -0.11517655104398727 -1.090360164642334 0.008017699234187603 738282.468722695
1.4891176223754883 -0.007358928676694632 0.00906418077647686 -0.14346759021282196 -1.112040400505066 0.009165450930595398 738282.4687228104
1.4876879453659058 -0.00788169540464878 0.009085474535822868 -0.12039805948734283 -1.0515104532241821 0.0073352777399122715 738282.4687229258
1.4900062084197998 -0.007334504742175341 0.00914077926427126 -0.14298276603221893 -1.1534620523452759 0.008460858836770058 738282.4687230411
1.4887288808822632 -0.0073266481049358845 0.009173450991511345 -0.14095449447631836 -1.0982609987258911 0.007484788075089455 738282.4687231566
1.488527774810791 -0.007319113239645958 0.009196283295750618 -0.14147278666496277 -1.0977897644042969 0.006585001479834318 738282.4687232835
1.4883148670196533 -0.007315749768167734 0.008329414762556553 -0.14099833369255066 -1.0970816612243652 0.006776854395866394 738282.4687234337
1.4884824752807617 -0.007308473344892263 0.00830851774662733 -0.1396203190088272 -1.1067261695861816 0.006982665974646807 738282.4687235029
1.4882718324661255 -0.007303270045667887 0.008284048177301884 -0.13849467039108276 -1.0993824005126953 0.005888936575502157 738282.4687236298
1.4890210628509521 -0.007298439275473356 0.008265277370810509 -0.1376335322856903 -1.1332218647003174 0.004151719156652689 738282.4687237338
1.489018201828003 -0.008070952259004116 0.008544889278709888 -0.10193759948015213 -1.1339614391326904 0.004431713372468948 738282.4687238493
1.4886234998703003 -0.007488090079277754 0.00853798445314169 -0.1280408799648285 -1.118817925453186 0.0051698642782866955 738282.4687239877
1.488809585571289 -0.007878022268414497 0.008529073558747768 -0.11115803569555283 -1.1280345916748047 0.006463040132075548 738282.4687240801
1.4887993335723877 -0.007681421935558319 0.00851841364055872 -0.12003565579652786 -1.1278783082962036 0.005400432739406824 738282.468724207
1.4887903928756714 -0.007480547297745943 0.008508367463946342 -0.1277654618024826 -1.1292532682418823 0.004182697739452124 738282.4687243109
1.488173246383667 -0.007880596444010735 0.008293716236948967 -0.10976002365350723 -1.1038572788238525 0.002912135561928153 738282.4687244263
1.4880974292755127 -0.007888794876635075 0.008275012485682964 -0.10956055670976639 -1.1024634838104248 0.0030921304132789373 738282.4687245418
1.489790916442871 -0.007488581817597151 0.00827074609696865 -0.12732328474521637 -1.1774934530258179 0.0030617215670645237 738282.4687246572
1.489803433418274 -0.007477566134184599 0.008254675194621086 -0.1271333396434784 -1.1777445077896118 0.0027168942615389824 738282.4687247842
1.4898098707199097 -0.007469389587640762 0.007745850365608931 -0.12756629288196564 -1.1747263669967651 0.0023658883292227983 738282.4687248996
1.4898220300674438 -0.007460859138518572 0.00770111009478569 -0.12834236025810242 -1.1754517555236816 0.001137263490818441 738282.4687250035
1.4886722564697266 -0.006483748089522123 0.007661260664463043 -0.16858930885791779 -1.1252696514129639 0.00023340369807556272 738282.468725119
1.4887840747833252 -0.006722705904394388 0.007619351614266634 -0.15488138794898987 -1.1302968263626099 0.0011469988385215402 738282.4687252459
1.488358974456787 -0.006433205679059029 0.007566460873931646 -0.16517028212547302 -1.1140553951263428 0.0011342548532411456 738282.4687253498
1.487650990486145 -0.007362887263298035 0.007697820197790861 -0.12158731371164322 -1.0833157300949097 3.0329001674544998e-05 738282.4687254768
1.4884412288665771 -0.006388192065060139 0.0076771932654082775 -0.16595681011676788 -1.123477816581726 -8.186919876607135e-05 738282.4687255922
1.4887021780014038 -0.006501817610114813 0.007644839584827423 -0.15756334364414215 -1.1370316743850708 0.0010826769284904003 738282.4687256963
1.4886659383773804 -0.006451176013797522 0.007606992963701487 -0.15832237899303436 -1.1357518434524536 0.0005154040409252048 738282.4687258233
1.4878861904144287 -0.007056126371026039 0.007345548830926418 -0.12795217335224152 -1.1013386249542236 0.0010049097472801805 738282.4687259385
1.4877116680145264 -0.006631405558437109 0.007292806636542082 -0.1482163965702057 -1.096208930015564 0.002009484451264143 738282.4687260542
1.4876229763031006 -0.006593742407858372 0.007239852100610733 -0.14951223134994507 -1.0952361822128296 0.0011799333151429892 738282.4687261697
1.4888184070587158 -0.00662908423691988 0.007202210836112499 -0.1446068435907364 -1.1563891172409058 0.001202849904075265 738282.4687262848
1.4877184629440308 -0.007161016575992107 0.007864134386181831 -0.11760756373405457 -1.1024600267410278 0.0017935854848474264 738282.4687263889
1.4882467985153198 -0.007161976769566536 0.007854328490793705 -0.11768396943807602 -1.1291396617889404 0.0006498984294012189 738282.4687265159
1.4886596202850342 -0.006731886882334948 0.007839521393179893 -0.13827265799045563 -1.1504206657409668 -0.0004930772702209651 738282.4687266314
1.4885048866271973 -0.0065728141926229 0.007821976207196712 -0.1454973816871643 -1.1432608366012573 4.7658289986429736e-05 738282.4687267467
1.4880485534667969 -0.006556600332260132 0.00780506944283843 -0.14546123147010803 -1.1211776733398438 0.0017401291988790035 738282.4687268623
1.488791584968567 -0.0071548642590641975 0.007871206849813461 -0.11303160339593887 -1.1583458185195923 0.001373804872855544 738282.4687269775
1.488791584968567 -0.006535897962749004 0.007859590463340282 -0.1430581510066986 -1.1559703350067139 0.0010471437126398087 738282.4687270928
1.4881659746170044 -0.006521726492792368 0.00785223301500082 -0.1419886201620102 -1.125152349472046 0.001279129646718502 738282.4687272083
1.4879883527755737 -0.006507405079901218 0.00784423016011715 -0.14202801883220673 -1.1193122863769531 0.002349280519410968 738282.468727324
1.4887924194335938 -0.006656573619693518 0.007907011546194553 -0.13356509804725647 -1.1618399620056152 0.002930642804130912 738282.4687274392
1.4884611368179321 -0.006482739467173815 0.007907609455287457 -0.14122523367404938 -1.1434460878372192 0.00286745373159647 738282.4687275548
1.4884397983551025 -0.0064474730752408504 0.00790785625576973 -0.14004667103290558 -1.1432932615280151 0.002617219928652048 738282.4687276703
1.4890978336334229 -0.007129996549338102 0.007912073284387589 -0.10564669966697693 -1.1751421689987183 0.002691522240638733 738282.4687277857
1.4891165494918823 -0.007136407308280468 0.00791265070438385 -0.10524486750364304 -1.1730961799621582 0.0018564091296866536 738282.4687279124
1.486969232559204 -0.0071264938451349735 0.007552717346698046 -0.10755835473537445 -1.0673896074295044 0.0023692490067332983 738282.4687280166
1.4880084991455078 -0.00712720537558198 0.007556108292192221 -0.10867679119110107 -1.1219377517700195 0.0025390302762389183 738282.4687281436
1.488149642944336 -0.007129724603146315 0.007541862316429615 -0.1085580363869667 -1.1288471221923828 0.0016377174761146307 738282.4687282587
1.4874987602233887 -0.007456513121724129 0.007524195127189159 -0.09169839322566986 -1.0998504161834717 0.0014061895199120045 738282.4687283626
1.4879708290100098 -0.006982716731727123 0.008523526601493359 -0.11470834910869598 -1.1218572854995728 0.0003402623697184026 738282.4687284781
1.4871309995651245 -0.006815748754888773 0.008562076836824417 -0.12000846117734909 -1.0844900608062744 0.0023723577614873648 738282.4687285934
1.4879432916641235 -0.007316723465919495 0.008616453967988491 -0.09507562220096588 -1.1269667148590088 0.0032970148604363203 738282.4687287089
1.4872592687606812 -0.007323254365473986 0.008658969774842262 -0.0951681062579155 -1.0953797101974487 0.0022223577834665775 738282.4687288244
1.4875844717025757 -0.006808842066675425 0.008711318485438824 -0.1197841688990593 -1.1118292808532715 0.001196873257867992 738282.4687289398
1.4875351190567017 -0.006788727827370167 0.008875148370862007 -0.12022638320922852 -1.111164927482605 0.00022273027570918202 738282.4687290553
1.4879438877105713 -0.008128290064632893 0.00893515907227993 -0.05518064275383949 -1.1309365034103394 0.0012719224905595183 738282.4687291706
1.4866060018539429 -0.00748013611882925 0.008999079465866089 -0.08862049877643585 -1.0692170858383179 0.001716954866424203 738282.4687293207
1.4882673025131226 -0.007483302615582943 0.009085251949727535 -0.08838873356580734 -1.1513396501541138 0.00175024988129735 738282.4687294018
1.4874064922332764 -0.008173308335244656 0.009086315520107746 -0.05731816217303276 -1.1096255779266357 0.001245809835381806 738282.4687295285
1.488089680671692 -0.008011207915842533 0.009145609103143215 -0.06736969202756882 -1.1429775953292847 0.0008255391730926931 738282.468729644
1.487912893295288 -0.00749703636392951 0.009203104302287102 -0.09390516579151154 -1.1336268186569214 0.0009246785775758326 738282.4687297593
1.4880847930908203 -0.0074991099536418915 0.009256318211555481 -0.09465833008289337 -1.1409748792648315 0.0015384837752208114 738282.4687298748
1.487717866897583 -0.007499023340642452 0.009310221299529076 -0.09611092507839203 -1.123238444328308 0.0021772198379039764 738282.4687299902
1.4880841970443726 -0.008237265050411224 0.009639064781367779 -0.06309575587511063 -1.1383371353149414 0.0014035283820703626 738282.4687301057
1.4871560335159302 -0.007506932131946087 0.00971195288002491 -0.0981677696108818 -1.0957225561141968 0.002797794993966818 738282.4687302095
1.4870890378952026 -0.007516979239881039 0.009777845814824104 -0.09837914258241653 -1.095177173614502 0.0036221107002347708 738282.468730325
1.488281488418579 -0.007142362650483847 0.009855394251644611 -0.11530309915542603 -1.1506468057632446 0.003479035571217537 738282.4687304404
1.4880824089050293 -0.00714307464659214 0.008760538883507252 -0.11471286416053772 -1.140596628189087 0.0032923209946602583 738282.4687305558
1.4886189699172974 -0.007502476219087839 0.008763730525970459 -0.0971231684088707 -1.163089632987976 0.004082383122295141 738282.4687306716
1.4877073764801025 -0.0073213898576796055 0.00877347681671381 -0.10664181411266327 -1.1196695566177368 0.00420787651091814 738282.4687307986
1.4888091087341309 -0.00731961103156209 0.0087798573076725 -0.10588466376066208 -1.1687134504318237 0.004507889971137047 738282.4687309023
1.4888131618499756 -0.007506615947932005 0.008784727193415165 -0.09659650921821594 -1.1663275957107544 0.0034444190096110106 738282.4687310176
1.4888083934783936 -0.008264382369816303 0.00807360839098692 -0.06248435378074646 -1.1644736528396606 0.0033109078649431467 738282.4687311449
1.4868899583816528 -0.007891018874943256 0.008059047162532806 -0.08213020861148834 -1.0775477886199951 0.003964066039770842 738282.4687312599
1.488589882850647 -0.007713684346526861 0.00804606918245554 -0.09107848256826401 -1.1558232307434082 0.0037472627591341734 738282.4687313754
1.488202452659607 -0.00791644025593996 0.008025914430618286 -0.07792934030294418 -1.142241358757019 -0.0006308798328973353 738282.4687314793
1.488558053970337 -0.007925279438495636 0.007204168476164341 -0.08100572228431702 -1.1503170728683472 0.0023647432681173086 738282.4687315947
1.4886313676834106 -0.007948857732117176 0.007139033637940884 -0.06876403838396072 -1.1715048551559448 0.004449418745934963 738282.4687317101
1.4885151386260986 -0.006875705439597368 0.0070868288166821 -0.12472829222679138 -1.1518876552581787 0.008398951031267643 738282.4687318371
1.488616943359375 -0.0068364497274160385 0.007026194129139185 -0.14485658705234528 -1.1193095445632935 0.009887510910630226 738282.4687319526
1.4890416860580444 -0.00677533308044076 0.006936178542673588 -0.19486038386821747 -1.1138726472854614 -0.0022801191080361605 738282.4687320683
1.4883700609207153 -0.006856120191514492 0.00606092344969511 -0.18764546513557434 -1.0544583797454834 0.007663918659090996 738282.4687321719
1.488634467124939 -0.006888783536851406 0.005874004680663347 -0.15182407200336456 -1.1169178485870361 0.02290956862270832 738282.468732299
1.48878014087677 -0.006593524012714624 0.005670235957950354 -0.160507470369339 -1.136744737625122 0.021862508729100227 738282.4687324143
1.4881592988967896 -0.0064734299667179585 0.0054836091585457325 -0.2689918875694275 -0.986954927444458 0.0012676535407081246 738282.4687325297
1.4875539541244507 -0.007924972102046013 0.006399942096322775 -0.24419575929641724 -0.914542555809021 -0.036731548607349396 738282.4687326452
1.4873322248458862 -0.0073452661745250225 0.006254076957702637 -0.2949625849723816 -0.8978381156921387 -0.03658992424607277 738282.4687327605
1.4874500036239624 -0.007323110941797495 0.006063512060791254 -0.31278368830680847 -0.86467444896698 -0.0337006151676178 738282.4687328875
1.4869978427886963 -0.008835031650960445 0.005884039681404829 -0.31247538328170776 -0.7920175194740295 -0.10255409777164459 738282.4687329915
1.4867745637893677 -0.009832172654569149 0.005689543206244707 -0.33276817202568054 -0.7376670241355896 -0.20981085300445557 738282.4687331069
1.4875388145446777 -0.011384968645870686 0.0060007767751812935 -0.32593220472335815 -0.7666194438934326 -0.3666535019874573 738282.4687332227
1.4886095523834229 -0.012033169157803059 0.0057650040835142136 -0.2791993021965027 -0.8131988048553467 -0.5418307781219482 738282.4687333377
1.487674355506897 -0.012513586319983006 0.005581662990152836 -0.20376835763454437 -0.8211122155189514 -0.6283838152885437 738282.4687334647
1.48887038230896 -0.014703923836350441 0.005309272091835737 -0.0775957703590393 -0.9529183506965637 -0.643823504447937 738282.468733557
1.489831805229187 -0.015292000025510788 0.0074716778472065926 -0.06530454754829407 -0.9637046456336975 -0.6375680565834045 738282.4687336844
1.4898909330368042 -0.01750967465341091 0.007353941909968853 -0.06000569835305214 -0.8752283453941345 -0.6526018977165222 738282.4687337994
1.4906485080718994 -0.018187174573540688 0.007273554336279631 -0.14146549999713898 -0.8409464955329895 -0.7080906629562378 738282.4687339149
1.4908548593521118 -0.02055189199745655 0.00708449212834239 -0.11997461318969727 -0.7414970397949219 -0.7709758281707764 738282.4687340304
1.4918363094329834 -0.021410338580608368 0.006920251064002514 -0.18042081594467163 -0.715861976146698 -0.8417120575904846 738282.4687341461
1.4914613962173462 -0.02173014171421528 0.007278861477971077 -0.17886103689670563 -0.6889806985855103 -0.9166868925094604 738282.4687342612
1.4912277460098267 -0.02399776317179203 0.0070866369642317295 -0.08296982198953629 -0.6629061102867126 -1.0098011493682861 738282.4687343766
1.4931432008743286 -0.024293173104524612 0.006918999366462231 -0.25049230456352234 -0.6981253623962402 -1.1194796562194824 738282.4687344923
1.4934087991714478 -0.025839272886514664 0.006710385903716087 -0.09536070376634598 -0.7292260527610779 -1.2288706302642822 738282.4687346074
1.4932607412338257 -0.026084357872605324 0.007191914599388838 -0.07270877063274384 -0.7803279161453247 -1.328823208808899 738282.4687347345
1.4928717613220215 -0.025777293369174004 0.007156702224165201 -0.14831891655921936 -0.6714956164360046 -1.4678221940994263 738282.4687348383
1.4932641983032227 -0.026359112933278084 0.0070588355883955956 -0.2431926131248474 -0.5858302116394043 -1.6575496196746826 738282.4687349538
1.4913690090179443 -0.028357550501823425 0.006999331060796976 -0.22462332248687744 -0.46880125999450684 -1.7832494974136353 738282.4687350693
1.4912645816802979 -0.02975783683359623 0.006860342342406511 -0.11470046639442444 -0.39425358176231384 -1.8351218700408936 738282.4687351846
1.4922449588775635 -0.028846770524978638 0.007689023856073618 -0.13605910539627075 -0.32311102747917175 -1.8592302799224854 738282.4687353002
1.4900866746902466 -0.03304721415042877 0.007441255729645491 -0.07861432433128357 -0.20401602983474731 -1.8939357995986938 738282.4687354155
1.4890122413635254 -0.033175744116306305 0.0073884776793420315 -0.07741009443998337 -0.16536223888397217 -1.874798059463501 738282.468735531
1.489145040512085 -0.033927083015441895 0.007281015161424875 0.04497458040714264 -0.13333803415298462 -1.819206953048706 738282.4687356463
1.4888536930084229 -0.03306707739830017 0.007210492622107267 0.03199159726500511 -0.024895764887332916 -1.7454854249954224 738282.4687357737
1.4886327981948853 -0.03480124473571777 0.007056227885186672 0.209772989153862 0.0270407572388649 -1.673658013343811 738282.4687358888
1.488396167755127 -0.03797921538352966 0.006788381841033697 0.4351084232330322 0.10381744056940079 -1.6137418746948242 738282.4687360042
1.4892311096191406 -0.0372358039021492 0.006891943514347076 0.3956560790538788 0.12199889868497849 -1.5667097568511963 738282.468736108
1.4879403114318848 -0.041379790753126144 0.00646932190284133 0.528314471244812 0.19084294140338898 -1.5295195579528809 738282.4687362466
1.4880483150482178 -0.04237598553299904 0.007807676214724779 0.4845457077026367 0.2357911616563797 -1.4669649600982666 738282.4687363391
1.4865224361419678 -0.04505311697721481 0.007612404879182577 0.5251978039741516 0.3803720474243164 -1.388662338256836 738282.4687364659
1.4859825372695923 -0.04563751816749573 0.0076910750940442085 0.46275264024734497 0.4392565190792084 -1.2723923921585083 738282.4687365699
1.485424518585205 -0.04598509147763252 0.007780002895742655 0.306763231754303 0.5601804256439209 -1.1727025508880615 738282.4687366968
1.4845091104507446 -0.05037736892700195 0.007966062985360622 0.2628914713859558 0.5290354490280151 -1.0913656949996948 738282.4687368008
1.4842039346694946 -0.05194816738367081 0.007925436832010746 -0.0764114186167717 0.3912384510040283 -0.9385626316070557 738282.4687369161
1.4838334321975708 -0.053942691534757614 0.007822114042937756 -0.4169856309890747 0.12274055927991867 -0.7746182084083557 738282.4687370431
1.4843682050704956 -0.05384935811161995 0.008011560887098312 -0.9309945106506348 -0.1968737542629242 -0.5928110480308533 738282.468737147
1.483678936958313 -0.05567454919219017 0.007977282628417015 -1.296708345413208 -0.2263271063566208 -0.3790448307991028 738282.4687372624
1.481005311012268 -0.05831533297896385 0.006351575721055269 -1.499801754951477 0.17178142070770264 -0.11362899839878082 738282.4687373779
1.4788241386413574 -0.057900577783584595 0.00650582043454051 -1.854669451713562 0.4614534378051758 0.18844935297966003 738282.4687375048
1.4783464670181274 -0.058335576206445694 0.006622364744544029 -2.2604475021362305 0.6630805134773254 0.4630216956138611 738282.4687376088
1.476332187652588 -0.058162178844213486 0.006654353346675634 -2.6937074661254883 0.9585146307945251 0.7078791856765747 738282.4687377241
1.4748337268829346 -0.057565394788980484 0.004910521674901247 -3.010775089263916 1.1902605295181274 0.9232428073883057 738282.4687378511
1.4751816987991333 -0.05658652260899544 0.0050121177919209 -3.410151958465576 1.361117959022522 1.1179696321487427 738282.4687379667
1.474542498588562 -0.05576285719871521 0.004979092162102461 -3.799577236175537 1.638536810874939 1.2995527982711792 738282.4687380705
1.4732221364974976 -0.0555538684129715 0.004881879314780235 -3.9729132652282715 1.8950903415679932 1.446512222290039 738282.4687381975
1.4762636423110962 -0.05532963573932648 0.0040137083269655704 -3.9690048694610596 1.8987609148025513 1.637697696685791 738282.4687383128
1.4748854637145996 -0.05776757001876831 0.003982151858508587 -3.955826759338379 2.0735461711883545 1.752116322517395 738282.4687384283
1.4790512323379517 -0.057483308017253876 0.004314792342483997 -4.077163219451904 2.02789306640625 1.9742881059646606 738282.4687385437
1.477201223373413 -0.054099198430776596 0.004027302376925945 -4.244687080383301 2.2198619842529297 2.1734235286712646 738282.4687386475
1.4761745929718018 -0.051379140466451645 0.0036540022119879723 -4.2820234298706055 2.28629994392395 2.360586166381836 738282.468738775
1.4734363555908203 -0.046162199229002 0.0015112119726836681 -4.457497596740723 2.4077353477478027 2.586524248123169 738282.4687388903
1.4709985256195068 -0.04242407903075218 0.0007505987887270749 -4.736050605773926 2.5176148414611816 2.7500033378601074 738282.4687390054
1.4699643850326538 -0.040077220648527145 0.00031311679049395025 -4.9211859703063965 2.476492166519165 2.944528102874756 738282.4687391209
1.4667538404464722 -0.0342380590736866 -0.0009023952297866344 -5.135347843170166 2.389317750930786 3.1273040771484375 738282.4687392479
1.4642467498779297 -0.02910633757710457 -0.002155710943043232 -5.2392258644104 2.356658458709717 3.323949098587036 738282.4687393518
1.4604572057724 -0.02500877156853676 -0.0009190383134409785 -5.247183799743652 2.447908639907837 3.5074384212493896 738282.4687394671
1.457109808921814 -0.017582181841135025 -0.0024860117118805647 -5.357067108154297 2.407989263534546 3.684330701828003 738282.468739571
1.4560602903366089 -0.01676858961582184 -0.0020609316416084766 -5.085214138031006 2.1950371265411377 3.822632074356079 738282.468739698
1.4537433385849 -0.014566026628017426 -0.00218369928188622 -4.673603534698486 2.032559633255005 3.9487550258636475 738282.4687398134
1.4498459100723267 -0.009409098885953426 0.00039692455902695656 -4.133881092071533 2.001652717590332 4.1149163246154785 738282.4687399288
1.446121096611023 -0.00028580334037542343 -0.001291025197133422 -3.5663633346557617 1.9696283340454102 4.344877243041992 738282.4687400443
1.4452109336853027 -3.073224797844887e-05 -3.400037530809641e-05 -2.5272932052612305 1.7138334512710571 4.441241264343262 738282.4687401598
1.442359209060669 0.0031055391300469637 8.957029785960913e-05 -1.6250605583190918 1.392972469329834 4.51772403717041 738282.4687402751
1.441727876663208 0.0033499840646982193 0.0018673237645998597 -0.5613681674003601 0.9456909894943237 4.6042094230651855 738282.4687403905
1.438206672668457 0.008971617557108402 0.0045234886929392815 0.2607167065143585 0.505808413028717 4.718367576599121 738282.468740506
1.4378844499588013 0.01152316015213728 0.005892212502658367 1.0069228410720825 -0.20235653221607208 4.828242778778076 738282.4687406215
1.4361692667007446 0.013758497312664986 0.007275710813701153 1.615302324295044 -0.914840817451477 4.916572093963623 738282.4687407368
1.434214472770691 0.01743125356733799 0.008439505472779274 2.0597786903381348 -1.517438292503357 5.030230522155762 738282.4687408523
1.4324761629104614 0.021086931228637695 0.01509537547826767 2.4434871673583984 -2.0554263591766357 5.116878509521484 738282.4687409677
1.430730938911438 0.025094322860240936 0.01685444824397564 2.709916114807129 -2.5228610038757324 5.200174808502197 738282.4687410832
1.4302161931991577 0.025744859129190445 0.019548095762729645 3.0725059509277344 -2.9592440128326416 5.251887321472168 738282.4687412102
1.4282110929489136 0.028032872825860977 0.02187337353825569 3.3846981525421143 -3.2226855754852295 5.276381015777588 738282.468741314
1.4282371997833252 0.029153795912861824 0.027695870026946068 3.725966691970825 -3.5286357402801514 5.297596454620361 738282.4687414294
1.4276249408721924 0.03046254999935627 0.030632348731160164 3.9699504375457764 -3.7526159286499023 5.300090312957764 738282.4687415449
1.4273419380187988 0.030699580907821655 0.033849384635686874 4.301055908203125 -3.8630616664886475 5.279068946838379 738282.4687416604
1.427454948425293 0.030819477513432503 0.03720243275165558 4.692677021026611 -3.8873839378356934 5.260054111480713 738282.4687417757
1.4268429279327393 0.031110873445868492 0.040579959750175476 5.050573348999023 -3.874174118041992 5.237424373626709 738282.4687419258
1.425563097000122 0.03182848170399666 0.04763147234916687 5.392882823944092 -3.8732903003692627 5.201184272766113 738282.4687420066
1.4258509874343872 0.033258114010095596 0.05123082548379898 5.630165100097656 -3.882760763168335 5.1636271476745605 738282.4687421221
1.4266204833984375 0.033867012709379196 0.05494793504476547 5.835714340209961 -3.9243972301483154 5.114073753356934 738282.4687422375
1.4271860122680664 0.03364939987659454 0.05873972550034523 5.966930389404297 -4.048554420471191 5.06961727142334 738282.4687423529
1.425673007965088 0.02898785099387169 0.0682053416967392 6.178592205047607 -4.082043647766113 5.075848579406738 738282.4687424684
1.4268497228622437 0.02880917675793171 0.0727025717496872 6.133514881134033 -4.172545433044434 5.028059482574463 738282.4687425838
1.4279398918151855 0.028693297877907753 0.07679159939289093 6.028133392333984 -4.2790751457214355 4.981602668762207 738282.4687426992
1.4310681819915771 0.02792481705546379 0.08082155138254166 5.85117244720459 -4.43533992767334 4.922257900238037 738282.4687428261
1.4323148727416992 0.027571791782975197 0.0848717987537384 5.6053619384765625 -4.4244704246521 4.867609024047852 738282.4687429301
1.432456374168396 0.026832785457372665 0.09036867320537567 5.384840488433838 -4.322330474853516 4.822088241577148 738282.4687430455
1.432814598083496 0.026898479089140892 0.09457871317863464 5.1086955070495605 -4.2170796394348145 4.764050483703613 738282.4687431725
1.4308714866638184 0.027700893580913544 0.09895223379135132 4.794642925262451 -4.043444633483887 4.723517894744873 738282.4687432763
1.4311659336090088 0.027715817093849182 0.10320311039686203 4.573047637939453 -3.855363130569458 4.644220352172852 738282.4687434149
1.4315859079360962 0.02144884131848812 0.10859419405460358 4.618030071258545 -3.591879367828369 4.665924549102783 738282.4687435422
1.4319344758987427 0.020881151780486107 0.11336560547351837 4.421309947967529 -3.3962924480438232 4.591289043426514 738282.4687436229
1.432861089706421 0.019634172320365906 0.11761382222175598 4.294455528259277 -3.2938179969787598 4.521561145782471 738282.4687437497
1.4333397150039673 0.01982550323009491 0.1219792515039444 4.099135875701904 -3.1519157886505127 4.4437971115112305 738282.4687438535
1.433716893196106 0.013885733671486378 0.12592390179634094 4.081685543060303 -2.910818099975586 4.474490165710449 738282.4687439805
1.4342502355575562 0.012744879350066185 0.12920865416526794 3.850360155105591 -2.7382287979125977 4.413809776306152 738282.4687440959
1.436177372932434 0.010773753747344017 0.1333179622888565 3.582346200942993 -2.692749261856079 4.3450927734375 738282.4687442114
1.436966896057129 0.00977212842553854 0.1375454217195511 3.2201361656188965 -2.635715961456299 4.277392387390137 738282.4687443267
1.4386719465255737 0.007698817178606987 0.14162565767765045 2.9248929023742676 -2.5651373863220215 4.2199530601501465 738282.4687444422
1.4396930932998657 0.006728796288371086 0.1454610526561737 2.542515754699707 -2.4792137145996094 4.163303852081299 738282.4687445461
1.4413044452667236 0.004775858484208584 0.14959347248077393 2.1618242263793945 -2.432797431945801 4.10582160949707 738282.4687446731
1.4421663284301758 0.0035054991021752357 0.15379662811756134 1.6828441619873047 -2.325049638748169 4.049418926239014 738282.4687447886
1.4436466693878174 0.0012287490535527468 0.15789559483528137 1.2846553325653076 -2.180769681930542 4.008020401000977 738282.4687449039
1.4449570178985596 0.00011656561400741339 0.16208596527576447 0.9451562762260437 -2.041051149368286 3.9446918964385986 738282.4687450079
1.4462623596191406 -0.0020071621984243393 0.163160502910614 0.6377590298652649 -1.917481780052185 3.895827054977417 738282.4687451348
1.4473202228546143 -0.0033354018814861774 0.1672249734401703 0.2829185128211975 -1.7429300546646118 3.8499879837036133 738282.4687452387
1.4490362405776978 -0.00569229107350111 0.17124159634113312 0.03228276968002319 -1.5507838726043701 3.8039379119873047 738282.4687453541
1.4501166343688965 -0.006865381728857756 0.17538416385650635 -0.20838066935539246 -1.357706904411316 3.7587220668792725 738282.4687454811
1.4523154497146606 -0.009116123430430889 0.17642682790756226 -0.4133894741535187 -1.2192097902297974 3.7141261100769043 738282.4687456081
1.4536163806915283 -0.010531031526625156 0.18043303489685059 -0.6183903813362122 -1.0285334587097168 3.6702799797058105 738282.4687457124
1.455436110496521 -0.012434013187885284 0.184441938996315 -0.7947676777839661 -0.8419190049171448 3.635458469390869 738282.4687458278
1.4570083618164062 -0.013334093615412712 0.18853427469730377 -1.0364835262298584 -0.6599377393722534 3.588716506958008 738282.4687459663
1.4588346481323242 -0.016354180872440338 0.19257129728794098 -1.2066758871078491 -0.5129390954971313 3.566826820373535 738282.4687460599
1.4593394994735718 -0.017081106081604958 0.19098012149333954 -1.4259811639785767 -0.33153361082077026 3.544478178024292 738282.4687461754
1.4615691900253296 -0.01959715224802494 0.19481483101844788 -1.6331018209457397 -0.19387087225914001 3.518132209777832 738282.4687462909
1.4626554250717163 -0.021160906180739403 0.1987440139055252 -1.8962887525558472 -0.05785825476050377 3.4882442951202393 738282.4687464064
1.464882731437683 -0.023007452487945557 0.20267575979232788 -2.106971502304077 0.07350814342498779 3.459923028945923 738282.4687465216
1.4654858112335205 -0.024095207452774048 0.20559465885162354 -2.3170220851898193 0.2564600110054016 3.434159517288208 738282.4687466371
1.4670252799987793 -0.026409126818180084 0.2096136510372162 -2.5305912494659424 0.403573602437973 3.411149740219116 738282.4687467526
1.4682778120040894 -0.02754777856171131 0.21371804177761078 -2.7464542388916016 0.5338369607925415 3.3855526447296143 738282.468746868
1.4701178073883057 -0.030045928433537483 0.21783897280693054 -2.8712568283081055 0.661392867565155 3.3613200187683105 738282.4687469834
1.470936894416809 -0.03154969587922096 0.22207370400428772 -3.0357632637023926 0.8040395379066467 3.3346128463745117 738282.4687470988
1.4735593795776367 -0.03319181874394417 0.22575265169143677 -3.17117977142334 0.8773674368858337 3.3026926517486572 738282.4687472143
1.4745498895645142 -0.03501727059483528 0.23007525503635406 -3.2765116691589355 1.025801181793213 3.2738423347473145 738282.4687473298
1.4758940935134888 -0.03603870049118996 0.2344498634338379 -3.3856983184814453 1.1222503185272217 3.232029438018799 738282.4687474453
1.4786608219146729 -0.038057614117860794 0.2388354390859604 -3.4697659015655518 1.16714346408844 3.191150188446045 738282.4687475606
1.4803627729415894 -0.03919636085629463 0.2443787157535553 -3.555851936340332 1.2623977661132812 3.1550798416137695 738282.4687476761
1.4811367988586426 -0.04024949297308922 0.24896568059921265 -3.637078046798706 1.375158667564392 3.117490768432617 738282.4687477915
1.4816049337387085 -0.0412948876619339 0.2536044418811798 -3.7140884399414062 1.4848147630691528 3.073460578918457 738282.4687479071
1.4851486682891846 -0.043058186769485474 0.25824394822120667 -3.7612602710723877 1.5470572710037231 3.0330522060394287 738282.4687480223
1.4867281913757324 -0.043783556669950485 0.26295071840286255 -3.82759690284729 1.6623833179473877 2.9907498359680176 738282.4687481378
1.4875965118408203 -0.04454673454165459 0.2690933048725128 -3.8972318172454834 1.7596973180770874 2.9532787799835205 738282.4687482879
1.4882991313934326 -0.04468252509832382 0.27395695447921753 -3.965331792831421 1.8665775060653687 2.9154114723205566 738282.4687483687
1.4896957874298096 -0.045353613793849945 0.27885451912879944 -4.00299072265625 1.9218337535858154 2.8737521171569824 738282.4687484842
1.4903591871261597 -0.045409683138132095 0.2837826907634735 -4.068380832672119 2.00380802154541 2.8409836292266846 738282.4687485995
1.4939173460006714 -0.0471973717212677 0.2912217974662781 -4.054501533508301 2.013493537902832 2.802173614501953 738282.4687487159
1.495587944984436 -0.0473681204020977 0.2962639629840851 -4.029791831970215 2.0512266159057617 2.767353057861328 738282.4687488311
1.4966797828674316 -0.048117250204086304 0.3012831211090088 -3.9886090755462646 2.116386651992798 2.736394166946411 738282.4687489581
1.4977965354919434 -0.04847358912229538 0.3062414824962616 -3.9640140533447266 2.166093349456787 2.706043004989624 738282.4687490736
1.498874545097351 -0.04876527190208435 0.3111732304096222 -3.87207293510437 2.205892562866211 2.6801507472991943 738282.4687491774
1.5005135536193848 -0.04926681891083717 0.316870778799057 -3.812906265258789 2.252950668334961 2.6545639038085938 738282.4687492929
1.5024505853652954 -0.04974964261054993 0.32173672318458557 -3.808351993560791 2.2916293144226074 2.630188226699829 738282.4687494083
1.5034630298614502 -0.04988011345267296 0.3264925181865692 -3.7680482864379883 2.317960262298584 2.6090362071990967 738282.4687495237
1.502903699874878 -0.04974020645022392 0.33115965127944946 -3.7226645946502686 2.393585443496704 2.584282875061035 738282.4687496508
1.5037782192230225 -0.04980158433318138 0.3332774341106415 -3.6763439178466797 2.450836181640625 2.5613346099853516 738282.4687497661
1.5038951635360718 -0.049717795103788376 0.33770808577537537 -3.5903639793395996 2.546041965484619 2.5428452491760254 738282.46874987
1.5044022798538208 -0.04969384893774986 0.3421308994293213 -3.527582883834839 2.6291282176971436 2.526768922805786 738282.4687499854
