-0.5891052484512329 0.38843750953674316 0.09582408517599106 0.27501168847084045 0.15832164883613586 10.848782539367676 738282.4208333916
-0.5980275869369507 0.3944370746612549 0.07495325803756714 -1.9579445123672485 2.771657943725586 10.673108100891113 738282.4208335071
-0.6009254455566406 0.39339616894721985 0.12574857473373413 -1.8364614248275757 1.821084976196289 11.29053020477295 738282.4208336226
-0.5995020270347595 0.39376625418663025 0.14644478261470795 -0.9688174724578857 1.432743787765503 10.917623519897461 738282.4208337379
-0.6014134883880615 0.3917953670024872 0.15256910026073456 -0.6206726431846619 0.5666612982749939 11.43773078918457 738282.420833842
-0.6007270216941833 0.38951924443244934 0.10871277749538422 -0.36038467288017273 -0.39163899421691895 11.93381118774414 738282.4208339689
-0.6013167500495911 0.3923056721687317 0.11648793518543243 -0.7499256134033203 0.3255089223384857 11.555099487304688 738282.4208340959
-0.6002828478813171 0.39091476798057556 0.11921001970767975 -0.08292610943317413 -0.046986810863018036 11.5528564453125 738282.4208341999
-0.6000235676765442 0.3898385465145111 0.11761506646871567 0.10124368220567703 -0.40955179929733276 11.740078926086426 738282.4208343152
-0.5999333262443542 0.39021703600883484 0.11955718696117401 0.024202117696404457 -0.34120404720306396 11.703890800476074 738282.4208344884
-0.6032962799072266 0.3978460431098938 0.10319174081087112 -1.0826996564865112 1.8586817979812622 10.499940872192383 738282.4208345462
-0.6049544215202332 0.3978773355484009 0.11360624432563782 -0.74769127368927 1.7494627237319946 10.41264820098877 738282.4208346616
-0.607628583908081 0.39600029587745667 0.14571119844913483 -0.4273981750011444 0.5781409740447998 11.081701278686523 738282.420834777
-0.6075009107589722 0.3948996961116791 0.14728404581546783 -0.17308945953845978 -0.035589657723903656 11.319385528564453 738282.4208348924
-0.6036682724952698 0.39281484484672546 0.10236367583274841 0.10083761066198349 -0.5980934500694275 11.44371223449707 738282.4208350078
-0.6056031584739685 0.39490628242492676 0.11009020358324051 -0.1908959001302719 0.15355384349822998 11.15284538269043 738282.4208351118
-0.6053023338317871 0.3944680988788605 0.11079373955726624 -0.09381980448961258 -0.3018718659877777 11.319205284118652 738282.4208352271
-0.6053290367126465 0.3944425880908966 0.1106950044631958 -0.01747843623161316 -0.31307291984558105 11.315510749816895 738282.4208353541
-0.604681670665741 0.39396917819976807 0.10935208201408386 0.10968177020549774 -0.5847921371459961 11.398052215576172 738282.4208354594
-0.6045969128608704 0.3931051790714264 0.07682280987501144 0.17359361052513123 0.09832874685525894 11.243986129760742 738282.4208355752
-0.6030608415603638 0.3920227587223053 0.07787106186151505 0.45136988162994385 -0.6086421608924866 11.38422966003418 738282.4208357019
-0.6054354906082153 0.3924453556537628 0.0832442045211792 0.2510284185409546 0.07477742433547974 11.330504417419434 738282.4208358057
-0.6053786873817444 0.39252206683158875 0.08245664834976196 0.23851369321346283 -0.007961113005876541 11.305031776428223 738282.4208359573
-0.6022059917449951 0.39163732528686523 0.052947789430618286 0.4819626808166504 -0.6143527626991272 11.266952514648438 738282.4208360497
-0.6037616729736328 0.3937574028968811 0.058000944554805756 -0.11545319110155106 0.0003443925816100091 11.11351490020752 738282.4208361651
-0.6022239327430725 0.3928399384021759 0.06088390201330185 0.28607961535453796 -0.643745481967926 11.18000602722168 738282.4208362806
-0.6026098728179932 0.3943045735359192 0.06305170059204102 -0.06653247028589249 -0.2803153097629547 11.039617538452148 738282.4208363963
-0.6026757955551147 0.39363613724708557 0.062136776745319366 0.12102965265512466 -0.3925955295562744 11.123875617980957 738282.4208364999
-0.6066712737083435 0.3926682770252228 0.03914940729737282 0.007142230402678251 0.8473385572433472 11.222119331359863 738282.4208366268
-0.6038883328437805 0.3888947665691376 0.06951472163200378 1.3445308208465576 -0.6581506133079529 11.425148963928223 738282.4208367307
-0.6050537824630737 0.3881445527076721 0.07794343680143356 1.1244808435440063 -0.280629962682724 11.477884292602539 738282.4208368576
-0.6044671535491943 0.3893577456474304 0.08488611876964569 0.6550194621086121 -0.1904394030570984 11.297931671142578 738282.4208369616
-0.6036170721054077 0.3899451494216919 0.05518491938710213 0.48931562900543213 -0.2425708770751953 11.198393821716309 738282.420837077
-0.6000203490257263 0.38732993602752686 0.053192224353551865 1.489017128944397 -1.0490202903747559 11.13123607635498 738282.4208372042
-0.598919153213501 0.38238757848739624 0.020884279161691666 2.544668674468994 -1.509476900100708 11.489293098449707 738282.4208373079
-0.5985352993011475 0.3809106647968292 0.05430322140455246 2.0210211277008057 -1.0778136253356934 11.474028587341309 738282.420837481
-0.5932747721672058 0.3822169303894043 0.05323096364736557 1.8489995002746582 -1.3447916507720947 10.877264022827148 738282.4208375503
-0.6055538058280945 0.3770478367805481 0.0592467226088047 0.6705825328826904 0.420809268951416 12.33024787902832 738282.4208376657
-0.6007874011993408 0.37856462597846985 0.06575542688369751 0.7103903293609619 -0.042777273803949356 11.700255393981934 738282.4208377812
-0.5933808088302612 0.38396257162094116 0.06642117351293564 0.15427038073539734 -0.6125125288963318 10.635826110839844 738282.4208378965
-0.5950981974601746 0.384074866771698 0.06463723629713058 -0.1482650190591812 -0.20479349792003632 10.780156135559082 738282.420838012
-0.592778205871582 0.38677915930747986 0.04573941230773926 -0.17150205373764038 -0.6857545971870422 10.486692428588867 738282.4208381277
-0.595822811126709 0.3847034275531769 0.04968341067433357 -0.04835698753595352 0.02839396893978119 10.800436019897461 738282.4208382432
-0.5942055583000183 0.3856368064880371 0.05015731602907181 -0.1607303023338318 -0.30195707082748413 10.676180839538574 738282.4208383585
-0.594458818435669 0.385527640581131 0.049539126455783844 -0.11885937303304672 -0.1670217216014862 10.68922233581543 738282.4208384737
-0.5943871140480042 0.3825594484806061 0.051530152559280396 0.5183619856834412 -0.43911898136138916 10.947450637817383 738282.4208385895
-0.5953211188316345 0.3893347680568695 0.05485277622938156 -1.1970270872116089 0.950269341468811 10.262598037719727 738282.4208387046
-0.5961397886276245 0.38993507623672485 0.05801783502101898 -1.1432909965515137 0.8374122381210327 10.289750099182129 738282.4208389239
-0.5972065925598145 0.39047446846961975 0.06055036932229996 -1.1647599935531616 0.6262688636779785 10.415367126464844 738282.4208389586
-0.5976994037628174 0.39139002561569214 0.062031641602516174 -1.0524449348449707 0.6516990661621094 10.344401359558105 738282.4208390509
-0.5990153551101685 0.3893279433250427 0.049333516508340836 -0.4745149314403534 -0.04180547595024109 10.788673400878906 738282.4208391663
-0.6000478863716125 0.3901524841785431 0.04843800514936447 -0.7790085673332214 -0.12222450971603394 10.949490547180176 738282.4208392818
-0.5989730954170227 0.3908204436302185 0.0507829375565052 -0.3641343414783478 0.09139395505189896 10.654536247253418 738282.4208393972
-0.5978878736495972 0.3850991427898407 0.04490957409143448 1.536934494972229 -0.5563941597938538 10.913419723510742 738282.4208395126
-0.5969217419624329 0.3849135637283325 0.05139540880918503 1.2213739156723022 -0.8335105776786804 10.968300819396973 738282.4208396281
-0.6006130576133728 0.38941454887390137 0.08060993999242783 -0.4541235566139221 0.9404782652854919 10.688469886779785 738282.420839755
-0.5993589758872986 0.38932543992996216 0.0981767475605011 -0.1324097216129303 0.10762839764356613 10.737149238586426 738282.4208398589
-0.59941565990448 0.38937219977378845 0.10075470805168152 -0.052747368812561035 0.06836777180433273 10.727714538574219 738282.4208399743
-0.5972363948822021 0.3881128430366516 0.10451987385749817 0.47165554761886597 -0.7605209350585938 10.811211585998535 738282.4208400899
-0.5961756110191345 0.3878542184829712 0.07242695987224579 0.39289772510528564 -0.7657639384269714 10.759886741638184 738282.4208402052
-0.5971551537513733 0.3946409821510315 0.08924434334039688 -1.2737966775894165 0.32935860753059387 10.250686645507812 738282.420840436
-0.5976965427398682 0.3950931429862976 0.0959613025188446 -1.0594345331192017 0.23629067838191986 10.307873725891113 738282.4208404477
-0.5981705784797668 0.39490851759910583 0.10431703180074692 -0.5151938796043396 0.572149932384491 10.158360481262207 738282.4208405515
-0.5986579060554504 0.39409974217414856 0.11412900686264038 -0.37973731756210327 -0.14495255053043365 10.539950370788574 738282.4208406673
-0.5996521711349487 0.3995751738548279 0.08438260108232498 -1.6886323690414429 0.8095408082008362 10.056157112121582 738282.4208407823
-0.6016615629196167 0.3961741626262665 0.1245836615562439 -0.8172180652618408 -0.6630167365074158 11.10021686553955 738282.4208409094
-0.6007719039916992 0.39789554476737976 0.13082677125930786 -0.7072017192840576 -0.37340259552001953 10.83123779296875 738282.4208410132
-0.60079425573349 0.39829713106155396 0.1330852508544922 -0.649413526058197 -0.4937148094177246 10.936038970947266 738282.4208411402
-0.599568784236908 0.3960164785385132 0.09120023250579834 -0.23465996980667114 -0.33292901515960693 10.807445526123047 738282.4208412444
-0.5987978577613831 0.3992203176021576 0.09453900158405304 -0.40879854559898376 0.3592187464237213 10.200470924377441 738282.4208413595
-0.5992080569267273 0.39937859773635864 0.09479133784770966 -0.2941564917564392 0.41218340396881104 10.166120529174805 738282.4208414753
-0.599533200263977 0.3991135060787201 0.09595587849617004 -0.1494246870279312 0.31357163190841675 10.21739387512207 738282.4208416021
-0.5980583429336548 0.3961554169654846 0.10065314918756485 0.3494355082511902 -0.9582391977310181 10.830962181091309 738282.4208417174
-0.5998057723045349 0.3947354853153229 0.08563967794179916 0.6070845127105713 0.2776423990726471 10.498841285705566 738282.420841902
-0.5962494611740112 0.39574316143989563 0.09306029975414276 0.5103645920753479 -0.7703534364700317 10.535496711730957 738282.4208419367
-0.5974055528640747 0.3967653512954712 0.10146351903676987 0.2534923553466797 -0.3261333703994751 10.513750076293945 738282.4208420523
-0.5962422490119934 0.3970417380332947 0.10172399133443832 0.2537420690059662 -0.48933351039886475 10.474982261657715 738282.4208421791
-0.5965823531150818 0.39561209082603455 0.06785028427839279 0.24289757013320923 -0.257149875164032 10.476127624511719 738282.4208422829
-0.5967088341712952 0.39553743600845337 0.06673697382211685 0.24116235971450806 -0.1743527501821518 10.4852876663208 738282.4208423984
-0.5981792211532593 0.3950217068195343 0.0653691440820694 0.2363731414079666 0.14864994585514069 10.555829048156738 738282.4208425257
-0.596808135509491 0.39497047662734985 0.0661391019821167 0.36250096559524536 -0.12948812544345856 10.498454093933105 738282.4208426294
-0.596824049949646 0.3955288231372833 0.06571058928966522 0.19696880877017975 -0.07466325163841248 10.476311683654785 738282.4208427448
-0.599203884601593 0.394803524017334 0.03864588961005211 0.06028226017951965 0.3812800943851471 10.558026313781738 738282.4208428718
-0.5967416763305664 0.39547020196914673 0.041057705879211426 0.1612999141216278 -0.13795331120491028 10.423389434814453 738282.4208430334
-0.5966729521751404 0.39420899748802185 0.039308249950408936 0.4889439344406128 -0.07714813202619553 10.440949440002441 738282.4208431605
-0.5968114733695984 0.395169734954834 0.03987155109643936 0.16578741371631622 -0.0330098420381546 10.432962417602539 738282.4208432528
-0.5996568202972412 0.39408794045448303 0.022870497778058052 0.16819298267364502 0.5123845338821411 10.570582389831543 738282.4208433912
-0.5993870496749878 0.39895665645599365 0.0234768558293581 -1.1358380317687988 0.03709056228399277 10.602928161621094 738282.4208434605
-0.5970812439918518 0.4029645323753357 -0.010325860232114792 -2.013561487197876 -1.3276422023773193 10.829791069030762 738282.4208435644
-0.5966063141822815 0.4036126732826233 0.008205216377973557 -1.5970866680145264 -1.2860606908798218 10.960941314697266 738282.4208436798
-0.5955321788787842 0.40560880303382874 0.01812124252319336 -1.4148012399673462 -0.9898058772087097 10.81825065612793 738282.4208437838
-0.5899154543876648 0.4135921895503998 0.017622334882616997 -1.6855214834213257 0.23979976773262024 9.280503273010254 738282.4208439107
-0.5989115238189697 0.4044867157936096 0.05242190882563591 -0.6665836572647095 -1.5082463026046753 11.930849075317383 738282.4208440261
-0.5987908244132996 0.4033302962779999 0.05581539124250412 -0.10943067073822021 -1.2716498374938965 12.095061302185059 738282.4208441415
-0.5957888960838318 0.40695860981941223 0.06415999680757523 -0.30222415924072266 -0.8273410797119141 11.578146934509277 738282.420844257
-0.5937480926513672 0.4098680317401886 0.04771856591105461 -0.32542797923088074 0.4838789105415344 10.515543937683105 738282.4208443608
-0.5945079922676086 0.4084324836730957 0.06350605934858322 -0.06261909753084183 -0.5013970732688904 11.287591934204102 738282.4208444994
-0.5943061113357544 0.4091874659061432 0.06656671315431595 -0.02173810824751854 -0.1239050030708313 11.151633262634277 738282.4208446032
-0.593708872795105 0.40911805629730225 0.06762326508760452 0.08053653687238693 -0.317607581615448 11.232070922851562 738282.4208447187
-0.5936735272407532 0.40912455320358276 0.06889048218727112 0.1554521769285202 -0.1534544676542282 11.224358558654785 738282.4208448803
-0.5911069512367249 0.4018977880477905 0.04057655856013298 1.6576998233795166 -1.2461836338043213 11.51230239868164 738282.4208449495
-0.5892378687858582 0.4025404155254364 0.05003975331783295 1.3882287740707397 -1.155644178390503 11.471147537231445 738282.420845065
-0.5872021913528442 0.40507936477661133 0.06598378717899323 0.7664684653282166 -0.9434419274330139 11.32801628112793 738282.4208451805
-0.5903134346008301 0.40069979429244995 0.06881587207317352 1.2289482355117798 -0.5889148116111755 11.949661254882812 738282.420845296
-0.5897236466407776 0.4034019410610199 0.0546412356197834 0.3597433567047119 -0.24236156046390533 11.586915969848633 738282.4208454117
-0.595657467842102 0.40785452723503113 0.04439549520611763 -1.452157974243164 1.0138931274414062 11.651864051818848 738282.4208455272
-0.5969874858856201 0.4075844883918762 0.05105197802186012 -1.080162525177002 1.2031737565994263 11.738746643066406 738282.4208456426
-0.5947759747505188 0.4078177809715271 0.06646299362182617 -0.5345366597175598 0.8925790786743164 11.594482421875 738282.420845758
-0.5940768718719482 0.4079778492450714 0.05180484056472778 -0.3367612063884735 0.39104771614074707 11.578268051147461 738282.4208458734
-0.5961085557937622 0.4087581932544708 0.05231689661741257 -0.458134263753891 1.1488085985183716 11.450757026672363 738282.4208459896
-0.596610426902771 0.40931978821754456 0.055741630494594574 -0.5607942938804626 0.7931596040725708 11.61818790435791 738282.4208461052
-0.5933758020401001 0.4097035825252533 0.06022185459733009 -0.04085192829370499 0.38899222016334534 11.300871849060059 738282.4208462207
-0.5922516584396362 0.4098297357559204 0.05937482416629791 0.11070135235786438 0.20925931632518768 11.220658302307129 738282.4208463938
-0.591998279094696 0.4087189733982086 0.04186904802918434 0.7387100458145142 1.1122221946716309 10.685895919799805 738282.4208464514
-0.593914270401001 0.4097423851490021 0.05820994824171066 -0.08041927963495255 0.4540330767631531 11.246249198913574 738282.4208465669
-0.5939862728118896 0.40976548194885254 0.05964555963873863 0.06570792943239212 0.6540279984474182 11.136221885681152 738282.4208466824
-0.5930153131484985 0.40985050797462463 0.060285910964012146 0.2460799664258957 0.5985025763511658 10.975092887878418 738282.4208467978
-0.5947268605232239 0.4097399413585663 0.039827242493629456 -0.06260685622692108 0.5372380018234253 11.245347023010254 738282.4208469132
-0.59298175573349 0.40978237986564636 0.04008660465478897 0.27717429399490356 0.5107912421226501 10.971516609191895 738282.4208470287
-0.5927005410194397 0.4101925492286682 0.039713867008686066 0.1366051286458969 0.2912796139717102 11.01884651184082 738282.4208471441
-0.5932871103286743 0.4100508391857147 0.03984316438436508 0.15957292914390564 0.45902642607688904 11.025884628295898 738282.4208472595
-0.5901753902435303 0.41014572978019714 0.03896762803196907 0.5090256333351135 0.1204860508441925 10.731637001037598 738282.4208473868
-0.6019906997680664 0.40895670652389526 0.0385715514421463 -0.5518757104873657 1.625917673110962 11.738204956054688 738282.420847502
-0.5977621078491211 0.41047605872154236 0.0627550557255745 -0.2293272465467453 0.7267204523086548 11.317669868469238 738282.4208476173
-0.5977551341056824 0.4104848802089691 0.06432363390922546 0.016189955174922943 0.9714325666427612 11.116132736206055 738282.4208477214
-0.5901399254798889 0.41079458594322205 0.0697038322687149 0.975701630115509 0.3048006594181061 10.228795051574707 738282.4208479422
-0.5926730632781982 0.4102037250995636 0.05394241586327553 0.5243600606918335 0.4261299669742584 10.61873722076416 738282.4208479538
-0.5889069437980652 0.40994590520858765 0.05110133811831474 0.9643842577934265 0.1405806690454483 10.214856147766113 738282.4208480692
-0.587283730506897 0.40996962785720825 0.050253499299287796 0.906825065612793 -0.06737911701202393 10.113964080810547 738282.4208481846
-0.5878989100456238 0.40928733348846436 0.05239259824156761 0.8010123372077942 0.03739548847079277 10.207643508911133 738282.4208483116
-0.5884702205657959 0.4088928997516632 0.05402194708585739 0.6489620804786682 0.11730119585990906 10.289527893066406 738282.4208484271
-0.5991677641868591 0.41009142994880676 0.03673625737428665 -1.0149308443069458 1.0953911542892456 11.39948558807373 738282.4208485426
-0.5869524478912354 0.4083766043186188 0.10483819246292114 0.9495589733123779 -0.2156044989824295 10.006810188293457 738282.4208486464
-0.5865444540977478 0.40800052881240845 0.1094558984041214 0.8267900943756104 -0.21241971850395203 10.019943237304688 738282.4208487734
-0.5855733156204224 0.40810704231262207 0.11329979449510574 0.6760079860687256 -0.2773580849170685 9.97972297668457 738282.4208488773
-0.587601900100708 0.40811818838119507 0.08045400679111481 0.4675517678260803 0.062454838305711746 10.25402545928955 738282.4208489927
-0.5930202007293701 0.4062681794166565 0.08249042183160782 0.30909407138824463 0.809827446937561 10.683445930480957 738282.4208491197
-0.5883315205574036 0.4078156054019928 0.09248329699039459 0.27684879302978516 0.10512465238571167 10.2872314453125 738282.4208492235
-0.5881251096725464 0.4064589738845825 0.09489022940397263 0.5558111071586609 0.1734035611152649 10.277771949768066 738282.4208494558
-0.588428258895874 0.40654727816581726 0.09774939715862274 0.3820270001888275 0.22222687304019928 10.307930946350098 738282.4208494679
-0.601421058177948 0.40807482600212097 0.06137758865952492 -0.8922446966171265 1.8554679155349731 11.244696617126465 738282.4208495828
-0.5903725028038025 0.40302225947380066 0.13587716221809387 1.254070520401001 0.9913473725318909 9.889878273010254 738282.4208496866
-0.5919202566146851 0.4022553265094757 0.14617370069026947 0.9107471704483032 0.9135181307792664 10.07047176361084 738282.4208498136
-0.5895276069641113 0.40283137559890747 0.1531771570444107 0.7277539372444153 0.41052520275115967 9.928629875183105 738282.4208499175
-0.5884156823158264 0.4037559926509857 0.1063326820731163 0.723838210105896 0.29055359959602356 9.94146728515625 738282.4208500445
-0.5893890261650085 0.40488308668136597 0.11107267439365387 0.18008524179458618 0.17140793800354004 10.140942573547363 738282.42085016
-0.583573579788208 0.40350377559661865 0.1123894676566124 0.8732818365097046 -0.25615280866622925 9.64129638671875 738282.4208502638
-0.585004448890686 0.4042968153953552 0.12109088152647018 0.35979461669921875 -0.11384987086057663 9.796499252319336 738282.4208503908
-0.5838805437088013 0.40462547540664673 0.12243109941482544 0.28778550028800964 -0.20022355020046234 9.749865531921387 738282.4208505062
-0.5912096500396729 0.4040755331516266 0.08435693383216858 0.08431507647037506 0.8608208298683167 10.299221992492676 738282.4208506101
-0.586108386516571 0.4050007164478302 0.09779936820268631 0.1672336310148239 -0.07239562273025513 9.953237533569336 738282.4208507255
-0.588080108165741 0.4034712314605713 0.10218638926744461 0.3301744759082794 0.4088776409626007 10.045838356018066 738282.4208509102
-0.5849176049232483 0.40359216928482056 0.10526388883590698 0.4444544315338135 -0.18368472158908844 9.884995460510254 738282.4208509679
-0.5867325663566589 0.4033646285533905 0.07113015651702881 0.4939371645450592 0.21013064682483673 10.042588233947754 738282.4208510834
-0.5854315757751465 0.404215544462204 0.07132603973150253 0.2406921237707138 -0.02087371051311493 9.958847999572754 738282.4208511988
-0.5862060189247131 0.405412882566452 0.07093381881713867 -0.21432392299175262 0.19742938876152039 9.969876289367676 738282.4208513142
-0.5854576826095581 0.40347132086753845 0.07565833628177643 0.3631204664707184 0.09262337535619736 9.972577095031738 738282.4208514297
-0.5854339599609375 0.4041053354740143 0.0767299085855484 0.07370869070291519 0.15046879649162292 9.9497652053833 738282.4208515451
-0.5885266661643982 0.4062679708003998 0.04536281153559685 -0.5101755857467651 0.8882375955581665 9.99476146697998 738282.4208516491
-0.5889376997947693 0.40879136323928833 0.040866199880838394 -1.301675796508789 0.3484705984592438 10.179276466369629 738282.4208517759
-0.5861634016036987 0.4029039144515991 0.07957294583320618 0.27731025218963623 -1.2878814935684204 10.727141380310059 738282.4208518914
-0.585123598575592 0.40194129943847656 0.08064039051532745 0.5367175340652466 -1.1551172733306885 10.752182960510254 738282.4208520068
-0.5841126441955566 0.40267014503479004 0.060281071811914444 0.4308491349220276 -0.8229687809944153 10.588077545166016 738282.4208521107
-0.5831456780433655 0.4039136469364166 0.06521683186292648 0.12453189492225647 -0.36655193567276 10.351853370666504 738282.4208522376
-0.5830873250961304 0.40366771817207336 0.06457670778036118 0.1559676080942154 -0.17437122762203217 10.357471466064453 738282.4208523883
-0.5823554992675781 0.40604615211486816 0.06355991959571838 -0.35034579038619995 0.3047631084918976 10.02227783203125 738282.4208524686
-0.5815497636795044 0.40464407205581665 0.07159236818552017 6.819547706982121e-05 -0.29881349205970764 10.27241039276123 738282.4208525955
-0.5827410817146301 0.40471214056015015 0.0479290634393692 0.05950022116303444 0.2730320692062378 10.157485961914062 738282.4208526994
-0.5821208953857422 0.4044724106788635 0.04755447059869766 0.10520925372838974 0.03887901455163956 10.198873519897461 738282.4208528148
-0.5815368294715881 0.40553683042526245 0.04650354012846947 -0.1890019178390503 0.06303878873586655 10.113112449645996 738282.4208529303
-0.5816523432731628 0.40415632724761963 0.046894293278455734 0.24894508719444275 0.1456012725830078 10.182909965515137 738282.4208530457
-0.584121584892273 0.4054590165615082 0.0296008363366127 -0.20928627252578735 1.2298223972320557 9.967724800109863 738282.4208531613
-0.5868736505508423 0.4066486358642578 0.01604960486292839 -0.6939754486083984 1.7449095249176025 9.955170631408691 738282.4208532765
-0.5813091397285461 0.4055464565753937 0.04487587884068489 0.7668691873550415 1.196635365486145 9.30176067352295 738282.420853392
-0.5827834010124207 0.40479499101638794 0.04694132134318352 0.5776792168617249 1.2072744369506836 9.435615539550781 738282.4208535078
-0.5800873041152954 0.4047348201274872 0.0353068970143795 0.7236907482147217 0.35247430205345154 9.25083065032959 738282.4208536232
-0.5807946920394897 0.40412604808807373 0.03536489978432655 0.5419991612434387 0.35763970017433167 9.36859130859375 738282.4208537388
-0.5814958214759827 0.4037540555000305 0.03491726145148277 0.3350163996219635 0.35712531208992004 9.4795560836792 738282.4208539003
-0.5849092602729797 0.4033888578414917 0.03566713631153107 -0.21023884415626526 0.7464601993560791 9.845123291015625 738282.4208539695
-0.581638514995575 0.4033520817756653 0.042589057236909866 0.3672645390033722 0.2754368484020233 9.462483406066895 738282.4208540851
-0.5914316177368164 0.4037243723869324 0.038640644401311874 -1.3628970384597778 1.6299893856048584 10.419095993041992 738282.4208542119
-0.587350070476532 0.40305426716804504 0.09213931113481522 -0.34223538637161255 0.16946697235107422 10.097912788391113 738282.4208543162
-0.5879607200622559 0.4036816358566284 0.09651146829128265 -0.4646393358707428 0.45941483974456787 10.050853729248047 738282.4208544315
-0.5882951617240906 0.404107928276062 0.09884098172187805 -0.4868541359901428 0.47990188002586365 10.041443824768066 738282.420854547
-0.587005615234375 0.40395596623420715 0.06950756907463074 -0.22685912251472473 0.17973874509334564 10.049593925476074 738282.4208546624
-0.5894469022750854 0.40660953521728516 0.07342158257961273 -1.2861435413360596 0.6590433716773987 10.139466285705566 738282.4208547893
-0.5888789296150208 0.4030096232891083 0.10855075716972351 0.2427465319633484 -0.3502676784992218 10.401618003845215 738282.4208548933
-0.5888563394546509 0.4042537212371826 0.12005845457315445 -0.07980339974164963 0.015553698875010014 10.241643905639648 738282.4208550203
-0.5883331894874573 0.403352826833725 0.12120910733938217 0.17712263762950897 -0.23065629601478577 10.339153289794922 738282.4208551241
-0.5904974341392517 0.41438236832618713 0.11855482310056686 -2.4677467346191406 2.365234375 9.201573371887207 738282.4208552396
-0.5931828618049622 0.41528981924057007 0.14695994555950165 -2.0382847785949707 1.9930624961853027 9.326252937316895 738282.4208553666
-0.5954462885856628 0.41706931591033936 0.15224814414978027 -2.0019948482513428 1.950668454170227 9.337174415588379 738282.420855482
-0.5944629907608032 0.4183553159236908 0.16967564821243286 -1.2611771821975708 1.686286211013794 8.918570518493652 738282.420855586
-0.5954170823097229 0.41525235772132874 0.1267387866973877 -0.9832497239112854 1.1346988677978516 9.455484390258789 738282.4208557131
-0.5955518484115601 0.41653379797935486 0.12910637259483337 -0.8701098561286926 1.1946488618850708 9.236701965332031 738282.4208558283
-0.5939978957176208 0.41626983880996704 0.13379058241844177 -0.32558926939964294 0.9136893153190613 8.989944458007812 738282.4208559322
-0.594737708568573 0.4165271818637848 0.13619662821292877 -0.2913192808628082 0.8868464827537537 8.979389190673828 738282.4208560592
-0.5955491065979004 0.4156138598918915 0.1388082653284073 -0.202641561627388 0.4805603325366974 9.273256301879883 738282.420856163
-0.6006575226783752 0.4202573895454407 0.10677538812160492 -1.394239068031311 2.2757155895233154 8.866132736206055 738282.4208562785
-0.6116740107536316 0.41974198818206787 0.11123988032341003 -2.401930332183838 1.4335441589355469 10.708100318908691 738282.420856394
-0.6147390604019165 0.41798582673072815 0.15360498428344727 -1.5035107135772705 0.08097762614488602 11.505505561828613 738282.4208565095
-0.6135501265525818 0.42037543654441833 0.15950652956962585 -1.2972809076309204 0.2594580054283142 11.113946914672852 738282.4208566367
-0.6073765158653259 0.41483551263809204 0.11263666301965714 -0.43436816334724426 -0.3620191812515259 11.231548309326172 738282.4208568563
-0.6098237037658691 0.41639143228530884 0.10998062044382095 -1.231736660003662 -0.9368234872817993 12.031600952148438 738282.4208568678
-0.6093510985374451 0.41642025113105774 0.11522173881530762 -0.8306863903999329 -0.8415095210075378 12.025601387023926 738282.420856995
-0.6120219230651855 0.4022465944290161 0.10402127355337143 1.0943920612335205 -1.7944201231002808 13.788126945495605 738282.4208571224
-0.6107168793678284 0.4074523150920868 0.1275986135005951 0.4752389192581177 -1.541946530342102 13.42854118347168 738282.4208572259
-0.6037903428077698 0.41761913895606995 0.11741064488887787 -0.7111614346504211 -0.31258851289749146 11.60641098022461 738282.4208573297
-0.599492073059082 0.41957083344459534 0.1218477338552475 -0.8328112363815308 -1.7219552993774414 11.879847526550293 738282.4208574336
-0.5994400382041931 0.4213697910308838 0.13173425197601318 -0.8277744054794312 -1.1038765907287598 11.772799491882324 738282.4208575606
-0.6023482084274292 0.4174624979496002 0.13606934249401093 -0.2723621428012848 -1.3115302324295044 12.677006721496582 738282.4208576761
-0.5983681082725525 0.420767217874527 0.10156389325857162 -0.5859799981117249 -0.15185435116291046 11.39752197265625 738282.4208577914
-0.5822470188140869 0.44257038831710815 0.08662863075733185 -2.8681223392486572 1.0283458232879639 7.803473472595215 738282.4208578954
-0.5842692255973816 0.4433136284351349 0.098909392952919 -2.401974678039551 1.2391986846923828 8.013413429260254 738282.4208580223
-0.5867628455162048 0.44199731945991516 0.1259293407201767 -1.6340850591659546 0.712600827217102 8.813258171081543 738282.4208581378
-0.5881616473197937 0.4417365491390228 0.1285591572523117 -1.3497501611709595 0.4684085249900818 9.153891563415527 738282.4208582417
-0.5877602696418762 0.43806707859039307 0.09511323273181915 -0.40072503685951233 1.2197048664093018 8.552815437316895 738282.4208584032
-0.5898625254631042 0.437285840511322 0.1017725020647049 -0.41577085852622986 0.3805862069129944 9.295896530151367 738282.4208584841
-0.5888685584068298 0.4392153322696686 0.10310113430023193 -0.3458719253540039 0.9047176241874695 8.852570533752441 738282.420858588
-0.5891150236129761 0.4395565986633301 0.10570240765810013 -0.3749958872795105 0.3681162893772125 9.130488395690918 738282.4208587034
-0.5914834141731262 0.43614575266838074 0.07612612098455429 -0.0961095467209816 0.9760886430740356 9.115757942199707 738282.4208588216
-0.6004650592803955 0.440822035074234 0.07084931433200836 -1.7707111835479736 2.699068546295166 9.36987018585205 738282.4208589486
-0.5899315476417542 0.45287925004959106 0.16598375141620636 -1.170111894607544 0.7266099452972412 8.543054580688477 738282.4208590525
