0.1815154254436493 0.2723800837993622 0.057468339800834656 1.3412500619888306 -1.1159608364105225 -1.7745933532714844 738282.4159757153
0.1813051402568817 0.2723447382450104 0.059286586940288544 1.3462767601013184 -1.128571629524231 -1.7747751474380493 738282.4159758306
0.1813269704580307 0.27333563566207886 0.06110091879963875 1.0369551181793213 -1.3934299945831299 -1.6580190658569336 738282.415975946
0.0 0.0 0.0 0.0 0.0 0.0 738282.4159760615
5.7459717936581e-05 -0.004282978363335133 7.323380947113037 0.00035849373671226203 -0.1418985277414322 0.0008935541263781488 738282.4159762808
9.188699186779559e-05 -0.008512125350534916 7.323040008544922 -0.05130286142230034 -0.11803317070007324 0.003075108863413334 738282.4159763154
0.0001393700804328546 -0.012794100679457188 7.323545932769775 0.06559311598539352 -0.20488883554935455 0.004640683066099882 738282.4159764078
0.0011650894302874804 0.18880799412727356 4.540958881378174 -42.49247741699219 -0.9523016214370728 -0.2907794415950775 738282.4159765117
0.0006750863394699991 0.20685985684394836 4.486066818237305 -42.349815368652344 -0.9495742321014404 -0.28837281465530396 738282.4159766271
0.00042871461482718587 0.22596395015716553 4.43140172958374 -42.070106506347656 -0.7193179130554199 -0.2324381321668625 738282.415976754
8.179261931218207e-05 0.24548590183258057 4.375484943389893 -42.13247299194336 -0.7161052823066711 -0.2315739542245865 738282.4159768696
-0.001647074124775827 0.2673037052154541 4.321379661560059 -41.5976676940918 -1.2254679203033447 -0.30677536129951477 738282.4159769735
0.0 0.0 0.0 0.0 0.0 0.0 738282.4159771004
0.0012304969131946564 0.0023953625932335854 0.057447563856840134 0.24305176734924316 -0.6989498138427734 0.001508487039245665 738282.4159772043
0.00254426128230989 0.004697378259152174 0.1180102527141571 2.8650169372558594 0.007314650341868401 0.015800831839442253 738282.4159773317
0.0033797963988035917 0.00592743419110775 0.12217901647090912 5.980407238006592 1.3211466073989868 -0.028509577736258507 738282.4159774472
0.0019158938666805625 0.003147667972370982 0.054288350045681 8.63719367980957 4.049050807952881 -0.21911025047302246 738282.4159775624
0.004146888852119446 0.0032568841706961393 0.05966239422559738 9.948494911193848 -1.9601361751556396 -0.07269416004419327 738282.4159777586
0.003973308019340038 0.004549243487417698 0.06987269967794418 7.795867443084717 2.3649697303771973 -0.09074441343545914 738282.4159778045
0.004031832329928875 0.004583544563502073 0.06942418962717056 8.175524711608887 3.0741848945617676 -0.09937039017677307 738282.4159779086
0.0051842001266777515 0.004039465449750423 0.04968949779868126 7.269485950469971 -1.2732001543045044 -0.141088604927063 738282.4159780241
0.005346652586013079 0.0033511340152472258 0.0495697557926178 8.872424125671387 0.08078629523515701 -0.1305581033229828 738282.4159781393
0.005509959068149328 0.003320187097415328 0.05020720139145851 8.021409034729004 0.8876072764396667 -0.11237318813800812 738282.4159782546
0.0048225331120193005 0.002417445182800293 0.04832053929567337 9.135274887084961 2.8866004943847656 -0.10812102258205414 738282.4159783705
0.005707003641873598 0.0023793145082890987 0.05396280810236931 7.484739303588867 1.2114158868789673 -0.08495005965232849 738282.4159784755
0.0032296290155500174 0.0038900556974112988 0.035302720963954926 4.192898273468018 4.868104934692383 0.19234615564346313 738282.4159785922
0.00315177533775568 0.0037516294978559017 0.03774096816778183 4.354755878448486 3.8496549129486084 0.15939076244831085 738282.4159787308
0.003013436682522297 0.003673482220619917 0.038493458181619644 4.324071407318115 3.0678904056549072 0.16081926226615906 738282.4159788347
0.002863123780116439 0.0037835179828107357 0.03816648945212364 3.938051700592041 2.4323930740356445 0.19991907477378845 738282.4159789502
0.0033495973329991102 0.004017808008939028 0.037522539496421814 3.363356113433838 0.9218553304672241 0.2777886986732483 738282.4159790771
0.003648465732112527 0.005237259902060032 0.024298351258039474 3.279186725616455 0.640775203704834 0.2603078782558441 738282.4159792733
0.004761278163641691 0.005449387244880199 0.020883703604340553 3.2801613807678223 -1.0023608207702637 0.3598566949367523 738282.415979308
0.004862081725150347 0.005546305328607559 0.020967306569218636 3.0915656089782715 -0.6370049715042114 0.32948482036590576 738282.4159794005
0.007057547569274902 0.005450904835015535 0.014002084732055664 4.095608234405518 -2.982747793197632 0.5860830545425415 738282.4159795276
0.006800255738198757 0.004951911978423595 0.017741849645972252 3.8582563400268555 -1.4658286571502686 0.41629651188850403 738282.415979643
0.0069951764307916164 0.004824201576411724 0.01742568612098694 3.6452603340148926 -1.0542229413986206 0.34965401887893677 738282.4159797585
0.006634400226175785 0.00425866711884737 0.01588638871908188 4.341089725494385 -0.06700437515974045 0.3164096772670746 738282.4159798855
0.00641246372833848 0.004411770962178707 0.020175253972411156 2.6624460220336914 0.05149999260902405 0.1439962536096573 738282.4159799899
0.007686577271670103 0.004678776022046804 0.01621652953326702 2.8576998710632324 -1.3875788450241089 0.3110138177871704 738282.4159801049
0.0085629066452384 0.005411127582192421 0.013301783241331577 2.209385871887207 -1.8078685998916626 0.28247272968292236 738282.4159802207
0.008858820423483849 0.005336205009371042 0.014311205595731735 2.3481640815734863 -1.400736689567566 0.2493637353181839 738282.4159803361
0.008645398542284966 0.006066641770303249 0.013369407504796982 1.7247090339660645 -0.6733580827713013 0.056936394423246384 738282.4159804516
0.008750506676733494 0.006216938607394695 0.013273739255964756 1.9627618789672852 -0.5741333961486816 0.07374764233827591 738282.4159805553
0.008728574961423874 0.004737548064440489 0.010567189194262028 4.132033348083496 -0.35666516423225403 0.29803919792175293 738282.4159807978
0.005864056758582592 0.004858607891947031 0.008071442134678364 3.5217955112457275 2.323328733444214 -0.21146975457668304 738282.4159808211
0.005084407515823841 0.003597789676859975 0.012979583814740181 3.7655954360961914 1.8870866298675537 -0.14401912689208984 738282.4159809132
0.0040122270584106445 0.003041493706405163 0.015170415863394737 3.4439191818237305 1.7850600481033325 -0.13056908547878265 738282.4159810287
0.0045993332751095295 0.0020224633626639843 0.02082877606153488 3.305783271789551 0.20143231749534607 0.06909386813640594 738282.4159811557
0.004406462423503399 0.0018142774933949113 0.02063508704304695 3.0575413703918457 0.007149579469114542 0.09470972418785095 738282.415981248
0.00745640741661191 0.0014141229912638664 0.014604194089770317 3.5009257793426514 -2.6452810764312744 0.4393542408943176 738282.415981375
0.007031215354800224 -0.0007377902511507273 0.03193892538547516 3.2771663665771484 -1.6860249042510986 0.2891606390476227 738282.4159815022
0.007287499029189348 -0.0018505078041926026 0.03403067961335182 3.548633098602295 -1.4124609231948853 0.28956156969070435 738282.4159816176
0.0070424932055175304 0.0003051674284506589 0.030432172119617462 1.6084073781967163 -0.9038705825805664 -0.016129614785313606 738282.4159817216
0.007108118385076523 0.0003147366223856807 0.032072629779577255 1.745792269706726 -0.839621365070343 -0.003894973546266556 738282.415981837
0.007591539528220892 0.0003220073995180428 0.033412445336580276 1.8374453783035278 -1.0905256271362305 0.05371924862265587 738282.4159819523
0.005616934970021248 0.0009045740007422864 0.03480837121605873 1.5193381309509277 0.38335156440734863 -0.26219719648361206 738282.4159820678
0.011401921510696411 -0.004076192621141672 0.06751153618097305 3.0450778007507324 -3.7688701152801514 0.7547031044960022 738282.4159821948
0.012610758654773235 -0.006032116711139679 0.08870375156402588 2.7490663528442383 -3.110597610473633 0.5412149429321289 738282.4159823332
0.0160827599465847 -0.007595537230372429 0.06897083669900894 4.4535698890686035 -4.093202590942383 1.1942471265792847 738282.415982414
0.018015297129750252 -0.011094177141785622 0.09828052669763565 4.0787739753723145 -3.3786373138427734 0.9619066715240479 738282.4159825295
0.020409230142831802 -0.012602947652339935 0.10891140252351761 3.5911130905151367 -3.3203413486480713 0.7871186137199402 738282.415982645
0.01819579117000103 -0.009742852300405502 0.09059392660856247 2.445272207260132 -1.7137643098831177 0.251997172832489 738282.415982772
0.01832294836640358 -0.009761214256286621 0.09186357259750366 2.264213800430298 -1.372758388519287 0.1620897799730301 738282.4159828775
0.018119176849722862 -0.009684191085398197 0.092750683426857 2.1282730102539062 -1.0396087169647217 0.08375518023967743 738282.4159830055
0.016799934208393097 -0.009100822731852531 0.09114187210798264 1.9278899431228638 -0.43983757495880127 -0.04807434231042862 738282.4159831095
0.025512680411338806 -0.016989311203360558 0.10416356474161148 4.693770408630371 -3.6419663429260254 1.0487569570541382 738282.415983225
0.02873357944190502 -0.020112628117203712 0.12969402968883514 4.15510368347168 -3.180105209350586 0.8543267846107483 738282.415983352
0.030878884717822075 -0.022192222997546196 0.13468605279922485 4.120995044708252 -3.111551523208618 0.8381500840187073 738282.4159834557
0.032047949731349945 -0.025153763592243195 0.13928398489952087 4.450223445892334 -2.6985831260681152 0.9132110476493835 738282.4159835712
0.033688031136989594 -0.027489863336086273 0.14462023973464966 4.371322154998779 -2.587820053100586 0.8851712346076965 738282.4159836867
0.027855874970555305 -0.023932017385959625 0.10686694085597992 3.897427797317505 -1.6023063659667969 0.6961769461631775 738282.415983861
0.029039766639471054 -0.023342447355389595 0.11502501368522644 2.922994613647461 -1.600850224494934 0.4483576714992523 738282.4159839186
0.028660692274570465 -0.022100239992141724 0.11499527841806412 2.3068723678588867 -1.3847428560256958 0.29486653208732605 738282.4159840341
0.02626984193921089 -0.02155037224292755 0.11374154686927795 2.126316547393799 -0.6583942770957947 0.20729584991931915 738282.4159841492
0.024993008002638817 -0.01945730857551098 0.08847375959157944 2.29321026802063 -1.0764946937561035 0.24423906207084656 738282.4159842762
0.022746603935956955 -0.019163629040122032 0.0877716913819313 2.1285555362701416 -0.4196307063102722 0.14150136709213257 738282.4159843802
0.02422695979475975 -0.019603267312049866 0.09154833108186722 2.0291552543640137 -0.8473320603370667 0.19683554768562317 738282.4159844955
0.022801164537668228 -0.017425935715436935 0.0898917019367218 1.369810938835144 -0.5229659080505371 0.08866394311189651 738282.415984611
0.025402462109923363 -0.01810726337134838 0.0960177555680275 1.4602450132369995 -1.2321749925613403 0.23629608750343323 738282.4159847264
0.020421288907527924 -0.01053235400468111 0.05918547511100769 0.3015276789665222 -0.521308958530426 -0.028175773099064827 738282.4159848419
0.020893752574920654 -0.01105581410229206 0.0643429234623909 0.6291652321815491 -0.6087886095046997 0.014946372248232365 738282.4159849572
0.019988929852843285 -0.010887629352509975 0.06459696590900421 0.8136586546897888 -0.36853641271591187 -0.04927428811788559 738282.4159850727
0.020150812342762947 -0.011217158287763596 0.06670666486024857 1.1031516790390015 -0.5009511709213257 -0.000255350285442546 738282.4159851881
0.02046210505068302 -0.011034447699785233 0.04497921094298363 1.6396230459213257 -1.0124722719192505 0.15682032704353333 738282.4159853497
0.02022128738462925 -0.010784368962049484 0.04361394792795181 1.5822008848190308 -0.9158726930618286 0.12890207767486572 738282.4159854306
0.020852724090218544 -0.010664369910955429 0.04122582823038101 1.6182068586349487 -1.150759220123291 0.19983938336372375 738282.4159855462
0.02083730138838291 -0.01060620415955782 0.0394134484231472 1.641811728477478 -1.1031298637390137 0.19048114120960236 738282.4159856628
0.02184223011136055 -0.011258994229137897 0.03553881123661995 1.9640207290649414 -1.441609263420105 0.2978269159793854 738282.4159857655
0.022469758987426758 -0.011994438245892525 0.01736704260110855 2.356656074523926 -1.6804580688476562 0.38040658831596375 738282.415985893
0.02026459574699402 -0.009960467927157879 0.03669261559844017 1.1777479648590088 -0.5362443923950195 0.04470920190215111 738282.4159860085
0.020225683227181435 -0.009475051425397396 0.03587253764271736 1.1597285270690918 -0.643880307674408 0.06890527904033661 738282.4159861123
0.020217593759298325 -0.009585537016391754 0.03647739812731743 1.367098093032837 -0.73004150390625 0.09628048539161682 738282.4159862407
0.019958192482590675 -0.00931390281766653 0.02317853271961212 1.4591064453125 -0.798062801361084 0.11247262358665466 738282.4159863561
0.022114405408501625 -0.009317953139543533 0.022660600021481514 1.5876249074935913 -1.6503424644470215 0.32682958245277405 738282.41598646
0.02218550257384777 -0.009271563030779362 0.022270243614912033 1.611510157585144 -1.4967628717422485 0.2920910120010376 738282.4159865755
0.022043270990252495 -0.010142463259398937 0.021103546023368835 1.9894051551818848 -1.3075700998306274 0.2777528762817383 738282.4159867024
0.023471873253583908 -0.008687137626111507 0.023522865027189255 1.349025845527649 -1.7482177019119263 0.3238019645214081 738282.4159868641
0.021511994302272797 -0.005765176378190517 0.015404831618070602 0.29288291931152344 -0.8469138741493225 0.03374016284942627 738282.4159869232
0.02160542830824852 -0.005418340675532818 0.020021509379148483 0.6178091764450073 -0.9054949879646301 0.07222334295511246 738282.4159870618
0.020848117768764496 -0.00515504227951169 0.02010282501578331 0.8781928420066833 -0.6570379137992859 0.019938169047236443 738282.4159871542
0.020594768226146698 -0.005234315060079098 0.020693745464086533 1.21710205078125 -0.6821998357772827 0.04176519438624382 738282.4159872812
0.017460592091083527 -0.003496395656839013 0.008714248426258564 0.6201112866401672 0.34606459736824036 -0.2453206330537796 738282.4159873965
0.016613246873021126 -0.0035362474154680967 0.013038204982876778 1.0741134881973267 0.22859935462474823 -0.2292727679014206 738282.4159875009
0.016741039231419563 -0.0035546838771551847 0.019108805805444717 1.4095377922058105 -0.2658531069755554 -0.1143990084528923 738282.415987617
0.016842782497406006 -0.002988228341564536 0.019778192043304443 1.3504613637924194 -0.6093856692314148 -0.020608559250831604 738282.4159877315
0.01669900305569172 -0.0032000562641769648 0.018051685765385628 1.5957642793655396 -0.7516041398048401 0.0019704888109117746 738282.415987847
0.016717655584216118 -0.0038181175477802753 0.009737888351082802 1.861061930656433 -0.8835132122039795 0.02345414087176323 738282.4159879624
0.015871701762080193 -0.005770963151007891 0.0038567364681512117 2.5886850357055664 -0.6348722577095032 -0.0453730933368206 738282.4159880779
0.0154276667162776 -0.0049122958444058895 0.012342807836830616 2.051846742630005 -0.7346242666244507 -0.028461147099733353 738282.4159881934
0.015313558280467987 -0.005797637160867453 0.009918184019625187 2.30930233001709 -0.8561604022979736 -0.015751902014017105 738282.4159883793
0.015246250666677952 -0.0059293778613209724 0.00664968928322196 2.1611111164093018 -0.9479669332504272 -0.004313440527766943 738282.415988436
0.0159845519810915 -0.006175650749355555 0.004891677293926477 2.1130824089050293 -1.3497663736343384 0.03755349665880203 738282.4159885402
0.01581820659339428 -0.006898312363773584 0.003923766314983368 2.2784550189971924 -1.2510732412338257 0.032864391803741455 738282.4159886787
0.01505326572805643 -0.0064454637467861176 0.006370939780026674 1.8860681056976318 -0.9815958738327026 -0.00718288728967309 738282.4159887827
0.01723923161625862 -0.009628327563405037 0.012466899119317532 3.1107559204101562 -2.0229523181915283 0.1361108273267746 738282.4159888865
0.012686125002801418 -0.0089498870074749 0.05648398399353027 1.9886101484298706 -0.28277456760406494 -0.07874007523059845 738282.4159890021
0.013861390762031078 -0.00977705605328083 0.07584217190742493 2.015240430831909 -1.234814167022705 -0.04101887717843056 738282.4159891173
0.013733355328440666 -0.00996414665132761 0.0786009356379509 1.9372786283493042 -1.2015968561172485 -0.04698006063699722 738282.4159892447
0.012766243889927864 -0.00834911409765482 0.07929763197898865 1.223221778869629 -0.8592103123664856 -0.10799233615398407 738282.4159893489
0.013039291836321354 -0.007137423846870661 0.056891877204179764 1.2799334526062012 -0.9986416101455688 -0.07993198186159134 738282.4159894759
0.012363297864794731 -0.008059892803430557 0.06169472262263298 1.7086294889450073 -0.8889725208282471 -0.07730448991060257 738282.4159895799
0.013684640638530254 -0.008017449639737606 0.06610223650932312 1.642794132232666 -1.5161328315734863 -0.006191028747707605 738282.4159897068
0.016830744221806526 -0.006788195576518774 0.058701954782009125 1.3419374227523804 -2.5075273513793945 0.09692525118589401 738282.415989903
0.018073787912726402 -0.007483267225325108 0.06178721785545349 1.6833430528640747 -2.5278069972991943 0.1413327008485794 738282.4159899494
0.020153341814875603 -0.00539017841219902 0.03745118901133537 1.2654677629470825 -2.797017812728882 0.10682710260152817 738282.4159900418
0.023114964365959167 -0.004120110999792814 0.02523401565849781 1.1341065168380737 -3.3183531761169434 0.15183256566524506 738282.4159901688
0.024898922070860863 -0.004854253027588129 0.03270719572901726 1.511824369430542 -3.165526866912842 0.23222553730010986 738282.4159902842
0.026002582162618637 -0.005010638386011124 0.041655730456113815 1.5352212190628052 -2.7418372631073 0.1795949637889862 738282.415990388
0.024296455085277557 -0.0031541939824819565 0.03410082310438156 0.9372347593307495 -1.679803490638733 -0.1453927755355835 738282.415990515
0.024649066850543022 -0.006669070105999708 0.04347991943359375 2.46252703666687 -1.3217031955718994 0.1815769225358963 738282.4159906305
0.02378293126821518 -0.006764227990061045 0.04342370852828026 2.219827651977539 -0.8909325003623962 0.08288897573947906 738282.415990746
0.023906029760837555 -0.006958187557756901 0.04563404992222786 2.0868566036224365 -0.9124424457550049 0.06874945014715195 738282.4159908498
0.025975169613957405 -0.008239807561039925 0.05158206820487976 2.3887953758239746 -1.5374741554260254 0.15587453544139862 738282.4159909884
0.021244747564196587 -0.008122848346829414 0.03925769403576851 2.189091920852661 0.021158432587981224 0.038370341062545776 738282.4159910922
0.026935121044516563 -0.010111971758306026 0.07040213793516159 2.415818691253662 -1.5341871976852417 0.14456020295619965 738282.4159912077
0.02815648727118969 -0.009724349714815617 0.07415290176868439 1.9600106477737427 -1.7305350303649902 0.12762123346328735 738282.4159914269
0.028528189286589622 -0.009977293200790882 0.07826444506645203 1.880908727645874 -1.5425053834915161 0.11731508374214172 738282.4159914386
0.026957379654049873 -0.010204999707639217 0.05638651177287102 2.217571258544922 -1.3776841163635254 0.12372740358114243 738282.4159915543
0.02710941806435585 -0.01041250117123127 0.05802247300744057 2.0673317909240723 -1.279676914215088 0.10969489812850952 738282.4159916581
0.028142787516117096 -0.011455991305410862 0.05855507776141167 2.285766124725342 -1.5411999225616455 0.13136176764965057 738282.415991785
0.026715142652392387 -0.011955630965530872 0.06454090774059296 2.1288461685180664 -0.7467111945152283 0.10055633634328842 738282.4159919005
0.029037849977612495 -0.012649370357394218 0.0740874782204628 2.023116111755371 -1.418823003768921 0.11835473775863647 738282.4159920159
0.02583816833794117 -0.010539514943957329 0.049922652542591095 1.6280293464660645 -0.7635442614555359 0.06843190640211105 738282.4159921197
0.02583436109125614 -0.010589582845568657 0.050544824451208115 1.6118444204330444 -0.8273841142654419 0.0716976523399353 738282.4159922481
0.025724532082676888 -0.009550829418003559 0.04955552890896797 1.2592575550079346 -0.8802165389060974 0.07139258086681366 738282.4159923648
0.02466127648949623 -0.009263843297958374 0.04867703467607498 1.2639498710632324 -0.5906508564949036 0.04762178286910057 738282.4159924806
0.025904307141900063 -0.009189403615891933 0.037909284234046936 1.5468471050262451 -1.3298451900482178 0.11549507826566696 738282.4159925842
0.024851907044649124 -0.008170337416231632 0.040118493139743805 1.151320457458496 -0.8722006678581238 0.07016154378652573 738282.4159927112
0.026944071054458618 -0.00821047741919756 0.04298049956560135 1.2535754442214966 -1.5943104028701782 0.15875844657421112 738282.415992815
0.027099058032035828 -0.008243916556239128 0.04454987868666649 1.3306396007537842 -1.4777443408966064 0.14486569166183472 738282.4159929765
0.028095584362745285 -0.008119073696434498 0.04290018975734711 1.394679069519043 -1.7191897630691528 0.1776425987482071 738282.4159930459
0.027584610506892204 -0.007519551087170839 0.027755575254559517 1.455687403678894 -1.5559613704681396 0.15321698784828186 738282.4159931729
0.024298327043652534 -0.00794109608978033 0.0318053737282753 1.5455304384231567 -0.2697347104549408 -0.011136064305901527 738282.4159932998
0.024578018113970757 -0.008083346299827099 0.03687506169080734 1.5467911958694458 -0.5439319014549255 0.022885309532284737 738282.4159934036
0.02431340515613556 -0.008092731237411499 0.037484847009181976 1.5549356937408447 -0.6243365406990051 0.0325421504676342 738282.4159935191
0.02393477037549019 -0.00770032312721014 0.025010567158460617 1.5650670528411865 -0.7804972529411316 0.04920904338359833 738282.4159936346
0.023679394274950027 -0.007096013054251671 0.02427980862557888 1.372554898262024 -0.8129092454910278 0.06100725382566452 738282.41599375
0.023783940821886063 -0.005848863627761602 0.02264542132616043 1.032433271408081 -0.9713031053543091 0.09255632758140564 738282.4159938548
0.023013096302747726 -0.007011461537331343 0.027015356346964836 1.5544939041137695 -0.7525210380554199 0.04922174662351608 738282.4159939818
0.023681756108999252 -0.007356300484389067 0.027645112946629524 1.6918315887451172 -1.1212542057037354 0.08793693780899048 738282.4159940982
0.02397800236940384 -0.006765382364392281 0.017046336084604263 1.539903998374939 -1.2887041568756104 0.10797388851642609 738282.4159942145
0.023227239027619362 -0.006399304140359163 0.017478344962000847 1.4163676500320435 -1.00673508644104 0.0791175588965416 738282.4159943297
0.023727504536509514 -0.00727162417024374 0.01749129220843315 1.7794554233551025 -1.2515368461608887 0.1014331579208374 738282.415994526
0.023729102686047554 -0.006413364317268133 0.018918899819254875 1.4058408737182617 -1.2446765899658203 0.0968656986951828 738282.4159945606
0.022221405059099197 -0.005535766016691923 0.011876431293785572 1.188262701034546 -0.7238839268684387 0.045636363327503204 738282.4159946761
0.022806517779827118 -0.0063868616707623005 0.016310669481754303 1.6043455600738525 -1.0992019176483154 0.0817774310708046 738282.4159947914
0.022759584710001945 -0.006017375271767378 0.01580488309264183 1.4695708751678467 -1.1333699226379395 0.08758977800607681 738282.4159949069
0.023416558280587196 -0.006299720145761967 0.01478281058371067 1.6224321126937866 -1.4126664400100708 0.11660360544919968 738282.4159950223
0.02361573465168476 -0.005767984315752983 0.014443967491388321 1.4200825691223145 -1.430038571357727 0.11446574330329895 738282.4159951262
0.025547288358211517 -0.006927388720214367 0.006454508751630783 1.9573743343353271 -2.066723108291626 0.19408243894577026 738282.4159952536
0.029210275039076805 -0.006510161329060793 -0.011612010188400745 1.796983003616333 -3.1225473880767822 0.2558586299419403 738282.4159953686
0.030546946451067924 -0.006684072315692902 -0.006076089572161436 1.7354090213775635 -2.9381563663482666 0.23519405722618103 738282.4159954729
0.031516555696725845 -0.006745309103280306 0.0010984420077875257 1.6319828033447266 -2.632939338684082 0.19698527455329895 738282.4159955885
0.03210936859250069 -0.006841808557510376 0.003359881229698658 1.609041690826416 -2.288800001144409 0.17410142719745636 738282.4159957155
0.0324866808950901 -0.0071906340308487415 0.0033255130983889103 1.7115830183029175 -2.003060817718506 0.18149594962596893 738282.4159958309
0.03271296247839928 -0.007231185212731361 0.0021692828740924597 1.6623960733413696 -1.7741767168045044 0.16118241846561432 738282.4159960172
0.03282356262207031 -0.006290732882916927 0.0007056526956148446 1.2503591775894165 -1.5993602275848389 0.07773654907941818 738282.4159960644
0.03321026638150215 -0.007199517916887999 0.0028775064274668694 1.6903637647628784 -1.4942772388458252 0.14226773381233215 738282.4159961801
0.02625245600938797 -0.009413905441761017 -0.013054648414254189 2.6103460788726807 0.8795145750045776 0.0988253653049469 738282.4159962831
0.02527257800102234 -0.01016823761165142 -0.0026063055265694857 2.340094566345215 0.7173931002616882 0.11243297904729843 738282.4159964102
0.026147985830903053 -0.010871595703065395 0.019016500562429428 2.0139009952545166 0.09752341359853745 0.15421229600906372 738282.4159965253
0.025250103324651718 -0.010859527625143528 0.02232176996767521 1.7611736059188843 -0.06390085071325302 0.18621642887592316 738282.4159966522
0.026079611852765083 -0.01179988868534565 0.022475022822618484 1.991421103477478 -0.8806247115135193 0.15402299165725708 738282.4159967562
0.025922568514943123 -0.011974133551120758 0.02308463491499424 1.848283052444458 -1.016844630241394 0.17040078341960907 738282.4159968714
0.026652676984667778 -0.012842976488173008 0.02170049585402012 2.051175594329834 -1.452592372894287 0.15389983355998993 738282.4159969868
0.02666502073407173 -0.012312231585383415 0.02454156056046486 1.5727792978286743 -1.4479657411575317 0.17818690836429596 738282.4159971024
0.02515363320708275 -0.012135558761656284 0.029439233243465424 1.3445833921432495 -0.854404091835022 0.1771218627691269 738282.4159972179
0.02504814974963665 -0.01180189847946167 0.021859800443053246 1.4047307968139648 -1.0068575143814087 0.17981155216693878 738282.4159973338
0.026470847427845 -0.013350696302950382 0.025357810780405998 1.9377373456954956 -1.7103238105773926 0.20360159873962402 738282.4159975526
0.026495447382330894 -0.012092516757547855 0.03190349414944649 1.148962378501892 -1.649674892425537 0.19466373324394226 738282.4159975642
0.02744198404252529 -0.014047376811504364 0.03768393397331238 1.873918056488037 -1.9398568868637085 0.2397739589214325 738282.4159976796
0.025831226259469986 -0.01153140515089035 0.03778606280684471 0.7560776472091675 -1.1682121753692627 0.1385520100593567 738282.4159977954
0.022170456126332283 -0.011451786383986473 0.035348135977983475 0.9651603102684021 0.10101090371608734 0.047708261758089066 738282.4159979108
0.020869055762887 -0.012277900241315365 0.040290214121341705 1.3316844701766968 0.05630123242735863 0.041422195732593536 738282.4159980263
0.020682331174612045 -0.012302142567932606 0.051965001970529556 1.2006287574768066 -0.41057416796684265 0.09360602498054504 738282.4159981416
0.021391229704022408 -0.013082926161587238 0.060871757566928864 1.4460235834121704 -1.0542031526565552 0.13819380104541779 738282.415998257
0.02269737794995308 -0.009719381108880043 0.04285532236099243 0.5271443128585815 -1.5341557264328003 0.23819218575954437 738282.4159983727
0.0237046517431736 -0.009499700739979744 0.04383253678679466 0.7447783350944519 -1.8763339519500732 0.2745872139930725 738282.4159984882
0.023750118911266327 -0.009437094442546368 0.0473848320543766 0.9084323048591614 -1.7958555221557617 0.26598772406578064 738282.4159986037
0.024636518210172653 -0.00989481434226036 0.048275165259838104 1.2429141998291016 -1.9985098838806152 0.31316566467285156 738282.4159987192
0.026301909238100052 -0.005782220046967268 0.034172173589468 0.0034312899224460125 -2.3441083431243896 0.25468140840530396 738282.4159988461
0.026439564302563667 -0.005526939406991005 0.043216522783041 0.3209456503391266 -2.153773546218872 0.2654072344303131 738282.4159989504
0.02575925923883915 -0.004371763207018375 0.046817246824502945 0.25864070653915405 -1.7213448286056519 0.17811712622642517 738282.4159990886
0.02566899172961712 -0.004089706111699343 0.05102933198213577 0.5379149913787842 -1.5906227827072144 0.19222745299339294 738282.4159991924
0.027703648433089256 -0.005464082583785057 0.057882845401763916 1.3349775075912476 -2.1550920009613037 0.41535136103630066 738282.4159992967
0.027503741905093193 -0.006016651168465614 0.040044285356998444 1.4707697629928589 -1.933530569076538 0.3894662857055664 738282.4159994136
0.028562065213918686 -0.006874547805637121 0.03773873299360275 1.7501413822174072 -2.117323637008667 0.45478954911231995 738282.4159995295
0.03407105803489685 -0.005082407966256142 0.03538428992033005 1.1177414655685425 -3.706777572631836 0.5271936058998108 738282.4159996448
0.0356123223900795 -0.005439950618892908 0.052310649305582047 1.4508752822875977 -3.3413896560668945 0.5754532814025879 738282.4159997605
0.03477289155125618 -0.004014334641396999 0.048897355794906616 0.9413809180259705 -2.5524067878723145 0.3599124848842621 738282.4159998762
0.03513086214661598 -0.003920278511941433 0.05159291625022888 1.0810202360153198 -2.2592358589172363 0.3688095211982727 738282.4159999916
0.03417985141277313 -0.0029516704380512238 0.05207226052880287 0.8603649735450745 -1.676299810409546 0.2539350688457489 738282.4160001068
0.034024424850940704 -0.0030983816832304 0.05282855033874512 1.076798677444458 -1.4933189153671265 0.27790382504463196 738282.4160002223
0.0334770493209362 -0.0038655768148601055 0.038493771106004715 1.3412878513336182 -1.5879557132720947 0.32757383584976196 738282.4160003377
0.03242334723472595 -0.004539646208286285 0.03658809885382652 1.550266146659851 -1.1925863027572632 0.3199031949043274 738282.4160004532
0.033959489315748215 -0.005103164352476597 0.039007317274808884 1.706266164779663 -1.588243007659912 0.3595033586025238 738282.4160006032
0.03359287604689598 -0.004101702943444252 0.04358335956931114 1.315606713294983 -1.2558168172836304 0.29570043087005615 738282.4160006847
0.03516216203570366 -0.004185949452221394 0.04604236036539078 1.3781030178070068 -1.6496317386627197 0.2801510691642761 738282.4160008001
0.032561786472797394 -0.005231735296547413 0.031699053943157196 1.6271601915359497 -1.0551764965057373 0.19849219918251038 738282.4160009156
0.03339293599128723 -0.005249658599495888 0.033257097005844116 1.5606887340545654 -1.301138997077942 0.1592375636100769 738282.4160010311
0.03438016399741173 -0.00442824000492692 0.03455109894275665 1.2439223527908325 -1.5092523097991943 0.09087800979614258 738282.4160011464
0.03298904001712799 -0.004454546142369509 0.03795400634407997 1.2274720668792725 -0.8673208355903625 -0.0013394256820902228 738282.4160012619
0.03474028781056404 -0.008503000251948833 0.031042369082570076 2.4963021278381348 -1.6046429872512817 -0.030830537900328636 738282.4160013774
0.03635525703430176 -0.008632581681013107 0.03705088794231415 2.1525893211364746 -1.8101494312286377 -0.083983413875103 738282.4160014926
0.03532783314585686 -0.009462852962315083 0.04670704901218414 2.0945959091186523 -1.092566728591919 -0.10861584544181824 738282.4160016082
0.035459358245134354 -0.009748055599629879 0.04923851788043976 1.8948776721954346 -1.0806833505630493 -0.1390790194272995 738282.4160017236
0.03469197452068329 -0.009009166620671749 0.05101839825510979 1.4626593589782715 -0.8229033350944519 -0.16254915297031403 738282.4160018391
0.02800671197474003 -0.0014119776897132397 0.014669898897409439 -0.5158499479293823 0.379364013671875 -0.10275840759277344 738282.4160019548
0.030318308621644974 -0.001645723357796669 0.038557250052690506 -0.24648137390613556 -0.2615962624549866 -0.12978550791740417 738282.4160020815
0.03060097061097622 -0.00172342115547508 0.04790700227022171 0.12660560011863708 -0.4412181079387665 -0.1912318915128708 738282.4160021853
0.029797561466693878 -0.0025067783426493406 0.05403665825724602 0.6182528138160706 -0.3403151035308838 -0.32595759630203247 738282.4160023008
0.03113081306219101 -0.0005178376450203359 0.04240885376930237 0.3015398681163788 -1.0446614027023315 -0.21833837032318115 738282.4160024277
0.03041018731892109 -0.0016285605961456895 0.047645509243011475 0.8284386396408081 -0.767325758934021 -0.3429173529148102 738282.4160025317
0.03197362273931503 -0.00700108939781785 0.03970601037144661 2.5507802963256836 -1.3943791389465332 -0.4351097047328949 738282.4160026471
0.030654696747660637 -0.0073897866532206535 0.06096210330724716 2.152132987976074 -0.8470192551612854 -0.4422779977321625 738282.4160027741
0.03393557667732239 -0.007011675741523504 0.07489103078842163 1.6487709283828735 -1.870416522026062 -0.3583585321903229 738282.4160028781
0.030027693137526512 -0.003465618472546339 0.07911670953035355 0.4316546618938446 -0.5031685829162598 -0.31256312131881714 738282.416003005
0.03349955379962921 -0.005458516534417868 0.10223060846328735 1.041450023651123 -1.657008171081543 -0.2675330936908722 738282.4160031094
0.03701373189687729 -0.010836940258741379 0.10098215192556381 2.5800890922546387 -2.5661001205444336 -0.2027977705001831 738282.4160032364
0.03744746372103691 -0.01123526506125927 0.1280927062034607 2.0633797645568848 -2.2096049785614014 -0.24835428595542908 738282.4160033403
0.03662118688225746 -0.010433860123157501 0.10039452463388443 1.7596652507781982 -1.8493521213531494 -0.3065250813961029 738282.4160034674
0.036874011158943176 -0.010553578846156597 0.10489951819181442 1.523455262184143 -1.7257678508758545 -0.37958642840385437 738282.416003652
0.03810441121459007 -0.009794085286557674 0.10821163654327393 1.0763604640960693 -1.8941137790679932 -0.5088327527046204 738282.4160036866
0.03840947151184082 -0.012007467448711395 0.11430764943361282 1.5322729349136353 -1.6905831098556519 -0.5813394784927368 738282.4160038253
0.043363794684410095 -0.016967322677373886 0.1120329350233078 2.5663671493530273 -2.8592429161071777 -0.7763469815254211 738282.416003919
0.04259705916047096 -0.015334611758589745 0.08993562310934067 1.9699890613555908 -2.558802366256714 -1.0077980756759644 738282.416004046
0.046456675976514816 -0.0198679156601429 0.06850027292966843 3.1384096145629883 -3.62060284614563 -0.8711345791816711 738282.4160041614
0.04861193522810936 -0.023301204666495323 0.10118693113327026 2.7782843112945557 -3.2336554527282715 -0.9553828835487366 738282.4160042785
0.04976014047861099 -0.02559441514313221 0.1151948869228363 2.4818403720855713 -2.8506357669830322 -1.0259068012237549 738282.416004394
0.046053241938352585 -0.022775476798415184 0.08674293011426926 1.9372947216033936 -2.068632125854492 -1.101497769355774 738282.4160044979
0.04573165625333786 -0.022654466331005096 0.08792732656002045 1.4607664346694946 -1.7144027948379517 -1.2279895544052124 738282.4160046133
0.04382259398698807 -0.021115006878972054 0.08493559062480927 0.8778987526893616 -1.0823532342910767 -1.3889572620391846 738282.4160047402
0.04342126101255417 -0.020604606717824936 0.08343606442213058 0.6590050458908081 -0.9176825284957886 -1.5395567417144775 738282.4160048441
0.043726567178964615 -0.02169792167842388 0.08569107949733734 0.7635636925697327 -0.9060066938400269 -1.6375455856323242 738282.4160049596
0.041296057403087616 -0.017983052879571915 0.059663768857717514 0.44024205207824707 -0.9595714211463928 -1.7017560005187988 738282.4160051905
0.041915830224752426 -0.01883755624294281 0.06026356294751167 0.5419641137123108 -1.2453354597091675 -1.6594599485397339 738282.4160052135
0.0435931421816349 -0.02021712251007557 0.06050665304064751 0.7473199963569641 -1.8363287448883057 -1.5240836143493652 738282.4160053175
0.04405820742249489 -0.01975417323410511 0.061165351420640945 0.43969690799713135 -2.061361074447632 -1.3892788887023926 738282.4160054217
0.0402354970574379 -0.014792200177907944 0.040880195796489716 -0.39020979404449463 -1.5797804594039917 -1.369113802909851 738282.4160055486
0.04444928839802742 -0.020257696509361267 0.057764168828725815 0.6489906311035156 -2.469447612762451 -1.0557365417480469 738282.4160056644
0.04383464530110359 -0.02015734650194645 0.06395574659109116 0.3157835900783539 -2.1454036235809326 -1.058384895324707 738282.4160057803
0.04394916445016861 -0.01942826807498932 0.06399744004011154 0.03558451682329178 -2.186774492263794 -1.0004233121871948 738282.4160058958
0.0447126105427742 -0.01980060338973999 0.06426914781332016 0.1315278261899948 -2.3840866088867188 -0.8933777809143066 738282.416006001
0.04331222549080849 -0.015877429395914078 0.039790328592061996 -0.45849722623825073 -2.4674813747406006 -0.9186026453971863 738282.4160061164
0.044523876160383224 -0.01999726891517639 0.05119546130299568 0.6003011465072632 -2.4981303215026855 -0.7921231985092163 738282.4160062433
0.04560454562306404 -0.021494150161743164 0.04541497305035591 0.9953720569610596 -2.803820848464966 -0.7222496867179871 738282.4160063479
0.04589388519525528 -0.021848980337381363 0.052061911672353745 0.7253189086914062 -2.6125175952911377 -0.8705490231513977 738282.4160064633
0.04405216500163078 -0.01967182569205761 0.037187520414590836 0.14611577987670898 -2.3224713802337646 -1.0791000127792358 738282.4160065787
0.04558100178837776 -0.020891139283776283 0.03784480318427086 0.43666699528694153 -2.712995767593384 -0.9306493997573853 738282.4160067404
0.04543306306004524 -0.02199646458029747 0.037515345960855484 0.6430455446243286 -2.6070668697357178 -0.8604604005813599 738282.4160068211
0.0461343377828598 -0.022103184834122658 0.03736918792128563 0.4818110167980194 -2.8129212856292725 -0.8048922419548035 738282.4160069366
0.04635953903198242 -0.02201133780181408 0.03746459260582924 0.3122174143791199 -2.8345487117767334 -0.8107283711433411 738282.4160070521
0.04488703981041908 -0.021356230601668358 0.023076320067048073 0.20364612340927124 -2.6529645919799805 -0.8654959797859192 738282.4160071675
0.04504035413265228 -0.021514710038900375 0.02139166183769703 0.19767138361930847 -2.637211561203003 -0.8857016563415527 738282.4160072829
0.04404470697045326 -0.021578777581453323 0.01970427669584751 0.13777652382850647 -2.2660882472991943 -1.0053930282592773 738282.4160073987
0.044949743896722794 -0.021635694429278374 0.019369572401046753 0.09424860775470734 -2.4746170043945312 -1.0236481428146362 738282.4160075141
0.04576956108212471 -0.02239830046892166 0.011400059796869755 0.3599255084991455 -2.7445082664489746 -0.9321058392524719 738282.4160076181
0.04497731104493141 -0.02157650701701641 0.015625180676579475 -0.0995202362537384 -2.25166916847229 -1.1331158876419067 738282.4160077336
0.04457242414355278 -0.021453408524394035 0.013624136336147785 -0.10362276434898376 -2.1537938117980957 -1.1498596668243408 738282.4160078607
0.04372016340494156 -0.020972291007637978 0.010487289167940617 -0.2570009231567383 -2.0070717334747314 -1.2027132511138916 738282.4160079762
0.0438159704208374 -0.01837962493300438 0.004589473363012075 -0.994964599609375 -2.2796037197113037 -1.2586731910705566 738282.4160080918
0.044192004948854446 -0.018244430422782898 0.0056155058555305 -0.805316150188446 -2.3930532932281494 -1.2457011938095093 738282.4160082879
0.043861571699380875 -0.01743329130113125 0.0038014776073396206 -0.8426386713981628 -2.3552024364471436 -1.3496172428131104 738282.4160083226
0.043941330164670944 -0.01735864207148552 0.00471783522516489 -0.598892867565155 -2.4125425815582275 -1.3466695547103882 738282.4160084267
0.04408213496208191 -0.01690324954688549 0.003441442037001252 -0.6078251004219055 -2.5300655364990234 -1.3460862636566162 738282.4160085537
0.044038962572813034 -0.01680266112089157 0.0016303505981341004 -0.5303359031677246 -2.504164695739746 -1.4662657976150513 738282.4160086691
0.04396500438451767 -0.015597250312566757 0.00046501378528773785 -0.821380615234375 -2.4714348316192627 -1.5919231176376343 738282.4160087846
0.04379241168498993 -0.015224931761622429 -6.315656355582178e-05 -0.8177511096000671 -2.433126211166382 -1.644937515258789 738282.4160088999
0.04318508878350258 -0.014974499121308327 -0.0011753623839467764 -0.7026640176773071 -2.232374429702759 -1.7521394491195679 738282.4160090163
0.044306691735982895 -0.015381623059511185 -3.5362649214221165e-05 -0.2940523326396942 -2.6281676292419434 -1.5940139293670654 738282.4160091204
0.04430754855275154 -0.015388709492981434 -0.0007836920558474958 -0.3102794885635376 -2.543809175491333 -1.6095465421676636 738282.4160092472
0.045135073363780975 -0.01566602662205696 -0.0035453131422400475 -0.17196068167686462 -2.747572660446167 -1.6177901029586792 738282.4160093627
0.04523119330406189 -0.01576916128396988 -0.0033866320736706257 -0.17108388245105743 -2.601123809814453 -1.7438033819198608 738282.4160094671
0.04554092139005661 -0.015917884185910225 -0.00455407565459609 -0.23386120796203613 -2.5832502841949463 -1.8652280569076538 738282.4160095826
0.04881191998720169 -0.013018637895584106 -0.0035624103620648384 -1.3071073293685913 -3.63862681388855 -1.889601230621338 738282.4160097457
0.05046851187944412 -0.012768860906362534 0.005919019225984812 -0.9044303297996521 -3.7763583660125732 -1.7902714014053345 738282.4160098282
0.05176335200667381 -0.012240028008818626 0.006164745427668095 -0.955878496170044 -3.925520420074463 -1.7968493700027466 738282.4160099328
0.052626077085733414 -0.011766735464334488 0.013919987715780735 -0.8895440101623535 -3.7540714740753174 -1.8238537311553955 738282.4160100481
0.05376096069812775 -0.01153404451906681 0.01456164289265871 -0.890291154384613 -3.9901199340820312 -1.7174351215362549 738282.4160101636
0.05396445840597153 -0.011377304792404175 0.010710177943110466 -0.8539281487464905 -3.9388487339019775 -1.7169376611709595 738282.4160102906
0.05537158250808716 -0.0117567777633667 0.01095667202025652 -0.6480258703231812 -4.285500526428223 -1.482958436012268 738282.416010406
0.05624862015247345 -0.011228473857045174 0.013828990049660206 -0.8132028579711914 -4.184353351593018 -1.5447548627853394 738282.4160105214
0.056429289281368256 -0.010817516595125198 0.016399400308728218 -1.0548694133758545 -3.8856589794158936 -1.5917459726333618 738282.4160106269
0.05646979436278343 -0.011259478516876698 0.011089665815234184 -0.887000560760498 -3.911381959915161 -1.45068359375 738282.4160107421
0.05673797056078911 -0.011320366524159908 0.011209537275135517 -0.9795895218849182 -3.8623461723327637 -1.3805301189422607 738282.4160108691
0.05675617605447769 -0.010945994406938553 0.011436453089118004 -1.1917836666107178 -3.750152826309204 -1.361757755279541 738282.4160109729
0.05743438005447388 -0.01169105339795351 0.013196436688303947 -0.8662177920341492 -3.9918837547302246 -0.9902396202087402 738282.416011227
0.05872267112135887 -0.01129399985074997 0.014925982803106308 -0.9822801947593689 -4.377974510192871 -0.8760133385658264 738282.4160112398
0.05831502377986908 -0.0114535978063941 0.010528790764510632 -1.2055882215499878 -4.37129020690918 -0.9434365034103394 738282.4160113308
0.05842539668083191 -0.011386830359697342 0.011211815290153027 -1.3085699081420898 -4.156805038452148 -1.164334774017334 738282.4160114357
0.05790642648935318 -0.01201699860394001 0.011988962069153786 -1.1839580535888672 -3.7110068798065186 -1.4257962703704834 738282.4160115616
0.059552986174821854 -0.011687187477946281 0.014645729213953018 -1.4465909004211426 -4.051255226135254 -1.5696945190429688 738282.4160116771
0.0557849258184433 -0.00913975853472948 0.014025222510099411 -2.9285197257995605 -2.62872052192688 -2.637782573699951 738282.416011781
0.0570327527821064 -0.00799278263002634 0.024208547547459602 -2.7940173149108887 -2.8972349166870117 -2.6291491985321045 738282.4160119083
0.05848701298236847 -0.007570741232484579 0.0353655070066452 -2.4343459606170654 -3.0768415927886963 -2.5094499588012695 738282.4160120233
0.05433012917637825 -0.005749623291194439 0.02797229029238224 -3.3362369537353516 -1.79254949092865 -3.154067039489746 738282.4160121273
0.05880565196275711 -0.004510975908488035 0.06758232414722443 -2.5356454849243164 -2.0863466262817383 -2.856947660446167 738282.4160122544
0.05727047100663185 -0.005119625478982925 0.05041130259633064 -2.3578808307647705 -2.056227922439575 -2.640634775161743 738282.4160123584
0.056515488773584366 -0.0046303002163767815 0.05272913724184036 -2.344676971435547 -1.6246854066848755 -2.62744402885437 738282.4160124853
0.05650794133543968 -0.005185385700315237 0.055719684809446335 -1.9097468852996826 -1.655755877494812 -2.3815057277679443 738282.4160126585
0.05753687769174576 -0.0056952242739498615 0.05649593845009804 -1.588308334350586 -2.0341289043426514 -2.0178656578063965 738282.4160127173
0.05614427849650383 -0.007099981885403395 0.040402237325906754 -1.4863157272338867 -1.7068531513214111 -1.9834507703781128 738282.4160128201
0.0539785735309124 0.0017454151529818773 0.06036077439785004 -3.9801278114318848 -0.1564456969499588 -2.342449426651001 738282.4160129471
0.05445035174489021 0.004215311724692583 0.08726853877305984 -3.637068748474121 -0.12180739641189575 -2.5225813388824463 738282.4160130625
0.055802565068006516 0.0064264568500220776 0.11027609556913376 -3.2805707454681396 -0.5751810669898987 -2.5843162536621094 738282.416013178
0.05637769401073456 0.00777012575417757 0.11794634908437729 -2.900026559829712 -0.9540688395500183 -2.6835458278656006 738282.416013283
0.05586704611778259 0.0028029473032802343 0.09059329330921173 -1.4395023584365845 -1.3244743347167969 -2.8824360370635986 738282.4160134098
0.0590435154736042 -0.001280247000977397 0.08240075409412384 0.12211249023675919 -2.5090842247009277 -2.7558200359344482 738282.4160135257
0.05938586965203285 -0.0024472291115671396 0.08630508184432983 0.7777624130249023 -2.463902235031128 -2.934954881668091 738282.416013641
0.060511309653520584 -0.0034139431081712246 0.08800844848155975 1.1110297441482544 -2.6399757862091064 -2.9477949142456055 738282.4160137565
0.057516179978847504 -0.0029062312096357346 0.08327938616275787 0.7517504096031189 -1.5901094675064087 -2.9303414821624756 738282.4160138835
0.061949681490659714 -0.0038337083533406258 0.09173739701509476 0.9109075665473938 -2.7043440341949463 -2.8904271125793457 738282.4160139874
0.06187821179628372 -0.0024171536788344383 0.10277531296014786 0.48819148540496826 -2.0391266345977783 -2.7460808753967285 738282.4160141721
0.062401700764894485 -0.0043390728533267975 0.10616100579500198 0.8750295639038086 -1.6889028549194336 -2.6243386268615723 738282.4160142299
0.06210342049598694 -0.0044245594181120396 0.1108553409576416 0.7772100567817688 -1.1637407541275024 -2.4532687664031982 738282.4160143455
0.06092164292931557 -0.004394435789436102 0.0834866464138031 0.424185574054718 -0.8326849937438965 -2.369135618209839 738282.4160144491
0.06078985333442688 -0.004837133921682835 0.08456863462924957 0.6053422689437866 -0.6144180297851562 -2.3906116485595703 738282.4160145646
0.060713957995176315 -0.004388862289488316 0.08551271259784698 0.5279891490936279 -0.48779600858688354 -2.4506020545959473 738282.4160146799
0.06040923669934273 -0.00568761583417654 0.08688971400260925 0.8622145652770996 -0.34095481038093567 -2.625638008117676 738282.4160147954
0.06636539101600647 0.00030980553128756583 0.07296380400657654 -0.7814415097236633 -1.7905464172363281 -2.5779170989990234 738282.4160149108
0.0662473514676094 -0.002294529229402542 0.12325043976306915 0.2500176429748535 -0.7308858036994934 -2.6547768115997314 738282.4160150263
0.07259638607501984 -0.0012707425048574805 0.1227869838476181 -0.0010770410299301147 -2.009145736694336 -2.7927603721618652 738282.4160151301
0.07371874153614044 -0.0002953536750283092 0.13648490607738495 -0.019060689955949783 -1.429227352142334 -2.696820020675659 738282.4160152571
0.07304857671260834 -0.0022877210285514593 0.1519269198179245 0.7202483415603638 -0.5286537408828735 -2.6341850757598877 738282.4160153737
0.07407421618700027 0.0017644979525357485 0.11728262156248093 -0.12447740137577057 -0.7917088866233826 -2.433171033859253 738282.4160154889
0.07431376725435257 0.0021193961147218943 0.12427967041730881 0.129325270652771 -0.29177019000053406 -2.3669753074645996 738282.416015629
0.07501272857189178 0.0030005432199686766 0.12658119201660156 0.2374333143234253 -0.05769456550478935 -2.33489990234375 738282.4160157099
0.07211283594369888 0.0010282464791089296 0.13199421763420105 0.9668450355529785 0.9194858074188232 -2.4569497108459473 738282.4160158366
0.07415515929460526 0.0027742660604417324 0.10515338182449341 0.7493075132369995 0.2669585943222046 -2.474440574645996 738282.4160159406
0.07441650331020355 0.0021569218952208757 0.10720217972993851 1.1536158323287964 0.5317500233650208 -2.54954195022583 738282.4160160676
0.07082994282245636 -0.0010888957185670733 0.10874003171920776 2.0577845573425293 1.5319156646728516 -2.7077369689941406 738282.416016183
0.06502340734004974 -0.0018350010504946113 0.09288176149129868 2.259782075881958 2.599336862564087 -2.533571720123291 738282.4160162985
0.06738702952861786 -0.0007075326866470277 0.11648698896169662 1.929689884185791 2.1438148021698 -2.3865671157836914 738282.416016414
0.0638190433382988 0.000519569730386138 0.07826776057481766 1.6678119897842407 2.456695556640625 -2.117598056793213 738282.4160165302
0.06599314510822296 6.06849389441777e-05 0.08870776742696762 1.605134129524231 1.8138853311538696 -2.2547786235809326 738282.4160166457
0.06596630066633224 -3.276950883446261e-05 0.08844557404518127 1.568941354751587 1.8071752786636353 -2.202479600906372 738282.4160167612
0.06575176119804382 -0.002937935758382082 0.08756890147924423 2.1799240112304688 1.8428752422332764 -2.5469772815704346 738282.416016865
0.06812313199043274 0.0017557167448103428 0.0665353387594223 1.064157485961914 1.2748316526412964 -1.9166901111602783 738282.4160170844
0.06594669073820114 0.0002155111578758806 0.07336745411157608 1.5394763946533203 1.9899684190750122 -1.912743330001831 738282.4160171191
0.06588256359100342 4.988189903087914e-05 0.0725889727473259 1.5546163320541382 1.9397059679031372 -1.844870686531067 738282.4160172229
0.06591066718101501 -9.487578790867701e-05 0.07188158482313156 1.607953429222107 1.8716003894805908 -1.8338651657104492 738282.4160173397
0.06607531756162643 -0.0002745979290921241 0.07115693390369415 1.6664133071899414 1.7227632999420166 -1.879893183708191 738282.416017455
0.07214892655611038 0.009166804142296314 0.044303614646196365 -0.4521345794200897 0.15499621629714966 -0.9224941730499268 738282.4160175705
0.07170579582452774 0.008504249155521393 0.06174980103969574 0.05917887017130852 0.33961132168769836 -1.112444281578064 738282.4160176974
0.07059859484434128 0.008726068772375584 0.07251512259244919 0.4104935824871063 0.7475172877311707 -1.1900968551635742 738282.4160178014
0.0703166201710701 0.008084476925432682 0.0778280645608902 1.020767331123352 0.9088744521141052 -1.4239312410354614 738282.4160179168
0.07777508348226547 0.007534355856478214 0.05623183399438858 1.4894533157348633 -0.9445938467979431 -1.8517295122146606 738282.4160180322
0.07996372133493423 0.008412824012339115 0.0540023148059845 1.5008714199066162 -0.9433063864707947 -1.898842692375183 738282.4160181476
0.08091259002685547 0.00803383719176054 0.059838321059942245 1.7738392353057861 -0.5541443824768066 -1.9662081003189087 738282.4160182631
0.08122485876083374 0.010557794943451881 0.06879772990942001 1.1523950099945068 0.03173526003956795 -1.781141757965088 738282.4160183792
0.08147165924310684 0.01086768601089716 0.0716070830821991 1.222062587738037 0.48830556869506836 -1.7852369546890259 738282.4160185754
0.08006998151540756 0.010262495838105679 0.04921470209956169 1.5137485265731812 1.138564944267273 -1.7852345705032349 738282.4160186102
0.0802844688296318 0.009563096798956394 0.04654084891080856 1.8004451990127563 1.1583690643310547 -1.7934865951538086 738282.416018737
0.07681313902139664 0.005727970506995916 0.029695510864257812 2.977252244949341 2.0588972568511963 -1.854256272315979 738282.4160188419
0.07759404182434082 0.005262615624815226 0.03827420994639397 2.9549386501312256 1.6616615056991577 -1.7513855695724487 738282.4160189568
0.07882805913686752 0.006058754865080118 0.03692900389432907 2.559817314147949 1.101174235343933 -1.6024178266525269 738282.416019073
0.07797049731016159 0.005670013837516308 0.03512556850910187 2.675835371017456 1.320863127708435 -1.4717674255371094 738282.4160191885
0.07748352736234665 0.005797208286821842 0.03402717784047127 2.4919910430908203 1.344965934753418 -1.382327914237976 738282.4160193041
0.07654920965433121 0.004927160684019327 0.03068913146853447 2.6578352451324463 1.575256586074829 -1.4618345499038696 738282.4160194207
0.07641817629337311 0.0071040308102965355 0.025501396507024765 1.9005802869796753 1.517886757850647 -1.3052783012390137 738282.4160195359
0.07832170277833939 0.0066586025059223175 0.027154263108968735 1.8294453620910645 0.8017780184745789 -1.698850154876709 738282.4160196511
0.0770493894815445 0.006866522133350372 0.029412109404802322 1.8008499145507812 1.267050862312317 -1.642910361289978 738282.4160197666
0.07729426771402359 0.005847220309078693 0.029338130727410316 2.036442518234253 0.9592986106872559 -1.8157751560211182 738282.4160198824
0.07900284230709076 0.006105268374085426 0.02789786271750927 1.763014316558838 0.15781114995479584 -1.8783851861953735 738282.4160200552
0.0765138491988182 0.005286951549351215 0.030768588185310364 2.1368632316589355 1.055361032485962 -1.626348853111267 738282.4160201128
0.07717107981443405 0.005712245590984821 0.035424329340457916 1.7518537044525146 0.5608370900154114 -1.5477626323699951 738282.4160202285
0.0788654014468193 0.00540755083784461 0.03419913351535797 1.78798246383667 -0.02888237126171589 -1.6797893047332764 738282.4160203437
0.07813141494989395 0.004520307295024395 0.03897939249873161 2.022810697555542 0.32890814542770386 -1.616025447845459 738282.4160204591
0.07650677114725113 0.006014454178512096 0.029612291604280472 1.7766175270080566 0.9750199317932129 -1.3422682285308838 738282.4160205745
0.07727963477373123 0.005400576628744602 0.03409548103809357 1.892743468284607 0.4693605899810791 -1.3865470886230469 738282.41602069
0.07892097532749176 0.005123662296682596 0.03306235745549202 1.9255036115646362 -0.17457568645477295 -1.4785245656967163 738282.4160208055
0.07742167264223099 0.004901211243122816 0.041040487587451935 1.9066267013549805 0.43609297275543213 -1.3253891468048096 738282.4160209208
0.07846465706825256 0.0045877681113779545 0.04292985051870346 1.863193154335022 0.042532891035079956 -1.4172966480255127 738282.4160210363
0.07537849247455597 0.00552115635946393 0.03607168421149254 1.7929911613464355 1.3497949838638306 -1.1429280042648315 738282.4160211517
0.07778996229171753 0.0059048631228506565 0.0659254714846611 0.9541555047035217 0.05285137891769409 -1.2843637466430664 738282.4160212672
0.07704350352287292 0.0035260727163404226 0.08253952860832214 1.6231656074523926 0.30111098289489746 -1.3780351877212524 738282.4160213826
0.0750771015882492 0.002741309115663171 0.08608052134513855 1.8852992057800293 0.9401000142097473 -1.3304835557937622 738282.4160215673
0.07225905358791351 0.0046364376321434975 0.04866776987910271 1.9422543048858643 1.9331673383712769 -1.1447951793670654 738282.416021625
0.071941077709198 0.0038199389819055796 0.06779719144105911 1.909547209739685 1.3451147079467773 -1.1700093746185303 738282.416021729
0.06989027559757233 0.0038742367178201675 0.06452452391386032 2.0633492469787598 1.766528606414795 -1.089379072189331 738282.4160218458
0.06919236481189728 0.00033080598223023117 0.06918846070766449 3.0048069953918457 1.4861615896224976 -1.4301849603652954 738282.4160219727
0.06827348470687866 0.0008855047053657472 0.10588942468166351 1.9350637197494507 0.9234728813171387 -1.300153374671936 738282.4160220766
0.0735316202044487 0.00419863685965538 0.06683196872472763 1.3078471422195435 -0.29292649030685425 -1.4326212406158447 738282.4160221921
0.07207569479942322 0.0029256220441311598 0.08066646754741669 1.4963477849960327 0.1408899426460266 -1.438639521598816 738282.4160223075
0.07204847037792206 0.004733926150947809 0.08165403455495834 0.8840437531471252 0.2844628393650055 -1.3324923515319824 738282.4160224228
0.0732056051492691 0.00391779188066721 0.08524298667907715 1.266513466835022 -0.0031341619323939085 -1.441537618637085 738282.4160225383
0.07025427371263504 0.0034137521870434284 0.07381473481655121 1.7496836185455322 1.3763741254806519 -1.3974661827087402 738282.416022654
0.07066641747951508 0.0035759564489126205 0.08293261379003525 1.5020798444747925 0.9136523604393005 -1.4180914163589478 738282.4160227692
0.06558510661125183 0.0002504980657249689 0.07710390537977219 2.6871728897094727 2.5681076049804688 -1.4765511751174927 738282.4160228962
0.06392783671617508 -0.001151206437498331 0.0815606638789177 2.7208504676818848 2.4657623767852783 -1.482751488685608 738282.4160230808
0.06212436407804489 -0.0018591063562780619 0.09371759742498398 2.418268918991089 2.336371898651123 -1.4423822164535522 738282.416023127
0.06498375535011292 -0.0015365626895800233 0.08252261579036713 2.081843137741089 1.0887279510498047 -1.621833086013794 738282.4160232424
0.06280462443828583 -0.0016409067902714014 0.08668126165866852 1.871924877166748 1.5817958116531372 -1.5233385562896729 738282.4160233579
0.05944450944662094 -0.005042730364948511 0.08373531699180603 2.784931182861328 2.3947153091430664 -1.6910817623138428 738282.4160234733
0.058043137192726135 -0.007247555069625378 0.026954321190714836 4.013548851013184 3.54282808303833 -1.8824537992477417 738282.4160235776
