0.0023015872575342655 -0.0007016006857156754 0.027395330369472504 -1.0511419773101807 0.629998505115509 0.012139502912759781
0.0022976866457611322 -0.0006999525940045714 0.027416199445724487 -1.049606442451477 0.6301326155662537 0.011996746994554996
0.0022971946746110916 -0.0007006007363088429 0.02743704989552498 -1.0484044551849365 0.6305972337722778 0.011566536501049995
0.0020736383739858866 -0.00046699363156221807 0.027448849752545357 -1.1153150796890259 0.6933324337005615 0.011029818095266819
0.0022965779062360525 -0.0004586529976222664 0.02739846147596836 -1.0989346504211426 0.610276460647583 0.010560156777501106
0.0022986335679888725 -0.0004557980864774436 0.0274293702095747 -1.084157109260559 0.6125063896179199 0.011429408565163612
0.002296238439157605 -0.0004531903541646898 0.02745574712753296 -1.0722477436065674 0.6160510182380676 0.011677874252200127
0.0022980901412665844 -0.0004496602341532707 0.02747792750597 -1.0645257234573364 0.6166912913322449 0.01104995608329773
0.002295933198183775 -0.000678778626024723 0.02749577723443508 -0.9904578328132629 0.6173954606056213 0.013356939889490604
0.0022708866745233536 -0.0006405055755749345 0.029437389224767685 -1.0024852752685547 0.6188289523124695 0.013025790452957153
0.0022740273270756006 -0.0006395666277967393 0.029564380645751953 -1.0107389688491821 0.6165132522583008 0.012972066178917885
0.0022696000523865223 -0.0006360305706039071 0.029688753187656403 -1.0177186727523804 0.6196444630622864 0.012591075152158737
0.0022719157859683037 -0.0006343388231471181 0.0298119205981493 -1.0177807807922363 0.6186903715133667 0.011539572849869728
0.002022889908403158 -0.0006218770868144929 0.030413798987865448 -1.0223573446273804 0.6886311769485474 0.012684913352131844
0.002013993915170431 -0.0006179267074912786 0.03058440051972866 -1.0242258310317993 0.674148678779602 0.01235957257449627
0.002249492099508643 -0.0006145137012936175 0.030806586146354675 -1.0240554809570312 0.5947662591934204 0.010655572637915611
0.0020055852364748716 -0.0006086377543397248 0.031052572652697563 -1.02410089969635 0.6681650876998901 0.010866439901292324
0.0020201168954372406 -0.0006298507796600461 0.029629765078425407 -1.0258177518844604 0.6557672619819641 0.012136693112552166
0.002015683799982071 -0.0006257192580960691 0.02971586212515831 -1.0259952545166016 0.6467664241790771 0.011387165635824203
0.002254209481179714 -0.000619387486949563 0.029811197891831398 -1.0282366275787354 0.5731688141822815 0.01154889166355133
0.0022509892005473375 -0.0006190987187437713 0.029914449900388718 -1.0266919136047363 0.5842377543449402 0.011257564648985863
0.0022480636835098267 -0.0006193331209942698 0.03001018799841404 -1.025710105895996 0.5935089588165283 0.012082777917385101
0.0022700021509081125 -0.000653181632515043 0.02802347205579281 -1.027789831161499 0.5984784364700317 0.011314276605844498
0.0022721823770552874 -0.0006519336602650583 0.02800724096596241 -1.0271821022033691 0.5968122482299805 0.013109262101352215
0.002272293670102954 -0.0006513274856843054 0.02799168787896633 -1.0260274410247803 0.5961095690727234 0.013220171444118023
0.0022693132050335407 -0.0006532645784318447 0.027975870296359062 -1.024033546447754 0.596635639667511 0.012594818137586117
0.0022819440346211195 -0.0006715441704727709 0.02677116170525551 -1.023756742477417 0.5951811671257019 0.012835688889026642
0.002277591498568654 -0.0006703227409161627 0.02669600024819374 -1.0232354402542114 0.5957090854644775 0.01260859239846468
0.0022794404067099094 -0.0006678326171822846 0.02662205509841442 -1.0229339599609375 0.5948414206504822 0.013331582769751549
0.0022786431945860386 -0.0006705133710056543 0.026549480855464935 -1.022015929222107 0.594074010848999 0.014605147764086723
0.0022796799894422293 -0.0006727191503159702 0.026478826999664307 -1.0212863683700562 0.5935696959495544 0.013657290488481522
0.002032877877354622 -0.0006719251396134496 0.026622937992215157 -1.0201503038406372 0.6601652503013611 0.014022191055119038
0.002270040800794959 -0.0006706502172164619 0.0266842320561409 -1.0201678276062012 0.5803849697113037 0.012180401012301445
0.002270016586408019 -0.0006734112976118922 0.02663269452750683 -1.020218849182129 0.5803446769714355 0.01193944551050663
0.0020331318955868483 -0.0006745880236849189 0.02660553902387619 -1.0198887586593628 0.6444584727287292 0.012280350551009178
0.0022557915654033422 -0.000658778240904212 0.02758796513080597 -1.0197982788085938 0.5696496963500977 0.011132783256471157
0.0022569485008716583 -0.0006579660694114864 0.02759610302746296 -1.0196735858917236 0.5692012906074524 0.010849954560399055
0.0022562541998922825 -0.0006575726438313723 0.02760574035346508 -1.018994927406311 0.569997251033783 0.009097048081457615
0.002253627171739936 -0.0006559453904628754 0.02761799283325672 -1.0181609392166138 0.5714518427848816 0.009538116864860058
0.002251679776236415 -0.000653705617878586 0.02763165347278118 -1.0178027153015137 0.5719804167747498 0.009640560485422611
0.00202145054936409 -0.0006650747382082045 0.026962388306856155 -1.0173321962356567 0.6335639357566833 0.010055993683636189
0.002260758075863123 -0.000663584447465837 0.027048451825976372 -1.0169845819473267 0.5605099201202393 0.009554930031299591
0.0022578153293579817 -0.0006603856454603374 0.027041207998991013 -1.018880009651184 0.5675504207611084 0.009470422752201557
0.0022434841375797987 -0.0006581625784747303 0.02704351395368576 -1.018880009651184 0.5681532621383667 0.008840668015182018
0.0022498643957078457 -0.0006626382819376886 0.026631852611899376 -1.0177950859069824 0.568585216999054 0.00799309927970171
0.0022449796088039875 -0.0006633308948948979 0.026598695665597916 -1.0177950859069824 0.568585216999054 0.00799309927970171
0.0020656513515859842 -0.0006633484154008329 0.026564428582787514 -1.0164129734039307 0.6344252824783325 0.008388318121433258
0.0022342170123010874 -0.0006599985645152628 0.02665689028799534 -1.0157279968261719 0.5547229051589966 0.007139068096876144
0.002237793756648898 -0.0006586115341633558 0.026637185364961624 -1.0156623125076294 0.5543102025985718 0.006410439498722553
0.0022470320109277964 -0.0006724910927005112 0.025959812104701996 -1.0151022672653198 0.5547059774398804 0.005868096370249987
0.002066287212073803 -0.0006715860217809677 0.02591858245432377 -1.014794945716858 0.6253681778907776 0.005223821382969618
0.002235107822343707 -0.000670015811920166 0.02596350386738777 -1.014414668083191 0.5468122959136963 0.003268455620855093
0.0022409374359995127 -0.0006713679758831859 0.025922240689396858 -1.0142278671264648 0.553364098072052 0.004180264193564653
0.0022291671484708786 -0.0006408967892639339 0.027476973831653595 -1.0131094455718994 0.5533224940299988 0.0035053167957812548
0.0022280376870185137 -0.0006403361912816763 0.027521813288331032 -1.0125877857208252 0.5525774359703064 0.003072490682825446
0.002229555742815137 -0.0006393158109858632 0.027567030861973763 -1.011617660522461 0.5540668964385986 0.0030818977393209934
0.00223164982162416 -0.0006385197048075497 0.027613544836640358 -1.0114623308181763 0.5528078675270081 0.00374661129899323
0.0022359092254191637 -0.0006458194693550467 0.027031349018216133 -1.0110158920288086 0.551776111125946 0.004339277278631926
0.0022354829125106335 -0.000643547682557255 0.027044357731938362 -1.0110435485839844 0.552178680896759 0.0038993903435766697
0.002233609091490507 -0.0006449307547882199 0.027058321982622147 -1.0105476379394531 0.5521932244300842 0.0020203569438308477
0.002235706429928541 -0.0006423769518733025 0.02707270160317421 -1.0095500946044922 0.5527462363243103 0.003077022498473525
0.0022361990995705128 -0.0006429178174585104 0.02708694152534008 -1.0087645053863525 0.552319347858429 0.0026219338178634644
0.002243116032332182 -0.0006480761803686619 0.026660846546292305 -1.0069513320922852 0.552323579788208 0.00229624449275434
0.002241754438728094 -0.000646639964543283 0.026651274412870407 -1.0070112943649292 0.5513230562210083 0.003405399387702346
0.0022399176377803087 -0.0006469991058111191 0.026643509045243263 -1.006564974784851 0.5516539812088013 0.002569978591054678
0.00205389317125082 -0.0006475975969806314 0.026632094755768776 -1.006193995475769 0.6184431910514832 0.0032169148325920105
0.0022211307659745216 -0.0006292978068813682 0.02762392908334732 -1.0060803890228271 0.5357385873794556 0.0006467604544013739
0.0022218688391149044 -0.0006275644991546869 0.027675535529851913 -1.0056136846542358 0.5344390869140625 0.0011924213031306863
0.002224236959591508 -0.0006223684176802635 0.027726968750357628 -1.0037976503372192 0.534987211227417 0.0016147646820172668
0.0022278898395597935 -0.0006224683602340519 0.027778569608926773 -1.0033628940582275 0.5350926518440247 0.0012801499105989933
0.002229156903922558 -0.0006224661483429372 0.02783137373626232 -1.002501130104065 0.5344367027282715 0.002481078263372183
0.002230241196230054 -0.0006281855166889727 0.027530834078788757 -1.0020904541015625 0.5333581566810608 0.00281470431946218
0.0022304661106318235 -0.0006272593745961785 0.027566267177462578 -1.0014445781707764 0.5336570739746094 0.0036677538882941008
0.002231867518275976 -0.0006294202757999301 0.027602912858128548 -1.0012365579605103 0.5335810780525208 0.004126331768929958
0.0022320211865007877 -0.000629518530331552 0.027639970183372498 -1.0000016689300537 0.5328625440597534 0.004136947449296713
0.0022373960819095373 -0.0006397381075657904 0.027035297825932503 -0.9990301728248596 0.5324876308441162 0.004534972365945578
0.0022393595427274704 -0.0006390284979715943 0.027036378160119057 -0.9986532330513 0.532328188419342 0.006023776717483997
0.002238646848127246 -0.0006415757234208286 0.02703818678855896 -0.9980990886688232 0.5319220423698425 0.00633980380371213
0.002240087604150176 -0.0006391570786945522 0.027040550485253334 -0.9967727661132812 0.5316852331161499 0.006417575757950544
0.0022368512582033873 -0.000641973630990833 0.027042973786592484 -0.9971053004264832 0.5315793752670288 0.006509008817374706
0.0022397928405553102 -0.0006401636637747288 0.02702566422522068 -0.9956350326538086 0.5323566794395447 0.004898434970527887
0.002234747866168618 -0.0006436503608711064 0.0270281583070755 -0.995856761932373 0.5309087038040161 0.004770316649228334
0.002237650565803051 -0.0006514413980767131 0.02703811228275299 -0.9930541515350342 0.5331778526306152 0.0039128209464251995
0.00223406869918108 -0.000648694287519902 0.02703813835978508 -0.9930541515350342 0.5331778526306152 0.0039128209464251995
0.001979311928153038 -0.0006254054023884237 0.028637763112783432 -0.9947533011436462 0.5970588326454163 0.005397404544055462
0.0020215387921780348 -0.0006194684538058937 0.02865584008395672 -0.9966886043548584 0.582508385181427 0.005160029511898756
0.0020108716562390327 -0.0006154677830636501 0.028754329308867455 -0.9985576868057251 0.5710126757621765 0.005519060418009758
0.0021842417772859335 -0.0006120908656157553 0.02886878326535225 -0.9997796416282654 0.5005996227264404 0.0038690355140715837
0.002195115201175213 -0.000610274903010577 0.028981946408748627 -0.9999912977218628 0.5103566646575928 0.004054820165038109
0.0020258319564163685 -0.0006206801626831293 0.028306709602475166 -1.000402569770813 0.5803713798522949 0.004482541233301163
0.002199270762503147 -0.0006212224252521992 0.028427205979824066 -1.0011323690414429 0.5089091062545776 0.0039189476519823074
0.0022045010700821877 -0.0006209308630786836 0.028498640283942223 -1.0023016929626465 0.5186707973480225 0.004536761902272701
0.0022011245600879192 -0.000623508240096271 0.028562964871525764 -1.0004644393920898 0.5282182693481445 0.004918940365314484
0.002199214417487383 -0.0006078272126615047 0.02803654968738556 -0.9935340881347656 0.5357229709625244 0.009172176942229271
0.002216881141066551 -0.0006346191512420774 0.028044583275914192 -0.9846275448799133 0.5298562049865723 0.009187845513224602
0.002162892371416092 -0.0005766750546172261 0.028126273304224014 -0.9816447496414185 0.5368797779083252 0.023695828393101692
0.0021871193312108517 -0.0005820796941407025 0.028133997693657875 -0.9797762036323547 0.5286866426467896 0.023597197607159615
0.002198464935645461 -0.0005779946804977953 0.028208062052726746 -0.9694235324859619 0.5144305229187012 0.0027131084352731705
0.0023148166947066784 -0.0006025648908689618 0.027778444811701775 -0.9362767338752747 0.4666867256164551 0.015650326386094093
0.002052335301414132 -0.0005741390632465482 0.027872610837221146 -0.9244498610496521 0.5379412174224854 0.004630581941455603
0.0020493061747401953 -0.0006000442081131041 0.027986915782094002 -0.8951994776725769 0.52292400598526 0.011170539073646069
0.0020876468624919653 -0.000610886316280812 0.02808685041964054 -0.868991494178772 0.48076513409614563 -0.008946802467107773
0.0022759772837162018 -0.0005840430967509747 0.02770931087434292 -0.8580076098442078 0.38706347346305847 -0.008364547975361347
0.0018756584031507373 -0.0004193764179944992 0.027894433587789536 -0.9183438420295715 0.5437074303627014 0.015353025868535042
0.0018833481008186936 -0.0005649655940942466 0.028174584731459618 -0.8142595887184143 0.5005775690078735 0.0014442771207541227
0.001898796996101737 -0.000638666853774339 0.028268586844205856 -0.7818951606750488 0.46124789118766785 0.01557956077158451
0.0018792781047523022 -0.0006844639428891242 0.02832162007689476 -0.7388606071472168 0.43199601769447327 0.012412304058670998
0.0018663860391825438 -0.0006426255567930639 0.027844568714499474 -0.7310824990272522 0.42301464080810547 0.0036519914865493774
0.0018675592727959156 -0.0006174765294417739 0.027925631031394005 -0.7583006620407104 0.4083889424800873 -0.004823398310691118
0.001684381510131061 -0.000667074229568243 0.028080886229872704 -0.7326735258102417 0.44566410779953003 0.011473148129880428
0.0018482595914974809 -0.000659119978081435 0.02838370017707348 -0.7034716010093689 0.35083383321762085 0.007855439558625221
0.0018327235011383891 -0.0006308985757641494 0.02836180478334427 -0.7017297148704529 0.3442639410495758 0.004832074046134949
0.0016751429066061974 -0.0006226612022146583 0.02859017625451088 -0.6972075700759888 0.40056928992271423 0.027810271829366684
0.0016559710493311286 -0.0006151781417429447 0.02885151468217373 -0.6894730925559998 0.3752807080745697 0.022722117602825165
0.0012293950421735644 -0.0006205909885466099 0.02907746657729149 -0.6626840233802795 0.5054603219032288 0.018713993951678276
0.001370555255562067 -0.0005844392580911517 0.029843255877494812 -0.6488465070724487 0.40509340167045593 0.013815747573971748
0.0015705178957432508 -0.0005813739844597876 0.03053942136466503 -0.6418870091438293 0.2990107536315918 0.025873813778162003
0.001223735511302948 -0.0005802497616969049 0.031067201867699623 -0.6170821189880371 0.4030824303627014 0.02085493505001068
0.0013260857667773962 -0.0005233563133515418 0.031491439789533615 -0.6115187406539917 0.3180343210697174 0.0026338258758187294
0.0012931139208376408 -0.0004652744682971388 0.031808920204639435 -0.6351646184921265 0.33938607573509216 0.03347392380237579
0.001344401971437037 -0.0005477280938066542 0.03020293638110161 -0.6152117252349854 0.3208540380001068 0.03979671001434326
0.0007929440471343696 9.150058758677915e-06 0.030560649931430817 -0.7545381188392639 0.47572439908981323 0.01990174502134323
0.0011295235017314553 -0.0004975941847078502 0.03244321420788765 -0.4855840504169464 0.2755983769893646 0.015091590583324432
0.0010668078903108835 -0.00046370283234864473 0.03281807526946068 -0.5020777583122253 0.2717764377593994 0.02950303629040718
0.0010086526162922382 -0.0004632578347809613 0.03314073756337166 -0.5233473777770996 0.3024936616420746 0.03815450891852379
0.0010961036896333098 -0.0005348658305592835 0.03129813075065613 -0.504469096660614 0.2918221950531006 0.024469399824738503
0.0011097494279965758 -0.00046757745440118015 0.03155498951673508 -0.5055769681930542 0.24497616291046143 0.003557472722604871
0.0012544693890959024 -0.00047032893053255975 0.031812578439712524 -0.5293043851852417 0.18059931695461273 0.010634129866957664
0.0012954521225765347 -0.0005448436131700873 0.03213644400238991 -0.49274560809135437 0.1954028457403183 0.04180586710572243
0.00131689989939332 -0.0005340292700566351 0.030783124268054962 -0.46541017293930054 0.18644613027572632 0.01821146346628666
0.0013431963743641973 -0.000610769260674715 0.031015729531645775 -0.45312923192977905 0.19234849512577057 0.008847881108522415
0.0007713824161328375 -0.00042030750773847103 0.03134958818554878 -0.4765149652957916 0.3822990357875824 0.0378105528652668
0.0008848516154102981 -0.00047679326962679625 0.032007139176130295 -0.4167284071445465 0.28328558802604675 0.0346684455871582
0.0008936694939620793 -0.0004891977296210825 0.03227516636252403 -0.4598938524723053 0.27783700823783875 0.04177513346076012
0.0012445601169019938 -0.000546120572835207 0.030383311212062836 -0.42842888832092285 0.13676750659942627 0.0304692592471838
0.000611334980931133 -0.0004495120665524155 0.03105900250375271 -0.426954448223114 0.3845546543598175 0.021872345358133316
0.0007312123198062181 -0.0004607193695846945 0.03159050643444061 -0.45273804664611816 0.31425490975379944 0.012626441195607185
0.0007191875483840704 -0.0005756615428254008 0.031804971396923065 -0.3968326151371002 0.3088253438472748 0.034654781222343445
0.0013026403030380607 -0.0005792669835500419 0.02972527965903282 -0.34743985533714294 0.10641483217477798 0.02386394515633583
0.000982745666988194 -0.0006184602971188724 0.030285615473985672 -0.33700093626976013 0.2517628073692322 0.018714869394898415
0.0009786280570551753 -0.0006274263141676784 0.03037252649664879 -0.3197733461856842 0.22249726951122284 0.023575155064463615
0.0009137055021710694 -0.0005836476921103895 0.03047984652221203 -0.33156049251556396 0.2438669055700302 0.04588986560702324
0.000526837888173759 -0.0006908670184202492 0.029571974650025368 -0.3097653090953827 0.40259602665901184 0.05151466280221939
0.0005497609963640571 -0.0002490336773917079 0.02986355684697628 -0.4108412563800812 0.34741461277008057 0.01910637505352497
0.0004912655567750335 -0.00011457992513896897 0.029980147257447243 -0.4340800344944 0.30297333002090454 0.021318797022104263
0.0002509852347429842 -0.0005251441616564989 0.030547384172677994 -0.3155042231082916 0.3666606843471527 0.05370047688484192
0.0006515030981972814 -0.0007224002038128674 0.030921613797545433 -0.24497757852077484 0.21798256039619446 0.03735694661736488
0.0005015193019062281 -0.0007513928576372564 0.029652263969182968 -0.17663192749023438 0.2551622986793518 0.016695762053132057
0.0008098431280814111 -0.0007151695317588747 0.029670804738998413 -0.19740788638591766 0.13042286038398743 0.012073974125087261
0.0003549577668309212 -0.0007516294717788696 0.030157864093780518 -0.22915342450141907 0.3369118571281433 0.03894916921854019
0.00027946720365434885 -0.0004132676695007831 0.030277155339717865 -0.33447128534317017 0.37799984216690063 0.02785736322402954
0.0003811524948105216 -0.00041535167838446796 0.029191836714744568 -0.27609914541244507 0.33996692299842834 0.031044544652104378
0.00021611334523186088 -0.0005328163388185203 0.029228126630187035 -0.20612405240535736 0.3283825218677521 0.0708206370472908
0.00012446775508578867 -0.00024713334278203547 0.02916903980076313 -0.33124518394470215 0.31592968106269836 0.06470045447349548
7.519909559050575e-05 -0.00014146768080536276 0.02909127064049244 -0.3844014108181 0.3377426266670227 0.035512879490852356
0.0001866437087301165 -0.0008332015131600201 0.029651623219251633 -0.07253757864236832 0.29126423597335815 0.03368670865893364
0.0002883913111872971 -0.00047031432040967047 0.028774525970220566 -0.18326310813426971 0.18994957208633423 0.03536400943994522
0.0003688027209136635 -0.0007534046308137476 0.0287314523011446 -0.07449598610401154 0.10847507417201996 0.04316667467355728
0.00032436431501992047 -0.0005575856775976717 0.028925277292728424 -0.2135651558637619 0.09101678431034088 0.05849164351820946
-0.0005059891846030951 -0.0008300445042550564 0.029222946614027023 -0.12524087727069855 0.4016633927822113 0.1279241442680359
-0.0010158343939110637 -0.0010801729513332248 0.02712414413690567 -0.013792887330055237 0.5189473628997803 0.170207679271698
-0.002480187453329563 -0.0013362461468204856 0.02470921352505684 0.147938072681427 0.8676394820213318 0.20621570944786072
-0.0035423070657998323 -0.0011388647835701704 0.023180019110441208 0.1432247906923294 0.9339049458503723 0.21634066104888916
-0.0038628133479505777 -0.0011854283511638641 0.02563326433300972 0.1354447603225708 0.7323200106620789 0.2095331996679306
-0.004134342540055513 -0.0013406691141426563 0.02668706886470318 0.07484801858663559 0.6257922649383545 0.23878590762615204
-0.004264723509550095 -0.0017864180263131857 0.027456048876047134 0.06398013979196548 0.5154272317886353 0.2982683777809143
-0.004207746125757694 -0.0019278445979580283 0.02741311676800251 -0.023502329364418983 0.3294776976108551 0.3821087181568146
-0.004077688790857792 -0.0019529378041625023 0.027056291699409485 -0.009934634901583195 0.09252262115478516 0.4450579583644867
-0.005271936766803265 -0.0021138826850801706 0.028935659676790237 0.09732544422149658 0.2990455627441406 0.5458939075469971
-0.006020472850650549 -0.002093482529744506 0.025785958394408226 0.10472968220710754 0.2844174802303314 0.6151218414306641
-0.006737169343978167 -0.0027571278624236584 0.025599228218197823 0.292929470539093 0.21303200721740723 0.6456108689308167
-0.0072092036716639996 -0.002817183267325163 0.026143305003643036 0.1364544928073883 -0.042134907096624374 0.6649604439735413
-0.008383712731301785 -0.0036858480889350176 0.025184884667396545 0.22782711684703827 0.018161315470933914 0.7401115894317627
-0.008614865131676197 -0.0038023963570594788 0.027564028277993202 -0.07477649301290512 -0.32903003692626953 0.7486608624458313
-0.009169748984277248 -0.0042027998715639114 0.02618393301963806 -0.25541383028030396 -0.3405095338821411 0.8038575053215027
-0.009346600621938705 -0.0043297698721289635 0.02648700587451458 -0.46321845054626465 -0.5221455693244934 0.8387160301208496
-0.009524713270366192 -0.0042268442921340466 0.02636873349547386 -0.6582847237586975 -0.5923804640769958 0.8702213764190674
-0.009427008219063282 -0.0037118317559361458 0.025373024865984917 -0.8598377704620361 -0.6919259428977966 0.9057280421257019
-0.010753799229860306 -0.003900535637512803 0.027269985526800156 -0.7417753338813782 -0.4257839322090149 1.0144327878952026
-0.009526897221803665 -0.0024945775512605906 0.028056591749191284 -1.0063204765319824 -1.1301509141921997 1.014649510383606
-0.011810560710728168 -0.002698099473491311 0.03652214631438255 -0.5230448246002197 -0.6827703714370728 1.0917015075683594
-0.012286338955163956 -0.002229465404525399 0.0371645949780941 -0.27194076776504517 -0.859362006187439 1.1487407684326172
-0.012011917307972908 -0.0004273552622180432 0.03099435195326805 -0.51065993309021 -1.1446410417556763 1.1163890361785889
-0.011307726614177227 0.0010093390010297298 0.028902636840939522 -0.562954843044281 -1.4846065044403076 1.1269404888153076
-0.010700391605496407 0.0019671879708766937 0.028020508587360382 -0.481624037027359 -1.6104587316513062 1.193223476409912
-0.01023539062589407 0.0028660984244197607 0.02832712046802044 -0.410029798746109 -1.450190544128418 1.2604769468307495
-0.00952755194157362 0.0034629462752491236 0.02854694239795208 -0.30658188462257385 -1.253740906715393 1.344740390777588
-0.008296189829707146 0.004376113880425692 0.02536853216588497 -0.3495909869670868 -1.178952693939209 1.3827033042907715
-0.0074686710722744465 0.004362550564110279 0.026613710448145866 0.03267611190676689 -0.9487123489379883 1.5394021272659302
-0.006627649534493685 0.004740186966955662 0.026690993458032608 0.23511339724063873 -0.8024108409881592 1.6603163480758667
-0.006737008225172758 0.004880405031144619 0.029392408207058907 0.579336941242218 -0.34688064455986023 1.816565752029419
-0.006528730504214764 0.003262697020545602 0.025060126557946205 1.3893462419509888 -0.09006156772375107 2.020934581756592
-0.007355181500315666 0.0035415515303611755 0.027011357247829437 1.4726567268371582 0.3389900326728821 2.134458303451538
-0.006731433793902397 -0.0004580382374115288 0.01909877173602581 2.751593828201294 0.21930792927742004 2.290900230407715
-0.006446505431085825 -0.00043993964209221303 0.02896309643983841 2.486699342727661 0.24175719916820526 2.3736448287963867
-0.0062858411110937595 -0.0004940468352288008 0.0350729264318943 2.110564947128296 0.3120869994163513 2.4667468070983887
-0.005118247587233782 0.0013340477598831058 0.03903723880648613 1.0682717561721802 -0.006050785072147846 2.4278616905212402
-0.00402522599324584 0.00044441825593821704 0.04230332002043724 0.9464753866195679 -0.13615725934505463 2.4623022079467773
-0.0011768591357395053 0.001648061559535563 0.037260908633470535 0.061602041125297546 -0.8003581762313843 2.2941417694091797
-0.0004830768739338964 0.001330491155385971 0.04949788376688957 -0.2796616554260254 -0.36173775792121887 2.4923255443573
-5.6836626754375175e-05 0.0015119473682716489 0.04772277921438217 -0.7686806321144104 -0.09137769043445587 2.6114301681518555
-0.0015586580848321319 -0.001909664017148316 0.05867950990796089 -0.09532855451107025 1.037566065788269 2.8480255603790283
-0.0021228305995464325 -0.002523886738345027 0.06039377301931381 -0.3614876866340637 1.5317881107330322 2.9541046619415283
-0.003173060482367873 -0.0046996367163956165 0.05602724850177765 0.08846770226955414 2.1089131832122803 3.0031635761260986
-0.0034468735102564096 -0.004925285000354052 0.06337802857160568 -0.11315396428108215 2.522904396057129 3.165722131729126
-0.004403960891067982 -0.005115089938044548 0.0589224174618721 -0.06409558653831482 2.875216007232666 3.3197216987609863
-0.003446197137236595 -0.007665771525353193 0.06377528607845306 0.7323046922683716 2.653933048248291 3.2031826972961426
-0.0032979273237288 -0.008463960140943527 0.0683409720659256 0.7819353938102722 2.564479351043701 3.3438193798065186
-0.0017304045613855124 -0.009317721240222454 0.07185716927051544 0.8597068786621094 1.8516379594802856 3.3954968452453613
-0.0023959362879395485 -0.008614994585514069 0.07006186991930008 0.4051874279975891 1.7078661918640137 3.664149522781372
-0.002273539314046502 -0.010449398308992386 0.0729960948228836 0.6722612977027893 1.2905786037445068 3.5797345638275146
-0.002703134436160326 -0.010820594616234303 0.07609553635120392 0.21170899271965027 0.9828437566757202 3.6996335983276367
-0.004745780490338802 -0.010995088145136833 0.07787061482667923 -0.3517986834049225 1.166648268699646 3.8443195819854736
-0.00515101058408618 -0.01019243337213993 0.07947049289941788 -1.1933488845825195 0.8200523257255554 3.9615373611450195
-0.005881862249225378 -0.011284492909908295 0.07454263418912888 -1.317619800567627 0.8019007444381714 3.884833812713623
-0.006771734915673733 -0.010723819024860859 0.07523002475500107 -2.0833256244659424 0.8142226338386536 3.937459945678711
-0.007647902239114046 -0.010597371496260166 0.07558020204305649 -2.5375730991363525 0.91326504945755 3.937037467956543
-0.008542770519852638 -0.011281907558441162 0.07779902964830399 -2.6259028911590576 1.0146394968032837 3.8969438076019287
-0.009346301667392254 -0.010072283446788788 0.0738278478384018 -2.9815690517425537 1.0803357362747192 3.9224541187286377
-0.009983178228139877 -0.009897054173052311 0.07489562034606934 -2.868799924850464 1.0067496299743652 3.9186534881591797
-0.010468265041708946 -0.01021944172680378 0.07717727869749069 -2.4883387088775635 0.8510860800743103 3.9060137271881104
-0.011677267961204052 -0.009111826308071613 0.07668690383434296 -2.4049019813537598 0.8134609460830688 3.8485031127929688
-0.012743822298943996 -0.008516397327184677 0.07666094601154327 -2.080040216445923 0.6271411776542664 3.7879154682159424
-0.013834106735885143 -0.007827227003872395 0.07317393273115158 -1.750815749168396 0.43179047107696533 3.701537609100342
-0.015082880854606628 -0.006844580639153719 0.07256437093019485 -1.5292651653289795 0.22356589138507843 3.645204782485962
-0.016032662242650986 -0.006651355419307947 0.07442615926265717 -1.118638277053833 -0.031128214672207832 3.6356732845306396
-0.01723700761795044 -0.005926463752985001 0.0745127871632576 -0.9509877562522888 -0.06614956259727478 3.613208293914795
-0.01757889799773693 -0.005127837415784597 0.07536566257476807 -0.8128275871276855 -0.38540536165237427 3.649308919906616
-0.018444770947098732 -0.005091913044452667 0.07660782337188721 -0.5549648404121399 -0.49961352348327637 3.666748523712158
-0.02011130377650261 -0.004307409282773733 0.07710134238004684 -0.5732321739196777 -0.3513765037059784 3.634815216064453
-0.020501572638750076 -0.003481607185676694 0.0788639709353447 -0.577214777469635 -0.6105823516845703 3.6706044673919678
-0.021180719137191772 -0.0032399853225797415 0.0802280530333519 -0.4556698501110077 -0.6911892294883728 3.713467836380005
-0.02097751386463642 -0.003023061901330948 0.07989734411239624 -0.34703293442726135 -0.9970809817314148 3.7658066749572754
-0.02182607911527157 -0.0019059352343901992 0.08109293133020401 -0.5220392942428589 -1.0831773281097412 3.7524940967559814
-0.02255568839609623 -0.0016868271632120013 0.08259526640176773 -0.3758516311645508 -1.185848593711853 3.802708387374878
-0.023669926449656487 -0.001034650020301342 0.08369068056344986 -0.3932684063911438 -1.1711839437484741 3.812938690185547
-0.023813363164663315 -0.000836916035041213 0.0868878960609436 -0.21118327975273132 -1.411118984222412 3.8875598907470703
-0.023939890787005424 -0.00035722338361665606 0.08789683878421783 -0.11303039640188217 -1.5117213726043701 3.9204659461975098
-0.023986898362636566 0.0004677529796026647 0.0887942686676979 -0.09968513250350952 -1.5548853874206543 3.911508560180664
-0.024182381108403206 0.0017943711718544364 0.08947853744029999 -0.2262352705001831 -1.5809299945831299 3.87367844581604
-0.024567507207393646 0.001680833171121776 0.09292095899581909 0.10480686277151108 -1.4937806129455566 4.001091480255127
-0.02429945394396782 0.0016581050585955381 0.0900699645280838 0.2851516604423523 -1.3992635011672974 4.06538724899292
-0.02429104596376419 0.0024596392177045345 0.09139903634786606 0.2854764461517334 -1.2890113592147827 4.059174060821533
-0.024587955325841904 0.0026423116214573383 0.09314266592264175 0.43300220370292664 -1.0512398481369019 4.118183612823486
-0.024645956233143806 0.002595352241769433 0.09457675367593765 0.5704621076583862 -0.909894585609436 4.182999134063721
-0.025326529517769814 0.003764879424124956 0.0958905965089798 0.34999436140060425 -0.6361213326454163 4.16010046005249
-0.02587813511490822 0.0037912458647042513 0.09756973385810852 0.45984119176864624 -0.2977515459060669 4.221480846405029
-0.025613147765398026 0.005263242870569229 0.09983952343463898 0.17848233878612518 -0.2410011887550354 4.15013313293457
-0.02571050077676773 0.0054720123298466206 0.1023547574877739 0.2369731068611145 -0.12700112164020538 4.1787495613098145
-0.025420818477869034 0.0058446298353374004 0.10449592024087906 0.21663500368595123 -0.17341865599155426 4.196291923522949
-0.025455277413129807 0.005862357560545206 0.10636414587497711 0.30517488718032837 -0.10842510312795639 4.233282089233398
-0.02567203715443611 0.008905109018087387 0.1093497946858406 -0.29743140935897827 -0.21875938773155212 4.1929612159729
-0.025648510083556175 0.01006575021892786 0.1106121689081192 -0.2960527539253235 -0.29128164052963257 4.20097541809082
-0.026036780327558517 0.01028831023722887 0.11590436846017838 -0.00627472996711731 -0.21703293919563293 4.232316017150879
-0.02520635724067688 0.010256805457174778 0.11513270437717438 0.22338008880615234 -0.4347665011882782 4.22381591796875
-0.025603992864489555 0.010196373797953129 0.11756536364555359 0.4774773120880127 -0.3091817796230316 4.239251613616943
-0.025672324001789093 0.0128244087100029 0.12084195017814636 0.14279095828533173 -0.36457785964012146 4.19426155090332
-0.026010505855083466 0.013203809969127178 0.12380018085241318 0.3779750168323517 -0.21814751625061035 4.199679374694824
-0.02532210201025009 0.013326077722012997 0.12520843744277954 0.6221644878387451 -0.28219443559646606 4.181820869445801
-0.02508711814880371 0.013465926982462406 0.12733490765094757 0.8054680228233337 -0.23023654520511627 4.171683311462402
-0.024923769757151604 0.013926751911640167 0.12953616678714752 0.8746770024299622 -0.2118086963891983 4.147134304046631
-0.025135265663266182 0.014768501743674278 0.1320125013589859 0.844563364982605 -0.08841286599636078 4.1310834884643555
-0.024729540571570396 0.0156690813601017 0.1342640519142151 0.8093002438545227 -0.097508005797863 4.093923091888428
-0.024628985673189163 0.01595013029873371 0.13516102731227875 0.8796977400779724 -0.04606164991855621 4.075498580932617
-0.024723319336771965 0.01588493585586548 0.13743233680725098 0.997680127620697 0.07978133112192154 4.061771869659424
-0.023799732327461243 0.016741536557674408 0.13976052403450012 0.9242832660675049 -0.05355583131313324 3.9947524070739746
-0.02343297190964222 0.01685837097465992 0.1419067233800888 0.9721117615699768 -0.052089616656303406 3.9629874229431152
-0.023430416360497475 0.017170708626508713 0.1429435908794403 0.9273760318756104 -0.005049911793321371 3.9504916667938232
-0.023441579192876816 0.01720910705626011 0.14500778913497925 0.9555571675300598 0.0352700799703598 3.939173460006714
-0.023432578891515732 0.017319219186902046 0.14702387154102325 0.9736784100532532 0.07847476005554199 3.923088788986206
-0.023492231965065002 0.017626339569687843 0.14909087121486664 0.9336146712303162 0.12452873587608337 3.904893159866333
-0.022596823051571846 0.017685888335108757 0.15117765963077545 0.9770835041999817 0.003425586735829711 3.8584325313568115
-0.022740425541996956 0.017631234601140022 0.1547899842262268 1.0281082391738892 0.13975493609905243 3.85457444190979
-0.02334919199347496 0.01780591905117035 0.15705367922782898 1.0114269256591797 0.3270310163497925 3.8612303733825684
-0.028015483170747757 0.021228039637207985 0.1590193808078766 0.3808623254299164 1.143756628036499 4.034367561340332
-0.027902837842702866 0.02174724079668522 0.1627727895975113 0.41555896401405334 1.0276657342910767 3.974705934524536
-0.02753942459821701 0.02144090086221695 0.1685256063938141 0.5566828846931458 0.8565279841423035 3.895951986312866
-0.026606857776641846 0.021143078804016113 0.17205055058002472 0.6928255558013916 0.643909752368927 3.8012027740478516
-0.02616577036678791 0.021195724606513977 0.1749194860458374 0.759428858757019 0.45721396803855896 3.7503559589385986
-0.025193454697728157 0.021521667018532753 0.17768444120883942 0.7813146114349365 0.1389058232307434 3.691837787628174
-0.024662181735038757 0.02156585268676281 0.18036113679409027 0.8551803827285767 -0.08556874841451645 3.6581363677978516
-0.02273809164762497 0.019730597734451294 0.18056340515613556 1.1961359977722168 -0.4721759259700775 3.5712850093841553
-0.02354327216744423 0.023462461307644844 0.18541434407234192 0.6239333152770996 -0.45740172266960144 3.6040332317352295
-0.021317582577466965 0.019535062834620476 0.18880237638950348 1.3353993892669678 -0.7655429244041443 3.5359129905700684
-0.02030036970973015 0.019606003537774086 0.19154897332191467 1.3045200109481812 -0.8371251225471497 3.510662078857422
-0.01999913901090622 0.019534852355718613 0.19286498427391052 1.2908672094345093 -0.6892133951187134 3.4935667514801025
-0.020255494862794876 0.01957467757165432 0.19601388275623322 1.2392537593841553 -0.4225669503211975 3.496065855026245
-0.019350478425621986 0.018920758739113808 0.19868868589401245 1.2580844163894653 -0.31247273087501526 3.469261646270752
-0.020023273304104805 0.01920773833990097 0.20202778279781342 1.1025292873382568 -0.006190786138176918 3.465956687927246
-0.018007447943091393 0.018802646547555923 0.2047881782054901 1.039612889289856 -0.07416541874408722 3.3980982303619385
-0.01889447681605816 0.018520500510931015 0.20567740499973297 0.908644437789917 0.21683551371097565 3.421581268310547
-0.0191416647285223 0.01920088566839695 0.20880749821662903 0.5930936932563782 0.376008540391922 3.424091100692749
-0.019122667610645294 0.019895553588867188 0.21145251393318176 0.31916919350624084 0.4391252100467682 3.415586471557617
-0.016232425346970558 0.01757052354514599 0.21443931758403778 0.4599331319332123 0.11359896510839462 3.352421283721924
-0.014875543303787708 0.016967251896858215 0.21612413227558136 0.37714138627052307 0.011648137122392654 3.3365325927734375
-0.014571717008948326 0.015976205468177795 0.21871086955070496 0.40333718061447144 0.0063410853035748005 3.3431620597839355
-0.014633243903517723 0.01596648432314396 0.22148072719573975 0.3307981491088867 0.06406409293413162 3.3497960567474365
-0.014165529981255531 0.01594524271786213 0.2240978628396988 0.2720363140106201 0.06330069154500961 3.346896171569824
-0.014019811525940895 0.015321234241127968 0.22668880224227905 0.3036826252937317 0.1521422117948532 3.350933074951172
-0.014559849165380001 0.015237695537507534 0.2292279750108719 0.27155500650405884 0.3632013201713562 3.354025363922119
-0.014013191685080528 0.0141905527561903 0.23177750408649445 0.3344048857688904 0.4555971920490265 3.3461685180664062
-0.013862017542123795 0.014503604732453823 0.2344694882631302 0.20671243965625763 0.5870248675346375 3.340266227722168
-0.011080224066972733 0.010358021594583988 0.2370195984840393 0.5550681352615356 0.4264630079269409 3.2853875160217285
-0.011169999837875366 0.010439017787575722 0.24276645481586456 0.33418580889701843 0.5752156376838684 3.292351722717285
-0.009903015568852425 0.009430421516299248 0.2455010712146759 0.22234076261520386 0.5272642970085144 3.2906999588012695
-0.009986202232539654 0.010248574428260326 0.24860915541648865 -0.08819758147001266 0.5898261666297913 3.2999396324157715
-0.00972344446927309 0.009900628589093685 0.2514207661151886 -0.2742099165916443 0.5897760987281799 3.2830018997192383
-0.009025267325341702 0.009687923826277256 0.25418907403945923 -0.46211788058280945 0.5300083756446838 3.2714810371398926
-0.009015643037855625 0.00775469234213233 0.2573974132537842 -0.47626954317092896 0.5912322998046875 3.2456886768341064
-0.00926994252949953 0.008356346748769283 0.260281503200531 -0.7107768058776855 0.6780003905296326 3.238614082336426
-0.008286143653094769 0.007349072489887476 0.2630625069141388 -0.7495843768119812 0.6527480483055115 3.2179102897644043
-0.009051540866494179 0.006128744222223759 0.2658265233039856 -0.7184122800827026 0.8287876844406128 3.177137613296509
-0.00911323819309473 0.0057159471325576305 0.2679346203804016 -0.7574037909507751 0.8706978559494019 3.1583878993988037
-0.009334277361631393 0.0057313283905386925 0.27062952518463135 -0.8477630019187927 0.9416132569313049 3.139490842819214
-0.008571270853281021 0.005178645718842745 0.2733766734600067 -0.8459089994430542 0.9155219197273254 3.0994486808776855
-0.008334297686815262 0.0052829403430223465 0.2761256992816925 -0.9119530320167542 0.9028441309928894 3.07389235496521
-0.007795053534209728 0.004102195147424936 0.27886763215065 -0.8585408329963684 0.8057423233985901 3.039426803588867
-0.007761665619909763 0.004200264811515808 0.28400570154190063 -0.9416436553001404 0.7601436972618103 3.019240379333496
-0.007472338620573282 0.0036322635132819414 0.28682464361190796 -0.9377519488334656 0.7369982600212097 2.9908676147460938
-0.0069856662303209305 0.0038006240501999855 0.2896532118320465 -0.9957365393638611 0.6237760782241821 2.975123882293701
-0.006587567273527384 0.003815331030637026 0.29248401522636414 -1.027851939201355 0.5248301029205322 2.955221176147461
-0.006203142926096916 0.0030896877869963646 0.29718130826950073 -0.9841010570526123 0.4393562078475952 2.9307005405426025
-0.005370788741856813 0.0034830577205866575 0.30019184947013855 -1.0163050889968872 0.3571843206882477 2.9272541999816895
-0.0013360051671043038 -0.00038439681520685554 0.30313295125961304 -0.6067847609519958 0.012857779860496521 2.9257144927978516
2.0255321942386217e-05 0.014612739905714989 0.3074631094932556 -1.9265493154525757 -0.11916548758745193 3.051971673965454
-0.0009892918169498444 0.016749514266848564 0.31039607524871826 -1.9861034154891968 0.03630652651190758 3.0083048343658447
-0.0015599497128278017 0.016708703711628914 0.3146846294403076 -1.8788890838623047 0.15728621184825897 2.9391794204711914
-0.0018283474491909146 0.017822636291384697 0.31769490242004395 -1.8634763956069946 0.299122154712677 2.8964571952819824
-0.0015276219928637147 0.016636233776807785 0.3212147355079651 -1.5620850324630737 0.3403033912181854 2.8436005115509033
-0.002080156933516264 0.01720258593559265 0.324377179145813 -1.3384329080581665 0.48505595326423645 2.7833704948425293
-0.0021364677231758833 0.016044856980443 0.3262522518634796 -0.9044968485832214 0.5760782361030579 2.734527349472046
-0.0017123807920143008 0.015143166296184063 0.3293244242668152 -0.48305463790893555 0.5967234373092651 2.699463367462158
-0.0013871450209990144 0.01469901017844677 0.3322868049144745 -0.06365817785263062 0.6071990132331848 2.662635087966919
-0.0011924243299290538 0.01702103205025196 0.33530065417289734 0.07486743479967117 0.5565417408943176 2.644624710083008
-0.0004522356321103871 0.015295615419745445 0.3382522761821747 0.5076974630355835 0.4605807065963745 2.6063945293426514
-0.0017621907172724605 0.017350677400827408 0.34233996272087097 0.5835386514663696 0.4718056321144104 2.5669045448303223
-0.0010877003660425544 0.016441598534584045 0.3452122211456299 0.8540709018707275 0.36629751324653625 2.541800022125244
-0.0011061151744797826 0.01707594282925129 0.3480736017227173 0.9235613942146301 0.2861611843109131 2.517979383468628
-0.0004543903050944209 0.01717035472393036 0.3509095013141632 0.9599505066871643 0.14937210083007812 2.4926161766052246
0.00039185199420899153 0.017430225387215614 0.35423365235328674 0.9481649994850159 0.02312805876135826 2.473820686340332
-2.958162258437369e-05 0.017820725217461586 0.35718411207199097 0.9032020568847656 -0.016809310764074326 2.4433951377868652
-0.0008752496214583516 0.018165869638323784 0.36015549302101135 0.8504275679588318 0.0300829466432333 2.415825843811035
-0.0009616696042940021 0.018389098346233368 0.36309847235679626 0.8013123869895935 0.033057648688554764 2.392693519592285
-0.001086995704099536 0.01858927495777607 0.3658068776130676 0.773083508014679 0.05436070263385773 2.367272138595581
-0.00038208492333069444 0.018424134701490402 0.368690550327301 0.7863261103630066 0.021002503111958504 2.3425471782684326
0.001267164945602417 0.01596696302294731 0.3715105950832367 1.0176620483398438 -0.04515579715371132 2.3147668838500977
0.0014792649308219552 0.01670198328793049 0.3743683993816376 1.0110893249511719 -0.03142306208610535 2.299582004547119
0.0003151396522298455 0.013230224139988422 0.37710338830947876 1.2955135107040405 0.06565540283918381 2.2971549034118652
0.0010796862188726664 0.015840034931898117 0.3820064067840576 1.1512147188186646 0.04441558197140694 2.2818782329559326
-0.0017131951171904802 0.007729389239102602 0.3847980499267578 1.7153643369674683 0.28089195489883423 2.2874345779418945
-0.0021893607918173075 0.016704948619008064 0.3889181315898895 1.0420114994049072 0.29782426357269287 2.2811875343322754
-0.017132451757788658 0.0017313051503151655 0.3915041387081146 1.9840095043182373 1.3200640678405762 2.393554210662842
-0.016645723953843117 0.001534898765385151 0.39572176337242126 1.8421157598495483 1.1678565740585327 2.3689262866973877
-0.016894357278943062 0.0019911329727619886 0.3990389406681061 1.5979316234588623 1.0265758037567139 2.3503873348236084
-0.017373083159327507 0.0017221691086888313 0.40217024087905884 1.382578730583191 0.887122392654419 2.3307554721832275
-0.01614156924188137 0.003908325452357531 0.4056343138217926 0.9628060460090637 0.5184915065765381 2.2914211750030518
-0.015336418524384499 0.0024461543653160334 0.4087023138999939 0.766467273235321 0.146162748336792 2.252995729446411
-0.01265337597578764 0.004339898005127907 0.4139259457588196 0.30386582016944885 -0.40200090408325195 2.20943021774292
-0.01551736705005169 0.000274632649961859 0.4170815646648407 0.22903235256671906 -0.5726907849311829 2.2205710411071777
-0.013443326577544212 -0.0007351376698352396 0.42021656036376953 -0.0015184992225840688 -1.0866940021514893 2.181692123413086
-0.015374396927654743 -0.0011491063050925732 0.4233993589878082 -0.24767526984214783 -1.2781667709350586 2.1879897117614746
-0.014212493784725666 -0.0001581252581672743 0.4253806173801422 -0.5044651031494141 -1.586249828338623 2.14827561378479
-0.016442839056253433 -0.00015339093806687742 0.42838558554649353 -0.6302613019943237 -1.5501550436019897 2.137312173843384
-0.015586095862090588 -0.0023893690668046474 0.4312817454338074 -0.5458587408065796 -1.6095678806304932 2.1204612255096436
-0.016569193452596664 -0.0029878311324864626 0.4341813921928406 -0.5289538502693176 -1.4980621337890625 2.1089460849761963
-0.0177482720464468 -0.003951107617467642 0.4370621144771576 -0.44262903928756714 -1.3322733640670776 2.0985636711120605
-0.018538815900683403 -0.004568128380924463 0.4369722902774811 -0.353253573179245 -1.1845805644989014 2.0925731658935547
-0.01810920611023903 -0.004325914662331343 0.4396248459815979 -0.34127652645111084 -1.1663885116577148 2.0784595012664795
-0.017369011417031288 -0.004615175072103739 0.4421916902065277 -0.277939110994339 -1.1583771705627441 2.0620923042297363
-0.01685432158410549 -0.004510017577558756 0.44468212127685547 -0.2981211543083191 -1.193774700164795 2.0372512340545654
-0.016045285388827324 -0.004440548364073038 0.45035237073898315 -0.3379129469394684 -1.3222670555114746 2.014439344406128
-0.015905749052762985 -0.004124259110540152 0.452833354473114 -0.4129432439804077 -1.432918667793274 1.986734390258789
-0.014561454765498638 -0.0033285729587078094 0.45517081022262573 -0.5322092771530151 -1.6334947347640991 1.95011305809021
-0.013391751796007156 -0.0024967717472463846 0.4573949873447418 -0.6805908679962158 -1.8163167238235474 1.9128029346466064
-0.012762825936079025 -0.001546527724713087 0.4623754620552063 -0.8372728228569031 -1.9339450597763062 1.8701635599136353
-0.012216078117489815 -0.0007280499557964504 0.46459299325942993 -0.9840950965881348 -2.0189881324768066 1.8280588388442993
-0.012513347901403904 -0.00048618673463352025 0.46674254536628723 -1.0470601320266724 -1.9801908731460571 1.7979062795639038
-0.003948172554373741 0.002963249571621418 0.4683619439601898 -1.211938738822937 -2.3997583389282227 1.7479556798934937
-0.010351118631660938 -0.0007523767417296767 0.4710792005062103 -0.9326456189155579 -1.859978437423706 1.762683629989624
-0.011273421347141266 -0.0025486191734671593 0.4724825322628021 -0.7210968732833862 -1.6021485328674316 1.7655444145202637
-0.02010190486907959 -0.004767374135553837 0.47441771626472473 -0.44714266061782837 -0.841964840888977 1.723677396774292
-0.011498816311359406 -0.006637075915932655 0.47634366154670715 -0.16064876317977905 -1.1062582731246948 1.7628540992736816
-0.013507088646292686 -0.002457013353705406 0.47812074422836304 -0.22538667917251587 -0.7481598854064941 1.6541669368743896
-0.014765075407922268 -0.010691290721297264 0.47968682646751404 0.4031071960926056 -0.4805043041706085 1.736379623413086
-0.015946904197335243 -0.009381027892231941 0.4811890721321106 0.44882461428642273 -0.2869722843170166 1.6750969886779785
-0.016159838065505028 -0.004443705547600985 0.48271164298057556 0.22119596600532532 -0.224847674369812 1.5710124969482422
-0.01554796565324068 -0.0038222908042371273 0.48392030596733093 0.1595631092786789 -0.2889305055141449 1.5327131748199463
-0.014828198589384556 -0.0026218625716865063 0.48311659693717957 0.008315633982419968 -0.4045882523059845 1.4938676357269287
-0.013338373973965645 0.0001446681417291984 0.484031081199646 -0.25725945830345154 -0.5665302872657776 1.4459706544876099
-0.023861290886998177 -0.007695903070271015 0.484986275434494 0.025105657055974007 -0.10353478789329529 1.4797472953796387
-0.011009727604687214 0.0030764902476221323 0.4863491356372833 -0.6658464670181274 -0.9385013580322266 1.3893418312072754
-0.006046786904335022 0.005143231246620417 0.4867877662181854 -0.8394065499305725 -1.295874834060669 1.354039192199707
-0.008161296136677265 0.003972060512751341 0.4866589605808258 -0.8043623566627502 -1.2239165306091309 1.3336611986160278
-0.007848728448152542 0.0018861639546230435 0.48710015416145325 -0.6602045893669128 -1.233884334564209 1.3367841243743896
-0.008589141070842743 -0.0027365139685571194 0.4875098168849945 -0.30487531423568726 -1.1565868854522705 1.3481680154800415
-0.010742147453129292 -0.0022853410337120295 0.48776641488075256 -0.1530819684267044 -0.8685458898544312 1.2900158166885376
-0.011657954193651676 -0.0003038343566004187 0.4867270290851593 -0.08012634515762329 -0.6376327276229858 1.230964183807373
-0.015076907351613045 -0.028454914689064026 0.48655983805656433 1.5851885080337524 -0.18445944786071777 1.4311343431472778
-0.01327147800475359 -0.028733402490615845 0.48655444383621216 1.699961543083191 -0.07170673459768295 1.386922001838684
-0.014018977992236614 -0.028188811615109444 0.48655378818511963 1.7173131704330444 0.14450305700302124 1.3325625658035278
-0.014052538201212883 -0.027340004220604897 0.486540287733078 1.6089993715286255 0.2914338707923889 1.294047474861145
-0.01456461288034916 -0.024332478642463684 0.4862106740474701 1.2370529174804688 0.38872432708740234 1.2568440437316895
-0.01417084876447916 -0.025023078545928 0.4858573079109192 0.9153461456298828 0.3784560561180115 1.242605209350586
-0.01291017048060894 -0.021711794659495354 0.485642671585083 0.2508409321308136 0.2427540123462677 1.2089800834655762
-0.011077121831476688 -0.022337500005960464 0.48516228795051575 -0.2515052258968353 0.025901267305016518 1.1912713050842285
-0.00892441626638174 -0.019498253241181374 0.4844980537891388 -0.9227876663208008 -0.2540959417819977 1.1690547466278076
-0.007153915707021952 -0.022863883525133133 0.4838743209838867 -1.2040785551071167 -0.5091886520385742 1.163751482963562
-0.005549333989620209 -0.02185286022722721 0.48304253816604614 -1.6530829668045044 -0.7068372964859009 1.1480128765106201
-0.005944736767560244 -0.020060373470187187 0.48216283321380615 -1.9971617460250854 -0.7763976454734802 1.1279466152191162
-0.008151084184646606 -0.02312091365456581 0.4867508113384247 -1.9203660488128662 -0.645854115486145 1.120072364807129
-0.006766494829207659 -0.024317743256688118 0.4860913157463074 -1.8267827033996582 -0.6046379804611206 1.1086723804473877
-0.009178007021546364 -0.02529008314013481 0.4854156970977783 -1.6509172916412354 -0.3155444860458374 1.083181381225586
-0.006253985222429037 -0.02516196295619011 0.4845981001853943 -1.462496280670166 -0.2577577531337738 1.0756429433822632
-0.008519274182617664 -0.026994489133358 0.48376843333244324 -1.1617528200149536 0.07454328238964081 1.0469201803207397
-0.009631725959479809 -0.02489383891224861 0.48330241441726685 -1.092110276222229 0.3084757328033447 1.0188487768173218
-0.005096623674035072 -0.022526955232024193 0.48238635063171387 -1.0874660015106201 0.27251383662223816 1.0285615921020508
-0.004823029972612858 -0.022771066054701805 0.4813136160373688 -1.0116753578186035 0.40855398774147034 1.009253978729248
-0.0026755877770483494 -0.022386958822607994 0.4801699221134186 -1.0415289402008057 0.3653566837310791 1.0048073530197144
-0.0002297376049682498 -0.02172515168786049 0.47851720452308655 -1.1219878196716309 0.2926425635814667 1.0070605278015137
-0.00027546213823370636 -0.020778605714440346 0.47720617055892944 -1.2485162019729614 0.2687181830406189 0.988237738609314
-3.2571151677984744e-05 -0.020236056298017502 0.47583067417144775 -1.336355447769165 0.24590729176998138 0.9818493723869324
0.00404782360419631 -0.020120898261666298 0.47436144948005676 -1.3626612424850464 0.022362157702445984 0.9939433932304382
0.001022443873807788 -0.019240491092205048 0.47303950786590576 -1.3903765678405762 0.2155945599079132 0.9471889138221741
0.0033440457191318274 -0.020204253494739532 0.46946975588798523 -1.2827692031860352 0.15217284858226776 0.9441277384757996
0.001901322859339416 -0.020384106785058975 0.4679110050201416 -1.1686619520187378 0.3357287049293518 0.9078959226608276
0.0013005114160478115 -0.021086959168314934 0.4663010537624359 -0.9803647398948669 0.534818708896637 0.8703978657722473
-3.241243393858895e-05 -0.01908385567367077 0.46463119983673096 -0.9248101115226746 0.778416633605957 0.834409773349762
0.003352963365614414 -0.01960713416337967 0.46537595987319946 -0.7177021503448486 0.7333989143371582 0.8381375074386597
0.0035522766411304474 -0.020989801734685898 0.46384984254837036 -0.47829174995422363 0.8874812722206116 0.808074414730072
0.00767794344574213 -0.01617428846657276 0.4624358117580414 -0.6113597750663757 0.7573578357696533 0.8423706889152527
0.007354497443884611 -0.015683788806200027 0.46100354194641113 -0.5096613168716431 0.8625005483627319 0.7988301515579224
0.007566275540739298 -0.01639573834836483 0.4596022367477417 -0.39163583517074585 0.8859003782272339 0.7515155673027039
0.0075757140293717384 -0.015633581206202507 0.45870858430862427 -0.3581295311450958 0.9162955284118652 0.716662585735321
0.010384702123701572 -0.013803254812955856 0.45727166533470154 -0.3922969102859497 0.763666033744812 0.7064992785453796
0.010346654802560806 -0.014301164075732231 0.45586708188056946 -0.2979079782962799 0.7843164801597595 0.6573531627655029
0.010539577342569828 -0.014509887434542179 0.45443445444107056 -0.24620798230171204 0.8128693103790283 0.6122525334358215
0.01035434752702713 -0.013661292381584644 0.4531998336315155 -0.24163858592510223 0.8603342771530151 0.57327800989151
0.01271498017013073 -0.01320718228816986 0.4517626464366913 -0.18974429368972778 0.7544217109680176 0.5477488040924072
0.013477478176355362 -0.011750279925763607 0.4502984881401062 -0.17070813477039337 0.7833307981491089 0.5168474316596985
0.013262303546071053 -0.011787042021751404 0.44883760809898376 -0.044535402208566666 0.8584874272346497 0.4826473295688629
0.01289092842489481 -0.010577459819614887 0.447565495967865 0.002464922145009041 0.9377583265304565 0.4552341103553772
0.013283292762935162 -0.011746498756110668 0.4460187256336212 0.2274218648672104 0.9848165512084961 0.403054803609848
0.012985165230929852 -0.009032887406647205 0.4444320797920227 0.18159522116184235 1.0644716024398804 0.39408883452415466
0.012797257862985134 -0.0076122041791677475 0.44278082251548767 0.20502333343029022 1.1284732818603516 0.37309902906417847
0.013770091347396374 -0.008380265906453133 0.44110214710235596 0.36864230036735535 1.1130954027175903 0.32692015171051025
0.01412805262953043 -0.0076486472971737385 0.4390791356563568 0.42928391695022583 1.1103960275650024 0.287615567445755
0.014521094970405102 -0.0058774203062057495 0.437267541885376 0.39560019969940186 1.0599242448806763 0.26362454891204834
0.015460634604096413 -0.0063219317235052586 0.43545809388160706 0.5185300707817078 0.9651772975921631 0.22423827648162842
0.01619323343038559 -0.006891285069286823 0.433590829372406 0.6373761296272278 0.8463305830955505 0.18838980793952942
0.015834609046578407 -0.006112878210842609 0.4325745701789856 0.6612433195114136 0.8027934432029724 0.16767625510692596
0.015151276253163815 -0.006647633854299784 0.4306364059448242 0.7599582076072693 0.8059962391853333 0.12874384224414825
0.015177736058831215 -0.006983556784689426 0.4286547303199768 0.8530759215354919 0.8099678158760071 0.09192682057619095
0.01576095074415207 -0.0070772599428892136 0.42665088176727295 0.9071469306945801 0.7624781727790833 0.05680147930979729
0.015957998111844063 -0.0017715399153530598 0.42520707845687866 0.5742926001548767 0.7353585958480835 0.09412036836147308
0.015920640900731087 -0.005118932109326124 0.423298180103302 0.8496865034103394 0.7431382536888123 0.016857704147696495
0.015852931886911392 -0.005323595833033323 0.4213328957557678 0.9129246473312378 0.7553884387016296 -0.02429310418665409
0.01667209342122078 0.0018572413828223944 0.41944196820259094 0.5152807831764221 0.730053186416626 0.01863349787890911
0.01655518263578415 0.002574002603068948 0.41747409105300903 0.5405632853507996 0.7682189345359802 -0.010814711451530457
0.01667788065969944 0.0022580542135983706 0.41654330492019653 0.6342706680297852 0.756768524646759 -0.050574418157339096
0.016954176127910614 0.0022180976811796427 0.414659321308136 0.7135341167449951 0.726963996887207 -0.0861811563372612
0.0177429411560297 0.0017969260225072503 0.4127553403377533 0.7969202399253845 0.620575487613678 -0.1256006360054016
0.01743382215499878 0.0026430494617670774 0.4107842743396759 0.8254826068878174 0.5808387398719788 -0.1381882280111313
0.018466023728251457 0.0026348684914410114 0.4124433696269989 0.8783188462257385 0.41206419467926025 -0.17054972052574158
0.017772424966096878 0.004601999185979366 0.41061854362487793 0.7904602289199829 0.4180423617362976 -0.1615757793188095
0.017291005700826645 0.005662102717906237 0.40875300765037537 0.7765542268753052 0.3978741765022278 -0.17058901488780975
0.0166239645332098 0.004657367244362831 0.40692785382270813 0.8820127844810486 0.40499264001846313 -0.20287223160266876
0.01674550585448742 0.00534552289173007 0.40506964921951294 0.8730831742286682 0.38986292481422424 -0.22659970819950104
0.017240900546312332 0.005256183445453644 0.4044067859649658 0.9493489861488342 0.31262725591659546 -0.26190996170043945
0.017388518899679184 0.005208151880651712 0.4026200771331787 0.9964766502380371 0.27069127559661865 -0.29449841380119324
0.017825540155172348 0.005126421805471182 0.400815486907959 1.0391392707824707 0.20137529075145721 -0.3301451802253723
0.01791548542678356 0.005217672325670719 0.39901378750801086 1.0735552310943604 0.17211183905601501 -0.354571133852005
0.01756671629846096 0.005334255751222372 0.39677390456199646 1.0754830837249756 0.1776716262102127 -0.36912068724632263
0.018810110166668892 0.005567354615777731 0.3949115574359894 1.0539649724960327 0.010574596002697945 -0.40157046914100647
0.01796402968466282 0.004724826198071241 0.39306560158729553 1.1348644495010376 0.06885934621095657 -0.40875378251075745
0.01794472523033619 0.006614998914301395 0.39120447635650635 0.9809123277664185 0.06268678605556488 -0.4138544201850891
0.01784379966557026 0.006827597040683031 0.3907260000705719 0.9642618298530579 0.07955032587051392 -0.4274047613143921
0.017874421551823616 0.004865149036049843 0.38884517550468445 1.137137532234192 0.08428164571523666 -0.44997188448905945
0.01785164885222912 0.006052396725863218 0.38694876432418823 1.0345624685287476 0.09454017877578735 -0.45315954089164734
0.017669154331088066 0.006295628380030394 0.3850151598453522 1.006412148475647 0.12147026509046555 -0.4625920355319977
0.01805879734456539 0.005903060548007488 0.38308045268058777 0.9899381995201111 0.09020213782787323 -0.493052214384079
0.017997782677412033 0.007260795682668686 0.3819180428981781 0.8263697624206543 0.07707793265581131 -0.5081174373626709
0.018677785992622375 0.007694348227232695 0.38004326820373535 0.7444710731506348 -0.012394112534821033 -0.538232684135437
0.019146643579006195 0.007448752876371145 0.37820565700531006 0.6906794309616089 -0.12831465899944305 -0.5639740228652954
0.019667675718665123 0.008243857882916927 0.3763650059700012 0.5410276055335999 -0.21179525554180145 -0.5879411697387695
0.01968132145702839 0.008830071426928043 0.37630388140678406 0.41451042890548706 -0.2196580469608307 -0.6053019762039185
0.01938742585480213 0.007246028166264296 0.37464281916618347 0.5240097641944885 -0.16990019381046295 -0.6098847389221191
0.01097190473228693 0.010118752717971802 0.373050719499588 0.2778162658214569 0.5518473982810974 -0.5064409971237183
0.010520901530981064 0.009954159148037434 0.3713580071926117 0.3148305416107178 0.566517174243927 -0.5250170230865479
0.010479598306119442 0.009658658877015114 0.3696819245815277 0.4065453112125397 0.5392115712165833 -0.5486916899681091
0.010499809868633747 0.008905629627406597 0.3684317171573639 0.5749436020851135 0.48445984721183777 -0.5669716596603394
0.010339676402509212 0.008435607887804508 0.3666019141674042 0.6970447897911072 0.38770338892936707 -0.5751554369926453
0.011595414951443672 0.008992726914584637 0.36481720209121704 0.7088832855224609 0.08076473325490952 -0.5998944640159607
0.011589409783482552 0.008883037604391575 0.36286675930023193 0.7389346361160278 -0.1672668159008026 -0.6155591011047363
0.013115234673023224 0.009071149863302708 0.359767884016037 0.7098925113677979 -0.5384035110473633 -0.6452406644821167
0.01197595614939928 0.009293925948441029 0.35773488879203796 0.6686275005340576 -0.6430810689926147 -0.6522178053855896
0.012895014137029648 0.00813090056180954 0.3555602431297302 0.7225508093833923 -0.90963214635849 -0.6852496266365051
0.012475574389100075 0.007887574844062328 0.3533737361431122 0.6553611755371094 -0.9815904498100281 -0.7076693773269653
0.012920094653964043 0.008722431026399136 0.3512943983078003 0.46187978982925415 -1.0170851945877075 -0.7528470754623413
0.012155434116721153 0.008491807617247105 0.34906601905822754 0.3936965763568878 -0.8696260452270508 -0.7737125158309937
0.011085614562034607 0.008121946826577187 0.3468192219734192 0.35721808671951294 -0.64397132396698 -0.785762369632721
0.010943937115371227 0.007533887401223183 0.34450802206993103 0.36956608295440674 -0.5133318901062012 -0.7970826625823975
0.01002605352550745 0.007673317100852728 0.3421702980995178 0.3203001022338867 -0.3141838014125824 -0.8057838678359985
0.010324114933609962 0.007695288397371769 0.33933013677597046 0.30950284004211426 -0.27092212438583374 -0.8202517032623291
0.011752139776945114 0.007575638126581907 0.3369084894657135 0.33261460065841675 -0.3859562277793884 -0.8335860967636108
0.012088003568351269 0.007471019402146339 0.3344094157218933 0.3442901074886322 -0.45491597056388855 -0.8343008160591125
0.012224894016981125 0.007482324726879597 0.3318955898284912 0.319343626499176 -0.5113630294799805 -0.8407720923423767
0.012676289305090904 0.007847107015550137 0.32860568165779114 0.23801970481872559 -0.5861746072769165 -0.8565933704376221
0.012792575173079967 0.008251683786511421 0.32599493861198425 0.13902464509010315 -0.636237621307373 -0.879106342792511
0.015240509063005447 0.008656306192278862 0.3232553005218506 0.023894360288977623 -0.8961877822875977 -0.9077926278114319
0.01643449254333973 0.008413261733949184 0.32053104043006897 -0.032161612063646317 -0.9821677207946777 -0.9107313752174377
0.014089888893067837 0.00875138584524393 0.31837448477745056 -0.12298627197742462 -0.649114727973938 -0.9137503504753113
0.01635156385600567 0.009809560142457485 0.314298540353775 -0.29937535524368286 -0.8022981286048889 -0.9411172270774841
0.021664775907993317 0.010441702790558338 0.31117433309555054 -0.3703722655773163 -1.174420952796936 -0.9578883051872253
0.022378284484148026 0.010281343944370747 0.30866220593452454 -0.3269783556461334 -1.0189034938812256 -0.9474276304244995
0.022472456097602844 0.009172720834612846 0.30642521381378174 -0.11553160101175308 -0.7336941957473755 -0.9194735288619995
0.02263605035841465 0.008740207180380821 0.3050427734851837 0.003055633045732975 -0.44264113903045654 -0.9163039922714233
0.022493090480566025 0.008090401999652386 0.30270299315452576 0.16337573528289795 -0.09759440273046494 -0.9165850877761841
0.022445159032940865 0.007256138138473034 0.3003121614456177 0.3077711760997772 0.2567596435546875 -0.9207829833030701
0.02140055038034916 0.007039095275104046 0.29795485734939575 0.3615961968898773 0.6486562490463257 -0.932827353477478
0.023622192442417145 0.006621500011533499 0.2958293557167053 0.368614137172699 0.6238343715667725 -0.933422863483429
0.02342478185892105 0.006279713939875364 0.2944932281970978 0.33294135332107544 0.8066712021827698 -0.9381830096244812
0.023993853479623795 0.005572088994085789 0.29228532314300537 0.30055415630340576 0.8503047227859497 -0.9337124228477478
0.02529790811240673 0.005450796335935593 0.29015204310417175 0.17141401767730713 0.7593520283699036 -0.9279700517654419
0.025368470698595047 0.004944593645632267 0.2879363000392914 0.06591376662254333 0.82884281873703 -0.9166316986083984
0.02563360519707203 0.00426093814894557 0.2861236333847046 0.004494297783821821 0.8535253405570984 -0.9072322249412537
0.025716586038470268 0.0035852170549333096 0.28391262888908386 -0.058115288615226746 0.8839985132217407 -0.9062334895133972
0.026530394330620766 0.0014518110547214746 0.2816363275051117 0.11053167283535004 0.80668705701828 -0.9197531342506409
0.026544392108917236 0.0014823944075033069 0.27959170937538147 -0.01495163980871439 0.8585231304168701 -0.9214354753494263
0.026377364993095398 0.00031655782368034124 0.2772955596446991 0.04768377169966698 0.9724035263061523 -0.9368373155593872
0.026145359501242638 -0.0007615380454808474 0.27654126286506653 0.08120960742235184 1.089706301689148 -0.9481419324874878
0.025910845026373863 -0.00171363796107471 0.2742825746536255 0.07190901041030884 1.2109366655349731 -0.9525073766708374
0.025682304054498672 -0.001586753991432488 0.27218398451805115 -0.0984167605638504 1.3201290369033813 -0.9371886849403381
0.02661256678402424 -0.0023920638486742973 0.2700539827346802 -0.14286509156227112 1.243909478187561 -0.9372120499610901
0.026901761069893837 -0.002153871115297079 0.26864945888519287 -0.3453218936920166 1.197435736656189 -0.9133460521697998
0.027122514322400093 -0.003942220006138086 0.2663835883140564 -0.24237415194511414 1.153984546661377 -0.9408248066902161
0.027102088555693626 -0.004147885367274284 0.26416823267936707 -0.4118022620677948 1.0980932712554932 -0.9278094172477722
0.027055932208895683 -0.0059296446852386 0.26170602440834045 -0.3381803631782532 1.0286442041397095 -0.9621968865394592
0.027430182322859764 -0.006842524744570255 0.25926119089126587 -0.38885730504989624 0.8967218399047852 -0.9694923758506775
0.02698100358247757 -0.007541043218225241 0.256256103515625 -0.4896814227104187 0.8785371780395508 -0.9762753844261169
0.026895353570580482 -0.007243738044053316 0.2538558840751648 -0.7569966316223145 0.8136267066001892 -0.9531636238098145
0.02715758979320526 -0.007896503433585167 0.25132638216018677 -0.861347496509552 0.7072716951370239 -0.9645299315452576
0.027333427220582962 -0.00851114746183157 0.24882227182388306 -0.9681188464164734 0.6329793930053711 -0.9779444932937622
0.026900483295321465 -0.010182048194110394 0.2463758885860443 -0.8971718549728394 0.6794610023498535 -1.0187233686447144
0.02699490822851658 -0.01015420164912939 0.24396270513534546 -1.0858557224273682 0.6141447424888611 -0.9944034218788147
0.02695167064666748 -0.011131977662444115 0.24147000908851624 -1.0654817819595337 0.6128142476081848 -1.0009437799453735
0.026852676644921303 -0.011709085665643215 0.23902641236782074 -1.0910552740097046 0.6556204557418823 -0.9995449781417847
0.026645313948392868 -0.012791849672794342 0.23670001327991486 -1.0095289945602417 0.7198672294616699 -1.009626030921936
0.02639881893992424 -0.013098594732582569 0.23428042232990265 -1.063136339187622 0.7983168363571167 -0.9976138472557068
0.026093345135450363 -0.013506327755749226 0.231811061501503 -1.1248726844787598 0.8091276288032532 -0.9947894811630249
0.025871023535728455 -0.013933084905147552 0.22909247875213623 -1.207311987876892 0.7518414258956909 -0.9911164045333862
0.025835581123828888 -0.01381655689328909 0.22668375074863434 -1.382184624671936 0.6202362775802612 -0.9644278883934021
0.025902362540364265 -0.014161774888634682 0.22602501511573792 -1.44211745262146 0.43847545981407166 -0.9527989625930786
0.02579088881611824 -0.01495575811713934 0.22383607923984528 -1.4003548622131348 0.3157116770744324 -0.9642371535301208
0.026126796379685402 -0.015103381127119064 0.22163031995296478 -1.4601434469223022 0.12992647290229797 -0.9368035197257996
0.025860145688056946 -0.015165681019425392 0.21943826973438263 -1.5045467615127563 0.11084721982479095 -0.9404804110527039
0.025850864127278328 -0.015205943025648594 0.2210916429758072 -1.4803895950317383 0.0407569445669651 -0.9272636771202087
0.02576867677271366 -0.015847433358430862 0.219216987490654 -1.3253587484359741 0.04960332065820694 -0.9308925271034241
0.025679752230644226 -0.016199935227632523 0.2173117995262146 -1.228163242340088 0.07278744131326675 -0.9276440143585205
0.025518499314785004 -0.01587045006453991 0.21543794870376587 -1.2458181381225586 0.12306813150644302 -0.9264208674430847
0.025988278910517693 -0.014240077696740627 0.2134137600660324 -1.5467350482940674 -0.0009703569230623543 -0.882391631603241
0.025886578485369682 -0.01428871788084507 0.21271583437919617 -1.4501562118530273 0.02621704898774624 -0.8860916495323181
0.029177449643611908 -0.014070197939872742 0.21076302230358124 -1.391999363899231 -0.6435680389404297 -0.6979772448539734
0.02969461679458618 -0.012734094634652138 0.20882147550582886 -1.557152271270752 -0.6070173978805542 -0.7180047631263733
0.030536923557519913 -0.012587016448378563 0.20715788006782532 -1.3972338438034058 -0.6114437580108643 -0.706939160823822
0.03048240765929222 -0.012156680226325989 0.20523694157600403 -1.2773118019104004 -0.394951730966568 -0.7472169399261475
0.03275300934910774 -0.011494123376905918 0.2028394341468811 -1.162966251373291 -0.6437265276908875 -0.6450770497322083
0.032602258026599884 -0.011626898311078548 0.20218053460121155 -0.8254756331443787 -0.275871217250824 -0.6909695267677307
0.032956644892692566 -0.011394926346838474 0.20064039528369904 -0.6010271310806274 -0.02232382446527481 -0.7075705528259277
0.0328611359000206 -0.011493896134197712 0.19914597272872925 -0.2981540560722351 0.34317517280578613 -0.7383690476417542
0.033549822866916656 -0.011184949427843094 0.19529582560062408 -0.18830174207687378 0.46021637320518494 -0.7352785468101501
0.03333434462547302 -0.011393082328140736 0.19333286583423615 0.038184020668268204 0.7585641741752625 -0.7614415287971497
0.03296053782105446 -0.011512632481753826 0.1910894811153412 0.18669778108596802 1.0216535329818726 -0.7787744998931885
0.03288048505783081 -0.011585445143282413 0.18883909285068512 0.2764565348625183 1.1321862936019897 -0.7758066654205322
0.033065713942050934 -0.011544209904968739 0.18647758662700653 0.2968285381793976 1.0984160900115967 -0.7678022980690002
0.03307945281267166 -0.011604421772062778 0.18431046605110168 0.3405333459377289 1.0105341672897339 -0.765581488609314
0.03318966552615166 -0.011526577174663544 0.18216627836227417 0.2921369969844818 0.8711833357810974 -0.7478539943695068
0.032430339604616165 -0.011433967389166355 0.1796945035457611 0.2551921010017395 0.9424645900726318 -0.7289031147956848
0.032451242208480835 -0.011251967400312424 0.17751432955265045 0.1617026925086975 0.7658025026321411 -0.7205871343612671
0.03184182569384575 -0.010372849181294441 0.17440912127494812 -0.08658989518880844 0.797831654548645 -0.6924043297767639
0.031033983454108238 -0.004217962268739939 0.16915881633758545 -1.7241225242614746 0.8836709260940552 -0.5027571320533752
0.030814461410045624 -0.0034803305752575397 0.17165887355804443 -1.36974036693573 0.7437828183174133 -0.555449366569519
0.030035071074962616 -0.0029210264328867197 0.17236344516277313 -1.0038233995437622 0.7846202850341797 -0.6071438789367676
0.02981116622686386 -0.002769534243270755 0.16938070952892303 -0.5489214658737183 0.6010643243789673 -0.6444891691207886
0.029721321538090706 -0.0026011893060058355 0.16793175041675568 -0.06988503783941269 0.43893668055534363 -0.6578407287597656
0.02973134070634842 -0.0022568341810256243 0.16588154435157776 0.36107340455055237 0.2588537633419037 -0.6536154747009277
0.02976333163678646 -0.0026915562339127064 0.16348035633563995 1.0227748155593872 0.09732452034950256 -0.6730225086212158
0.029585426673293114 -0.002928000409156084 0.16064755618572235 1.4727625846862793 0.027178194373846054 -0.6780522465705872
0.029681691899895668 -0.0034222439862787724 0.1540115475654602 1.8299094438552856 -0.10873366892337799 -0.6845304369926453
0.03101843222975731 -0.0009791216580197215 0.15517517924308777 1.1115045547485352 -0.6468240022659302 -0.7326675057411194
0.031232362613081932 -0.0005238917074166238 0.1533307135105133 1.1417887210845947 -0.6429978013038635 -0.722884476184845
0.03091398812830448 -0.0005336057511158288 0.1524665802717209 1.2550137042999268 -0.42297086119651794 -0.6675540804862976
