0.004326425027102232 -0.050040535628795624 0.021835800260305405 -0.3007041811943054 -0.837015688419342 -1.1042286157608032
0.00209345412440598 -0.05186779424548149 0.03139360249042511 0.12583963572978973 -0.14428210258483887 -1.142411231994629
0.0020427568815648556 -0.04927612468600273 0.023041119799017906 -0.5330846309661865 -0.20230230689048767 -1.1707584857940674
0.0023350997362285852 -0.0533493235707283 0.0322432704269886 0.5409154891967773 -0.3143406808376312 -1.1260015964508057
0.004217140842229128 -0.05230531841516495 0.040387630462646484 0.04925161227583885 -0.7888079881668091 -1.105849266052246
0.00222704466432333 -0.05241317301988602 0.047325171530246735 0.0031663973350077868 -0.16418932378292084 -1.1417827606201172
0.003562390571460128 -0.05249974504113197 0.0511513389647007 -0.03451702743768692 -0.5490030646324158 -1.122471809387207
0.0020723033230751753 -0.0520298071205616 0.03286686912178993 -0.08023648709058762 -0.17554324865341187 -1.147387146949768
0.0034053996205329895 -0.051574546843767166 0.03471220284700394 -0.2296525537967682 -0.5570225715637207 -1.1253018379211426
0.002116544870659709 -0.05131974816322327 0.0363515205681324 -0.27507835626602173 -0.18547306954860687 -1.1612213850021362
0.004516273736953735 -0.051427360624074936 0.040260739624500275 -0.24365197122097015 -0.8257527947425842 -1.0880180597305298
0.001997841987758875 -0.05180015042424202 0.030939077958464622 -0.0830097496509552 -0.11658959835767746 -1.1658700704574585
0.0020409508142620325 -0.05051477253437042 0.03185398876667023 -0.4284816086292267 -0.17944875359535217 -1.1692461967468262
0.002068952424451709 -0.04949747025966644 0.030965492129325867 -0.6176179647445679 -0.22961755096912384 -1.1634471416473389
0.00206757802516222 -0.051808178424835205 0.038071416318416595 0.08608230203390121 -0.262523889541626 -1.1635468006134033
0.004207308869808912 -0.05158214271068573 0.040301937609910965 -0.0287517961114645 -0.8145133256912231 -1.076601505279541
0.0020835776813328266 -0.049494583159685135 0.03169866278767586 -0.5706952214241028 -0.19513103365898132 -1.181368112564087
0.0021040344145148993 -0.04950840026140213 0.03281424939632416 -0.45805785059928894 -0.23722830414772034 -1.1727019548416138
0.002092302544042468 -0.05181578919291496 0.0363166369497776 0.2146817296743393 -0.2717655599117279 -1.1644446849822998
0.002155938185751438 -0.05045872926712036 0.04125168174505234 -0.1932487189769745 -0.29524242877960205 -1.1602123975753784
0.002063089981675148 -0.051920220255851746 0.02608821541070938 0.1633210927248001 -0.3211342692375183 -1.1604074239730835
0.0044341073371469975 -0.05194611847400665 0.026169558987021446 0.09674792736768723 -0.9178327918052673 -1.1134135723114014
0.0021578134037554264 -0.04998297244310379 0.036688558757305145 -0.4046939015388489 -0.20518051087856293 -1.186414361000061
0.002705305814743042 -0.051777198910713196 0.04238099604845047 0.12325969338417053 -0.37002885341644287 -1.1555488109588623
0.004560613539069891 -0.051799215376377106 0.043503012508153915 0.06944072246551514 -0.821631133556366 -1.130881667137146
0.002089909976348281 -0.0518311969935894 0.03210006281733513 0.022745512425899506 -0.12694844603538513 -1.1615537405014038
0.004549830686300993 -0.04949862137436867 0.0371638759970665 -0.5844503045082092 -0.7645373344421387 -1.1689413785934448
0.002021189546212554 -0.04287232086062431 0.02417711913585663 -2.129624366760254 -0.061013657599687576 -1.355017066001892
0.001961207017302513 -0.04215867444872856 0.040779221802949905 -1.774082899093628 -0.06907115131616592 -1.3527911901474
0.0019466032972559333 -0.0425025150179863 0.03595404326915741 -1.3068829774856567 -0.14031635224819183 -1.323919653892517
0.0002958723343908787 -0.04240705072879791 0.03784047067165375 -1.0029653310775757 0.19637161493301392 -1.5140362977981567
0.0019800832960754633 -0.04317354038357735 0.04393971711397171 -0.5347258448600769 -0.3188462257385254 -1.2987699508666992
0.0020550196059048176 -0.040973395109176636 0.046569518744945526 -0.9205099940299988 -0.32978031039237976 -1.2654787302017212
0.001949354656971991 -0.043772853910923004 0.05277446657419205 0.04938500002026558 -0.3342033326625824 -1.3257286548614502
-0.0004795694840140641 -0.04394356906414032 0.038937926292419434 -0.07372881472110748 0.21057595312595367 -1.4867324829101562
0.001742817577905953 -0.04186014458537102 0.04777961224317551 -0.4525754153728485 -0.424903005361557 -1.301081657409668
0.001963817747309804 -0.04316005855798721 0.049563925713300705 -0.01651040092110634 -0.4777607023715973 -1.3176499605178833
0.0019650785252451897 -0.043159499764442444 0.05042336881160736 -0.002994259586557746 -0.4558297395706177 -1.322129487991333
-0.0006546448566950858 -0.0429125614464283 0.0357062891125679 -0.2152404636144638 0.17934416234493256 -1.3718293905258179
0.003114130347967148 -0.047929905354976654 0.0485733300447464 1.1404109001159668 -0.8839215040206909 -1.3788405656814575
0.0030757153872400522 -0.04849161580204964 0.05321052297949791 1.053934097290039 -0.7642209529876709 -1.371276617050171
0.003350641578435898 -0.04801606759428978 0.060554370284080505 0.7544788122177124 -0.7427722811698914 -1.394438624382019
0.004178036004304886 -0.046050410717725754 0.06730257719755173 0.15508653223514557 -0.850093424320221 -1.4959717988967896
0.0022054510191082954 -0.046251021325588226 0.04740649834275246 0.06200183182954788 -0.27730679512023926 -1.3497445583343506
0.004375379532575607 -0.047914013266563416 0.052858442068099976 0.4384153187274933 -0.809475839138031 -1.4229099750518799
0.004410261288285255 -0.04596395790576935 0.05681134760379791 -0.10776449739933014 -0.7016283869743347 -1.4785070419311523
0.004499661736190319 -0.048958029597997665 0.06483358889818192 0.6128190159797668 -0.6280841827392578 -1.3643147945404053
0.002122789155691862 -0.047449517995119095 0.04642486199736595 0.16104325652122498 0.023796316236257553 -1.2821577787399292
0.0020569260232150555 -0.048105135560035706 0.04833110421895981 0.30615001916885376 -0.08537433296442032 -1.296170949935913
0.0 0.0 0.0 0.0 0.0 0.0
-3.7246645661070943e-06 0.001787896384485066 -9.743962436914444e-08 -0.0002929595357272774 0.00011938477837247774 -0.0013657129602506757
0.001137344865128398 0.0035733389668166637 13.24841594696045 -0.0013415366411209106 -1.0975570678710938 -0.004089792724698782
-0.00032289058435708284 -0.08090297132730484 2.9636080265045166 146.2759552001953 -0.6862387657165527 2.0391945838928223
-0.002426865277811885 -0.008926808834075928 2.9258811473846436 146.33676147460938 -0.7067412734031677 2.054337739944458
-0.004550550598651171 0.0628599226474762 2.8837573528289795 146.53659057617188 -0.7163234949111938 2.065350294113159
-0.0063261473551392555 0.13632014393806458 2.845564842224121 147.37135314941406 -0.6063648462295532 2.0520899295806885
-0.009194515645503998 0.2091333270072937 2.802903890609741 147.8349609375 -0.7756795287132263 2.101762294769287
-0.01153738982975483 0.28324589133262634 2.761657476425171 148.5296630859375 -0.779025673866272 2.120027780532837
-0.014303273521363735 0.36410894989967346 2.732900619506836 150.41021728515625 -0.7908537983894348 2.1644461154937744
-0.01756666973233223 0.452965646982193 2.717965841293335 153.25694274902344 -0.8094801306724548 2.2334108352661133
-0.010821596719324589 0.5603355765342712 2.73710298538208 158.364501953125 0.65695720911026 2.0493288040161133
-0.02621503733098507 0.6420407891273499 2.706526041030884 159.16160583496094 -1.0619934797286987 2.382873296737671
-0.015798544511198997 0.7736765146255493 2.7731692790985107 166.3340301513672 0.8319938778877258 2.1101760864257812
-0.03654792159795761 0.8616924285888672 2.7562625408172607 167.41441345214844 -1.2645299434661865 2.5817971229553223
-0.022409293800592422 1.011987566947937 2.8694748878479004 175.7733917236328 1.013966679573059 2.1605489253997803
-0.04699656367301941 1.0997090339660645 2.856374502182007 176.42010498046875 -1.34056556224823 2.7794582843780518
-0.05364222079515457 1.245618224143982 2.977818489074707 -176.28787231445312 -1.287079095840454 2.949307918548584
-0.047355033457279205 1.3575786352157593 3.0279345512390137 -173.1583709716797 -0.11405398696660995 2.6702122688293457
-0.06506647169589996 1.5002509355545044 3.167808771133423 -166.32803344726562 -1.217947244644165 3.1683318614959717
-0.0681590586900711 1.5871312618255615 3.1658554077148438 -166.09971618652344 -1.1687419414520264 3.1593704223632812
-0.07510362565517426 1.7250847816467285 3.318359136581421 -159.70169067382812 -1.079466462135315 3.3027265071868896
-0.07961110025644302 1.8266736268997192 3.3725781440734863 -157.56658935546875 -1.0244786739349365 3.3430228233337402
-0.08511421829462051 1.93840754032135 3.469144582748413 -154.0310821533203 -0.9519443511962891 3.4183754920959473
-0.06786428391933441 2.017773151397705 3.4503674507141113 -154.78060913085938 1.5555263757705688 2.5275888442993164
-0.07975922524929047 2.1253139972686768 3.5466854572296143 -151.53150939941406 0.7063490152359009 2.837895393371582
-0.07943826913833618 2.2349298000335693 3.663803815841675 -147.8323211669922 1.5585168600082397 2.549973487854004
-0.08347783982753754 2.325457811355591 3.7042665481567383 -146.70904541015625 1.5613408088684082 2.5435354709625244
-0.09937620908021927 2.406771183013916 3.69968318939209 -146.92913818359375 -0.5884303450584412 3.268303394317627
-0.10170302540063858 2.511909246444702 3.8280043601989746 -143.29867553710938 -0.016479862853884697 3.1104838848114014
-0.0996730774641037 2.600822925567627 3.869556188583374 -142.28012084960938 1.313245415687561 2.644742250442505
-0.10205165296792984 2.681903600692749 3.8574745655059814 -142.71914672851562 1.5796583890914917 2.5419533252716064
-0.10711687803268433 2.7822790145874023 3.994258403778076 -139.1834259033203 1.522632122039795 2.514860153198242
-0.11108585447072983 2.869291305541992 4.0350341796875 -138.26043701171875 1.4955552816390991 2.5017058849334717
-0.11714021861553192 2.9439187049865723 3.9499731063842773 -140.4524688720703 -0.301805317401886 3.043834686279297
-0.11984787881374359 3.043250322341919 4.12087869644165 -136.35586547851562 1.6148604154586792 2.4628214836120605
-0.12375682592391968 3.124911308288574 4.097580432891846 -136.9564666748047 -0.6918417811393738 3.1513006687164307
-0.12737131118774414 3.2120325565338135 4.139986991882324 -136.00721740722656 -0.6828773617744446 3.1626405715942383
-0.1345718652009964 3.301109790802002 4.223862648010254 -134.1710205078125 1.689411997795105 2.4966089725494385
-0.13785021007061005 3.385817050933838 4.226568698883057 -134.13282775878906 1.4212076663970947 2.5771026611328125
-0.14239750802516937 3.4710710048675537 4.227128028869629 -134.11355590820312 1.6664953231811523 2.5251123905181885
-0.14219091832637787 3.558049440383911 4.2697978019714355 -133.1824493408203 0.5766067504882812 2.806183099746704
-0.1397576928138733 3.6453495025634766 4.335396766662598 -131.78933715820312 -0.7493619322776794 3.16584849357605
-0.13501745462417603 3.7316691875457764 4.320301532745361 -132.01597595214844 -2.274494171142578 3.5561671257019043
-0.1464061737060547 3.8184330463409424 4.374377727508545 -130.91220092773438 -0.9415764212608337 3.2817258834838867
-0.14456339180469513 3.906435966491699 4.262049198150635 -132.94203186035156 -1.6649819612503052 3.41742205619812
-0.148196280002594 3.995435953140259 4.212451934814453 -133.70034790039062 -1.6124359369277954 3.4016504287719727
-0.17401382327079773 4.08281946182251 4.283013820648193 -132.265380859375 1.0261365175247192 2.9297726154327393
-0.1554093062877655 4.172382831573486 4.306299209594727 -131.62486267089844 -1.50580632686615 3.437481164932251
-0.1594548225402832 4.261768341064453 4.3175740242004395 -131.2296905517578 -1.4732518196105957 3.4522933959960938
-0.19002766907215118 4.350608825683594 4.329456806182861 -130.85548400878906 1.0748237371444702 3.003249168395996
-0.1940033882856369 4.443994998931885 4.248337268829346 -131.98121643066406 1.094655990600586 3.0064988136291504
-0.1672167330980301 4.536121845245361 4.25618314743042 -131.5428466796875 -1.5373023748397827 3.4261834621429443
-0.1721375286579132 4.623607635498047 4.358153343200684 -129.6273651123047 -1.512237310409546 3.4789376258850098
-0.19492535293102264 4.716457366943359 4.321788787841797 -129.9628143310547 -0.0797218382358551 3.2551767826080322
-0.17993196845054626 4.808104515075684 4.3522257804870605 -129.1807403564453 -1.479358196258545 3.4873368740081787
-0.1594090610742569 4.907736301422119 4.236764907836914 -130.60061645507812 -3.090460777282715 3.6609795093536377
-0.18853583931922913 4.993813514709473 4.361460208892822 -128.4493865966797 -1.5560834407806396 3.5469632148742676
-0.23726050555706024 5.091184616088867 4.267701625823975 -129.5632781982422 1.2518458366394043 3.165062427520752
-0.19841143488883972 5.187590599060059 4.261648178100586 -129.2595977783203 -1.3617922067642212 3.4784722328186035
-0.21950820088386536 5.2803144454956055 4.288241863250732 -128.54762268066406 -0.4506932497024536 3.3942511081695557
-0.2557056248188019 5.37701940536499 4.246671676635742 -128.79563903808594 1.2840579748153687 3.200820207595825
-0.23394005000591278 5.472486972808838 4.269349098205566 -128.0854949951172 -0.16983167827129364 3.357111930847168
0.0 0.0 0.0 0.0 0.0 0.0
-1.6449565691800672e-06 0.0003512183320708573 -2.0506558939814568e-07 0.003639931557700038 -0.00222579762339592 0.009243623353540897
0.0006398693658411503 0.0007043641526252031 7.270324230194092 0.005846444517374039 -0.626710057258606 0.021258389577269554
0.0014683904591947794 -0.031023701652884483 0.15323753654956818 19.744279861450195 -0.8358954787254333 0.17977271974086761
0.001940657151862979 -0.04001012071967125 0.20611831545829773 8.17342758178711 -0.47031664848327637 0.06573764234781265
0.002288314513862133 -0.04827120155096054 0.2190113663673401 1.5967084169387817 -0.09166095405817032 0.045677654445171356
0.0025442037731409073 -0.054358091205358505 0.23085863888263702 -6.3325676918029785 0.2706158757209778 0.061432164162397385
0.002408687025308609 -0.051471009850502014 0.20193050801753998 -15.462435722351074 0.5764593482017517 0.11328572779893875
-0.0013041073689237237 -0.04912866652011871 0.20875363051891327 -25.367538452148438 5.690639495849609 1.2502533197402954
0.0030301997903734446 -0.04882890731096268 0.212083637714386 -28.39286994934082 -0.12218447029590607 0.431991308927536
0.003061582101508975 -0.04968833550810814 0.2137451469898224 -28.866132736206055 0.08926920592784882 0.48127660155296326
0.005501389969140291 -0.043505433946847916 0.21173590421676636 -34.322235107421875 -1.747491717338562 0.30430707335472107
0.005131696350872517 -0.049803998321294785 0.15276335179805756 -29.7259521484375 -1.1368488073349 0.3684428632259369
0.0047452980652451515 -0.04922875016927719 0.14925305545330048 -30.761398315429688 -0.6172587275505066 0.37184256315231323
0.006609366741031408 -0.050131648778915405 0.1471991240978241 -30.180585861206055 -1.6067659854888916 0.4239344894886017
0.010177523829042912 -0.05012672394514084 0.14382556080818176 -30.02787971496582 -3.462515354156494 0.5752414464950562
0.003403398673981428 -0.06237276270985603 0.10273212194442749 -26.347633361816406 0.8793923258781433 0.17305761575698853
0.009038005955517292 -0.06386415660381317 0.10272959619760513 -24.819265365600586 -2.3702926635742188 0.7403985857963562
0.005227526184171438 -0.065059594810009 0.1071469858288765 -22.303874969482422 0.43005844950675964 0.2948259711265564
0.0043346513994038105 -0.06567716598510742 0.10213975608348846 -22.227251052856445 1.0162990093231201 0.18560093641281128
0.0020584040321409702 -0.06617607176303864 0.09234806895256042 -23.565654754638672 2.396172046661377 -0.03803951293230057
0.0020386341493576765 -0.07830703258514404 0.05813290551304817 -21.568620681762695 1.905110239982605 0.04033059626817703
0.0029641042929142714 -0.07586085051298141 0.05948005989193916 -20.14066505432129 0.9044239521026611 0.13972750306129456
0.0029191637877374887 -0.07456815987825394 0.057267315685749054 -18.68207359313965 0.7766844630241394 0.08989119529724121
0.0028080306947231293 -0.07360438257455826 0.05413823202252388 -16.734607696533203 0.6586543917655945 0.019677598029375076
0.002593646990135312 -0.0840926319360733 0.02699863538146019 -14.17830753326416 0.8135062456130981 -0.03448905050754547
0.0019812071695923805 -0.08414644747972488 0.02174212783575058 -14.714404106140137 1.5002552270889282 -0.02587033249437809
0.0018961160676553845 -0.08306742459535599 0.01770949736237526 -13.389541625976562 0.6833557486534119 -0.1386287957429886
0.0020138309337198734 -0.0840539038181305 0.009881059639155865 -12.679868698120117 -0.0727909728884697 -0.24321742355823517
0.002137811155989766 -0.08528369665145874 0.0015496596461161971 -12.190777778625488 -0.16443857550621033 -0.26476171612739563
0.002220630180090666 -0.08562017232179642 -0.005323915742337704 -11.297751426696777 -0.08691136538982391 -0.2557627260684967
0.002305092755705118 -0.08609577268362045 -0.011862620711326599 -11.151285171508789 -0.026709670200943947 -0.23988066613674164
0.002356772543862462 -0.08620315790176392 -0.018275732174515724 -10.504291534423828 0.007158930879086256 -0.22856128215789795
0.002402076032012701 -0.08662069588899612 -0.025323262438178062 -9.79375171661377 0.02676790952682495 -0.2174830138683319
0.002291357610374689 -0.08286852389574051 -0.021323613822460175 -10.300799369812012 0.0432724729180336 -0.22997058928012848
0.0022445947397500277 -0.08062353730201721 -0.023052679374814034 -8.815718650817871 0.04544050619006157 -0.2191029042005539
0.0022103351075202227 -0.08008777350187302 -0.02536231279373169 -9.552693367004395 0.04400261491537094 -0.23333843052387238
0.002167330589145422 -0.07834348827600479 -0.027278253808617592 -8.663683891296387 0.04217131808400154 -0.22611196339130402
0.0020531381014734507 -0.07459314912557602 -0.02246788889169693 -8.056835174560547 0.031024998053908348 -0.23092326521873474
0.0023093463387340307 -0.07486239820718765 -0.027041347697377205 -8.010186195373535 0.5609154105186462 0.07448303699493408
0.00159801309928298 -0.07398387044668198 -0.028744002804160118 -7.729198932647705 -0.022070500999689102 -0.2788254916667938
0.002113544847816229 -0.07368151098489761 -0.03103175200521946 -8.541634559631348 0.8127757906913757 0.24431291222572327
0.000885097892023623 -0.06712725758552551 -0.01748121902346611 -7.5259623527526855 0.09771768748760223 -0.22676728665828705
0.00041019031777977943 -0.06513281911611557 -0.01377188041806221 -8.309791564941406 -0.260732501745224 -0.46437135338783264
0.0003697846841532737 -0.060026511549949646 -0.004240070469677448 -6.795356750488281 -0.21954239904880524 -0.42206141352653503
0.0006395016680471599 -0.05909305438399315 -0.0029073809273540974 -7.429736614227295 0.13106386363506317 -0.20416229963302612
0.0008376013720408082 -0.05834347382187843 -0.004816639237105846 -7.280472278594971 0.5852752923965454 0.10715702921152115
-0.00046890455996617675 -0.05509734898805618 0.002060725586488843 -6.463526725769043 -0.4113280475139618 -0.56978839635849
-0.00030558835715055466 -0.05455739423632622 0.0014925606083124876 -6.7662739753723145 -0.3519579768180847 -0.5365041494369507
0.00036049127811565995 -0.051968201994895935 0.006467670667916536 -5.5764336585998535 0.5061687231063843 0.08859045803546906
-0.0008148365886881948 -0.05052484944462776 0.011386346071958542 -5.5515947341918945 -0.4710638225078583 -0.6137009859085083
-0.0006439519347622991 -0.049871042370796204 0.012699243612587452 -5.939426422119141 -0.40417125821113586 -0.579451322555542
-0.0004525624099187553 -0.05020599067211151 0.007784759625792503 -5.663015365600586 -0.3594876825809479 -0.5409585237503052
-0.0003895628615282476 -0.049602918326854706 0.007498642895370722 -5.352169036865234 -0.41936367750167847 -0.5746760964393616
-0.00014339215704239905 -0.049061380326747894 0.00734113622456789 -5.462228775024414 -0.17552796006202698 -0.3955412209033966
-0.0001781555183697492 -0.04745525121688843 0.013156524859368801 -3.6047773361206055 -0.27724748849868774 -0.39401018619537354
-0.0003406096075195819 -0.04840787500143051 0.010621948167681694 -3.801999807357788 -0.7286510467529297 -0.7678402662277222
0.0003978185122832656 -0.048352066427469254 0.01275942474603653 -3.5770912170410156 0.23620127141475677 0.040112581104040146
2.2813110263086855e-05 -0.04784631356596947 0.017992448061704636 -4.184198379516602 0.11846542358398438 -0.07810601592063904
-0.00027643144130706787 -0.047667086124420166 0.01873255893588066 -4.254573822021484 -0.06294973194599152 -0.23555921018123627
-0.0005465971771627665 -0.04720259830355644 0.022450679913163185 -3.588702917098999 -0.7352588772773743 -0.7898932695388794
-0.0001027365360641852 -0.0476040318608284 0.019577858969569206 -4.006389617919922 -0.00036320247454568744 -0.1759759783744812
-0.00028817294514738023 -0.04738911986351013 0.01912134699523449 -4.297117710113525 -0.06402528285980225 -0.2427496612071991
-0.000424455211032182 -0.04692921042442322 0.019160129129886627 -4.318994522094727 -0.1120859831571579 -0.2856906056404114
-0.0005177867133170366 -0.04622259736061096 0.024076608940958977 -3.7444260120391846 -0.1470823585987091 -0.2989133298397064
-0.0005947711179032922 -0.046608053147792816 0.015545111149549484 -4.069664001464844 -0.26906779408454895 -0.41433265805244446
-0.000584130291827023 -0.04627783223986626 0.018550867214798927 -3.435114860534668 -0.26234301924705505 -0.3910202085971832
-0.000587182876188308 -0.04571956768631935 0.02012799121439457 -3.8981568813323975 -0.2631734013557434 -0.4084135890007019
-0.0003534438437782228 -0.04532010853290558 0.02083521895110607 -3.748326539993286 -0.8352842926979065 -0.8734936118125916
-0.0002577409031800926 -0.04431191086769104 0.02942292019724846 -3.6427087783813477 -0.05506594851613045 -0.23144687712192535
-0.0002880272513721138 -0.04500340670347214 0.020025288686156273 -3.165245294570923 -0.335928738117218 -0.4426794648170471
-0.0003850325592793524 -0.0448889397084713 0.020216671749949455 -3.1291799545288086 -0.08085063844919205 -0.23455969989299774
-0.00039144710171967745 -0.04473637789487839 0.02096487767994404 -3.0881433486938477 -0.28572845458984375 -0.3998669683933258
-0.0004945364780724049 -0.044312357902526855 0.02140769362449646 -3.264857292175293 -0.12419766187667847 -0.27478498220443726
-0.000620643375441432 -0.044467560946941376 0.013404544442892075 -3.1999030113220215 -0.16597312688827515 -0.3083566725254059
-0.0007519604987464845 -0.04421813786029816 0.013415612280368805 -3.084886074066162 -0.11546478420495987 -0.2649585008621216
-0.0008473562775179744 -0.043999720364809036 0.013443849049508572 -2.9825897216796875 -0.15851156413555145 -0.29601234197616577
-0.0006328208837658167 -0.04410066455602646 0.013855209574103355 -2.671332597732544 -0.4965149760246277 -0.5563337802886963
-0.0002246158546768129 -0.04377353936433792 0.01302637904882431 -2.8588502407073975 -0.7478826642036438 -0.7638170719146729
-0.0005487259477376938 -0.04362926259636879 0.011638888157904148 -2.7642836570739746 -0.11962447315454483 -0.2616586685180664
4.3768639443442225e-05 -0.04335034638643265 0.014350607991218567 -2.6908552646636963 -0.7620061635971069 -0.7605305910110474
-0.0004077147168572992 -0.0430222749710083 0.019522342830896378 -2.5557146072387695 -0.07359883189201355 -0.21682092547416687
-0.00063660042360425 -0.043033964931964874 0.019557934254407883 -2.426996946334839 -0.06701619923114777 -0.20594079792499542
-0.0007198007078841329 -0.0433054119348526 0.012658443301916122 -2.3718984127044678 -0.21018020808696747 -0.31506747007369995
-0.0007837829180061817 -0.0429767407476902 0.012626685202121735 -2.4725472927093506 -0.24370713531970978 -0.34406742453575134
-0.0008276596781797707 -0.043221794068813324 0.013099908828735352 -2.191045045852661 -0.2706823945045471 -0.3560943305492401
-0.0008614067337475717 -0.042767103761434555 0.013573147356510162 -2.381986618041992 -0.28967419266700745 -0.375050812959671
-0.0009963273769244552 -0.04313945025205612 0.014631932601332664 -2.0378763675689697 -0.23472842574119568 -0.3222784698009491
-0.0005208963411860168 -0.04384119063615799 0.008195649832487106 -1.8266534805297852 -0.6226213574409485 -0.6044440865516663
-0.0009546961518935859 -0.04267860949039459 0.01329696923494339 -2.353619337081909 -0.212408646941185 -0.31583696603775024
-0.001027695252560079 -0.04248584061861038 0.01407354325056076 -2.257512092590332 -0.2491058111190796 -0.34166190028190613
-0.000295808567898348 -0.04357146844267845 0.018295757472515106 -1.6018118858337402 -0.6734144687652588 -0.6264767050743103
-0.0009607578394934535 -0.04375011473894119 0.015375347808003426 -1.6943750381469727 -0.18867965042591095 -0.2833814322948456
-0.0010285978205502033 -0.04265674948692322 0.018001049757003784 -2.2041120529174805 -0.23449799418449402 -0.3351612985134125
-0.0010895503219217062 -0.04235248640179634 0.018415305763483047 -2.1812877655029297 -0.2657434046268463 -0.36111000180244446
-0.0011348790721967816 -0.042038071900606155 0.018800821155309677 -2.156210422515869 -0.29194214940071106 -0.38088321685791016
-0.0011657895520329475 -0.04225706309080124 0.0209719967097044 -1.8558158874511719 -0.310086190700531 -0.3871156573295593
4.451267886906862e-05 -0.0435745008289814 0.012128017842769623 -1.3310869932174683 -1.031858205795288 -0.8498045802116394
-0.0001264626916963607 -0.04278458282351494 0.020774176344275475 -1.7059637308120728 -0.5928159952163696 -0.5779876708984375
9.877348929876462e-05 -0.04244903102517128 0.021016065031290054 -1.8338702917099 -0.60365891456604 -0.595344603061676
-0.0002812194579746574 -0.04302859306335449 0.02359749749302864 -1.4355658292770386 -0.26137304306030273 -0.34476444125175476
-0.0005482808337546885 -0.04348165914416313 0.01448831893503666 -1.3951250314712524 -0.20129002630710602 -0.30599045753479004
-0.000731194915715605 -0.04272734746336937 0.015428918413817883 -1.7828744649887085 -0.16847214102745056 -0.30002129077911377
-0.000805133895482868 -0.042329322546720505 0.015169022604823112 -1.8563040494918823 -0.2154397964477539 -0.333335816860199
-0.000999599345959723 -0.04189722239971161 0.014689721167087555 -1.9024624824523926 -0.17920328676700592 -0.31423142552375793
-0.0010634227655828 -0.041571393609046936 0.015080617740750313 -1.861371636390686 -0.2261250913143158 -0.3437076807022095
-0.0011526402086019516 -0.042951323091983795 0.011746430769562721 -1.1214371919631958 -0.25745946168899536 -0.3524254858493805
-0.0007609023596160114 -0.04247397929430008 0.014023995026946068 -1.3950084447860718 -0.4952184557914734 -0.5034714341163635
-0.0009941140888258815 -0.04209953546524048 0.014813615940511227 -1.5218209028244019 -0.326401025056839 -0.40336868166923523
-0.001011060317978263 -0.04139085114002228 0.014240588061511517 -1.7492790222167969 -0.33919113874435425 -0.41692474484443665
0.00012369800242595375 -0.04174458980560303 0.009862978011369705 -1.4916129112243652 -0.9128151535987854 -0.7453514933586121
-0.0002598009305074811 -0.04120418429374695 0.013346034102141857 -1.5779962539672852 -0.5073924660682678 -0.5138626098632812
-0.0006535972352139652 -0.0422196239233017 0.015149387530982494 -1.0136544704437256 -0.26638421416282654 -0.3512268364429474
-0.000847388815600425 -0.04244447499513626 0.014788630418479443 -0.9881671667098999 -0.22337347269058228 -0.3269457221031189
-0.0008685302454978228 -0.04133423790335655 0.01822766289114952 -1.4438507556915283 -0.26169583201408386 -0.3632233440876007
-0.0011093002976849675 -0.04179016128182411 0.011735646054148674 -1.2373161315917969 -0.22365836799144745 -0.3368052840232849
0.00029326838557608426 -0.0412047877907753 0.012994641438126564 -1.4156476259231567 -0.8796680569648743 -0.712081789970398
-0.0007834002608433366 -0.04086392745375633 0.02065480686724186 -1.3455822467803955 -0.2149801105260849 -0.3423100411891937
-0.0008268526871688664 -0.0407763235270977 0.02135416306555271 -1.2782776355743408 -0.2539086639881134 -0.3630297780036926
-0.0009163918439298868 -0.04242894798517227 0.014029874466359615 -0.6750243306159973 -0.28823938965797424 -0.3651639223098755
0.00039668200770393014 -0.04267718270421028 0.014909525401890278 -0.7002146244049072 -0.8521064519882202 -0.6750829219818115
-0.000715335481800139 -0.04113171994686127 0.025246892124414444 -1.2465895414352417 -0.20099666714668274 -0.34010758996009827
-0.0009310829336754978 -0.04069641977548599 0.02515423856675625 -1.3188509941101074 -0.17771723866462708 -0.3301716148853302
-0.000979111879132688 -0.04023255780339241 0.025513479486107826 -1.364720344543457 -0.22695468366146088 -0.3566488027572632
-0.001080117654055357 -0.04039149731397629 0.016332272440195084 -1.2544468641281128 -0.2651498019695282 -0.3730153739452362
-0.0011102216085419059 -0.042174436151981354 0.018738534301519394 -0.5165497064590454 -0.2912570536136627 -0.3764784634113312
-0.0009048458305187523 -0.040264010429382324 0.027356358245015144 -1.2124762535095215 -0.37351587414741516 -0.428885281085968
-0.0008970748167484999 -0.041836079210042953 0.03214145824313164 -0.5467716455459595 -0.37192651629447937 -0.41796383261680603
-0.0008981568971648812 -0.039226286113262177 0.02783280611038208 -1.5502468347549438 -0.3702128231525421 -0.43569397926330566
-0.0008683077758178115 -0.0406140498816967 0.0377735011279583 -0.8069707155227661 -0.3686482906341553 -0.422999769449234
-0.0010448988759890199 -0.04038776829838753 0.039097391068935394 -0.8796295523643494 -0.3080054223537445 -0.39524343609809875
-0.0006695037009194493 -0.03973766043782234 0.040507346391677856 -1.0613205432891846 -0.45693910121917725 -0.468941867351532
0.0007000981131568551 -0.04090557247400284 0.04228689521551132 -0.6135914921760559 -0.8954663276672363 -0.6585550904273987
-0.00064890953944996 -0.03466302528977394 0.043434832245111465 -2.5649449825286865 -0.27618736028671265 -0.4491630792617798
-0.0013600247912108898 -0.03376209735870361 0.05804748088121414 -2.1701550483703613 -0.058859191834926605 -0.3437342345714569
-0.00157287681940943 -0.033404771238565445 0.06965527683496475 -1.7363362312316895 -0.08116795867681503 -0.33765047788619995
8.42105655465275e-05 -0.03270094096660614 0.07731413841247559 -1.5621100664138794 -0.668910562992096 -0.5356215834617615
-0.0016697251703590155 -0.03357308730483055 0.05741643160581589 -1.291936993598938 -0.0997360423207283 -0.32787811756134033
1.2674601748585701e-05 -0.034447941929101944 0.06140971928834915 -0.8207924365997314 -0.6848180294036865 -0.5165441632270813
-0.0005611227825284004 -0.03297299146652222 0.06717001646757126 -1.1006203889846802 -0.42840927839279175 -0.43001624941825867
-0.0016501714708283544 -0.033355969935655594 0.06897421181201935 -0.8402112722396851 -0.10603868961334229 -0.3095504343509674
-0.0016730651259422302 -0.032522670924663544 0.07205376029014587 -0.9648524522781372 -0.17889171838760376 -0.3398073613643646
-0.0017494692001491785 -0.03395551070570946 0.0468071773648262 -0.8560309410095215 -0.24454312026500702 -0.3624641001224518
1.5735597116872668e-05 -0.034875545650720596 0.047456126660108566 -0.5381679534912109 -0.7710544466972351 -0.5579563975334167
-0.0012730818707495928 -0.035282570868730545 0.052169859409332275 -0.3792817294597626 -0.30726557970046997 -0.38137561082839966
-0.0017027434660121799 -0.032815564423799515 0.05896966904401779 -0.9780705571174622 -0.2073235809803009 -0.3594789206981659
6.915215635672212e-06 -0.03571999445557594 0.04389059543609619 -0.31256160140037537 -0.7497695684432983 -0.5564199686050415
5.792158481199294e-05 -0.03436346352100372 0.047722455114126205 -0.6848999857902527 -0.6595339179039001 -0.538694441318512
-0.001696532010100782 -0.03488835692405701 0.05128110945224762 -0.46074554324150085 -0.08089250326156616 -0.31267493963241577
-0.001009328756481409 -0.033299367874860764 0.05569453537464142 -0.8678287863731384 -0.3492598831653595 -0.42619290947914124
-0.00032031902810558677 -0.03324078768491745 0.05728552117943764 -0.7814662456512451 -0.5495094656944275 -0.5034123659133911
-0.0008851719903759658 -0.034073833376169205 0.03565922752022743 -0.6905932426452637 -0.3710842430591583 -0.4428204894065857
2.733427390921861e-05 -0.03500479832291603 0.03575505316257477 -0.3744139075279236 -0.6347474455833435 -0.5327040553092957
-0.0017083658603951335 -0.03360116481781006 0.040528953075408936 -0.7427672147750854 -0.03141230717301369 -0.32930436730384827
-0.0017141364514827728 -0.035812750458717346 0.044453538954257965 -0.010906357318162918 -0.10188949108123779 -0.35195547342300415
-0.001822786871343851 -0.03555196523666382 0.030273260548710823 -0.31030240654945374 -0.150206059217453 -0.37073710560798645
-0.0018607348902150989 -0.03605025261640549 0.02943568304181099 -0.20674444735050201 -0.18745636940002441 -0.3827236592769623
-5.73706638533622e-05 -0.03485052287578583 0.030931632965803146 -0.6041333675384521 -0.7510238289833069 -0.5862455368041992
-0.0006853542872704566 -0.03727949038147926 0.03846941143274307 0.17976514995098114 -0.42439183592796326 -0.45577725768089294
-0.002015376463532448 -0.0320902019739151 0.062099773436784744 -1.348346471786499 0.06019741669297218 -0.3002394437789917
-0.0005603211466223001 -0.03432523086667061 0.05788562819361687 -0.5047125816345215 -0.4664248824119568 -0.4870389997959137
-0.0016665607690811157 -0.03332425653934479 0.0603792704641819 -0.7480568289756775 -0.08808387070894241 -0.39452114701271057
-0.0016871142433956265 -0.034217868000268936 0.06320007145404816 -0.3979400396347046 -0.12320526689291 -0.403984934091568
-0.000982797471806407 -0.03543030098080635 0.06378626078367233 -0.05852891504764557 -0.3650255501270294 -0.4592449367046356
-0.001699680695310235 -0.03352693095803261 0.04608993977308273 -0.7159881591796875 -0.15601293742656708 -0.35712358355522156
0.00020296066941227764 -0.03350396826863289 0.047438785433769226 -0.6395791172981262 -0.7201811075210571 -0.5050555467605591
-0.0004889712436124682 -0.03489326685667038 0.05247187614440918 -0.17263709008693695 -0.38933151960372925 -0.41058364510536194
0.0002167201164411381 -0.035173457115888596 0.05238710716366768 -0.13794568181037903 -0.5424982905387878 -0.46033787727355957
-0.0017032918985933065 -0.03977873548865318 0.030107084661722183 1.0311996936798096 0.01836344227194786 -0.2571992576122284
-0.0006342499400489032 -0.03887927532196045 0.04400978982448578 0.45913371443748474 -0.32556331157684326 -0.36498740315437317
-0.002758556976914406 -0.041200194507837296 0.04046995937824249 0.9204185009002686 0.3242931365966797 -0.1338900625705719
-0.0008002179674804211 -0.03951827809214592 0.06165534630417824 0.09700575470924377 -0.3277386724948883 -0.3516422510147095
-0.002630395581945777 -0.041556552052497864 0.06570141762495041 0.5101068019866943 0.20762039721012115 -0.16480495035648346
-0.000615957600530237 -0.04064371809363365 0.048284925520420074 0.09469648450613022 -0.519220769405365 -0.4674994647502899
-0.0028009244706481695 -0.03920723870396614 0.05246243625879288 -0.39668092131614685 0.18727785348892212 -0.3018624782562256
-0.0031111259013414383 -0.040907397866249084 0.05711158365011215 0.04711879417300224 0.22819234430789948 -0.453257292509079
-0.0008720187470316887 -0.03951883316040039 0.0624396838247776 -0.49087783694267273 -0.5092552900314331 -0.938068687915802
-0.0028492819983512163 -0.04109734669327736 0.04859286919236183 0.039607610553503036 0.055510345846414566 -1.151265025138855
-0.001439410843886435 -0.040895506739616394 0.05087602138519287 -0.14849784970283508 -0.4018890857696533 -1.6754018068313599
-0.0017157233087345958 -0.03866027295589447 0.05142287537455559 -0.7691088318824768 -0.22993960976600647 -1.9361042976379395
-0.00283225579187274 -0.040587205439805984 0.05896817520260811 -0.24592500925064087 0.08329697698354721 -2.0055899620056152
-0.0017412422457709908 -0.042917728424072266 0.06075095385313034 0.2794927954673767 -0.2491694688796997 -2.0600032806396484
-0.0030282430816441774 -0.04151206836104393 0.043216828256845474 -0.1496397852897644 0.18236446380615234 -1.7756078243255615
-0.0029945126734673977 -0.04517333582043648 0.04213721677660942 1.0859510898590088 0.12254125624895096 -1.825103521347046
-0.003267859574407339 -0.04784579575061798 0.04285987466573715 0.9882135987281799 0.10260481387376785 -1.4756057262420654
-0.0020993168000131845 -0.047527603805065155 0.04705733805894852 0.8238173127174377 -0.31188344955444336 -1.6014715433120728
-0.0020364962983876467 -0.046956781297922134 0.035343702882528305 0.33712315559387207 -0.2109675407409668 -1.399637222290039
-0.0031781522557139397 -0.047250162810087204 0.03608063980937004 0.09686879068613052 0.28271499276161194 -1.115988850593567
-0.001633098698221147 -0.04577455297112465 0.037472810596227646 -0.7113199830055237 -0.2797207534313202 -1.1371243000030518
-0.0016398231964558363 -0.04569656774401665 0.0374949648976326 -0.7628576159477234 -0.13136081397533417 -1.0341839790344238
-0.005233891308307648 -0.04591602832078934 0.04204497113823891 -0.7885550856590271 1.2259933948516846 -0.7263323068618774
-0.0021404814906418324 -0.04681425914168358 0.056798480451107025 -0.7511298656463623 -0.21084283292293549 -1.0143550634384155
-0.0010802807519212365 -0.046469397842884064 0.05489606782793999 -0.83681720495224 -0.4412916600704193 -1.053877592086792
-0.0026114629581570625 -0.04836687818169594 0.06724577397108078 -0.4165491759777069 0.19082139432430267 -1.1406819820404053
-0.0025424212217330933 -0.047818105667829514 0.0683417022228241 -0.6090105772018433 0.17294065654277802 -1.1343635320663452
-0.002256490755826235 -0.04562002420425415 0.04620283097028732 -0.9230525493621826 0.07853766530752182 -1.3974244594573975
-0.002120841993018985 -0.04593628644943237 0.04697602614760399 -0.830420970916748 0.0300451572984457 -1.4073584079742432
-0.0023160141427069902 -0.04688391834497452 0.04873901233077049 -0.4456776976585388 0.10945016890764236 -1.420606255531311
-0.0007448814576491714 -0.045944273471832275 0.051064569503068924 -0.8001514673233032 -0.4051838517189026 -1.4363234043121338
-0.002283113542944193 -0.047512512654066086 0.0633881613612175 -0.20999014377593994 0.238427996635437 -1.3739993572235107
-0.001410462660714984 -0.04611731693148613 0.04594699293375015 -0.7019957304000854 -0.09876438230276108 -1.4148563146591187
-0.0021250585559755564 -0.04639798030257225 0.04713777080178261 -0.5226208567619324 0.20012250542640686 -1.49441659450531
-0.0009296981734223664 -0.045964181423187256 0.04875201731920242 -0.6827808618545532 -0.2313966006040573 -1.723881721496582
-0.0016914665466174483 -0.04716615378856659 0.05303366109728813 -0.15830913186073303 0.10127875208854675 -1.8627082109451294
-0.0018613864667713642 -0.04721270129084587 0.03410159423947334 -0.24942685663700104 0.15145567059516907 -1.9116778373718262
-0.0007638203096576035 -0.04694181680679321 0.034679703414440155 -0.4358077049255371 -0.21579253673553467 -1.9477922916412354
-0.0007014360744506121 -0.046164754778146744 0.034255582839250565 -0.7103551626205444 -0.10367089509963989 -1.9107621908187866
-0.0020646604243665934 -0.046235837042331696 0.03606303781270981 -0.6003159284591675 0.501073956489563 -1.7858620882034302
-0.0021692102309316397 -0.046169478446245193 0.036195941269397736 -0.5783684253692627 0.4315968453884125 -1.7666221857070923
-0.0023316636215895414 -0.04663307964801788 0.022261185571551323 -0.4284897446632385 0.39316532015800476 -1.6103804111480713
-0.006339811719954014 -0.04603712633252144 0.016519196331501007 -0.6410823464393616 1.8129568099975586 -1.2238719463348389
-0.006817658431828022 -0.04547914117574692 0.02600448578596115 -0.7462652325630188 1.4716224670410156 -0.8454869985580444
-0.006754627451300621 -0.04573842138051987 0.036206312477588654 -0.5076666474342346 0.9809664487838745 -0.3314056992530823
-0.007970565930008888 -0.0456746406853199 0.022664133459329605 -0.6146116852760315 1.2281343936920166 0.3756346106529236
-0.006355199497193098 -0.04252641275525093 0.028201008215546608 -1.6743335723876953 0.23553410172462463 1.0698775053024292
-0.006280284840613604 -0.041676394641399384 0.02848445065319538 -1.6152746677398682 0.17467127740383148 1.382390022277832
-0.0067377411760389805 -0.04121997952461243 0.03257248178124428 -1.3565077781677246 0.26378825306892395 1.4882937669754028
-0.008596784435212612 -0.04153122007846832 0.03918907791376114 -0.8765153288841248 0.8286525011062622 1.5888125896453857
-0.008215269073843956 -0.041746724396944046 0.026588337495923042 -0.8560776114463806 0.6402944922447205 1.725253701210022
-0.008393767289817333 -0.04174087196588516 0.02583589404821396 -0.6858736276626587 0.5212039351463318 2.012540340423584
-0.008357767947018147 -0.04268792271614075 0.023907721042633057 -0.31622830033302307 0.4429004490375519 2.2210097312927246
-0.008757724426686764 -0.040814414620399475 0.02970104105770588 -0.9025682806968689 0.3562239706516266 2.4413387775421143
-0.008372040465474129 -0.04220091179013252 0.02097444422543049 -0.3565520942211151 0.25350672006607056 2.5105507373809814
-0.008250909857451916 -0.04308942332863808 0.018469730392098427 -0.058822207152843475 0.179681196808815 2.6336002349853516
-0.0068163154646754265 -0.04314034804701805 0.016807368025183678 -0.09324803203344345 -0.384782612323761 2.7792744636535645
-0.0075918943621218204 -0.041643284261226654 0.023496581241488457 -0.5928112864494324 -0.072891004383564 2.9706783294677734
-0.0072045596316456795 -0.040968336164951324 0.021542295813560486 -0.7617915868759155 -0.16235995292663574 3.120377540588379
-0.006746319588273764 -0.04128532111644745 0.014275804162025452 -0.5591586232185364 -0.1767929047346115 3.40828800201416
-0.00820070505142212 -0.04265676811337471 0.017091667279601097 0.06650134176015854 0.4445664584636688 3.8158929347991943
-0.008380424231290817 -0.036179009824991226 0.04187152907252312 -2.0222456455230713 -0.025505132973194122 4.259471416473389
-0.00926633458584547 -0.03505102917551994 0.0610937662422657 -1.5821568965911865 0.16585920751094818 4.602497100830078
-0.0075652627274394035 -0.03328796103596687 0.03442326560616493 -2.0939130783081055 -0.3940255343914032 4.895195960998535
-0.006874684244394302 -0.031726960092782974 0.0366872139275074 -1.979479193687439 -0.5445438027381897 5.058083534240723
-0.006640549749135971 -0.030566323548555374 0.043178245425224304 -1.6153887510299683 -0.4974254071712494 5.15822172164917
-0.0065118130296468735 -0.029827114194631577 0.0475669763982296 -1.2700867652893066 -0.3858630657196045 5.234907627105713
-0.007081491407006979 -0.02934158779680729 0.05037211626768112 -0.9605823755264282 -0.042673882097005844 5.350167274475098
-0.007714736741036177 -0.03179020434617996 0.031421057879924774 -0.35826361179351807 0.26184555888175964 5.4951629638671875
-0.006251994054764509 -0.03170833736658096 0.03370584547519684 -0.149760901927948 -0.3124277591705322 5.6966776847839355
-0.005822061561048031 -0.03579714149236679 0.02268216945230961 0.9642311930656433 -0.20783747732639313 5.901590347290039
-0.006655109114944935 -0.03388457000255585 0.03843823820352554 0.3811628520488739 0.1579466313123703 6.019477367401123
-0.005004087463021278 -0.035928353667259216 0.026779472827911377 0.7330912947654724 -0.43881848454475403 6.005270957946777
-0.006331057287752628 -0.03662170469760895 0.03060619719326496 0.7301312685012817 0.24185672402381897 6.143270015716553
-0.006490781437605619 -0.03452366963028908 0.03963567316532135 -0.043707460165023804 0.17570625245571136 6.143154144287109
-0.006311196833848953 -0.03600931167602539 0.044024817645549774 0.5238582491874695 0.134349063038826 6.137251377105713
-0.006319586653262377 -0.0362975113093853 0.04561842605471611 0.428691029548645 0.11323364824056625 6.117854118347168
-0.0054004378616809845 -0.03864995762705803 0.029477646574378014 0.9297530651092529 -0.2228948175907135 6.0426812171936035
-0.0044700754806399345 -0.04033038392663002 0.02500957064330578 1.1376330852508545 -0.40887826681137085 5.986051082611084
-0.004284760914742947 -0.04029225558042526 0.03314312547445297 0.7489368915557861 -0.2966260313987732 5.973038673400879
-0.0056207082234323025 -0.03909783437848091 0.039198100566864014 -0.05523793399333954 0.2916828691959381 6.060054302215576
-0.005586931481957436 -0.04057110846042633 0.033314526081085205 0.49375391006469727 0.20159856975078583 5.974946022033691
-0.004871377721428871 -0.04102029278874397 0.034873709082603455 0.49063363671302795 -0.11538562178611755 5.8285322189331055
-0.005547762848436832 -0.04125886410474777 0.03595517575740814 0.34151726961135864 0.1591702103614807 5.815585613250732
-0.00584146985784173 -0.039350222796201706 0.03575068712234497 -0.4806344211101532 0.12474142014980316 5.760079860687256
-0.005493447184562683 -0.04141506180167198 0.049767013639211655 0.21807463467121124 0.08739160746335983 5.667671203613281
-0.005575951188802719 -0.042788367718458176 0.03151170164346695 0.8382704854011536 0.042463261634111404 5.55828857421875
-0.006509663071483374 -0.04261999577283859 0.03710264340043068 0.3308403193950653 0.3780345022678375 5.569159984588623
-0.006543630734086037 -0.04282251372933388 0.03830884397029877 0.24765880405902863 0.25421595573425293 5.4609375
-0.005067521706223488 -0.042406369000673294 0.0408436544239521 0.014180879108607769 -0.3980260193347931 5.324740409851074
-0.0058334567584097385 -0.04284438490867615 0.03052975982427597 0.22614549100399017 0.016802918165922165 5.387330055236816
-0.003006765153259039 -0.04220994934439659 0.030676286667585373 0.00622467091307044 -1.0539605617523193 5.175839900970459
-0.0033739942591637373 -0.042764876037836075 0.040167659521102905 -0.02843068353831768 -0.5509422421455383 5.24544095993042
-0.003250789362937212 -0.04265151917934418 0.0413089282810688 -0.11105940490961075 -0.43733564019203186 5.316600799560547
-0.0031575080938637257 -0.04253453016281128 0.04194631427526474 -0.1568029522895813 -0.34681421518325806 5.352988243103027
-0.0033229636028409004 -0.042485930025577545 0.02715551108121872 0.06883297860622406 -0.2339668869972229 5.336112976074219
-0.0031956792809069157 -0.04292824864387512 0.026611709967255592 0.17611442506313324 -0.182754248380661 5.289844512939453
-0.003168206661939621 -0.04297536239027977 0.026411065831780434 0.13469788432121277 -0.15773119032382965 5.1710920333862305
-0.0033143654000014067 -0.041505616158246994 0.026879755780100822 -0.46729567646980286 -0.10692176967859268 5.115658760070801
-0.0032153388019651175 -0.04285001382231712 0.022235143929719925 0.15792721509933472 -0.07354754209518433 5.148349761962891
-0.0032186799217015505 -0.04304876551032066 0.02166161499917507 0.1756187528371811 -0.0629652664065361 5.183329105377197
-0.0032516447827219963 -0.04239126667380333 0.022205933928489685 -0.16275081038475037 -0.0394410565495491 5.249798774719238
-0.0031453887932002544 -0.043191809207201004 0.022829484194517136 0.14375260472297668 -0.0317462682723999 5.345020294189453
-0.0031165461987257004 -0.04324046149849892 0.022636324167251587 0.1047934740781784 -0.03404466062784195 5.438614368438721
-0.0034517236053943634 -0.041388969868421555 0.014345997013151646 -0.5274037718772888 -0.02656729146838188 5.477867126464844
-0.0034098238684237003 -0.04135414958000183 0.014888494275510311 -0.4168252646923065 -0.014126131311058998 5.49449348449707
-0.0033303166273981333 -0.04205439239740372 0.016411496326327324 -0.055359333753585815 -0.017987508326768875 5.502261161804199
-0.0018047320190817118 -0.0420844666659832 0.01599094085395336 -0.00810178555548191 -0.5423585772514343 5.493175029754639
-0.0018212462309747934 -0.0411858968436718 0.011408653110265732 -0.3032200336456299 -0.43985694646835327 5.442956447601318
-0.002906034467741847 -0.041916098445653915 0.014547431841492653 -0.006874263286590576 0.11738453060388565 5.4600605964660645
-0.002633297350257635 -0.0420445092022419 0.01471628900617361 0.015976902097463608 -0.018383942544460297 5.42612886428833
-0.0030880537815392017 -0.04216252639889717 0.013738175854086876 0.08389774709939957 0.10473351180553436 5.3706536293029785
-0.002512587932869792 -0.042310845106840134 0.014581729657948017 0.06383240967988968 -0.09496886283159256 5.357837677001953
-0.0032995606306940317 -0.04189180210232735 0.00938456691801548 -0.12860743701457977 0.15701879560947418 5.370821952819824
-0.0024459122214466333 -0.042118098586797714 0.010418803431093693 0.016447143629193306 -0.1992582082748413 5.362441539764404
-0.003054537810385227 -0.04274571314454079 0.010729055851697922 0.19008105993270874 0.10621777921915054 5.39512300491333
-0.0029580832924693823 -0.04238295927643776 0.011545789428055286 -0.01374839898198843 0.02301199920475483 5.437237739562988
-0.003052649786695838 -0.04152408242225647 0.006777722854167223 -0.34004178643226624 0.007814474403858185 5.529584884643555
-0.0028776039835065603 -0.04161429405212402 0.006866939831525087 -0.1905316263437271 -0.06734659522771835 5.570475101470947
-0.0030729216523468494 -0.04120972752571106 0.005930956453084946 -0.2892976701259613 0.009160861372947693 5.594017505645752
-0.0031516540329903364 -0.04223707318305969 0.007310777902603149 0.1626296043395996 0.06094769388437271 5.556182384490967
-0.0018293174216523767 -0.04155087098479271 0.009703777730464935 -0.10529696196317673 -0.46072685718536377 5.517853260040283
-0.003037034533917904 -0.042418476194143295 0.01127249002456665 0.16421759128570557 0.1489998698234558 5.500563621520996
-0.003038223600015044 -0.04264248535037041 0.01114171463996172 0.20245058834552765 0.09452201426029205 5.493684768676758
-0.0031308045145124197 -0.04269546642899513 0.011116120964288712 0.12885037064552307 0.099148690700531 5.508676528930664
