0.05472917854785919 -0.3724779188632965 0.059496305882930756 -0.6758865714073181 0.5069549083709717 -37.80061340332031
0.05474323406815529 -0.37315165996551514 0.06200664862990379 -0.5380057692527771 0.22962868213653564 -38.066802978515625
0.054893337190151215 -0.3746151626110077 0.062117986381053925 -0.24848976731300354 -0.18239371478557587 -38.483558654785156
0.056020788848400116 -0.3731710612773895 0.070830337703228 -1.0586154460906982 -0.09643428027629852 -38.5711555480957
0.053618546575307846 -0.3739103674888611 0.06236305087804794 -0.4644891321659088 0.5788486003875732 -37.642173767089844
0.0541098490357399 -0.37308835983276367 0.06549997627735138 -0.9125038385391235 0.4841037690639496 -37.7330322265625
0.05368043854832649 -0.3735068142414093 0.06724673509597778 -0.7336957454681396 0.4124230146408081 -37.774723052978516
0.05524083599448204 -0.37382185459136963 0.06992024183273315 -0.990456223487854 -0.1661834716796875 -38.10487747192383
0.05570489540696144 -0.3736409842967987 0.0701122134923935 -1.1252623796463013 -0.1447666585445404 -38.065425872802734
0.052458859980106354 -0.3732863664627075 0.06372654438018799 -0.5765206813812256 0.9079806208610535 -37.6017951965332
0.05454602092504501 -0.3749169111251831 0.0821448341012001 -0.6736895442008972 -0.22581042349338531 -38.01603317260742
0.055664945393800735 -0.37353503704071045 0.08713945001363754 -1.3367758989334106 -0.12477806210517883 -38.00013732910156
0.053732678294181824 -0.3731888234615326 0.09732436388731003 -0.9893345832824707 0.5296484231948853 -37.79920959472656
0.05495752394199371 -0.37285712361335754 0.07499285042285919 -1.253985047340393 0.20531359314918518 -37.76279067993164
0.05513318255543709 -0.37401700019836426 0.07738180458545685 -0.935700535774231 -0.055738117545843124 -37.67398452758789
0.05481814220547676 -0.37485402822494507 0.0776982456445694 -0.6914545297622681 -0.05794083699584007 -37.591278076171875
0.054824214428663254 -0.37488582730293274 0.0792992115020752 -0.7670541405677795 0.0041054775938391685 -37.57408905029297
0.05533812567591667 -0.37418946623802185 0.08160954713821411 -1.0828303098678589 0.05028166621923447 -37.64759063720703
0.054834943264722824 -0.3726447522640228 0.060686029493808746 -1.331178903579712 0.4919627010822296 -37.697017669677734
0.054083652794361115 -0.3725334107875824 0.06104075163602829 -1.1211833953857422 0.6132497787475586 -37.6745491027832
0.05456184595823288 -0.37289929389953613 0.0636884793639183 -1.092340111732483 0.3198849558830261 -37.55205154418945
0.055051546543836594 -0.3743429481983185 0.06437956541776657 -0.8072413206100464 -0.1045098826289177 -37.433502197265625
0.054969873279333115 -0.37028858065605164 0.061542317271232605 -1.8197439908981323 0.7348713874816895 -37.569400787353516
0.055436599999666214 -0.37092214822769165 0.0708419606089592 -1.5005745887756348 0.3575616776943207 -37.377803802490234
0.05447991192340851 -0.37479668855667114 0.0803789421916008 -0.19725918769836426 -0.1745021790266037 -37.30348587036133
0.055280327796936035 -0.3755435347557068 0.0835702121257782 -0.3921104073524475 -0.3930516541004181 -37.230140686035156
0.05451198294758797 -0.37608954310417175 0.08744413405656815 -0.2990615963935852 -0.11872625350952148 -37.09132766723633
0.05407126247882843 -0.37538033723831177 0.07163836807012558 -0.6781240105628967 0.23068474233150482 -37.04096221923828
0.055024776607751846 -0.37600380182266235 0.07359322160482407 -0.7589921951293945 -0.1506781429052353 -37.275550842285156
0.05493105947971344 -0.3762587010860443 0.07451952248811722 -0.7617974877357483 -0.05885177478194237 -37.184932708740234
0.05469829961657524 -0.376680463552475 0.07515319436788559 -0.7037994265556335 0.012077443301677704 -37.07521438598633
0.05448393151164055 -0.375026673078537 0.058167487382888794 -1.1740939617156982 0.3864297866821289 -37.07322692871094
0.05444939061999321 -0.3757554888725281 0.061191871762275696 -0.9408590197563171 0.21255730092525482 -37.02180862426758
0.05334578454494476 -0.3755059838294983 0.0604802705347538 -0.8398697376251221 0.5111165046691895 -36.91873550415039
0.05448968708515167 -0.3763280212879181 0.06561468541622162 -0.8833885788917542 0.0044109211303293705 -36.973636627197266
0.05449877679347992 -0.37636369466781616 0.06601104140281677 -0.9191440343856812 0.05045165494084358 -36.93145751953125
0.05443377420306206 -0.37533706426620483 0.05092819035053253 -1.208216667175293 0.27411648631095886 -36.905426025390625
0.054939188063144684 -0.37570375204086304 0.05099104344844818 -1.1644614934921265 0.06194152310490608 -36.850608825683594
0.0536891371011734 -0.37496498227119446 0.0520743727684021 -1.0648045539855957 0.5438249111175537 -36.899967193603516
0.05476846918463707 -0.3762657940387726 0.05786976218223572 -0.9268959164619446 -0.06368891894817352 -36.74139404296875
0.05342574045062065 -0.3753679692745209 0.04763367399573326 -0.9476017951965332 0.5109654068946838 -36.79914474487305
0.054890748113393784 -0.37572720646858215 0.05088178068399429 -1.1642688512802124 -0.027636561542749405 -36.666229248046875
0.054019682109355927 -0.37625986337661743 0.05279373750090599 -0.7976983785629272 0.1570361852645874 -36.65968322753906
0.054316941648721695 -0.3755088150501251 0.05427921935915947 -1.1152442693710327 0.23087577521800995 -36.64419937133789
0.05344585329294205 -0.37499454617500305 0.043140821158885956 -1.090307354927063 0.5501953959465027 -36.65924072265625
0.05375879257917404 -0.37451791763305664 0.042545970529317856 -1.2708306312561035 0.45938771963119507 -36.5661735534668
0.055070120841264725 -0.3757219910621643 0.04495444521307945 -1.1416943073272705 -0.2025851160287857 -36.338096618652344
0.05490613728761673 -0.3760223686695099 0.045568183064460754 -0.9772307276725769 -0.1069568321108818 -36.33521270751953
0.05471423268318176 -0.37637174129486084 0.04514360800385475 -0.8541401624679565 -0.03612012043595314 -36.294769287109375
0.0 0.0 0.0 0.0 0.0 0.0
1.0215693691861816e-05 0.0005262105842120945 0.383457750082016 0.001156690064817667 -0.011365051381289959 -0.0006619644118472934
2.13140738196671e-05 0.001070986152626574 0.3856014907360077 -0.07546596974134445 -0.003006903687492013 -0.00041089276783168316
-0.0002454537898302078 0.001766313100233674 0.39243456721305847 -0.43031084537506104 0.6813236474990845 0.001147314440459013
0.0003437601262703538 7.72670391597785e-05 0.040145501494407654 -1.10784113407135 -0.9199267625808716 -0.00542375398799777
-0.0015048801433295012 -0.0007006748346611857 0.04542114585638046 0.8643859028816223 3.506901264190674 -0.038874026387929916
-0.0003769189352169633 -0.000647330132778734 0.057991210371255875 0.36047106981277466 -0.41227659583091736 -0.0059249671176075935
-0.0006012453231960535 -0.0006529994425363839 0.05883041024208069 -0.05347142368555069 0.14894285798072815 -0.0034841031301766634
-0.0006130818510428071 0.0007806382491253316 0.05842806026339531 -3.7122089862823486 0.022240472957491875 0.01233208179473877
-0.0005414681509137154 0.000891845440492034 0.04613931477069855 -2.924295425415039 -0.08919050544500351 0.009640020318329334
-0.000752503692638129 4.7792611439945176e-05 0.049443360418081284 -0.16087764501571655 0.30914390087127686 0.0021233991719782352
0.00013087458501104265 0.00021217788162175566 0.050188399851322174 -0.746779203414917 -1.7639999389648438 0.03146759048104286
0.00020717436564154923 -0.0003228626155760139 0.05074615031480789 0.3150191307067871 -1.2424057722091675 0.0507957749068737
0.0003017745621036738 -0.0004429738619364798 0.04306338354945183 -0.04684368148446083 -0.8528673648834229 0.0377705916762352
-0.0010273366933688521 -0.00031082352506928146 0.043978944420814514 -0.6098183989524841 1.8768532276153564 0.029966892674565315
0.00020347531244624406 -0.0002887166338041425 0.05163135007023811 -0.6651052236557007 -0.9775480628013611 0.02271183207631111
-0.0004088865825906396 -0.0008098396938294172 0.053989991545677185 0.08056146651506424 0.3821159303188324 0.03186733275651932
7.722488226136193e-05 -0.00017848718562163413 0.05671964958310127 -1.2074220180511475 -0.4669528901576996 0.020260946825146675
-0.0005728168762288988 -0.00018496120173949748 0.046674516052007675 -1.1690254211425781 0.6316758990287781 0.0232754647731781
0.00024680004571564496 -0.0005029269377700984 0.04869190976023674 -0.6531292796134949 -0.6455629467964172 0.025860769674181938
0.0003082335751969367 -0.00017031941388268024 0.04928162321448326 -1.1584621667861938 -0.44616642594337463 0.020483292639255524
0.00035826762905344367 -0.000492498860694468 0.049941956996917725 -0.7019078135490417 -0.30312108993530273 0.026198426261544228
0.00036307561094872653 -0.0005982327274978161 0.04101871699094772 -0.7705749869346619 -0.1768515408039093 0.024495473131537437
0.00038820048212073743 -0.0008003129623830318 0.040572941303253174 -0.6359104514122009 -0.10168270021677017 0.025015152990818024
6.941666651982814e-05 -0.00013821007451042533 0.04071604833006859 -1.403092861175537 0.289685994386673 0.017687655985355377
0.0004199911782052368 -0.0009355680667795241 0.043571680784225464 -0.4672144651412964 -0.09321000427007675 0.023480955511331558
-0.0002350895811105147 -0.0006317486404441297 0.04494428262114525 -0.9034721851348877 0.5712681412696838 0.018933046609163284
0.00018571685359347612 -0.00017723970813676715 0.038522716611623764 -1.3603839874267578 0.001647668774239719 0.025870205834507942
0.00035981941618956625 0.0003692787722684443 0.037240032106637955 -1.6727277040481567 -0.11350710690021515 0.028427332639694214
0.0004056813195347786 -0.0005089761689305305 0.041002675890922546 -0.6585782766342163 -0.057153791189193726 0.02403612993657589
0.0004191002226434648 -0.0010766767663881183 0.03966883197426796 -0.32785430550575256 -0.013665182515978813 0.02335372194647789
0.0005843584658578038 -0.0012260880321264267 0.035519376397132874 -0.4814276695251465 -0.10707903653383255 0.024592923000454903
0.000621696759480983 -0.000770539278164506 0.03614851087331772 -0.9655914902687073 -0.052305497229099274 0.024065129458904266
-0.0002135075774276629 -0.0011066719889640808 0.03643016517162323 -0.7101989388465881 0.5684378147125244 0.023190578445792198
-0.00028591949376277626 -0.0006023313035257161 0.03718006610870361 -1.0974887609481812 0.436463862657547 0.029567090794444084
-0.0010464949300512671 -0.00029107718728482723 0.03180665150284767 -1.2577548027038574 0.7777047753334045 0.03271933272480965
-0.0009877830743789673 -0.00021693145390599966 0.032807283103466034 -1.153875470161438 0.48369279503822327 0.030760742723941803
-0.0005506959278136492 -0.00016673255595378578 0.03298570215702057 -1.0754263401031494 0.04672053083777428 0.03707790747284889
-0.00038381005288101733 -0.0006425456958822906 0.03249450400471687 -0.6950869560241699 -0.05865231901407242 0.027547631412744522
0.000143968834890984 -0.0006950278184376657 0.031114263460040092 -0.733902633190155 -0.3525698482990265 0.03370584920048714
-0.0011381541844457388 -0.00014569926133845001 0.034572698175907135 -1.0968568325042725 0.6111120581626892 0.030563106760382652
6.820859562139958e-05 -2.9966269721626304e-05 0.03864853456616402 -1.0439287424087524 -0.36130955815315247 0.03894386813044548
-0.00019412270921748132 -0.0007889896514825523 0.04086584225296974 -0.4844495952129364 -0.03354177996516228 0.03010161966085434
-0.00034000389860011637 -0.0008487100712954998 0.04166059195995331 -0.5850280523300171 0.10768105834722519 0.0302574522793293
-0.0008581149158999324 0.0006613898440264165 0.04494915530085564 -1.5751010179519653 0.41658204793930054 0.0377836599946022
-0.0008979322738014162 0.00069254549453035 0.03893647715449333 -1.4058741331100464 0.34253501892089844 0.03574181720614433
4.624022403731942e-05 -0.0002952568174805492 0.04333733767271042 -0.5952180624008179 -0.30335789918899536 0.03868849575519562
0.00011255948629695922 0.00039278980693779886 0.046555403620004654 -1.0607619285583496 -0.1997472494840622 0.03792601078748703
0.0001719899009913206 0.00010174552153330296 0.04753023758530617 -0.826023519039154 -0.11955568939447403 0.03688928484916687
-0.001306169549934566 0.00010311380901839584 0.04019434377551079 -0.9327253699302673 0.7924174070358276 0.025625985115766525
7.414263382088393e-05 -0.0007435465813614428 0.048478152602910995 -0.3694453239440918 -0.2057935893535614 0.027597229927778244
0.00012355900253169239 0.0002812499296851456 0.0537123829126358 -1.04623281955719 -0.1302526891231537 0.03055042028427124
-0.0003574650327209383 -0.0001640682457946241 0.05643081292510033 -0.7344141006469727 0.20151741802692413 0.031083129346370697
0.00016552390297874808 -0.0007291506044566631 0.04579608142375946 -0.5967307686805725 -0.0886116549372673 0.03131349757313728
-0.00014931350597180426 -0.000765449192840606 0.046590544283390045 -0.6717944145202637 0.1347481906414032 0.033543650060892105
0.0002028552844421938 -0.0006184571539051831 0.0472460575401783 -0.8133212924003601 -0.04567846655845642 0.032322559505701065
0.00023594906087964773 0.0006262895767576993 0.04722011461853981 -1.4393452405929565 -0.010062321089208126 0.032188981771469116
0.0002675748837646097 8.913497731555253e-05 0.05225670337677002 -0.9720969200134277 0.014922522008419037 0.033106327056884766
-0.0006360074039548635 0.0006718982476741076 0.042873140424489975 -1.2857967615127563 0.46454086899757385 0.029766816645860672
2.595584373921156e-05 -0.0002552999649196863 0.04765501245856285 -0.6968746185302734 0.046266473829746246 0.030176840722560883
3.96531104343012e-05 -0.0002842057147063315 0.04819948226213455 -0.7475300431251526 0.06283462792634964 0.029556969180703163
4.7063513193279505e-05 -0.000120869604870677 0.0489007942378521 -0.8671241402626038 0.07964720577001572 0.030622320249676704
0.00022646361321676522 0.00010595013736747205 0.04123611003160477 -1.036887288093567 0.014804012142121792 0.031706295907497406
0.000245046045165509 0.0004884634399786592 0.040922537446022034 -1.1637260913848877 0.045045286417007446 0.03170151263475418
-0.0011929807951673865 -0.0006908448995091021 0.04345996305346489 -0.5526083111763 0.6969174146652222 0.01776461862027645
-0.0007639682735316455 -0.00048241575132124126 0.04867526516318321 -0.7211738228797913 0.3260992467403412 0.02282543294131756
0.00010508645937079564 -0.00012636440806090832 0.05048338696360588 -0.9243565797805786 -0.10970383137464523 0.02693743072450161
-0.0005529156769625843 0.0007015735609456897 0.04444693773984909 -1.3081068992614746 0.24901264905929565 0.03448910638689995
0.00014770195411983877 0.0004483287630137056 0.04661411792039871 -1.0595883131027222 -0.08365471661090851 0.03315514698624611
-0.00036546343471854925 0.0008682911284267902 0.04790115728974342 -1.1764622926712036 0.19931235909461975 0.02988479658961296
0.0001693913509370759 0.00022357639682013541 0.04982653632760048 -0.813264787197113 -0.04187306761741638 0.030432583764195442
-0.0006949242670089006 5.467727532959543e-05 0.04243020340800285 -0.8293124437332153 0.37476062774658203 0.0243194829672575
-0.000556762854102999 -0.000319214683258906 0.04266589879989624 -0.7048935890197754 0.2410525679588318 0.023436499759554863
0.00015312102914322168 0.00022202619584277272 0.044173456728458405 -0.9763732552528381 -0.07498706877231598 0.027315787971019745
-0.0001613870554137975 -0.0006588518735952675 0.04607805982232094 -0.5940892696380615 0.1272439956665039 0.021845998242497444
0.00024185003712773323 -0.0004923727829009295 0.04733952507376671 -0.7100505828857422 0.01875094696879387 0.023006943985819817
-0.000259680236922577 -0.000640304118860513 0.03980499133467674 -0.7576316595077515 0.2863035798072815 0.025693224743008614
0.0001173181226477027 -0.0008594818646088243 0.04007631540298462 -0.7250892519950867 0.1513458639383316 0.02467041276395321
0.00030698845512233675 -0.0007199638057500124 0.04004986584186554 -0.8470584750175476 0.09252475947141647 0.02525111474096775
0.0003294188645668328 -0.0007335039554163814 0.03993740305304527 -0.8590592741966248 0.11476065963506699 0.026133311912417412
0.00035547546576708555 -0.000802704191301018 0.03425674885511398 -0.872512936592102 0.13848371803760529 0.024587301537394524
-0.0004109003348276019 -0.001010952633805573 0.03392653539776802 -0.8218295574188232 0.3838638365268707 0.027817577123641968
0.00024965929333120584 -0.0010221031261608005 0.03541308641433716 -0.8478858470916748 0.015986645594239235 0.02483218163251877
-0.0005092195933684707 -0.00044414857984520495 0.03609820082783699 -1.0307421684265137 0.26666736602783203 0.03277825564146042
-0.0012766451109200716 -0.0007777841528877616 0.03569195419549942 -0.8356901407241821 0.5094555020332336 0.026708373799920082
-0.0010122297098860145 -6.526688230223954e-05 0.03461655601859093 -1.1303962469100952 0.2522869408130646 0.038030680269002914
-0.0014339776244014502 -0.0005478379316627979 0.03566944971680641 -0.8546938896179199 0.3457823097705841 0.027695130556821823
-3.337859743623994e-05 -0.0001563611440360546 0.03753174468874931 -0.9983794689178467 -0.2846400737762451 0.034665074199438095
2.57316878560232e-05 6.684353138552979e-05 0.03842107579112053 -1.0349748134613037 -0.19728432595729828 0.0340939462184906
-0.0013842424377799034 0.001732350792735815 0.0360151082277298 -1.6257970333099365 0.4322105944156647 0.028990909457206726
-0.0015062950551509857 0.0011163742747157812 0.04288162663578987 -1.1005350351333618 0.34627601504325867 0.025159701704978943
-0.0006592037971131504 0.001217331737279892 0.04489733278751373 -1.041359305381775 -0.07257252186536789 0.036697618663311005
-0.0008198482682928443 -2.9776865630992688e-05 0.045388735830783844 -0.49803996086120605 0.032942499965429306 0.030519625172019005
-7.722609007032588e-05 -8.199174044420943e-05 0.04634571820497513 -0.5838763117790222 -0.23742632567882538 0.032393619418144226
-0.001669530407525599 0.00040740371332503855 0.04602101817727089 -0.8644742369651794 0.47105735540390015 0.033189743757247925
-0.0006633398006670177 0.00012605144002009183 0.050526589155197144 -0.7229260206222534 -0.043834563344717026 0.028267186135053635
-6.927309732418507e-05 -0.00047304737381637096 0.05001360923051834 -0.5490785241127014 -0.22406314313411713 0.027719011530280113
-0.00039080929127521813 -0.0006914935656823218 0.05216331034898758 -0.5563190579414368 -0.008305643685162067 0.03282967582345009
-0.0014729357790201902 -0.0008843220421113074 0.04378171265125275 -0.644487202167511 0.44204041361808777 0.04406503960490227
-6.573300197487697e-05 -0.0003039771690964699 0.04917968809604645 -0.9049558043479919 -0.19857089221477509 0.022749532014131546
-0.0009553176932968199 -0.0006385577144101262 0.05277048796415329 -0.7603701949119568 0.21685288846492767 0.03620298579335213
-3.7906680518062785e-05 0.0008730166591703892 0.055091917514801025 -1.3460994958877563 -0.16096557676792145 0.02444390021264553
5.200100076763192e-06 -0.00023811151913832873 0.06438184529542923 -0.7565214037895203 -0.1029437854886055 0.03344137966632843
-0.0015775029314681888 0.0003838620614260435 0.05239490792155266 -0.986514151096344 0.36299529671669006 0.03102666325867176
-0.0006319157546386123 -0.0005418294458650053 0.05769360065460205 -0.670520544052124 0.0003606237005442381 0.03107346035540104
-1.945931580848992e-05 0.00046767969615757465 0.06016329675912857 -1.0158648490905762 -0.1682867705821991 0.028381431475281715
2.5125627871602774e-05 -0.0004908919800072908 0.06294256448745728 -0.6699801087379456 -0.11852282285690308 0.03345026448369026
-0.001591867534443736 -0.000890834373421967 0.05098363384604454 -0.652035117149353 0.4367305636405945 0.03901365026831627
-0.0006321079563349485 -0.00025657136575318873 0.05579792708158493 -0.9004473686218262 0.02355082333087921 0.03158530220389366
-0.0006284762639552355 -0.0002511541824787855 0.05632764473557472 -0.8948440551757812 0.032303329557180405 0.03133215755224228
-3.7048739613965154e-06 -0.00024217728059738874 0.05665012449026108 -0.893911600112915 -0.15606361627578735 0.02795305661857128
1.537626849312801e-05 -0.00036098918644711375 0.04601326212286949 -0.8916046023368835 -0.10210667550563812 0.027875633910298347
4.0979481127578765e-05 -0.00036387471482157707 0.04599221795797348 -0.8904740214347839 -0.06041572242975235 0.028115957975387573
-0.00036272098077461123 -0.0003638672933448106 0.046088699251413345 -0.8920347094535828 0.10851994156837463 0.02915308251976967
5.773291559307836e-05 -0.000783704686909914 0.04635757952928543 -0.7596473097801208 -0.031956594437360764 0.031190844252705574
8.187800995074213e-05 0.0006972776027396321 0.0478660985827446 -1.2612489461898804 -0.004611999727785587 0.02217458374798298
-0.0018349457532167435 -0.00036572531098499894 0.04344004765152931 -0.8399525284767151 0.6182258725166321 0.023514531552791595
-0.0006179190240800381 0.0003501847095321864 0.0494673028588295 -1.0566836595535278 0.08840606361627579 0.027876967564225197
-0.00018586477381177247 0.00016072428843472153 0.04965851083397865 -0.9535694718360901 -0.04963774234056473 0.02858060784637928
4.543090471997857e-05 0.0005904566496610641 0.049637746065855026 -1.0724143981933594 -0.08438732475042343 0.02908962406218052
-0.0008065893198363483 6.065590787329711e-05 0.04224834218621254 -0.8950148224830627 0.22273696959018707 0.026293938979506493
-0.0007316619739867747 -0.000571058364585042 0.04195801541209221 -0.6273975372314453 0.19073501229286194 0.025703562423586845
-0.0007617566152475774 0.00017477018991485238 0.044294726103544235 -1.0291887521743774 0.16748885810375214 0.02868909388780594
-0.00014092422497924417 5.759693885920569e-05 0.044715460389852524 -0.9330173134803772 -0.11603518575429916 0.0281650573015213
-0.00015020699356682599 -0.0010184906423091888 0.04541035369038582 -0.597954273223877 0.005288433283567429 0.02818877622485161
-0.0010053740115836263 6.830467464169487e-05 0.04205350950360298 -1.066878318786621 0.35440850257873535 0.03061770834028721
-0.0005993859376758337 0.00024811478215269744 0.043264180421829224 -1.0267853736877441 0.09261992573738098 0.029998792335391045
-0.00028550621937029064 -0.0002928184694610536 0.043799322098493576 -0.8044551014900208 -0.0344659648835659 0.028869550675153732
-8.416886703344062e-05 -0.00016557596973143518 0.043840039521455765 -0.894733190536499 -0.06294543296098709 0.029525749385356903
-0.0013013877905905247 -0.0002330499264644459 0.04001578316092491 -0.8989619016647339 0.488102525472641 0.03265320882201195
-0.0015878758858889341 -0.00023809954291209579 0.039977651089429855 -0.9019116163253784 0.4540858268737793 0.03210163861513138
-0.0009194940212182701 -0.0002081461570924148 0.04232923313975334 -0.9049068689346313 0.049468185752630234 0.030921446159482002
-0.00025353775708936155 -6.74945767968893e-05 0.04113807529211044 -0.9722458720207214 -0.19403907656669617 0.030564147979021072
-0.00016053044237196445 -0.0003498168953228742 0.04187854379415512 -0.8344817757606506 -0.11971062421798706 0.03063358925282955
-7.757766434224322e-05 -0.00013436426525004208 0.03763945400714874 -0.9817665219306946 -0.06565014272928238 0.029680239036679268
9.557055454934016e-05 -0.0009731792961247265 0.03740381821990013 -0.728115439414978 -0.025712039321660995 0.033457234501838684
1.900220559036825e-05 -0.0008108313195407391 0.037773795425891876 -0.7872434854507446 0.002991079818457365 0.03280330076813698
-0.0003278087533544749 -0.001019380404613912 0.03723984211683273 -0.8310157656669617 0.1479583978652954 0.03446473553776741
-0.0014221675228327513 -0.001632466446608305 0.03202318772673607 -0.6185482740402222 0.5666613578796387 0.0403914600610733
-0.00015102764882612973 -0.0008559600682929158 0.04089939966797829 -1.0199217796325684 -0.11733101308345795 0.03240473195910454
-9.49736058828421e-05 -0.0006875739200040698 0.0408744215965271 -1.075962781906128 -0.06722154468297958 0.03264406695961952
-0.0013375722337514162 -0.000484353193314746 0.0427553653717041 -1.1172364950180054 0.49607133865356445 0.03600429370999336
-0.0005149556673131883 -0.000859816384036094 0.04919952526688576 -0.8854280710220337 0.0043411459773778915 0.03554868698120117
-0.0014393796445801854 -0.000969499466009438 0.0419396311044693 -0.9076611399650574 0.4193379878997803 0.034319572150707245
-0.0004143899423070252 -0.0007931379950605333 0.04498424381017685 -0.9943708777427673 -0.13130716979503632 0.036780599504709244
-0.0008464916027151048 -0.00044695730321109295 0.046636927872896194 -1.1266522407531738 0.12390659004449844 0.03669058158993721
-0.0002081213315250352 -0.0003975834115408361 0.04705599695444107 -1.0916733741760254 -0.1535004824399948 0.03946468234062195
-0.00011418938811402768 -0.0009305431158281863 0.04134048894047737 -0.8605905175209045 -0.09307155758142471 0.04039689525961876
-0.0007164048729464412 -0.00045478472020477057 0.04270418360829353 -1.0921767950057983 0.221892312169075 0.03504369780421257
-9.44479979807511e-05 -0.0005688702221959829 0.044036343693733215 -0.9958792924880981 -0.07897663861513138 0.0385095439851284
-0.0013635384384542704 0.0004604968416970223 0.046143561601638794 -1.396476149559021 0.502261757850647 0.02950645238161087
-0.0001866795209934935 -0.0005215000710450113 0.05941487103700638 -0.7640921473503113 -0.12876315414905548 0.038598448038101196
-0.0014493371127173305 -0.0007278660777956247 0.051346007734537125 -0.8032536506652832 0.4637551009654999 0.02875526435673237
-0.00020567137107718736 -0.0006876079132780433 0.05613726004958153 -0.8435904383659363 -0.1613154113292694 0.03404760733246803
-0.00013935437891632318 -0.00017985769954975694 0.0577143132686615 -1.0744246244430542 -0.0985131561756134 0.033377692103385925
-8.639629231765866e-05 -0.00013606558786705136 0.05872730910778046 -1.0459022521972656 -0.04982176050543785 0.03220241144299507
-4.1525712731527165e-05 -0.0004564330156426877 0.048616133630275726 -0.9581782817840576 -0.013207647949457169 0.033362992107868195
0.0008627314236946404 -0.00028029977693222463 0.04851667955517769 -1.0271186828613281 -0.315801203250885 0.034439023584127426
-0.0005944673903286457 -0.00017458220827393234 0.05346560850739479 -1.013865351676941 0.3809240758419037 0.030566809698939323
-0.00012180970225017518 -0.0004680562415160239 0.056321881711483 -0.8687394261360168 0.11742100119590759 0.032872091978788376
5.220915409154259e-05 -0.00047974122571758926 0.05700874701142311 -0.8912829160690308 0.053957223892211914 0.033329859375953674
-0.0013957408955320716 -0.0006899327272549272 0.04625421389937401 -0.9093529582023621 0.6004951596260071 0.033038847148418427
-0.0015092706307768822 -0.0008647871436551213 0.04727911949157715 -0.8579599857330322 0.4841333329677582 0.030797921121120453
-0.00017487940203864127 7.642989658052102e-05 0.05157146975398064 -1.2129170894622803 -0.1274687498807907 0.038234271109104156
-0.0004837997548747808 0.000514983432367444 0.05300261080265045 -1.2822587490081787 0.06361328065395355 0.038914505392313004
-0.00026802628417499363 0.0002639306185301393 0.04486903175711632 -1.1383830308914185 0.012047533877193928 0.0385417714715004
-6.0884027334395796e-05 0.00048208795487880707 0.044565748423337936 -1.160009503364563 -0.026247361674904823 0.039271049201488495
-2.5504374207230285e-05 0.0007052732398733497 0.04446469992399216 -1.174149990081787 0.012208305299282074 0.039191070944070816
-0.0014330674894154072 -0.0006365081644617021 0.046508319675922394 -0.5999374389648438 0.5596377849578857 0.02638855017721653
-0.0011758531909435987 0.0009169565164484084 0.046558089554309845 -1.2768458127975464 0.3251509368419647 0.042030949145555496
-0.0001510239380877465 0.0005074635846540332 0.04902106150984764 -1.0039129257202148 -0.1114167645573616 0.04147009551525116
-0.001549236592836678 0.00024589968961663544 0.052641384303569794 -0.8642178773880005 0.4677390158176422 0.0331377312541008
-0.00020368680998217314 0.00015232963778544217 0.05711965262889862 -0.8242647051811218 -0.13301195204257965 0.03481012210249901
-0.00014372383884619921 -0.0006012856028974056 0.05727795511484146 -0.5994872450828552 -0.06823153048753738 0.03426976874470711
-0.0008015937055461109 0.0008211946696974337 0.051530029624700546 -1.2691941261291504 0.23937763273715973 0.038298867642879486
-0.00065322540467605 0.0005820430815219879 0.053430743515491486 -1.0613195896148682 0.14869439601898193 0.036039505153894424
-9.686261910246685e-05 0.0004246021853759885 0.05390666052699089 -0.970378041267395 -0.04746202006936073 0.03577182814478874
-5.7061799452640116e-05 0.00025313373771496117 0.054349858313798904 -0.9048237204551697 0.000747086014598608 0.03618929162621498
-0.0016879504546523094 -0.00030245434027165174 0.04625954478979111 -0.7930074334144592 0.6083124876022339 0.036335643380880356
-0.001806059037335217 0.0008046710281632841 0.04866388440132141 -1.213411808013916 0.49183863401412964 0.046407151967287064
-0.00025352847296744585 0.0005897888331674039 0.05391259863972664 -1.0212961435317993 -0.1572088599205017 0.03968469053506851
-0.0016831610118970275 0.0010933203157037497 0.05988919362425804 -1.132063865661621 0.4180494546890259 0.03948736935853958
-0.0003007271443493664 0.000871384865604341 0.06526914238929749 -0.9629079699516296 -0.15241330862045288 0.03980784863233566
-0.0018164468929171562 -0.0004640522238332778 0.05498872324824333 -0.5777228474617004 0.469660222530365 0.031817760318517685
-0.0003167576214764267 0.00033452504430897534 0.0629592165350914 -0.9183751344680786 -0.16277413070201874 0.032132845371961594
-0.00023573068028781563 -0.0005311761633493006 0.06470909714698792 -0.6255180239677429 -0.08270318806171417 0.031959984451532364
-0.000539759814273566 0.00015346237341873348 0.06897053867578506 -0.9414010643959045 0.09037890285253525 0.034493930637836456
-0.0006846440373919904 0.0008684791973792017 0.05402544140815735 -1.243436574935913 0.16861456632614136 0.03391867130994797
-0.00015018558769952506 -0.0006255579646676779 0.05997425317764282 -0.617948055267334 -0.022970272228121758 0.03396939858794212
-0.0001162112966994755 -9.661950753070414e-05 0.06242481246590614 -0.8805312514305115 0.01743054948747158 0.031219886615872383
-9.035024413606152e-05 -0.0004753123503178358 0.06295955181121826 -0.7694177031517029 0.04934722185134888 0.03322609141469002
-7.173487392719835e-05 6.8844405177515e-05 0.06418612599372864 -1.0018843412399292 0.07625375688076019 0.030928075313568115
9.595312440069392e-05 0.005526257678866386 0.04564521089196205 -2.932668685913086 0.04319849610328674 0.014399806968867779
-0.00038364008651115 0.00616088230162859 0.06674864143133163 -2.4048376083374023 0.25478315353393555 0.0065691471099853516
-0.0003836099640466273 0.006799958646297455 0.07476136833429337 -2.0754642486572266 0.2301826924085617 0.006630179937928915
0.0011247933143749833 0.0069927494041621685 0.08164626359939575 -1.6783803701400757 -0.31573647260665894 0.07390151917934418
0.000252419471507892 0.006425341125577688 0.06795046478509903 -1.3845405578613281 0.13149060308933258 0.020571431145071983
-0.0003160389023832977 0.007119846995919943 0.06849958747625351 -1.4379256963729858 0.3431077003479004 -0.002718430245295167
-0.0005451045581139624 0.006652184296399355 0.06893695890903473 -1.0743205547332764 0.37035703659057617 -0.008867830038070679
0.001163807581178844 0.006879583932459354 0.07202480733394623 -1.0150604248046875 -0.27625009417533875 0.040955107659101486
9.936579590430483e-05 0.007262297905981541 0.07786913216114044 -0.9780380129814148 0.23288464546203613 0.01216697134077549
0.0007970972219482064 0.0067150527611374855 0.06290778517723083 -1.021065354347229 -0.03596854209899902 0.022438012063503265
5.74759287701454e-05 0.0068128518760204315 0.06404756754636765 -0.9655454754829407 0.28332558274269104 0.015981590375304222
0.0012184942606836557 0.007350998930633068 0.06612907350063324 -1.057996392250061 -0.13702595233917236 0.021780533716082573
-0.00027523082098923624 0.0068488959223032 0.07072076201438904 -0.7321085333824158 0.47463205456733704 0.0178513303399086
0.0011893230257555842 0.007235458120703697 0.06018712744116783 -1.0637874603271484 -0.11377131193876266 0.017696106806397438
0.0002539052511565387 0.007397151086479425 0.06251715123653412 -0.9972667098045349 0.29515090584754944 0.021335305646061897
0.000236787527683191 0.007041320204734802 0.0628734827041626 -0.811862587928772 0.27550527453422546 0.017415441572666168
0.0002287397946929559 0.007051367312669754 0.06306494027376175 -0.8060063123703003 0.258274644613266 0.01767352782189846
-0.0005841924576088786 0.006829357240349054 0.06265006214380264 -0.7376078963279724 0.5088382363319397 0.023028630763292313
-0.0006548418314196169 0.006466125138103962 0.05068971589207649 -0.8135030269622803 0.43378567695617676 0.022781170904636383
-0.0006831659120507538 0.00647100480273366 0.05036580190062523 -0.8119802474975586 0.3746621012687683 0.020009884610772133
0.0010658641112968326 0.007699458859860897 0.051020339131355286 -1.2021397352218628 -0.25872257351875305 0.009386996738612652
-0.00045545873581431806 0.00655206898227334 0.06610426306724548 -0.5136362910270691 0.3698400557041168 0.014079575426876545
-0.00026155414525419474 0.005591011606156826 0.05207235738635063 -0.43212050199508667 0.2610355019569397 0.007086934521794319
-0.000676818541251123 0.006207416299730539 0.053382132202386856 -0.7213265895843506 0.3712199628353119 0.01950238086283207
-0.0006626704125665128 0.007559284567832947 0.052972692996263504 -1.182888150215149 0.3075813949108124 0.03242659568786621
-0.0007348505896516144 0.006300019565969706 0.05985190346837044 -0.5604017376899719 0.2746944725513458 0.008430501446127892
-0.0006897927960380912 0.006001660600304604 0.04805607721209526 -0.6037155389785767 0.24538198113441467 0.012542275711894035
-0.000620975682977587 0.00680473493412137 0.04807855188846588 -0.903245210647583 0.189792662858963 0.016275782138109207
9.096122812479734e-05 0.007176672108471394 0.0470755435526371 -0.9720770716667175 -0.08345778286457062 0.003866693004965782
-0.0004908536793664098 0.007667704951018095 0.04771517217159271 -1.014626145362854 0.19056309759616852 0.012205429375171661
8.835740300128236e-05 0.0068432060070335865 0.05046674609184265 -0.6050472855567932 -0.02692554146051407 0.005536198150366545
-0.0027562787290662527 0.006112865637987852 0.043769847601652145 -0.406318724155426 0.9808099865913391 0.04527885094285011
-0.0024361552204936743 0.005814783740788698 0.049119990319013596 -0.3333683907985687 0.5989702343940735 0.014165865257382393
-0.0025415581185370684 0.005196691956371069 0.04874761402606964 -0.2149553894996643 0.4921659529209137 -4.080094731762074e-05
-0.00331288855522871 0.005026182625442743 0.04836030676960945 -0.27674251794815063 0.637421190738678 0.014779518358409405
-0.002435932634398341 0.005073621869087219 0.04284251108765602 -0.4015272557735443 0.16905687749385834 -0.017670437693595886
-0.0024263672530651093 0.005099354311823845 0.041918832808732986 -0.45217007398605347 0.15039151906967163 -0.02830740436911583
-0.002405015518888831 0.00503186322748661 0.040989961475133896 -0.49600568413734436 0.12367021292448044 -0.022185012698173523
-0.002391233341768384 0.005412729922682047 0.03989243879914284 -0.6393171548843384 0.09211062639951706 -0.014331094920635223
-0.0028493383433669806 0.005207246169447899 0.03996214643120766 -0.5444515347480774 0.2241346687078476 -0.012267169542610645
-0.002162126824259758 0.005170130170881748 0.0348910354077816 -0.523453414440155 -0.011121302843093872 -0.05914364382624626
-0.0021551563404500484 0.005525149870663881 0.0338161438703537 -0.6325327754020691 -0.01018939632922411 -0.09334790706634521
-0.0027700774371623993 0.005608398001641035 0.033458638936281204 -0.6192580461502075 0.21236522495746613 -0.04951213300228119
-0.0024047596380114555 0.004914675839245319 0.034079983830451965 -0.36960238218307495 0.05887436121702194 -0.04443643242120743
-0.003608646336942911 0.00540057010948658 0.03234614059329033 -0.5771734118461609 0.5153223872184753 -0.04174355790019035
-0.003354879328981042 0.005446687340736389 0.03340526670217514 -0.561012864112854 0.2774595022201538 -0.06250569224357605
-0.002843245631083846 0.006764922756701708 0.032000478357076645 -0.9838365912437439 0.03418687358498573 -0.06243244931101799
-0.0031816582195460796 0.005328545346856117 0.04126322641968727 -0.3306029736995697 0.117218017578125 -0.05779394134879112
-0.0026816537138074636 0.005759788677096367 0.042328447103500366 -0.5064611434936523 -0.059398721903562546 -0.07670317590236664
-0.0036229335237294436 0.005460859276354313 0.03792474418878555 -0.35868319869041443 0.35887813568115234 -0.09664791822433472
-0.0028227390721440315 0.0055215307511389256 0.03948066756129265 -0.42844846844673157 -0.013881049118936062 -0.12014073878526688
-0.0028045421931892633 0.0055633471347391605 0.0392550565302372 -0.49579864740371704 0.02427908591926098 -0.07714805006980896
-0.0028333787340670824 0.005739360116422176 0.03898415341973305 -0.5043255090713501 0.07317455857992172 -0.08725056797266006
-0.004211019724607468 0.005646655801683664 0.034777846187353134 -0.4266901910305023 0.648484468460083 -0.087335966527462
-0.0030033972579985857 0.006614829413592815 0.0406278558075428 -0.8013938069343567 0.016512185335159302 -0.1278160661458969
-0.0030009387992322445 0.007063627243041992 0.04031708836555481 -0.8742622137069702 0.06617941707372665 -0.10268563032150269
-0.002998800715431571 0.006710672285407782 0.04240196570754051 -0.5859093070030212 0.10516843944787979 -0.09272659569978714
-0.003073206404224038 0.008064157329499722 0.042551375925540924 -1.062076449394226 0.16511157155036926 -0.08563276380300522
-0.002905354369431734 0.007456919178366661 0.03807408735156059 -0.5951079726219177 0.16249167919158936 -0.10487420856952667
-0.002820203546434641 0.005904479883611202 0.03709942474961281 0.10590514540672302 0.0943242684006691 -0.11470276117324829
-0.002998493844643235 0.005512662697583437 0.036865077912807465 0.12683327496051788 0.12939457595348358 -0.06640113890171051
-0.003170702140778303 0.00792422704398632 0.04928876459598541 -0.8101440668106079 0.1688191294670105 -0.04962917044758797
-0.0036203779745846987 0.005776609294116497 0.05054450035095215 0.2797040045261383 0.3722023367881775 -0.07233486324548721
-0.0033506194595247507 0.0072551146149635315 0.05846135690808296 -0.43229711055755615 0.23441267013549805 -0.11439624428749084
-0.0031127992551773787 0.006299203727394342 0.061487630009651184 -0.04780760034918785 0.13431455194950104 -0.12634478509426117
-0.003077651606872678 0.006760301999747753 0.063733771443367 -0.2985270619392395 0.09605395048856735 -0.09607157111167908
-0.003550722496584058 0.007166838273406029 0.0509645901620388 -0.4701370894908905 0.2812459468841553 -0.016185466200113297
-0.0028579169884324074 0.008563710376620293 0.0500660203397274 -0.9097409248352051 -0.03540337085723877 0.002977685770019889
-0.004705344792455435 0.0063492837361991405 0.06649691611528397 0.12109375 0.6675041317939758 0.02693980745971203
-0.0030989302322268486 0.008467824198305607 0.08668268471956253 -0.7552732229232788 -0.10184651613235474 -0.0847230926156044
-0.0029534720815718174 0.006401275284588337 0.09684223681688309 0.18044883012771606 -0.10370197892189026 -0.12030261009931564
-0.0030131612438708544 0.007335303816944361 0.07898503541946411 -0.3514297902584076 -0.06279531866312027 -0.07967740297317505
-0.0042536440305411816 0.008005375042557716 0.08079184591770172 -0.5602076053619385 0.3915727138519287 0.010492542758584023
-0.0019761845469474792 0.0071896775625646114 0.09166614711284637 -0.19467806816101074 -0.427534818649292 -0.03526947647333145
-0.00017895175551529974 0.008573400788009167 0.09009841084480286 -0.6937680244445801 -0.7839218974113464 -0.12271998822689056
-0.0002455243666190654 0.006859262939542532 0.0746937096118927 0.010087432339787483 -0.5231757760047913 -0.10120818018913269
0.00020217255223542452 0.006906064692884684 0.07630613446235657 -0.036228593438863754 -0.542637050151825 -0.09155669808387756
-0.0004191521729808301 0.007392184343189001 0.0798126757144928 -0.2575486898422241 -0.12374686449766159 -0.037145569920539856
-0.0011689533712342381 0.008445403538644314 0.07937221974134445 -0.6250792145729065 0.17171093821525574 -0.04222150519490242
0.0005024230922572315 0.008990071713924408 0.08516854047775269 -0.7101211547851562 -0.38970091938972473 -0.06827795505523682
-2.7824627977679484e-05 0.008412850089371204 0.06579700112342834 -0.4689328670501709 -0.16902819275856018 -0.021891430020332336
-0.00039405468851327896 0.00841896515339613 0.06598460674285889 -0.4021376967430115 0.11962629854679108 -0.0011859590886160731
8.8826498540584e-05 0.006921805441379547 0.06655605137348175 0.1406702697277069 -0.014807682484388351 0.02283988893032074
0.0002726767270360142 0.008534564636647701 0.07430063188076019 -0.40091294050216675 0.0020240468438714743 -0.01656409539282322
0.00011488824384287 0.00844576582312584 0.05615317448973656 -0.34564802050590515 -0.0114948321133852 -0.04018228128552437
0.00017143327568192035 0.0073714908212423325 0.05680897831916809 0.03148774057626724 -0.0030311672016978264 -0.03669640049338341
0.00012674577010329813 0.006843412294983864 0.05586747080087662 0.10858358442783356 0.027727587148547173 -0.02815096080303192
-0.0009110580431297421 0.007410530932247639 0.05720260366797447 -0.12666292488574982 0.4138123095035553 0.02700916863977909
-0.00206847139634192 0.007244924549013376 0.04318362474441528 -0.13698308169841766 0.6556500196456909 0.0789012610912323
0.0007901415228843689 0.008259892463684082 0.05196821317076683 -0.5151478052139282 -0.31397268176078796 -0.007520277053117752
-0.0007587204454466701 0.007568199187517166 0.06310567259788513 -0.17857658863067627 0.38756638765335083 -0.005537692457437515
-8.587933552917093e-05 0.007712678052484989 0.06474695354700089 -0.13013340532779694 0.13631707429885864 -0.05010667070746422
-2.2897060262039304e-05 0.007597162388265133 0.06507851183414459 -0.05795392394065857 0.09432291984558105 -0.01083169411867857
-0.00044899576460011303 0.006535764317959547 0.05032632127404213 0.19260796904563904 0.1777161806821823 0.03554745391011238
-0.00037250781315378845 0.007522582542151213 0.05282871052622795 -0.22646461427211761 0.1950729787349701 0.03882988169789314
-0.00039568112697452307 0.007720742840319872 0.05238691717386246 -0.20199167728424072 0.2876869738101959 0.017018074169754982
-0.0010133543983101845 0.007750712335109711 0.05198376998305321 -0.1651226431131363 0.5865312814712524 0.03536279872059822
0.0005395420012064278 0.008115027099847794 0.044184401631355286 -0.25989967584609985 0.057187315076589584 0.011829447001218796
-0.0019322677981108427 0.008314695209264755 0.05090181902050972 -0.24073955416679382 0.9028289914131165 0.08189203590154648
-0.0004203225835226476 0.008353345096111298 0.05959988385438919 -0.14712324738502502 0.17354923486709595 0.06818418204784393
-0.002064280677586794 0.008381711319088936 0.062264375388622284 -0.07735265791416168 0.6931191682815552 0.18974685668945312
-0.0018526960629969835 0.008759994991123676 0.06521432846784592 -0.15088775753974915 0.5204149484634399 0.2809062898159027
-0.0044008949771523476 0.01019288320094347 0.04835810512304306 -0.5706270933151245 1.3445767164230347 0.4677380919456482
-0.0056791664101183414 0.010547979734838009 0.046847257763147354 -0.38102686405181885 1.503381371498108 0.5467411875724792
-0.007134489715099335 0.012531938031315804 0.040163639932870865 -0.7268712520599365 1.7239502668380737 0.7208730578422546
-0.00837832409888506 0.013495702296495438 0.039557140320539474 -0.5372753739356995 1.7584518194198608 0.8246220350265503
-0.008519797585904598 0.014080008491873741 0.03591686114668846 -0.2849408686161041 1.4128056764602661 0.9170899987220764
-0.009381671436131 0.013745914213359356 0.03791371360421181 0.267636775970459 1.327380657196045 0.955706775188446
-0.007929051294922829 0.013723356649279594 0.03952757641673088 0.6396650075912476 0.3219284117221832 1.0236494541168213
-0.008832946419715881 0.014593814499676228 0.04249926656484604 0.6278859972953796 0.3457505404949188 1.2117356061935425
-0.005021882243454456 0.010367657989263535 0.03196757659316063 2.368793249130249 -1.0636459589004517 1.022989273071289
-0.01823411136865616 0.016958482563495636 0.12362080812454224 0.8003763556480408 1.9246101379394531 1.8114808797836304
-0.02049577608704567 0.017725888639688492 0.12793907523155212 0.8077589273452759 1.9747830629348755 1.9551831483840942
-0.022548839449882507 0.017983322963118553 0.13683244585990906 0.9208429455757141 1.9877080917358398 2.0359981060028076
-0.024698123335838318 0.017641520127654076 0.14326684176921844 0.9855746030807495 2.1264846324920654 2.1050825119018555
-0.020766999572515488 0.017649192363023758 0.12323560565710068 0.6341515183448792 0.8730839490890503 1.9767836332321167
-0.021427547559142113 0.018051953986287117 0.1268564611673355 0.3565160930156708 0.67135089635849 2.1086723804473877
-0.022439295426011086 0.017322039231657982 0.13113200664520264 0.44828060269355774 0.46234747767448425 2.2110671997070312
-0.023029185831546783 0.016419952735304832 0.13448286056518555 0.4865615665912628 0.09590447694063187 2.3204171657562256
-0.019675858318805695 0.016480106860399246 0.13657602667808533 0.27709418535232544 -1.2360254526138306 2.3013384342193604
-0.017017485573887825 0.014960616827011108 0.10250715166330338 0.37932994961738586 -1.5405240058898926 2.4546048641204834
-0.018309228122234344 0.014224541373550892 0.10549619048833847 0.4619937539100647 -1.5822540521621704 2.6536083221435547
-0.0189778171479702 0.013986070640385151 0.10715800523757935 0.46236830949783325 -1.7975168228149414 2.797262191772461
-0.0201704204082489 0.013184708543121815 0.10800731927156448 0.6358393430709839 -1.7443424463272095 2.968406915664673
-0.019777169451117516 0.012584736570715904 0.07855460047721863 0.7495439052581787 -1.597190499305725 3.1078813076019287
-0.02037147432565689 0.012371135875582695 0.07783140987157822 0.7754010558128357 -1.4420323371887207 3.1624059677124023
-0.022142931818962097 0.013140582479536533 0.07649771869182587 0.5412906408309937 -0.8848362565040588 3.159240961074829
-0.02107650600373745 0.010892446152865887 0.08285371214151382 1.064149022102356 -1.1344490051269531 3.2674200534820557
-0.023521335795521736 0.010934170335531235 0.08544325828552246 0.7713286876678467 -0.33809569478034973 3.313202142715454
-0.018762120977044106 0.010094484314322472 0.06996623426675797 0.9137343168258667 -1.3862860202789307 3.1775062084198
-0.017839161679148674 0.008815450593829155 0.06553733348846436 0.9340157508850098 -1.3094642162322998 3.227914333343506
-0.01742590218782425 0.007133577950298786 0.06227995455265045 0.9728540778160095 -1.1627558469772339 3.3405110836029053
-0.016726434230804443 0.006222396157681942 0.060740165412425995 0.7689594030380249 -1.135213851928711 3.3710124492645264
-0.015722883865237236 0.00501016853377223 0.042160749435424805 0.9184640049934387 -1.0407081842422485 3.4752213954925537
-0.01478869654238224 0.0038094015326350927 0.03898637369275093 0.7827938795089722 -0.9324145913124084 3.483721971511841
-0.01384915504604578 0.0021112014073878527 0.034522734582424164 0.7295947670936584 -0.7038974761962891 3.53225040435791
-0.014030717313289642 0.000842458161059767 0.03594455495476723 0.4349583089351654 -0.09518272429704666 3.5837557315826416
-0.013637288473546505 0.0007105163531377912 0.037235889583826065 -0.19827872514724731 0.3092580735683441 3.5609023571014404
-0.01372432429343462 -0.0008040997781790793 0.031043503433465958 -0.12799905240535736 0.8176044821739197 3.6572818756103516
-0.013765029609203339 -0.0015490242512896657 0.02907775156199932 -0.5515410900115967 1.323020577430725 3.72737455368042
-0.014464002102613449 -0.0028561020735651255 0.025239458307623863 -0.8010764122009277 1.9952300786972046 3.7959611415863037
-0.015680016949772835 -0.0025394654367119074 0.019762182608246803 -1.5948338508605957 2.6030657291412354 3.9477334022521973
-0.016026601195335388 0.0022598837967962027 0.011299267411231995 -3.617931365966797 2.537231922149658 4.480058670043945
-0.01810259185731411 0.002233808394521475 0.011576516553759575 -3.803560495376587 3.2031874656677246 4.41268253326416
-0.02115938812494278 0.003428654046729207 0.0003206856781616807 -4.087616443634033 3.821087598800659 4.261269569396973
-0.019375527277588844 0.00348548567853868 0.02566131018102169 -4.787856578826904 2.721027374267578 5.262345790863037
-0.017518483102321625 0.0015775569481775165 0.039766330271959305 -4.062361240386963 1.916245698928833 5.483964920043945
-0.018439708277583122 0.003825526684522629 0.04616836830973625 -4.820897102355957 2.0404586791992188 5.8014936447143555
-0.017276355996727943 0.002973242662847042 0.054769281297922134 -3.9531893730163574 1.4299522638320923 5.936828136444092
-0.013044155202805996 0.0006215799367055297 0.04301634058356285 -2.4997053146362305 0.04975700005888939 6.329121112823486
-0.012087543494999409 -0.000258701853454113 0.04664506018161774 -1.8386447429656982 0.09130293875932693 6.214290618896484
-0.011756871826946735 0.00025548244593665004 0.05394592136144638 -1.522143840789795 0.17461872100830078 6.1658101081848145
-0.012641586363315582 0.001262132776901126 0.06390421092510223 -1.180274486541748 0.6983554363250732 5.9813055992126465
-0.015188880264759064 0.0026487642899155617 0.06683105230331421 -0.9504861831665039 1.6806856393814087 5.666499137878418
-0.0157523974776268 0.0016257332172244787 0.07243616133928299 0.08813320100307465 1.8967115879058838 5.608174800872803
-0.01558804139494896 0.00041965930722653866 0.07751809060573578 0.8684225678443909 1.9492965936660767 5.630338191986084
-0.022110655903816223 0.0037675201892852783 0.07336553931236267 -0.34624239802360535 3.939345598220825 5.791764259338379
-0.02400376833975315 0.0024641721975058317 0.09141512960195541 0.5648120641708374 4.025440692901611 5.580941200256348
-0.024781256914138794 0.002111130626872182 0.10910291224718094 0.7893528342247009 3.590613603591919 5.49015474319458
-0.025622379034757614 0.002732797060161829 0.11923661828041077 0.41410350799560547 3.1624364852905273 5.588930130004883
-0.023386996239423752 0.00249891122803092 0.11120910197496414 0.12998872995376587 1.982810378074646 5.504121780395508
-0.029112424701452255 0.0028638525400310755 0.12319301813840866 -0.3127756714820862 2.8371074199676514 5.735147953033447
-0.029133638367056847 0.003489235881716013 0.13376618921756744 -0.5833412408828735 1.633129596710205 5.698730945587158
-0.034069836139678955 0.0034240668173879385 0.13891911506652832 -0.854111909866333 1.8384217023849487 5.768495559692383
-0.03475208953022957 0.004456795752048492 0.14895085990428925 -1.139772653579712 0.5140019059181213 5.777320384979248
-0.03538984805345535 0.005368772894144058 0.13277162611484528 -1.562244176864624 -0.230647012591362 5.803206920623779
-0.03600381687283516 0.005601192824542522 0.13859252631664276 -1.4301615953445435 -1.3902125358581543 5.736847877502441
-0.0359470434486866 0.005857532843947411 0.14253272116184235 -1.2403175830841064 -2.5079398155212402 5.6920576095581055
-0.03802560269832611 0.006980542559176683 0.14654262363910675 -1.18212890625 -2.966801881790161 5.605152606964111
-0.03622288629412651 0.005880996119230986 0.12768307328224182 -0.7173609733581543 -3.6617939472198486 5.557652950286865
-0.03819979727268219 0.009237632155418396 0.1294214427471161 -0.9389891624450684 -3.7331271171569824 5.2713446617126465
-0.039759311825037 0.009450800716876984 0.13244251906871796 -0.4096040725708008 -3.7062368392944336 5.2609171867370605
-0.04104773327708244 0.010476034134626389 0.13399817049503326 -0.031617648899555206 -3.4899449348449707 5.17286491394043
-0.041166674345731735 0.010000711306929588 0.12292958796024323 0.5178318619728088 -3.1400296688079834 5.170875549316406
-0.042103998363018036 0.012366569600999355 0.12322726100683212 0.6252956986427307 -2.7948176860809326 4.913829326629639
-0.04275233671069145 0.013302605599164963 0.12388338893651962 0.9963388442993164 -2.4408929347991943 4.845212936401367
-0.043437086045742035 0.015641551464796066 0.12344576418399811 1.051604151725769 -2.1515772342681885 4.6107025146484375
-0.044175244867801666 0.016922030597925186 0.12357417494058609 1.2623703479766846 -1.960556983947754 4.5381035804748535
-0.04271724075078964 0.017271611839532852 0.11530958116054535 1.5266916751861572 -2.150291681289673 4.497353553771973
-0.04339560121297836 0.01642456091940403 0.11613614112138748 1.9510791301727295 -2.1636736392974854 4.67198371887207
-0.04266919940710068 0.017463644966483116 0.11524128913879395 1.933597207069397 -2.518421173095703 4.562620639801025
-0.04206737503409386 0.017359213903546333 0.11367145925760269 2.0769877433776855 -2.864320993423462 4.581439971923828
-0.041643932461738586 0.015233379788696766 0.10954603552818298 2.506192445755005 -3.046769618988037 4.8128204345703125
-0.046638064086437225 0.02747473679482937 0.13133332133293152 0.34788158535957336 -2.623814582824707 3.7585926055908203
-0.04725036770105362 0.029366489499807358 0.13255928456783295 0.32370465993881226 -2.6977691650390625 3.744504690170288
-0.047894347459077835 0.030145512893795967 0.13884739577770233 0.5280036330223083 -2.6167421340942383 3.9106950759887695
-0.047848768532276154 0.030916115269064903 0.1427256315946579 0.6543303728103638 -2.5295660495758057 4.031733989715576
-0.04819955304265022 0.029950512573122978 0.13494932651519775 1.0280036926269531 -2.167585849761963 4.295482158660889
-0.048877816647291183 0.02926919050514698 0.1359369456768036 1.4225562810897827 -1.7701371908187866 4.504550933837891
-0.04961208254098892 0.030283566564321518 0.13677628338336945 1.5435798168182373 -1.3533319234848022 4.495276927947998
-0.04819827899336815 0.03138164058327675 0.13884975016117096 1.7399039268493652 -1.3756766319274902 4.38901424407959
-0.047722890973091125 0.03145625442266464 0.13114990293979645 2.025538444519043 -1.2026921510696411 4.3761982917785645
-0.047712698578834534 0.03132244199514389 0.13166074454784393 2.3830180168151855 -1.0078766345977783 4.427771091461182
-0.047570470720529556 0.03085525706410408 0.13183622062206268 2.750788688659668 -0.9212251305580139 4.482031345367432
-0.047233834862709045 0.030647626146674156 0.1320732831954956 2.9380195140838623 -0.9974032640457153 4.49174165725708
-0.04686808958649635 0.030668294057250023 0.13268040120601654 3.007749319076538 -1.135287880897522 4.475285530090332
-0.046646662056446075 0.03068077377974987 0.1296079456806183 2.9644224643707275 -1.2543226480484009 4.463857173919678
-0.046409644186496735 0.03083757311105728 0.1305341273546219 2.8591246604919434 -1.3743070363998413 4.448276519775391
-0.04633621498942375 0.030039582401514053 0.13112500309944153 2.827387571334839 -1.3996137380599976 4.494989395141602
-0.0466124527156353 0.029509974643588066 0.13210269808769226 2.639561891555786 -1.2883799076080322 4.552241802215576
-0.04738391563296318 0.030955690890550613 0.1352280080318451 2.0090668201446533 -1.0024614334106445 4.555139064788818
-0.047668375074863434 0.029496382921934128 0.13573125004768372 1.964891791343689 -0.7082564234733582 4.626716136932373
-0.04842649772763252 0.031053919345140457 0.13762728869915009 1.267212986946106 -0.363552063703537 4.604370594024658
-0.049005523324012756 0.02923906221985817 0.13966014981269836 1.2896199226379395 -0.024618450552225113 4.6655473709106445
-0.04923767223954201 0.02832944318652153 0.14099374413490295 1.1804533004760742 0.20994248986244202 4.6705641746521
-0.04864073172211647 0.02816334180533886 0.1426241397857666 0.9769482612609863 0.21768872439861298 4.613420009613037
-0.048193905502557755 0.028488975018262863 0.1448342651128769 0.7151245474815369 0.1315658539533615 4.5792765617370605
-0.0476953499019146 0.028626808896660805 0.14678317308425903 0.5409489870071411 -0.032927658408880234 4.5529656410217285
-0.04676384478807449 0.02800891362130642 0.14864927530288696 0.5891636610031128 -0.34982553124427795 4.514662265777588
-0.046743523329496384 0.027807651087641716 0.15097960829734802 0.5757219195365906 -0.46534278988838196 4.510778427124023
-0.04582513868808746 0.02622038684785366 0.15372277796268463 0.8822222948074341 -0.6592374444007874 4.470859527587891
-0.04544943943619728 0.025618454441428185 0.15605176985263824 0.957366406917572 -0.7598670721054077 4.45657205581665
-0.04512273147702217 0.02552216686308384 0.1588364988565445 0.9367292523384094 -0.8434546589851379 4.4358649253845215
-0.04456363990902901 0.025101719424128532 0.16132889688014984 0.9384089112281799 -0.9370805621147156 4.400462627410889
-0.04433088377118111 0.023245353251695633 0.16619561612606049 1.1435155868530273 -0.8722742199897766 4.376776218414307
-0.044759564101696014 0.023738441988825798 0.16998906433582306 0.8590875267982483 -0.715947687625885 4.356301307678223
-0.04449683427810669 0.023755261674523354 0.17305567860603333 0.6370455026626587 -0.5724837183952332 4.326357841491699
-0.04527587443590164 0.024503882974386215 0.17618004977703094 0.24896229803562164 -0.23818530142307281 4.3171000480651855
-0.045397307723760605 0.023267438635230064 0.17941617965698242 0.1686810553073883 0.018853120505809784 4.311049938201904
-0.04027200862765312 0.019901173189282417 0.18411077558994293 0.43979814648628235 -0.572454571723938 4.257809638977051
-0.039741575717926025 0.019303210079669952 0.1876893937587738 0.15590010583400726 -0.3653264045715332 4.248020172119141
-0.03900604695081711 0.019504418596625328 0.1913931965827942 -0.21886764466762543 -0.27805137634277344 4.243741035461426
-0.03837325796484947 0.020192105323076248 0.19494272768497467 -0.61137455701828 -0.19593581557273865 4.2283711433410645
-0.03794394060969353 0.018480025231838226 0.19832627475261688 -0.6022759675979614 -0.06002715975046158 4.196713447570801
-0.035779282450675964 0.017165694385766983 0.2012803554534912 -0.6017280220985413 -0.18717198073863983 4.1864237785339355
-0.03515500947833061 0.01653156988322735 0.2046847641468048 -0.702627420425415 -0.0595209077000618 4.1619038581848145
-0.03548252955079079 0.016560418531298637 0.2084392011165619 -0.8649640679359436 0.19799645245075226 4.1309614181518555
-0.03487260267138481 0.015617846511304379 0.2122165709733963 -0.8396793007850647 0.3255821168422699 4.09930419921875
-0.03528805449604988 0.015112471766769886 0.21561014652252197 -0.851298451423645 0.5900659561157227 4.046914577484131
-0.032530929893255234 0.015200798399746418 0.21904902160167694 -0.9343106746673584 0.37239474058151245 4.072836399078369
-0.03255672752857208 0.015323824249207973 0.2224687933921814 -1.0216048955917358 0.5727697610855103 4.032445907592773
-0.0315975546836853 0.015072807669639587 0.22570663690567017 -1.0609246492385864 0.6605141162872314 3.996727705001831
-0.03154812380671501 0.015237459912896156 0.2298387587070465 -1.1673359870910645 0.8650597929954529 3.958014488220215
-0.030876662582159042 0.014141677878797054 0.23318736255168915 -1.0867365598678589 0.9710236191749573 3.9140210151672363
-0.031123770400881767 0.014110966585576534 0.23644594848155975 -1.1150681972503662 1.163863182067871 3.870879650115967
-0.030707666650414467 0.012918095104396343 0.23971128463745117 -0.9914225935935974 1.2186000347137451 3.8047165870666504
-0.029609978199005127 0.012793161906301975 0.2437465786933899 -0.9857605695724487 1.1944940090179443 3.786858081817627
-0.02876443974673748 0.012437848374247551 0.24730005860328674 -0.9368904829025269 1.1613954305648804 3.756789445877075
-0.027387183159589767 0.012411761097609997 0.25048956274986267 -0.9236830472946167 1.0397534370422363 3.7490577697753906
-0.02596873790025711 0.012383442372083664 0.25360751152038574 -0.9251053333282471 0.9078369736671448 3.730543613433838
-0.02571050077676773 0.01242808811366558 0.2568049728870392 -0.9253653883934021 0.9029426574707031 3.688926935195923
-0.025626298040151596 0.012150609865784645 0.2596356272697449 -0.9041708111763 0.9153099656105042 3.635983467102051
-0.02536141872406006 0.012091604061424732 0.26277464628219604 -0.8818863034248352 0.8918282985687256 3.598325252532959
-0.02536867931485176 0.012548883445560932 0.2658785283565521 -0.9147646427154541 0.8992809057235718 3.561185836791992
-0.024614710360765457 0.011800519190728664 0.26892754435539246 -0.8056736588478088 0.8656976819038391 3.5011208057403564
-0.024223949760198593 0.012131701223552227 0.27194422483444214 -0.8098942637443542 0.8741710186004639 3.464568853378296
-0.024366816505789757 0.01178286224603653 0.27498382329940796 -0.7198095917701721 0.9778972268104553 3.4085545539855957
-0.023262646049261093 0.011560673825442791 0.2779802680015564 -0.6390748620033264 0.9402835965156555 3.3904120922088623
-0.024321015924215317 0.013248245231807232 0.2809738516807556 -0.7518527507781982 1.101110577583313 3.377535581588745
-0.023202108219265938 0.012823395431041718 0.28393903374671936 -0.6421652436256409 1.0529022216796875 3.3511691093444824
-0.023307478055357933 0.011841104365885258 0.2864707410335541 -0.4702335298061371 1.137547254562378 3.291351795196533
-0.023109422996640205 0.01157412864267826 0.2893564999103546 -0.39357638359069824 1.1323356628417969 3.2596542835235596
-0.018714535981416702 0.005686377175152302 0.29208239912986755 0.19856758415699005 0.754025399684906 3.155583143234253
-0.017335448414087296 0.005427264142781496 0.2948341369628906 0.21612438559532166 0.6122471690177917 3.139829158782959
-0.016839085146784782 0.0040717963129282 0.297432005405426 0.3061090111732483 0.5273996591567993 3.0946149826049805
-0.015579086728394032 0.0027968373615294695 0.3006124496459961 0.33869171142578125 0.39668428897857666 3.071854829788208
-0.015327545814216137 -0.0009629701962694526 0.30286476016044617 0.5566646456718445 0.40104562044143677 2.997220516204834
-0.015968644991517067 -0.0016155251068994403 0.3057768940925598 0.3992183804512024 0.5164557099342346 2.972344160079956
-0.016526291146874428 -0.00043301217374391854 0.30905476212501526 0.06544429808855057 0.6780533790588379 2.984097480773926
-0.015629203990101814 -0.0013579066144302487 0.3133895993232727 -0.112949900329113 0.7031206488609314 2.961153745651245
-0.01631719246506691 0.00017990163178183138 0.3164508044719696 -0.525931715965271 0.8898206353187561 2.9718592166900635
-0.016774794086813927 0.0009353765635751188 0.319358229637146 -0.8611308336257935 1.00676691532135 2.980865240097046
-0.016027573496103287 0.002312256023287773 0.3222082555294037 -1.2265630960464478 0.9820939302444458 3.0087389945983887
-0.014874988235533237 0.002733058761805296 0.3245576024055481 -1.4610308408737183 0.8865119218826294 3.0062906742095947
-0.014580970630049706 0.0006386104505509138 0.327523797750473 -1.422361135482788 0.8711581230163574 2.965257167816162
-0.014101180247962475 0.0006715218769386411 0.33032679557800293 -1.4748413562774658 0.8013128042221069 2.967308521270752
-0.014519423246383667 0.0027088720817118883 0.33304449915885925 -1.6387410163879395 0.7733391523361206 2.9860689640045166
-0.013782337307929993 0.0020242382306605577 0.33590275049209595 -1.505403995513916 0.6518357992172241 2.9691150188446045
-0.01205153577029705 -0.006574160885065794 0.34147462248802185 -0.7144198417663574 0.4865567088127136 2.8518452644348145
-0.012417485006153584 -0.005869067274034023 0.3446052670478821 -0.7020231485366821 0.47318652272224426 2.8591790199279785
-0.012201500125229359 -0.00587836280465126 0.34765389561653137 -0.6099371910095215 0.4398890733718872 2.867361307144165
-0.012216332368552685 -0.004631504416465759 0.35075920820236206 -0.6548646092414856 0.4495968520641327 2.8881800174713135
-0.012435328215360641 -0.004784176591783762 0.3538340926170349 -0.6302000880241394 0.4706423282623291 2.876236915588379
-0.01261116098612547 -0.004867467097938061 0.3568195700645447 -0.6368029713630676 0.5219388008117676 2.8691229820251465
-0.012641160748898983 -0.004387088119983673 0.35980093479156494 -0.722541868686676 0.5404362678527832 2.8670809268951416
-0.012701237574219704 -0.0035886040423065424 0.36273783445358276 -0.8718105554580688 0.5312710404396057 2.871567726135254
-0.012328924611210823 -0.002697378396987915 0.3656509816646576 -1.0488932132720947 0.5052462816238403 2.8860995769500732
-0.012110069394111633 -0.0018816590309143066 0.3682846426963806 -1.2163084745407104 0.4526253640651703 2.8951709270477295
-0.01199052669107914 -0.0014528173487633467 0.3712139129638672 -1.321974515914917 0.43066269159317017 2.8947103023529053
-0.011464246548712254 -0.0011524389265105128 0.3741731345653534 -1.3691937923431396 0.3614982068538666 2.8979647159576416
-0.011456611566245556 -0.001302141696214676 0.3771508038043976 -1.3709384202957153 0.3340402841567993 2.8931074142456055
-0.011091012507677078 -0.0019363707397133112 0.37999311089515686 -1.2655715942382812 0.30441388487815857 2.8885722160339355
-0.010886265896260738 -0.002942956518381834 0.38291317224502563 -1.0837764739990234 0.2616429030895233 2.877361536026001
-0.01055221538990736 -0.004237539134919643 0.38579970598220825 -0.850396454334259 0.22458557784557343 2.8687920570373535
-0.004124443978071213 -0.005512561183422804 0.3885582685470581 -0.5907057523727417 -0.23501668870449066 2.934091567993164
-0.0038653151132166386 -0.006837280932813883 0.3916429579257965 -0.32705220580101013 -0.253926545381546 2.9288947582244873
-0.004089768975973129 -0.004947748966515064 0.3946268856525421 -0.3379605710506439 -0.2339928299188614 2.915703535079956
-0.004176985938102007 -0.005619944538921118 0.39779677987098694 -0.17760026454925537 -0.15910692512989044 2.897188663482666
-0.0022578660864382982 -0.007751908153295517 0.40054234862327576 0.01875770092010498 -0.22829295694828033 2.897064685821533
-0.003296569688245654 -0.005732297897338867 0.40363699197769165 -0.12699978053569794 -0.054563235491514206 2.8755218982696533
-0.0030046498868614435 -0.008692308329045773 0.4069976806640625 0.05886251479387283 0.060402534902095795 2.8575081825256348
-0.006032790523022413 -0.017834724858403206 0.4095431864261627 0.5959926247596741 0.4378206133842468 2.8156545162200928
0.0005547315813601017 -0.0022037429735064507 0.4141378402709961 -0.48112261295318604 0.09957115352153778 2.826608419418335
0.0007770709344185889 -0.0014907573349773884 0.41694602370262146 -0.5358197689056396 0.22820132970809937 2.803752899169922
0.0013936314499005675 -0.0007559696678072214 0.41973721981048584 -0.6348496079444885 0.2935032248497009 2.786877393722534
0.0011488008312880993 -0.0006562508642673492 0.4224989116191864 -0.6664407253265381 0.3896012604236603 2.7690422534942627
0.0010593831539154053 0.003907285165041685 0.4250146150588989 -0.9327549934387207 0.4111407399177551 2.7499794960021973
0.001064074574969709 0.0031386292539536953 0.4276829957962036 -0.8485470414161682 0.43050020933151245 2.7225472927093506
0.0016201839316636324 0.0032891640439629555 0.43046262860298157 -0.721213161945343 0.41386863589286804 2.6931850910186768
0.0017440748633816838 0.0029201386496424675 0.43273404240608215 -0.5404943227767944 0.38552990555763245 2.6571121215820312
0.0017436430789530277 0.0006701731472276151 0.43520912528038025 -0.20279398560523987 0.41587963700294495 2.6148195266723633
-0.00039441793342120945 -0.002021207008510828 0.43760916590690613 0.19511793553829193 0.5603103041648865 2.564601182937622
0.0004978191573172808 0.007079125847667456 0.4402710497379303 -0.08181799203157425 0.48966914415359497 2.5466325283050537
0.0029441211372613907 0.008289041928946972 0.4440983831882477 0.14136946201324463 0.32766830921173096 2.520296335220337
0.0026473950129002333 0.008633280172944069 0.4464597702026367 0.37830066680908203 0.3670366704463959 2.4793193340301514
0.0030363351106643677 0.009366952814161777 0.44871193170547485 0.5556089878082275 0.3524125814437866 2.4312336444854736
0.0017723724013194442 0.014802522026002407 0.45085763931274414 0.427700400352478 0.3772878050804138 2.3899307250976562
0.0012327439617365599 0.016372861340641975 0.45129889249801636 0.5243968367576599 0.3832384943962097 2.3507349491119385
0.0021694814786314964 0.017841370776295662 0.4531179964542389 0.5810150504112244 0.25086313486099243 2.316441059112549
0.0013153149047866464 0.017898645251989365 0.4548988342285156 0.7227861285209656 0.24565264582633972 2.2777256965637207
0.0019905611407011747 0.01805085875093937 0.4565954804420471 0.8498649597167969 0.1762772798538208 2.232048749923706
-3.3319651265628636e-05 0.01884637400507927 0.45826220512390137 0.9650529623031616 0.23983751237392426 2.195631742477417
0.0004473044828046113 0.021987611427903175 0.4584692120552063 0.9936642050743103 0.15603433549404144 2.1605048179626465
0.0009308484150096774 0.01975378580391407 0.45996081829071045 1.32022225856781 0.08916354924440384 2.1257107257843018
-0.0010986990528181195 0.026627395302057266 0.4613381028175354 1.1509674787521362 0.14443473517894745 2.1086957454681396
0.0006468387437053025 0.02481953799724579 0.46263882517814636 1.4821455478668213 -0.006161778699606657 2.0646891593933105
-0.00014834871399216354 0.024387547746300697 0.46466264128685 1.696815013885498 0.0025443886406719685 2.032111406326294
0.0004162727273069322 0.023555206134915352 0.4657670259475708 1.9561359882354736 -0.08998405188322067 1.9888683557510376
-0.0029063012916594744 0.02680928446352482 0.46688783168792725 1.9607431888580322 0.044328540563583374 1.9794615507125854
-0.0024231800343841314 0.031780797988176346 0.4678594470024109 1.8640276193618774 -0.05761512368917465 1.930983543395996
-0.0022779013961553574 0.0321207195520401 0.4687027931213379 2.0123698711395264 -0.11541390419006348 1.893068552017212
-0.002581749577075243 0.03522321954369545 0.4686170220375061 1.953215479850769 -0.12704743444919586 1.8506780862808228
-0.0022266570013016462 0.03484492376446724 0.46926572918891907 2.064633369445801 -0.14825473725795746 1.8028360605239868
-0.0019427184015512466 0.03433200716972351 0.46979495882987976 2.176377773284912 -0.18673163652420044 1.7609803676605225
-0.002649484435096383 0.03538106009364128 0.4702119827270508 2.1925601959228516 -0.18542379140853882 1.7371025085449219
-0.0033991194795817137 0.03479335829615593 0.4707370102405548 2.2989656925201416 -0.2027893215417862 1.7226024866104126
-0.004107634536921978 0.035556256771087646 0.4710533022880554 2.3301873207092285 -0.22363696992397308 1.7021397352218628
-0.0032683813478797674 0.03649633750319481 0.47133541107177734 2.33907151222229 -0.3248739242553711 1.6520417928695679
-0.003674316219985485 0.03586959466338158 0.4715604782104492 2.462813138961792 -0.36830803751945496 1.624000072479248
-0.004249119199812412 0.03544120863080025 0.46924909949302673 2.5469133853912354 -0.41097545623779297 1.607940673828125
-0.00408811355009675 0.03820836544036865 0.4691903591156006 2.4288673400878906 -0.4839786887168884 1.5692318677902222
-0.0033047101460397243 0.03852713108062744 0.46902772784233093 2.4153621196746826 -0.5666399598121643 1.5348231792449951
-0.00319104315713048 0.03917999193072319 0.4688366651535034 2.370314836502075 -0.6206363439559937 1.5107111930847168
-0.006779630668461323 0.03749386593699455 0.4686722159385681 2.385615825653076 -0.45815205574035645 1.5614851713180542
-0.006881291046738625 0.03790586441755295 0.46840107440948486 2.313624382019043 -0.46895840764045715 1.5334471464157104
-0.006160448305308819 0.038468923419713974 0.4681277871131897 2.2560501098632812 -0.5504569411277771 1.4863694906234741
-0.006025574170053005 0.03980892524123192 0.4677801728248596 2.1210014820098877 -0.6036643981933594 1.4501185417175293
-0.005743722897022963 0.04110072925686836 0.46733254194259644 1.954602599143982 -0.650046169757843 1.415488362312317
-0.005731734447181225 0.04244925454258919 0.4657592475414276 1.7861961126327515 -0.6780037879943848 1.3894802331924438
-0.0068467906676232815 0.04198605194687843 0.4650968909263611 1.7185660600662231 -0.6255982518196106 1.3967692852020264
-0.005173404701054096 0.04308292269706726 0.4643297791481018 1.609904170036316 -0.7554439902305603 1.3476940393447876
-0.007862934842705727 0.04345196112990379 0.4635477364063263 1.5419604778289795 -0.6137720346450806 1.3830902576446533
-0.0075810011476278305 0.042789556086063385 0.46269702911376953 1.550051212310791 -0.627162754535675 1.366914987564087
-0.007815733551979065 0.04309123381972313 0.46058475971221924 1.503382921218872 -0.6382558345794678 1.3512674570083618
-0.007578832563012838 0.04313429072499275 0.4595507085323334 1.5114645957946777 -0.6346930861473083 1.334736704826355
-0.008819018490612507 0.043330118060112 0.45846083760261536 1.4833223819732666 -0.6065791845321655 1.3505245447158813
-0.00891924649477005 0.041753578931093216 0.45732516050338745 1.5482240915298462 -0.5895330309867859 1.3628252744674683
-0.007464406080543995 0.041367057710886 0.455149382352829 1.5035862922668457 -0.6793327927589417 1.3380810022354126
-0.01174208428710699 0.04122705012559891 0.4539158046245575 1.4133455753326416 -0.43282923102378845 1.399924635887146
-0.011814272962510586 0.041870348155498505 0.45260822772979736 1.3141858577728271 -0.41678887605667114 1.3953989744186401
-0.01335916481912136 0.03948620334267616 0.4512070417404175 1.3588882684707642 -0.32683783769607544 1.4391216039657593
-0.013519602827727795 0.04115789011120796 0.45103928446769714 1.1264145374298096 -0.2913346290588379 1.4210104942321777
-0.013841834850609303 0.04102171212434769 0.4496774673461914 0.9781079888343811 -0.2934533655643463 1.4235776662826538
-0.01318923570215702 0.04120609164237976 0.44832271337509155 0.8328824043273926 -0.37382444739341736 1.4142777919769287
-0.014114806428551674 0.042554859071969986 0.4469260275363922 0.6196740865707397 -0.38042715191841125 1.421765923500061
-0.013137136586010456 0.043096575886011124 0.44553205370903015 0.45190539956092834 -0.5091721415519714 1.421567440032959
-0.012512017041444778 0.043201882392168045 0.445077121257782 0.33397799730300903 -0.6003362536430359 1.4206336736679077
-0.01332149188965559 0.04191761091351509 0.44369223713874817 0.3243735134601593 -0.613603949546814 1.4462674856185913
-0.01300909835845232 0.04116338491439819 0.4423106610774994 0.3377183675765991 -0.6759025454521179 1.4589428901672363
-0.012536200694739819 0.03997574746608734 0.4409272074699402 0.3920489549636841 -0.7398820519447327 1.4649592638015747
-0.012674118392169476 0.0353606641292572 0.43831369280815125 0.6036224961280823 -0.713430643081665 1.4954160451889038
-0.011710801161825657 0.03334610164165497 0.43674176931381226 0.6467422842979431 -0.7315368056297302 1.4952516555786133
-0.013259971514344215 0.03405758738517761 0.4352394938468933 0.5137766599655151 -0.6059487462043762 1.4993205070495605
-0.011232812888920307 0.03273504972457886 0.43367332220077515 0.46429088711738586 -0.6966606974601746 1.5037477016448975
-0.01170588843524456 0.03247816115617752 0.432180255651474 0.3494172990322113 -0.6106913685798645 1.5174833536148071
-0.0126293133944273 0.033920399844646454 0.4319157898426056 0.08621649444103241 -0.4798439145088196 1.512778401374817
-0.012329544872045517 0.034696366637945175 0.43051931262016296 -0.17116940021514893 -0.4364033341407776 1.5084444284439087
-0.012708890251815319 0.036818865686655045 0.42908576130867004 -0.4898030757904053 -0.39219871163368225 1.4993677139282227
-0.010875574313104153 0.03355540335178375 0.4278588891029358 -0.48843806982040405 -0.4927661716938019 1.5232245922088623
-0.011379379779100418 0.03243015334010124 0.42654478549957275 -0.5727245211601257 -0.40890276432037354 1.5459882020950317
-0.010199147276580334 0.029978131875395775 0.4251934885978699 -0.5435552597045898 -0.4544752240180969 1.5762951374053955
-0.01069613453000784 0.03015001304447651 0.42383038997650146 -0.6554793119430542 -0.3750572204589844 1.5910675525665283
-0.010137279517948627 0.027978038415312767 0.4224790036678314 -0.5599939823150635 -0.3579917550086975 1.6294660568237305
-0.010773085057735443 0.028018927201628685 0.4214840233325958 -0.5970561504364014 -0.24362421035766602 1.6439930200576782
-0.00935037899762392 0.028013797476887703 0.4201778769493103 -0.6372107863426208 -0.2590445280075073 1.65863037109375
-0.010326758027076721 0.02799718640744686 0.41887232661247253 -0.6702001690864563 -0.08519743382930756 1.6575970649719238
-0.009963072836399078 0.028440268710255623 0.4175746440887451 -0.7470264434814453 -0.01863253302872181 1.6646640300750732
-0.010557356290519238 0.02669910527765751 0.41627198457717896 -0.6864855289459229 0.08887007087469101 1.675728678703308
-0.010957203805446625 0.027009474113583565 0.41522249579429626 -0.7922487854957581 0.17473188042640686 1.6839995384216309
-0.009798328392207623 0.026594968512654305 0.41388577222824097 -0.834426999092102 0.11720596998929977 1.7084062099456787
-0.009762737900018692 0.026766043156385422 0.4125175178050995 -0.9170941710472107 0.12334199249744415 1.7165716886520386
-0.009700228460133076 0.026075877249240875 0.4111652970314026 -0.9214174151420593 0.12193945050239563 1.7281091213226318
-0.008739554323256016 0.02529686875641346 0.40893566608428955 -0.9285367131233215 0.05974516272544861 1.749135136604309
-0.009592859074473381 0.025195932015776634 0.40748435258865356 -0.9553588628768921 0.11569325625896454 1.738036870956421
-0.009453593753278255 0.025084547698497772 0.4059891104698181 -0.9711217880249023 0.08213555067777634 1.7431535720825195
-0.009252378717064857 0.025067055597901344 0.40447762608528137 -0.9864548444747925 0.0786818265914917 1.7548006772994995
-0.009391449391841888 0.02467351220548153 0.4025654196739197 -0.9514065384864807 0.08170738071203232 1.7561752796173096
-0.007712265010923147 0.019779566675424576 0.4010551869869232 -0.5887104868888855 0.012083472684025764 1.782433271408081
-0.006825641728937626 0.019716104492545128 0.3995554447174072 -0.6160415410995483 0.0010738465934991837 1.7906839847564697
-0.007307336200028658 0.01952839270234108 0.39788976311683655 -0.6374123692512512 0.08696417510509491 1.7772456407546997
-0.0063520558178424835 0.019849371165037155 0.3963283896446228 -0.7060649991035461 0.07058216631412506 1.789853572845459
-0.005808298476040363 0.02014816366136074 0.39418166875839233 -0.7744685411453247 0.09815589338541031 1.801451563835144
-0.006348609458655119 0.019532790407538414 0.39253881573677063 -0.7831193804740906 0.2147030383348465 1.7893378734588623
-0.004994643852114677 0.019833184778690338 0.3908762037754059 -0.8629055023193359 0.19262394309043884 1.8067021369934082
-0.005391812417656183 0.019061144441366196 0.38917937874794006 -0.8558335304260254 0.31552770733833313 1.7923691272735596
-0.004713912960141897 0.019521262496709824 0.38733333349227905 -0.9520347118377686 0.32215631008148193 1.8103129863739014
-0.004718936514109373 0.018824180588126183 0.3855402171611786 -0.9644241333007812 0.3680700659751892 1.810605764389038
-0.003654773812741041 0.018091272562742233 0.38373616337776184 -0.961714506149292 0.316131591796875 1.8323919773101807
-0.0033933925442397594 0.018027156591415405 0.38191699981689453 -0.9921203255653381 0.2989634871482849 1.8396562337875366
-0.002979336539283395 0.017896393314003944 0.3800612688064575 -0.9990516901016235 0.2476981282234192 1.8487207889556885
-0.002908174879848957 0.017751147970557213 0.378939688205719 -1.003908634185791 0.2487412542104721 1.8505336046218872
-0.002806480508297682 0.017653128132224083 0.3770310580730438 -1.0056021213531494 0.2525862157344818 1.8513331413269043
-0.0030282374937087297 0.017109982669353485 0.37511491775512695 -0.9546024203300476 0.2950843274593353 1.8479242324829102
-0.0028224745765328407 0.016918305307626724 0.37318646907806396 -0.912918210029602 0.31135860085487366 1.8606526851654053
-0.0028363263700157404 0.016468947753310204 0.3703346252441406 -0.8466164469718933 0.3591875433921814 1.8749638795852661
-0.002061928855255246 0.016294028609991074 0.36830222606658936 -0.8226071000099182 0.36087965965270996 1.8924283981323242
-0.001547881867736578 0.01790178380906582 0.3662658631801605 -0.9091295003890991 0.39220595359802246 1.9159326553344727
-0.004079124890267849 0.014395404607057571 0.3642633557319641 -0.6027399301528931 0.6830921769142151 1.8547790050506592
-0.004099094308912754 0.01410511415451765 0.3622124195098877 -0.5661492943763733 0.7102769613265991 1.8744629621505737
-0.004143162630498409 0.02229304052889347 0.36141639947891235 -1.2236647605895996 0.7034785151481628 1.9597795009613037
-0.004203740507364273 0.022767310962080956 0.3594094216823578 -1.2361700534820557 0.6883267164230347 1.9792393445968628
-0.004879981279373169 0.022073961794376373 0.35749632120132446 -1.1208547353744507 0.7378660440444946 1.9817124605178833
-0.005017083138227463 0.022481456398963928 0.35548046231269836 -1.067139744758606 0.7106765508651733 2.0086958408355713
-0.004550086334347725 0.02607101947069168 0.3526424765586853 -1.2835525274276733 0.6169428825378418 2.078437089920044
-0.004656005185097456 0.026804203167557716 0.35063523054122925 -1.1781271696090698 0.5729047656059265 2.0959413051605225
-0.00465766154229641 0.004153289832174778 0.3512934446334839 0.9317815899848938 0.5952171087265015 1.8785648345947266
-0.004795786924660206 0.002823181916028261 0.3494584262371063 1.0900648832321167 0.5881739854812622 1.9095993041992188
-0.0035395734012126923 0.003965394571423531 0.3468318581581116 0.9758214950561523 0.4142938554286957 1.9821841716766357
-0.00272530410438776 0.00515910517424345 0.3454210162162781 0.7488548755645752 0.3156227767467499 2.037419319152832
-0.002383242594078183 0.005583568476140499 0.343700647354126 0.5003757476806641 0.2508361339569092 2.0711147785186768
-0.0021467891056090593 0.005806466564536095 0.3418782651424408 0.17502737045288086 0.18967176973819733 2.0859882831573486
-0.0017944854917004704 0.007997733540832996 0.3401852250099182 -0.4082176089286804 0.10960683226585388 2.113450288772583
-0.0012148772366344929 0.005733172409236431 0.33867767453193665 -0.5458019375801086 0.003131408244371414 2.105010986328125
-0.001651531783863902 0.007635178975760937 0.33683866262435913 -1.1295093297958374 0.003992529585957527 2.1381449699401855
-0.0009414726519025862 0.00854096282273531 0.3348069190979004 -1.5352660417556763 -0.0863564983010292 2.1651241779327393
-0.0008719247416593134 0.008707446977496147 0.3328491747379303 -1.7742340564727783 -0.07320510596036911 2.1820878982543945
-0.001029165810905397 0.008890154771506786 0.33011868596076965 -1.9055622816085815 -0.04258222505450249 2.190359115600586
-0.0015820562839508057 0.007638824172317982 0.32835203409194946 -1.7635807991027832 0.09522081911563873 2.181485414505005
-0.001977592008188367 0.006384804844856262 0.32650890946388245 -1.513309359550476 0.24907879531383514 2.178356170654297
-0.0004143415717408061 0.006282057613134384 0.3246017098426819 -1.3174002170562744 0.1751430481672287 2.2226459980010986
-0.0015597086166962981 0.004593467339873314 0.322377473115921 -0.8838555812835693 0.42595016956329346 2.2076427936553955
-0.0017990339547395706 0.0029232685919851065 0.3203219473361969 -0.47300076484680176 0.5196536183357239 2.2108163833618164
-0.001496503478847444 0.0017087982269003987 0.31826478242874146 -0.17176777124404907 0.5557435154914856 2.225804567337036
-0.0016068461118265986 0.004224373027682304 0.31676849722862244 -0.3672037124633789 0.5910506248474121 2.2608118057250977
-0.0012727243592962623 0.002239314839243889 0.3146652281284332 -0.09416163712739944 0.5393984317779541 2.2626378536224365
-0.010189056396484375 0.01767239160835743 0.3140032887458801 -1.9996874332427979 1.4165587425231934 2.297319173812866
-0.009841355495154858 0.018143339082598686 0.31292688846588135 -2.0242111682891846 1.1534605026245117 2.3088347911834717
-0.010483583435416222 0.01911013200879097 0.3112562298774719 -2.1327743530273438 1.0045945644378662 2.312068223953247
-0.010163186118006706 0.01860460825264454 0.31060826778411865 -2.032742500305176 0.6859568357467651 2.322935104370117
-0.009664846584200859 0.018612412735819817 0.305218368768692 -1.9124505519866943 0.3043172359466553 2.359023094177246
-0.008522339165210724 0.01756247505545616 0.3055645525455475 -1.7809451818466187 0.17245988547801971 2.3709497451782227
-0.008478548377752304 0.018884385004639626 0.30159586668014526 -1.3642373085021973 -0.40346428751945496 2.433478355407715
-0.007879150100052357 0.01801825687289238 0.30172160267829895 -1.2543213367462158 -0.4729751646518707 2.440089464187622
-0.00813547894358635 0.018800681456923485 0.29967811703681946 -0.9104102849960327 -0.6803871393203735 2.4585068225860596
-0.00801919400691986 0.015207091346383095 0.29696547985076904 0.05324380472302437 -0.8085394501686096 2.4485652446746826
-0.008205869235098362 0.015425452031195164 0.29481589794158936 0.5145933032035828 -0.8427112102508545 2.448249101638794
-0.009135846979916096 0.019253278151154518 0.29409247636795044 0.47037798166275024 -0.734451413154602 2.4340081214904785
-0.009395089000463486 0.019922148436307907 0.2920375466346741 0.8275872468948364 -0.6454303860664368 2.4400694370269775
-0.00906890444457531 0.02082909643650055 0.28777745366096497 1.0514312982559204 -0.5982286930084229 2.4434001445770264
-0.009225080721080303 0.02152634598314762 0.28564223647117615 1.1856480836868286 -0.4672158658504486 2.443657875061035
-0.009305128827691078 0.021677197888493538 0.28348830342292786 1.295571208000183 -0.364246666431427 2.4483628273010254
-0.009427953511476517 0.02225855551660061 0.28134384751319885 1.2463185787200928 -0.3058887720108032 2.4465994834899902
-0.008437425829470158 0.023152533918619156 0.2770008444786072 1.0040086507797241 -0.509019136428833 2.446335554122925
-0.008433792740106583 0.02314053848385811 0.27658018469810486 1.0040086507797241 -0.509019136428833 2.446335554122925
-0.008247844874858856 0.02225334756076336 0.274425745010376 1.0370216369628906 -0.5810944437980652 2.4756362438201904
-0.008663984946906567 0.0229889377951622 0.2723344564437866 0.8391936421394348 -0.5601862072944641 2.482717514038086
-0.008551710285246372 0.023579444736242294 0.2701612412929535 0.679365336894989 -0.6004489660263062 2.4802608489990234
-0.008403054438531399 0.023262927308678627 0.26644590497016907 0.7329434752464294 -0.644970715045929 2.491814136505127
-0.008640386164188385 0.02179710753262043 0.2641863226890564 0.9598034024238586 -0.5692636370658875 2.5319106578826904
-0.008849925361573696 0.021678104996681213 0.26193124055862427 1.0055667161941528 -0.4642546474933624 2.533869743347168
-0.009313561953604221 0.01866224966943264 0.2592073976993561 1.4708069562911987 -0.283159464597702 2.6006252765655518
-0.009815031662583351 0.019745148718357086 0.25770244002342224 1.2665719985961914 -0.10299783200025558 2.585259437561035
-0.010289214551448822 0.02112896554172039 0.2555687427520752 1.0238767862319946 0.010271763429045677 2.564997673034668
-0.012491400353610516 0.013572071678936481 0.2526632249355316 2.1632871627807617 0.4794200658798218 2.7493464946746826
-0.012649978511035442 0.013296796940267086 0.2513047754764557 1.9067720174789429 0.4488420784473419 2.7240405082702637
-0.01164260134100914 0.012683295644819736 0.24992376565933228 1.655147671699524 0.18335796892642975 2.644148349761963
-0.011458411812782288 0.013166417367756367 0.24616484344005585 1.1294753551483154 -0.005365788005292416 2.6065807342529297
-0.011171174235641956 0.013744909316301346 0.24423079192638397 0.5555794835090637 -0.2351798564195633 2.579392433166504
-0.010670940391719341 0.013451341539621353 0.24195162951946259 0.12888558208942413 -0.47376909852027893 2.5547080039978027
-0.010014508850872517 0.01209721714258194 0.23966853320598602 -0.11528415232896805 -0.6940270662307739 2.5363752841949463
-0.010046244598925114 0.01222037710249424 0.23745772242546082 -0.5933411717414856 -0.7568193674087524 2.5406289100646973
-0.009832329116761684 0.012156440876424313 0.23539435863494873 -0.9621629118919373 -0.8292458057403564 2.5311765670776367
-0.009489836171269417 0.012288631871342659 0.23292618989944458 -1.2843786478042603 -0.8193009495735168 2.518500328063965
-0.009261056780815125 0.011078865267336369 0.23106205463409424 -1.2196846008300781 -0.7310166954994202 2.555971622467041
-0.009679574519395828 0.01057519856840372 0.22898508608341217 -1.2279542684555054 -0.4044247269630432 2.576374053955078
-0.009632168337702751 0.010070079937577248 0.22494737803936005 -1.147054672241211 -0.22873523831367493 2.5995523929595947
-0.009066262282431126 0.01002487726509571 0.22267434000968933 -1.1225749254226685 -0.12938019633293152 2.595228910446167
-0.008973238058388233 0.009480972774326801 0.220392644405365 -0.9290263652801514 0.07860340923070908 2.601175546646118
-0.008153408765792847 0.009646919555962086 0.21814663708209991 -0.9050760865211487 0.012615910731256008 2.6037309169769287
-0.007193526718765497 0.009453075006604195 0.2157256305217743 -0.813544511795044 -0.06675808876752853 2.6224868297576904
-0.006916105281561613 0.009403894655406475 0.21290066838264465 -0.8007491827011108 0.006941653322428465 2.616776466369629
-0.006138596683740616 0.009625526145100594 0.2104429304599762 -0.8903304934501648 -0.08844371140003204 2.6205012798309326
-0.0058434889651834965 0.009730445221066475 0.20816151797771454 -0.9275674819946289 -0.047467153519392014 2.6056902408599854
-0.005633498542010784 0.009873543865978718 0.20587646961212158 -1.0490409135818481 -0.023745577782392502 2.583177089691162
-0.00530252093449235 0.009481217712163925 0.2034793198108673 -0.9906924962997437 -0.008822246454656124 2.5680363178253174
-0.005242421291768551 0.009693276137113571 0.20116527378559113 -1.131285548210144 0.1066756397485733 2.5394225120544434
-0.0052392128854990005 0.009416010230779648 0.19894564151763916 -1.0761477947235107 0.2767200767993927 2.515751361846924
-0.005245347507297993 0.008853835053741932 0.19667331874370575 -0.9088351726531982 0.4150848090648651 2.4879229068756104
-0.005138597916811705 0.009101311676204205 0.19445867836475372 -1.0147106647491455 0.5005802512168884 2.476384401321411
-0.003414297243580222 0.00895918719470501 0.1920977532863617 -0.9292600154876709 0.04416810721158981 2.558499336242676
-0.0024384143762290478 0.00903108436614275 0.18928509950637817 -0.8863338828086853 -0.007032773923128843 2.578970193862915
-0.0020594522356987 0.008900111541152 0.18734580278396606 -0.7853670716285706 0.12557795643806458 2.5476322174072266
-0.0017298664897680283 0.009301472455263138 0.18529590964317322 -0.871891975402832 0.23705904185771942 2.5226762294769287
-0.0013736386317759752 0.009457956068217754 0.18190428614616394 -0.7984219789505005 0.2750719487667084 2.5033631324768066
-0.0010052035795524716 0.009342284873127937 0.17968933284282684 -0.6135006546974182 0.3625311851501465 2.4801998138427734
-0.0005546999746002257 0.009517400525510311 0.17739419639110565 -0.6193259358406067 0.422672301530838 2.466433525085449
-0.0005897419177927077 0.009376383386552334 0.17527486383914948 -0.505066454410553 0.6783931851387024 2.4127352237701416
-0.0003595627786125988 0.009557104669511318 0.1730749011039734 -0.5586611032485962 0.7481182217597961 2.398885726928711
0.00039972670492716134 0.009607569314539433 0.16951033473014832 -0.5028802752494812 0.5817036032676697 2.405197858810425
0.00038995660725049675 0.009621527045965195 0.16741885244846344 -0.4846124053001404 0.8158788681030273 2.3564109802246094
0.00029458830249495804 0.0095902094617486 0.16500698029994965 -0.42861178517341614 0.9492747783660889 2.3107285499572754
0.0002294635633006692 0.009564187377691269 0.16253182291984558 -0.3899455964565277 0.9715083241462708 2.2831485271453857
0.00026800428167916834 0.00953353475779295 0.15937387943267822 -0.36309814453125 0.8898276090621948 2.2671337127685547
0.00034161959774792194 0.009480224922299385 0.15701520442962646 -0.30999913811683655 0.8225321769714355 2.2460455894470215
0.0004491519648581743 0.00864498969167471 0.15444011986255646 0.10931312292814255 0.7573898434638977 2.1425061225891113
0.0004973346367478371 0.008226172998547554 0.1520753651857376 0.1228184774518013 0.641057014465332 2.1132190227508545
0.0006555297877639532 0.008841399103403091 0.15167485177516937 -0.20684479176998138 0.5088928937911987 2.1505396366119385
0.0016623593401163816 0.00830569863319397 0.14948663115501404 -0.05771259963512421 0.07487265020608902 2.10075306892395
0.0013921589124947786 0.009163614362478256 0.14879313111305237 -0.5110503435134888 0.2258545160293579 2.138242721557617
0.0012127211084589362 0.009260417893528938 0.1467975527048111 -0.5171945095062256 0.2958819568157196 2.109201669692993
0.0008289745892398059 0.009387491270899773 0.14455941319465637 -0.579746425151825 0.3998327851295471 2.076481580734253
0.0006952607654966414 0.009482554160058498 0.1434493213891983 -0.5577899217605591 0.4054361581802368 2.039971113204956
0.0011680427705869079 0.009814627468585968 0.1416662037372589 -0.6319536566734314 0.1564997136592865 2.0167717933654785
0.0007564819534309208 0.009689027443528175 0.1403234601020813 -0.4174807369709015 0.41111934185028076 1.9636421203613281
0.0007371165556833148 0.010132377035915852 0.13838960230350494 -0.46762630343437195 0.400569885969162 1.9534372091293335
0.0007420986075885594 0.007394697517156601 0.1400536745786667 1.1769932508468628 0.4337398409843445 1.790648341178894
0.0006829035701230168 0.006891967263072729 0.1412138044834137 0.9702257513999939 0.45282182097435 1.780282974243164
0.0008340907515957952 0.00598659785464406 0.1423531323671341 0.8354856371879578 0.23466458916664124 1.7337411642074585
0.0009754268685355783 0.005489426199346781 0.14192873239517212 0.5938557982444763 0.14810135960578918 1.70844566822052
