0.1460435390472412 -0.1754530966281891 0.05089816823601723 -0.3606468141078949 0.5206558704376221 -23.57267951965332
0.145969420671463 -0.17575599253177643 0.05035066232085228 -0.2443695068359375 0.5107482075691223 -23.72960662841797
0.14652584493160248 -0.17612875998020172 0.040721774101257324 -0.1648305058479309 0.43195927143096924 -24.59404945373535
0.14711159467697144 -0.17460933327674866 0.04091924428939819 -0.789370059967041 0.45021823048591614 -24.326923370361328
0.14755861461162567 -0.17584168910980225 0.04709666967391968 -0.1244838610291481 0.2596535384654999 -25.5516300201416
0.14652793109416962 -0.1753133237361908 0.05016469210386276 -0.5152339339256287 0.5142657160758972 -23.82061767578125
0.14638924598693848 -0.17617267370224 0.05118677765130997 -0.16728198528289795 0.44465717673301697 -23.984027862548828
0.1483277678489685 -0.1758759617805481 0.04131064936518669 -0.2348160445690155 0.18837124109268188 -26.226585388183594
0.14696337282657623 -0.1765860766172409 0.04130622372031212 -0.21398508548736572 0.4009477496147156 -24.340450286865234
0.14638762176036835 -0.17410500347614288 0.04325652867555618 -1.2576589584350586 0.8091111183166504 -22.858152389526367
0.14607129991054535 -0.17450040578842163 0.05338454619050026 -0.8098607063293457 0.7383267283439636 -22.96800994873047
0.14839400351047516 -0.17538338899612427 0.04791582375764847 -0.3154117166996002 0.07698849588632584 -25.27920150756836
0.14639250934123993 -0.1756080836057663 0.05182299390435219 -0.3533484637737274 0.5755628943443298 -23.284194946289062
0.14719094336032867 -0.17534290254116058 0.052250560373067856 -0.4435168206691742 0.4224991202354431 -24.026485443115234
0.14806148409843445 -0.17547746002674103 0.051727768033742905 -0.383952260017395 0.2413414865732193 -24.804912567138672
0.14737454056739807 -0.17645470798015594 0.0512101948261261 -0.1403081864118576 0.3081858158111572 -23.980079650878906
