0.8196619153022766 -1.6532504558563232 0.02612214908003807 -1.011516809463501 0.5675676465034485 -0.037513453513383865
0.8196720480918884 -1.6532496213912964 0.026049990206956863 -1.0108895301818848 0.5690937042236328 -0.031593773514032364
0.8196818828582764 -1.653250813484192 0.025978080928325653 -1.0103141069412231 0.5667296648025513 -0.030678967013955116
0.8196873664855957 -1.6532458066940308 0.02590937167406082 -1.010695457458496 0.5724053382873535 -0.02076832391321659
0.8196772933006287 -1.65321683883667 0.027509553357958794 -1.0087965726852417 0.5719489455223083 -0.022060561925172806
0.8196800351142883 -1.6532138586044312 0.027531256899237633 -1.0075210332870483 0.5718547105789185 -0.021344270557165146
0.8196772336959839 -1.6532024145126343 0.027553055435419083 -1.0084922313690186 0.5713457465171814 -0.02142435684800148
0.8196800351142883 -1.6532025337219238 0.027574874460697174 -1.007502794265747 0.5708343982696533 -0.021421171724796295
0.8196651935577393 -1.6531685590744019 0.02936406433582306 -1.0059188604354858 0.5697722434997559 -0.022146156057715416
0.8196665644645691 -1.653166651725769 0.0294809453189373 -1.0062780380249023 0.5700342059135437 -0.02213149331510067
0.8196677565574646 -1.6531599760055542 0.0295973252505064 -1.0058094263076782 0.5677935481071472 -0.021731866523623466
0.819670557975769 -1.6531559228897095 0.029714735224843025 -1.0061825513839722 0.5664539337158203 -0.021608803421258926
0.8196741342544556 -1.6531521081924438 0.029834164306521416 -1.0055941343307495 0.5654657483100891 -0.022380437701940536
0.8196925520896912 -1.6531705856323242 0.02840186469256878 -1.0055747032165527 0.5669571161270142 -0.01604662649333477
0.8196888566017151 -1.6530568599700928 0.02844027616083622 -1.0053646564483643 0.6338090300559998 0.15205848217010498
0.8196371793746948 -1.6531879901885986 0.02860385552048683 -1.00626802444458 0.5533669590950012 -0.053250230848789215
0.8196525573730469 -1.6531766653060913 0.02865574136376381 -1.0072283744812012 0.5584469437599182 -0.041936662048101425
0.8196660876274109 -1.653071641921997 0.02804839424788952 -1.008028268814087 0.6280558109283447 0.13155080378055573
0.8196283578872681 -1.653204321861267 0.028143074363470078 -1.0077152252197266 0.5492959022521973 -0.0670699030160904
0.8196521401405334 -1.653194785118103 0.028169766068458557 -1.0072989463806152 0.5556959509849548 -0.04894853010773659
0.8196674585342407 -1.6531869173049927 0.028196554630994797 -1.0079340934753418 0.5621049404144287 -0.03574036806821823
0.8196765184402466 -1.6531834602355957 0.02822384424507618 -1.009101152420044 0.5677538514137268 -0.030046846717596054
0.819685161113739 -1.6531877517700195 0.027757370844483376 -1.007393717765808 0.5677365660667419 -0.03133776783943176
0.8196893334388733 -1.6531860828399658 0.027759486809372902 -1.008349895477295 0.5667288303375244 -0.0320429652929306
0.8196936845779419 -1.6531862020492554 0.027762075886130333 -1.007609248161316 0.5665956735610962 -0.03123542293906212
0.8196986317634583 -1.6531857252120972 0.027764514088630676 -1.0067393779754639 0.5647783279418945 -0.030630802735686302
0.8196986317634583 -1.6530815362930298 0.02746310643851757 -1.0082340240478516 0.6302294135093689 0.1342460662126541
0.8196479082107544 -1.653102993965149 0.027465714141726494 -1.0099880695343018 0.6162390112876892 0.1015569269657135
0.8196196556091309 -1.6532257795333862 0.027514319866895676 -1.0124576091766357 0.5414578318595886 -0.08911572396755219
0.8196479082107544 -1.653212308883667 0.027517003938555717 -1.0138356685638428 0.549551248550415 -0.06777413189411163
0.8196674585342407 -1.6532020568847656 0.027513911947607994 -1.0141068696975708 0.5567707419395447 -0.0552937388420105
0.8196898698806763 -1.6532089710235596 0.026899175718426704 -1.0138211250305176 0.5609330534934998 -0.04581362381577492
0.8196740746498108 -1.6531078815460205 0.0268719419836998 -1.015030860900879 0.6264792084693909 0.10569371283054352
0.8196287155151367 -1.6531286239624023 0.02685295045375824 -1.015722393989563 0.6135260462760925 0.07772651314735413
0.8195950388908386 -1.653144359588623 0.02682635933160782 -1.0171982049942017 0.6018384099006653 0.05308222025632858
0.8195703029632568 -1.6531546115875244 0.02687261253595352 -1.0185418128967285 0.5929306149482727 0.039390187710523605
0.819551944732666 -1.6531639099121094 0.02684107795357704 -1.0188322067260742 0.5877804160118103 0.028133541345596313
0.8195372819900513 -1.6531684398651123 0.026809081435203552 -1.0190438032150269 0.585311233997345 0.02085804007947445
0.8195673823356628 -1.653261661529541 0.026773082092404366 -1.0190290212631226 0.5193015336990356 -0.11858142912387848
0.819614827632904 -1.6532453298568726 0.02676558680832386 -1.0178409814834595 0.5315524935722351 -0.08941078931093216
0.8196402788162231 -1.6532305479049683 0.026834700256586075 -1.018118977546692 0.5418279767036438 -0.0737338736653328
0.8196586966514587 -1.6532227993011475 0.026812143623828888 -1.0200462341308594 0.5488705039024353 -0.06256197392940521
0.8196706771850586 -1.6532182693481445 0.026789283379912376 -1.019246220588684 0.548546314239502 -0.06303052604198456
0.8196810483932495 -1.653214454650879 0.026767831295728683 -1.0198582410812378 0.553461492061615 -0.05619397759437561
0.8196859359741211 -1.6532094478607178 0.0268463883548975 -1.0191351175308228 0.5540444254875183 -0.05711586773395538
0.8196960091590881 -1.6532164812088013 0.0268302820622921 -1.0178849697113037 0.5553901791572571 -0.05758494883775711
0.8196962475776672 -1.6532177925109863 0.026813138276338577 -1.0174987316131592 0.554730236530304 -0.05648670345544815
0.8196921348571777 -1.653216004371643 0.026796681806445122 -1.0177373886108398 0.5551948547363281 -0.05685233697295189
