0.8135067224502563 -1.6489251852035522 0.027723776176571846 -1.0434943437576294 0.6208731532096863 0.6476370692253113
0.8135104179382324 -1.648926854133606 0.02768908254802227 -1.041817307472229 0.6204489469528198 0.6468473076820374
0.8135124444961548 -1.6489285230636597 0.02765299193561077 -1.0415503978729248 0.6193143129348755 0.6472548246383667
0.8135143518447876 -1.648929238319397 0.027615830302238464 -1.0408501625061035 0.618206262588501 0.6465728282928467
0.8135135173797607 -1.6489311456680298 0.027578795328736305 -1.0425611734390259 0.6204136610031128 0.6538001298904419
0.8135302662849426 -1.6489580869674683 0.026119757443666458 -1.0414087772369385 0.6213139295578003 0.6527937650680542
0.8135295510292053 -1.648962378501892 0.026006929576396942 -1.0424069166183472 0.6226956248283386 0.6609390377998352
0.8135308027267456 -1.6489665508270264 0.0258958600461483 -1.040508508682251 0.6243569254875183 0.6601116061210632
0.8135274648666382 -1.6489688158035278 0.025787176564335823 -1.0413824319839478 0.6255719065666199 0.670973539352417
0.8135244250297546 -1.6489641666412354 0.026186242699623108 -1.0404521226882935 0.6259286403656006 0.6696469187736511
0.8135228753089905 -1.648962378501892 0.026110047474503517 -1.0400248765945435 0.6245617270469666 0.6699038147926331
0.8135228157043457 -1.6489675045013428 0.026034437119960785 -1.039505958557129 0.6246861815452576 0.6693819165229797
0.8135218620300293 -1.6489694118499756 0.025959597900509834 -1.0378652811050415 0.6248282194137573 0.6683945655822754
0.8135222792625427 -1.6489711999893188 0.02588512748479843 -1.0372437238693237 0.6259011030197144 0.6680952310562134
0.8135058283805847 -1.6489505767822266 0.027095437049865723 -1.0386126041412354 0.6280364394187927 0.6793814301490784
0.8135052919387817 -1.6489508152008057 0.027091126888990402 -1.0382535457611084 0.6285684704780579 0.678821861743927
0.8135058879852295 -1.648951768875122 0.027087833732366562 -1.0363942384719849 0.6289971470832825 0.6768532991409302
0.8135064840316772 -1.648956298828125 0.02708445116877556 -1.0356642007827759 0.6274996399879456 0.6748275756835938
0.8135036826133728 -1.6489574909210205 0.02704690769314766 -1.0339487791061401 0.6265044212341309 0.6743257641792297
0.8135051131248474 -1.6489579677581787 0.027041209861636162 -1.0372146368026733 0.6260935068130493 0.6669927835464478
0.8135073184967041 -1.6489589214324951 0.027036137878894806 -1.036530613899231 0.6251984238624573 0.6658094525337219
0.8135086894035339 -1.6489588022232056 0.027030745521187782 -1.0351015329360962 0.6232426166534424 0.665034294128418
0.8135098218917847 -1.6489591598510742 0.027024997398257256 -1.0333881378173828 0.6229354739189148 0.6645033955574036
0.813520073890686 -1.6489728689193726 0.026203084737062454 -1.032538652420044 0.622692883014679 0.6642124056816101
0.8135172724723816 -1.6489754915237427 0.026151971891522408 -1.034837245941162 0.6244506239891052 0.6718798279762268
0.813515305519104 -1.6489777565002441 0.026102103292942047 -1.0334222316741943 0.6265895366668701 0.6699910163879395
0.8135159015655518 -1.648980975151062 0.026054875925183296 -1.0327805280685425 0.6270373463630676 0.67009037733078
0.81351637840271 -1.6489871740341187 0.02600376307964325 -1.032075047492981 0.625947117805481 0.671159029006958
0.8135161995887756 -1.6489903926849365 0.02595929056406021 -1.0348879098892212 0.6244028210639954 0.6631696820259094
0.8135150074958801 -1.648995041847229 0.02591523341834545 -1.0334516763687134 0.6238675713539124 0.6626288294792175
0.8135141134262085 -1.6489953994750977 0.025871966034173965 -1.0371547937393188 0.6241193413734436 0.6573032736778259
0.8135155439376831 -1.6489970684051514 0.025828085839748383 -1.042763113975525 0.6211794018745422 0.6485826969146729
0.8135066628456116 -1.6489819288253784 0.02666669897735119 -1.0414124727249146 0.6209204196929932 0.6484371423721313
0.8135060667991638 -1.6489847898483276 0.026667872443795204 -1.0421184301376343 0.6211894154548645 0.6473010778427124
0.8135038018226624 -1.6489816904067993 0.02666841633617878 -1.040178894996643 0.6217554211616516 0.6478695273399353
0.8135035037994385 -1.648982048034668 0.026668906211853027 -1.0402487516403198 0.620478093624115 0.6468053460121155
0.813492476940155 -1.648969292640686 0.027556752786040306 -1.0410715341567993 0.6226246953010559 0.6545198559761047
0.813491940498352 -1.6489704847335815 0.02760413847863674 -1.0398083925247192 0.6238433122634888 0.653410017490387
0.813492476940155 -1.6489722728729248 0.0276521984487772 -1.0386967658996582 0.6230200529098511 0.6526216864585876
0.8134911060333252 -1.6489711999893188 0.027701709419488907 -1.0369148254394531 0.6231457591056824 0.6516226530075073
0.8134902119636536 -1.6489731073379517 0.02775278314948082 -1.0359632968902588 0.6229705214500427 0.6503384113311768
0.8134954571723938 -1.6489884853363037 0.027085069566965103 -1.0359565019607544 0.624150812625885 0.6569989323616028
0.813498854637146 -1.64898681640625 0.027098309248685837 -1.0379793643951416 0.6243698000907898 0.6449821591377258
0.8134972453117371 -1.6489897966384888 0.027112513780593872 -1.0399744510650635 0.6235683560371399 0.6524019837379456
0.8134966492652893 -1.6489884853363037 0.027127953246235847 -1.0381335020065308 0.6242048740386963 0.6513307690620422
0.8134914636611938 -1.6489769220352173 0.027848493307828903 -1.0373871326446533 0.6226524114608765 0.6510248184204102
0.813492476940155 -1.6489777565002441 0.02790687046945095 -1.0356366634368896 0.6211026906967163 0.6502113938331604
0.813489556312561 -1.6489713191986084 0.02796466089785099 -1.0354084968566895 0.6219972372055054 0.6494461297988892
