-0.003162301378324628 -0.041743889451026917 0.011931960470974445 -0.2603600323200226 0.06390951573848724 5.5764288902282715
-0.0023418718483299017 -0.04191184416413307 0.008405898697674274 -0.07363683730363846 -0.26551079750061035 5.626925945281982
-0.003093979088589549 -0.041840940713882446 0.00997167732566595 -0.12141111493110657 0.11579806357622147 5.683745384216309
-0.003165388246998191 -0.04131066054105759 0.009469353593885899 -0.2458307445049286 0.053721122443675995 5.672400951385498
-0.0017035170458257198 -0.04257246479392052 0.013472037389874458 0.34967008233070374 -0.44322216510772705 5.5854902267456055
-0.001621105009689927 -0.04194022715091705 0.018604017794132233 -0.01908932626247406 -0.32431575655937195 5.536769390106201
-0.0039198859594762325 -0.04271768033504486 0.016002913936972618 0.17198768258094788 0.613839328289032 5.529430389404297
-0.001642207382246852 -0.04269202798604965 0.03273092210292816 0.19815805554389954 -0.3937176465988159 5.453437805175781
-0.0028592392336577177 -0.04293534532189369 0.04045448452234268 0.18658508360385895 0.17032809555530548 5.513423919677734
-0.003088719444349408 -0.04118197038769722 0.0438619926571846 -0.44680270552635193 0.11853814125061035 5.611151218414307
-0.0025415297131985426 -0.04110359027981758 0.031530894339084625 -0.29335829615592957 -0.12639591097831726 5.72184944152832
-0.0015024495078250766 -0.042508140206336975 0.035471297800540924 0.3732318580150604 -0.4124690592288971 5.816840171813965
-0.002420523902401328 -0.04099702090024948 0.04468083754181862 -0.27573859691619873 -0.006782009731978178 5.911963939666748
-0.0015355113428086042 -0.040793899446725845 0.04729265719652176 -0.17264099419116974 -0.34136930108070374 5.948102951049805
-0.002653778763487935 -0.041707441210746765 0.053803883492946625 0.1785108745098114 0.2027459740638733 6.009956359863281
-0.0016439213650301099 -0.039019614458084106 0.041633084416389465 -0.7720367312431335 -0.32720381021499634 5.962375640869141
-0.0010410626418888569 -0.03774264082312584 0.03952418267726898 -0.8781414031982422 -0.5185758471488953 5.852520942687988
-0.002406955696642399 -0.03755245357751846 0.04909946024417877 -0.6949429512023926 0.14132514595985413 5.781871318817139
-0.0004915541503578424 -0.03843967616558075 0.06058838590979576 0.010297540575265884 -0.5145960450172424 5.7681074142456055
-0.002306233160197735 -0.038901884108781815 0.045155663043260574 0.03595969080924988 0.23939165472984314 5.69981575012207
-0.001924088690429926 -0.03899986296892166 0.04709726944565773 0.1312456876039505 0.04156840965151787 5.654154300689697
-0.0016577515052631497 -0.037694696336984634 0.05055438354611397 -0.285981684923172 -0.1107659712433815 5.624052047729492
-0.00225417735055089 -0.03902541100978851 0.05444588139653206 0.2871926426887512 0.17304156720638275 5.575409412384033
-0.0023708546068519354 -0.03792750462889671 0.05955351144075394 -0.0800287202000618 0.12148680537939072 5.582700729370117
-0.0017227358184754848 -0.04031806439161301 0.039082832634449005 0.6044630408287048 -0.09807008504867554 5.5894694328308105
-0.002317042788490653 -0.04005437344312668 0.04245387390255928 0.35682469606399536 0.14524592459201813 5.6052775382995605
-0.0008157080155797303 -0.039246149361133575 0.045828916132450104 0.10077563673257828 -0.42633056640625 5.581680774688721
-0.0023128383327275515 -0.0393332876265049 0.05266742408275604 0.09094718843698502 0.20491431653499603 5.626382827758789
-0.0016481273341923952 -0.038482919335365295 0.0353865846991539 -0.24341699481010437 -0.12876521050930023 5.650604724884033
-0.0008030437165871263 -0.03893613815307617 0.03665023297071457 0.017886623740196228 -0.3602914810180664 5.697887897491455
-0.00233986577950418 -0.039279501885175705 0.040392473340034485 0.11315097659826279 0.2639774978160858 5.77432918548584
-0.002504222560673952 -0.037752605974674225 0.042064469307661057 -0.38579997420310974 0.19900499284267426 5.822352409362793
-0.002256516832858324 -0.03950614854693413 0.0505826473236084 0.33202028274536133 0.11321475356817245 5.820939540863037
-0.0007053520530462265 -0.03953520953655243 0.03305144980549812 0.2948760688304901 -0.46434056758880615 5.792235851287842
-0.0022544534876942635 -0.038955315947532654 0.03913207724690437 -0.006541203707456589 0.14786580204963684 5.791996479034424
-0.001986802089959383 -0.041771288961172104 0.04130256548523903 0.9827423095703125 0.06676268577575684 5.78122091293335
-0.00152726995293051 -0.041119568049907684 0.05046287551522255 0.5185561776161194 -0.11862686276435852 5.768715858459473
-0.0014647282660007477 -0.040811002254486084 0.033574867993593216 0.26175370812416077 -0.12494584172964096 5.72406005859375
-0.0022227284498512745 -0.042428962886333466 0.03407133370637894 0.7368359565734863 0.16498614847660065 5.6601080894470215
-0.003139068139716983 -0.041335996240377426 0.03762980177998543 0.11099275201559067 0.3984299898147583 5.577478408813477
-0.003088659141212702 -0.042459070682525635 0.040107253938913345 0.4943087100982666 0.24688178300857544 5.50399112701416
-0.0031469683162868023 -0.04344658553600311 0.03964351862668991 0.6669278740882874 0.2209160476922989 5.513200283050537
-0.0033025413285940886 -0.04189612343907356 0.028251254931092262 0.04048443213105202 0.16648046672344208 5.607529163360596
-0.0033298220951110125 -0.0431039035320282 0.030161328613758087 0.46567854285240173 0.09880422055721283 5.671987056732178
-0.0035461990628391504 -0.0415811650454998 0.03164197504520416 -0.18824544548988342 0.09914011508226395 5.747342586517334
-0.003517487086355686 -0.043296169489622116 0.038222700357437134 0.38363608717918396 0.07319846749305725 5.719829559326172
-0.0015551237156614661 -0.04262562096118927 0.024101542308926582 0.2094956338405609 -0.5709527134895325 5.614732265472412
-0.0029727753717452288 -0.043004110455513 0.031011512503027916 0.21017354726791382 0.013078856281936169 5.623394966125488
-0.001796406926587224 -0.04295824095606804 0.031529322266578674 0.15068680047988892 -0.3538512885570526 5.602550506591797
-0.0015872473595663905 -0.04218970611691475 0.03131900355219841 -0.1006007120013237 -0.35566115379333496 5.580090522766113
-0.0021379387471824884 -0.042254652827978134 0.03329717740416527 -0.059352338314056396 -0.08167284727096558 5.563157081604004
-0.004428379237651825 -0.04224308207631111 0.019237348809838295 -0.02532139979302883 0.701973021030426 5.584630012512207
-0.00444692512974143 -0.043543558567762375 0.022280488163232803 0.3313795328140259 0.5626444816589355 5.549942970275879
-0.004729254636913538 -0.043660569936037064 0.023272644728422165 0.2718191146850586 0.46354079246520996 5.524804592132568
-0.0058501786552369595 -0.04301904886960983 0.023000869899988174 -0.05229998752474785 0.66798996925354 5.502893924713135
0.0016409230884164572 -0.0527055524289608 0.04396316409111023 3.1679530143737793 -1.7624726295471191 5.224501609802246
0.0031544584780931473 -0.05514783412218094 0.06543216109275818 2.863429069519043 -1.7324507236480713 5.198503017425537
0.004122183192521334 -0.05694040283560753 0.09603920578956604 2.21364688873291 -1.4813536405563354 5.172023773193359
