-3.5458127968013287e-05 0.00014818021736573428 0.0279658492654562 -0.5996062159538269 0.01683526299893856 0.008310587145388126
5.100230919197202e-05 0.0001564067497383803 0.027808777987957 -0.6008425951004028 -0.020647279918193817 0.012722883373498917
1.8226652400699095e-06 0.00013214418140705675 0.02762659639120102 -0.5549664497375488 -0.008156574331223965 0.017924802377820015
2.006917020480614e-05 0.00019491693819873035 0.03164367377758026 -0.5219022035598755 -0.017809133976697922 0.0023373824078589678
-1.4930586075934116e-05 0.00022912754502613097 0.03165527805685997 -0.5278962850570679 0.005778966937214136 0.007345892023295164
-2.8290105547057465e-05 0.00023720540048088878 0.03163633495569229 -0.5260143876075745 0.002645219676196575 0.009971676394343376
9.987486009777058e-06 0.00020938859961461276 0.031623248010873795 -0.4998626708984375 -0.014181946404278278 0.0051809134893119335
-2.2995876861386932e-05 0.00015789165627211332 0.028718803077936172 -0.466697633266449 -0.006386717781424522 0.0045098550617694855
1.9696313756867312e-05 0.00024244352243840694 0.028596127405762672 -0.5200379490852356 -0.031182335689663887 0.002249239245429635
2.297756145708263e-05 0.00021314462355803698 0.02849024347960949 -0.5127671360969543 -0.041269686073064804 -0.0020945474971085787
2.254066384921316e-05 0.00020495451462920755 0.028362274169921875 -0.47936782240867615 -0.018355293199419975 -0.00966067798435688
1.1419158909120597e-05 0.00017681300232652575 0.0282281544059515 -0.45057213306427 -0.020074399188160896 -0.01223594881594181
-2.8042992198606953e-05 0.00025554283638484776 0.03083348646759987 -0.4453624188899994 0.017712002620100975 -0.003115817904472351
-4.050296047353186e-05 0.00028311810456216335 0.03083457611501217 -0.4632790982723236 0.01958993263542652 0.0018290302250534296
-4.169957173871808e-05 0.0002694030408747494 0.030859800055623055 -0.4531090259552002 0.016397254541516304 -0.014201952144503593
-3.41774539265316e-05 0.0002906815498135984 0.030888985842466354 -0.45303526520729065 0.010268515907227993 -0.018333066254854202
-7.823544001439586e-05 0.0003002518496941775 0.027123454958200455 -0.48447591066360474 0.027344053611159325 -0.013337448239326477
-3.829965862678364e-05 0.00022521140635944903 0.026910409331321716 -0.4401024281978607 0.002786091296002269 -0.018025122582912445
-7.238812395371497e-05 0.0002215647982666269 0.02667989768087864 -0.4005068242549896 0.021181438118219376 -0.02303025685250759
-5.662945841322653e-05 0.0002635978744365275 0.026485061272978783 -0.4152240455150604 0.029759356752038002 -0.014171489514410496
-5.586813495028764e-05 0.000264748145127669 0.026309000328183174 -0.41892340779304504 -0.007071344181895256 -0.020692843943834305
-8.133793744491413e-05 0.00037283182609826326 0.029246417805552483 -0.45065656304359436 0.0176974069327116 -0.022044695913791656
-9.910014341585338e-05 0.0004104417748749256 0.02921190857887268 -0.483985036611557 0.014772736467421055 -0.01921447366476059
-0.00019564498506952077 0.00038651758222840726 0.029183004051446915 -0.456965833902359 0.08823002874851227 -0.01564035937190056
-0.00015974522102624178 0.00034276561927981675 0.02917635440826416 -0.3936716616153717 0.07243593037128448 -0.02125186286866665
-0.0001315517583861947 0.00029161240672692657 0.02680058591067791 -0.3599940240383148 0.03972674906253815 -0.026079677045345306
-0.00014801131328567863 0.0003446628979872912 0.026637127622961998 -0.3847693204879761 0.03170304372906685 -0.027125736698508263
-0.00018977753643412143 0.0003673101309686899 0.026488199830055237 -0.3936759829521179 0.059896960854530334 -0.037710584700107574
-0.00019215160864405334 0.00037636986235156655 0.02634834498167038 -0.39829495549201965 0.05397660285234451 -0.04008086025714874
-0.00022112359874881804 0.00046998675679787993 0.026184463873505592 -0.446561336517334 0.06061884015798569 -0.026561198756098747
-0.00018525790073908865 0.0005256015574559569 0.02993035688996315 -0.4613496959209442 0.03087514452636242 -0.03054540790617466
-0.00020373416191432625 0.0004710861830972135 0.030000315979123116 -0.4011605381965637 0.02322196774184704 -0.03642475977540016
-0.00015132297994568944 0.000506630924064666 0.030072752386331558 -0.3907341957092285 -0.02248942106962204 -0.02324105054140091
-0.00011896670912392437 0.000547125528100878 0.030158141627907753 -0.4101032316684723 -0.05884139612317085 -0.03462658077478409
-7.807759538991377e-05 0.00044753667316399515 0.0273570753633976 -0.3617164194583893 -0.06541652232408524 -0.041347436606884
-0.00013564324763137847 0.0004345079942140728 0.027282241731882095 -0.3142017722129822 -0.02953590825200081 -0.04246280714869499
-0.00015175624866969883 0.0005274785216897726 0.02717791683971882 -0.37643614411354065 0.018418369814753532 -0.04790116101503372
-0.0001085079275071621 0.0005584416794590652 0.027048837393522263 -0.40548035502433777 -0.025872213765978813 -0.06063202768564224
-0.00011491603800095618 0.0005301889614202082 0.02694059908390045 -0.3824605643749237 -0.018979700282216072 -0.06258604675531387
3.1391813536174595e-05 0.0005441965186037123 0.0305082555860281 -0.33919230103492737 -0.13415081799030304 -0.04820245876908302
-3.3701053325785324e-05 0.0004699460987467319 0.03062908723950386 -0.2938903570175171 -0.12693984806537628 -0.05939390882849693
-0.0002038618695223704 0.0004929183050990105 0.030686739832162857 -0.27683690190315247 0.03392263874411583 -0.04963842034339905
-0.00015512578829657286 0.000536725390702486 0.03077721782028675 -0.3146902620792389 0.06353601068258286 -0.045967258512973785
-2.3217171474243514e-05 0.0004659477563109249 0.02727453038096428 -0.3060877323150635 -0.05571720004081726 -0.05480315536260605
-8.795804023975506e-05 0.0005040793330408633 0.027125665917992592 -0.3048219680786133 -0.01584085263311863 -0.05734715238213539
-0.00012847619655076414 0.0005886059952899814 0.02693934366106987 -0.3700461685657501 0.0351436547935009 -0.04817754775285721
-0.00010888168617384508 0.0005428486037999392 0.02680686116218567 -0.36327919363975525 0.03461681678891182 -0.051331352442502975
-5.502275234903209e-05 0.00047422677744179964 0.02872040681540966 -0.2621108293533325 -0.014391751028597355 -0.05358016490936279
-9.954120469046757e-05 0.0004890472046099603 0.028729522600769997 -0.2513704001903534 0.011221381835639477 -0.04837220907211304
-0.0001754296972649172 0.0006275402847677469 0.02872622385621071 -0.3518030047416687 0.07903493940830231 -0.060836270451545715
-0.00028245881549082696 0.0006635484169237316 0.028697535395622253 -0.3966723680496216 0.15760846436023712 -0.07350201159715652
-0.0003886171034537256 0.0007192987250164151 0.028675626963377 -0.4030236601829529 0.2449369728565216 -0.06011844798922539
-0.00045551086077466607 0.0007929308339953423 0.024021673947572708 -0.4642534852027893 0.278990238904953 -0.033454783260822296
-0.0006054200348444283 0.0008203054312616587 0.02382679283618927 -0.46796515583992004 0.36197447776794434 -0.004246857482939959
-0.0007071673753671348 0.0008310658158734441 0.02368401363492012 -0.4468359053134918 0.4141407907009125 0.00894480012357235
-0.0008530036429874599 0.0008062596898525953 0.023544929921627045 -0.3964477479457855 0.5014352798461914 0.014548997394740582
-0.0008321136119775474 0.0006727470317855477 0.024852650240063667 -0.29940491914749146 0.46129703521728516 0.03487071767449379
-0.0006886569899506867 0.0005961725255474448 0.024773888289928436 -0.18247419595718384 0.2865649163722992 0.05397205054759979
-0.00036551980883814394 0.0006024619215168059 0.024545375257730484 -0.13719947636127472 0.022485651075839996 0.09600697457790375
-0.00014707518857903779 0.0006721419049426913 0.024302145466208458 -0.21061892807483673 -0.17928870022296906 0.1679307520389557
-2.6155856176046655e-05 0.0010454525472596288 0.024197684600949287 -0.44273626804351807 -0.19449728727340698 0.25588518381118774
-0.002659329678863287 0.0023605101741850376 0.02710433304309845 -1.054735541343689 0.8853793740272522 0.40773460268974304
-0.0032706705387681723 0.0034495133440941572 0.025720469653606415 -1.4034788608551025 1.0565863847732544 0.5443872809410095
-0.004850414115935564 0.004631669260561466 0.018038401380181313 -1.6540359258651733 1.6967095136642456 0.6741971969604492
-0.005236445926129818 0.004865401424467564 0.029385507106781006 -1.3489197492599487 1.766282320022583 0.767156720161438
-0.004889986477792263 0.005397236905992031 0.033849410712718964 -1.0721983909606934 1.4894802570343018 0.901444137096405
-0.004055551253259182 0.008146490901708603 0.032242849469184875 -1.5095282793045044 1.1215944290161133 1.2564074993133545
-0.005075319204479456 0.00919423345476389 0.03749380260705948 -1.0820860862731934 1.354493260383606 1.3347961902618408
-0.005272331647574902 0.007989603094756603 0.04960455372929573 0.1420113444328308 1.1034456491470337 1.2684392929077148
-0.0005054642097093165 0.006972805131226778 0.0392538346350193 0.7300366163253784 -0.5766309499740601 1.444848656654358
-0.0028598420321941376 0.009722764603793621 0.06753908097743988 0.48198801279067993 0.18569587171077728 1.6416898965835571
-0.003080971073359251 0.009976780042052269 0.07117555290460587 0.797231137752533 0.23637641966342926 1.747611403465271
-0.0017555104568600655 0.006911806296557188 0.07173187285661697 1.9350076913833618 0.06353754550218582 1.7341985702514648
-0.003448276547715068 0.007501415442675352 0.08489186316728592 1.652121901512146 0.8529772758483887 1.959154486656189
-0.0008307821699418128 0.010403044521808624 0.0829978957772255 0.4377098083496094 0.22899077832698822 1.9228731393814087
-0.0018168354872614145 0.010725016705691814 0.0925060585141182 0.3102116286754608 0.8513309359550476 2.1336464881896973
-0.0012284443946555257 0.006823591887950897 0.10501338541507721 1.2630736827850342 0.9053001403808594 2.131892204284668
-0.0006709403824061155 0.007870380766689777 0.12087677419185638 0.38118839263916016 0.9278106093406677 2.284468173980713
-0.001645919750444591 0.0071515426971018314 0.09558722376823425 -0.24599602818489075 1.4401469230651855 2.500227212905884
-0.005654534325003624 0.00752258999273181 0.09294863790273666 -0.9565258026123047 2.597240924835205 2.8425073623657227
-0.007295169867575169 0.007977713830769062 0.09141477197408676 -1.5247159004211426 2.7660529613494873 2.9954299926757812
-0.00555927399545908 0.00595072703436017 0.11937593668699265 -1.0933455228805542 1.9125583171844482 2.845660924911499
-0.005628759041428566 0.005940448492765427 0.12353994697332382 -1.3108288049697876 1.7124449014663696 2.957551956176758
-0.0020494956988841295 0.009836898185312748 0.09462033957242966 -2.4273064136505127 0.552342414855957 3.380791425704956
-0.003252946073189378 0.0106455497443676 0.10097751766443253 -2.3316597938537598 0.8092231154441833 3.4043045043945312
-0.0028440263122320175 0.010373294353485107 0.10588168352842331 -1.8588205575942993 0.5131896734237671 3.4145705699920654
-0.006246977020055056 0.01101948693394661 0.11217357218265533 -1.6677169799804688 1.2800610065460205 3.281442165374756
-0.004600580781698227 0.008918562904000282 0.09278148412704468 -0.5858051776885986 0.7062623500823975 3.2877697944641113
-0.012642448768019676 0.012682359665632248 0.09638389945030212 -1.3633469343185425 2.653106689453125 3.156313180923462
-0.01227952353656292 0.013040387071669102 0.14337600767612457 -0.5307639837265015 1.5093902349472046 3.3314383029937744
-0.015857389196753502 0.012163089588284492 0.14415793120861053 0.18398992717266083 1.7708451747894287 3.245516300201416
-0.01697423867881298 0.014607377350330353 0.15278366208076477 -0.7562713623046875 1.1331202983856201 3.6030070781707764
-0.015322883613407612 0.01107076182961464 0.12076041847467422 -0.06441495567560196 0.9812986850738525 3.384124994277954
-0.01788434199988842 0.01124374009668827 0.12291687726974487 0.2600307762622833 1.0148835182189941 3.1880040168762207
-0.015444810502231121 0.0122419074177742 0.13325513899326324 0.4433650076389313 -0.11092626303434372 3.128617525100708
-0.016969256103038788 0.01182376779615879 0.13742190599441528 0.7438971400260925 -0.2735429108142853 3.027552843093872
-0.011061896570026875 0.009114980697631836 0.09751421958208084 1.2224249839782715 -1.3847836256027222 2.9360291957855225
-0.016377834603190422 0.014832615852355957 0.11594629287719727 0.10429862886667252 -0.8810661435127258 2.941483974456787
-0.01936456933617592 0.01193478237837553 0.12447384744882584 0.8488933444023132 -0.7040706276893616 2.975208282470703
-0.019290637224912643 0.012153121642768383 0.12785977125167847 0.7880476117134094 -1.0813508033752441 2.885064125061035
-0.018039410933852196 0.011019350960850716 0.12963351607322693 0.9526039958000183 -1.5123590230941772 2.797454595565796
-0.019301459193229675 0.011109639890491962 0.0990777537226677 0.5684040188789368 -0.7735847234725952 2.818136215209961
-0.020165063440799713 0.012225886806845665 0.0988709107041359 -0.0028453413397073746 -0.4442744553089142 2.6785149574279785
-0.023314088582992554 0.010586814023554325 0.09594173729419708 0.00858934223651886 0.5725958347320557 2.773418426513672
-0.024705421179533005 0.015473417937755585 0.10056453943252563 -1.122689962387085 1.0082472562789917 2.5659635066986084
-0.02407599240541458 0.008711048401892185 0.10465177148580551 0.8498942255973816 0.7155143022537231 2.854905843734741
-0.02380610816180706 0.00866090040653944 0.10782098025083542 0.8601962924003601 0.2153356522321701 2.849341630935669
-0.025430018082261086 0.010010577738285065 0.1133231446146965 0.3196142911911011 0.2510671019554138 2.8445746898651123
-0.02479899674654007 0.007611515931785107 0.11404019594192505 0.7791045904159546 -0.1911952942609787 2.8938632011413574
-0.01569017581641674 0.00823044404387474 0.07992986589670181 0.5650323033332825 -1.9609414339065552 2.712780714035034
-0.015432653948664665 0.009036095812916756 0.08281548321247101 0.12392640113830566 -2.1651968955993652 2.7420315742492676
-0.016964053735136986 0.016779350116848946 0.08824095129966736 -1.8905482292175293 -2.0279273986816406 2.442612648010254
-0.015172970481216908 0.01398439146578312 0.11164813488721848 -1.0961970090866089 -2.718944549560547 2.6804776191711426
-0.015464091673493385 0.015904642641544342 0.1145828366279602 -1.6098392009735107 -2.5561184883117676 2.580153703689575
-0.013166472315788269 0.01741238683462143 0.08749497681856155 -1.8108493089675903 -2.856663227081299 2.5737006664276123
-0.014869255013763905 0.01802430860698223 0.09524271637201309 -1.6555906534194946 -2.0645265579223633 2.5523412227630615
-0.009715191088616848 0.017946377396583557 0.09763634204864502 -1.1226074695587158 -2.9502761363983154 2.864776372909546
-0.0073598409071564674 0.016215233132243156 0.09567203372716904 -0.14798909425735474 -2.8603615760803223 3.2254364490509033
-0.009402557276189327 0.013570267707109451 0.08348698914051056 0.8883386254310608 -1.632022738456726 3.4447195529937744
-0.008805617690086365 0.014471597038209438 0.086185023188591 1.0567264556884766 -1.0362610816955566 3.277489185333252
-0.009230032563209534 0.01556930411607027 0.08726930618286133 1.1824735403060913 -0.16015563905239105 3.1286215782165527
-0.009950703009963036 0.022973256185650826 0.08879175782203674 -0.2609989047050476 0.6678040623664856 2.490659475326538
-0.012318269349634647 0.02407894842326641 0.08544518798589706 -0.048463720828294754 1.7161767482757568 2.5695860385894775
-0.00857020728290081 0.022641777992248535 0.09465552121400833 0.790307879447937 1.3649353981018066 2.7362887859344482
-0.009164996445178986 0.022772308439016342 0.09537171572446823 0.8374842405319214 1.8745555877685547 2.839479446411133
-0.007825667038559914 0.022106392309069633 0.09675102680921555 1.0158146619796753 1.7286378145217896 2.8676843643188477
-0.006491214502602816 0.022931139916181564 0.0981971025466919 0.7896905541419983 1.4935557842254639 2.948017120361328
-0.004519092384725809 0.020867329090833664 0.07235436141490936 1.101527214050293 0.7429279685020447 2.8718819618225098
-0.003140630666166544 0.020290730521082878 0.07032586634159088 1.1083287000656128 0.6349559426307678 2.950576066970825
0.0026328032836318016 0.022122658789157867 0.05666234344244003 0.5096180438995361 -0.7321416139602661 2.8494324684143066
0.004895513877272606 0.02182816155254841 0.06817378103733063 0.5984176397323608 -0.4991055727005005 2.9766292572021484
0.007244956213980913 0.023636016994714737 0.0684957355260849 -0.018649468198418617 -0.4169384837150574 3.0852084159851074
0.0056075286120176315 0.023752937093377113 0.06950917840003967 -0.24705687165260315 0.7977967858314514 3.3454344272613525
0.006453347392380238 0.025713399052619934 0.06782342493534088 -0.839154839515686 1.2944058179855347 3.4683525562286377
0.005019330885261297 0.02525184489786625 0.0696486085653305 -0.7008864283561707 2.575446367263794 3.619839906692505
0.008676999248564243 0.024615919217467308 0.0784759670495987 -0.3643750846385956 2.6422879695892334 3.643702507019043
0.006299496628344059 0.024223774671554565 0.06859470903873444 -0.4360557198524475 3.8021905422210693 3.8415236473083496
0.0028498489409685135 0.0262003056704998 0.06217535212635994 -1.089266300201416 5.088326930999756 4.262398719787598
0.00471221748739481 0.021878529340028763 0.07597845792770386 0.21194559335708618 5.36245584487915 3.7322046756744385
0.005158770363777876 0.02338629588484764 0.08497729897499084 -0.3095962405204773 5.532162666320801 4.19680118560791
0.005834705196321011 0.023898834362626076 0.08987032622098923 -0.49719879031181335 5.393978118896484 4.475836753845215
0.0015381361590698361 0.01950683444738388 0.07489105314016342 0.33058521151542664 6.1406121253967285 3.8680059909820557
0.010441692546010017 0.022366611286997795 0.1251252144575119 -0.41250211000442505 3.9129698276519775 4.378384113311768
0.011099147610366344 0.023274501785635948 0.128754660487175 -0.7884066700935364 3.3672502040863037 4.703087329864502
0.011508340016007423 0.024049874395132065 0.13255980610847473 -1.0387351512908936 2.7700512409210205 4.901936054229736
0.015356287360191345 0.024832038208842278 0.10983610153198242 -1.074045181274414 1.3316787481307983 5.055462837219238
0.012949507683515549 0.027362966910004616 0.12137176841497421 -1.563793659210205 1.4314173460006714 5.356661319732666
0.021892253309488297 0.02154286950826645 0.13173151016235352 0.11409367620944977 -0.5159670114517212 4.578288555145264
0.022773869335651398 0.019689826294779778 0.1382361501455307 0.55646151304245 -0.6051583290100098 4.40776252746582
0.02547571063041687 0.019145866855978966 0.13949072360992432 0.7503539323806763 -0.9374460577964783 4.397198677062988
0.020841585472226143 0.023378821089863777 0.14609041810035706 -0.13513948023319244 0.183309867978096 4.546571254730225
0.020485684275627136 0.01994546502828598 0.15194712579250336 0.6701981425285339 0.712399959564209 4.408298969268799
0.02244316041469574 0.020881177857518196 0.1572372317314148 0.5048802495002747 0.8569533228874207 4.387514114379883
0.020820513367652893 0.01758534647524357 0.1602637767791748 1.0240564346313477 1.8650565147399902 4.331389427185059
0.017838289961218834 0.02147771045565605 0.1389344334602356 0.15944893658161163 2.8594467639923096 4.395549774169922
0.014623351395130157 0.03388844430446625 0.13491186499595642 -2.1291089057922363 3.477179527282715 4.689090251922607
0.012370477430522442 0.03330093249678612 0.14145644009113312 -1.9673188924789429 4.010315895080566 4.580200672149658
0.012628319673240185 0.03196542337536812 0.15208306908607483 -1.6786140203475952 3.8633954524993896 4.420938968658447
0.01360234059393406 0.03258572891354561 0.13802054524421692 -1.7100121974945068 3.384995222091675 4.37919282913208
0.014487536624073982 0.026262331753969193 0.14629392325878143 -0.47696825861930847 2.937045097351074 3.9122886657714844
0.016523782163858414 0.024842945858836174 0.14744322001934052 -0.08309643715620041 2.1060826778411865 3.835843324661255
0.018894987180829048 0.021865233778953552 0.14541247487068176 0.6137100458145142 1.2684630155563354 3.6972289085388184
0.021649634465575218 0.021221203729510307 0.14448435604572296 0.8836451768875122 0.3196256458759308 3.72360897064209
0.023860188201069832 0.020931612700223923 0.13224832713603973 1.033526062965393 -0.3603348433971405 3.7336604595184326
0.021474171429872513 0.024669192731380463 0.14025184512138367 0.4551483690738678 -0.2919574975967407 3.8549516201019287
0.023415114730596542 0.02415255829691887 0.13989563286304474 0.5271847248077393 -0.6709165573120117 3.8056178092956543
0.02247564122080803 0.027414456009864807 0.1416793167591095 -0.03941947594285011 -0.4535841941833496 3.809580087661743
0.026095068082213402 0.024806465953588486 0.13487780094146729 0.2843603193759918 -0.6726566553115845 3.778703451156616
0.022847093641757965 0.035666827112436295 0.13977470993995667 -1.6288355588912964 0.04538758844137192 3.6393039226531982
0.020012488588690758 0.03748524188995361 0.13894087076187134 -1.8922312259674072 0.9007048010826111 3.660761833190918
0.017070403322577477 0.03672037273645401 0.1427081823348999 -1.772139072418213 1.7954062223434448 3.7483596801757812
0.0156268160790205 0.03663385286927223 0.14405038952827454 -1.6615897417068481 2.319711923599243 3.880826711654663
0.014485673047602177 0.03751136362552643 0.1369314342737198 -1.6832386255264282 2.8094663619995117 4.033268928527832
0.016497112810611725 0.03238919749855995 0.14715905487537384 -0.6088448166847229 2.5971338748931885 4.199854850769043
0.01712653413414955 0.021880755200982094 0.13776655495166779 1.0762063264846802 2.754659414291382 4.214909076690674
0.015314421616494656 0.021838538348674774 0.1427818387746811 0.9631994366645813 2.9590327739715576 4.380763530731201
0.015286562964320183 0.02153656631708145 0.14683307707309723 0.8869988322257996 2.7335212230682373 4.555834770202637
0.015295577235519886 0.02234690450131893 0.1469871550798416 0.49521857500076294 2.398470401763916 4.747679233551025
0.01778743974864483 0.021847138181328773 0.14895062148571014 0.2411317080259323 1.615954875946045 4.829807758331299
0.018807165324687958 0.023817922919988632 0.1510888785123825 -0.5126703977584839 1.0860636234283447 5.004561424255371
0.02294275350868702 0.02795197255909443 0.14795616269111633 -1.6620066165924072 0.1225622296333313 5.167893409729004
0.023797281086444855 0.029726607725024223 0.1458354890346527 -2.4236676692962646 -0.17701371014118195 5.240656852722168
0.024067560210824013 0.03028806857764721 0.1471123844385147 -2.9120826721191406 -0.28625965118408203 5.273586273193359
0.0198347307741642 0.03084360994398594 0.1528032124042511 -3.3629608154296875 0.5294486880302429 5.243037223815918
0.022138984873890877 0.0314093716442585 0.15512670576572418 -3.5557589530944824 0.36142951250076294 5.394863605499268
0.020581087097525597 0.03136804699897766 0.15815919637680054 -3.5078349113464355 0.9305903911590576 5.428564548492432
0.019795840606093407 0.02973070926964283 0.1611994206905365 -3.0144994258880615 1.4093759059906006 5.482763290405273
0.01873278059065342 0.029107458889484406 0.1629561334848404 -2.52827525138855 1.8689355850219727 5.5153489112854
0.017574261873960495 0.026840748265385628 0.16444610059261322 -1.6264925003051758 2.2050414085388184 5.511930465698242
0.01688062772154808 0.02557402476668358 0.16567528247833252 -0.8193255066871643 2.2724697589874268 5.52802038192749
0.017978662624955177 0.022999852895736694 0.16673249006271362 0.23607753217220306 1.8699681758880615 5.603370189666748
0.017487306147813797 0.02263861894607544 0.16910892724990845 0.8671940565109253 1.490108609199524 5.6099348068237305
0.023552142083644867 0.014905231073498726 0.16596198081970215 2.5482163429260254 0.0897548571228981 5.730853080749512
0.02552425116300583 0.014631055295467377 0.1693744957447052 2.80139422416687 -0.8359206318855286 5.8009819984436035
0.03374991565942764 0.009393236599862576 0.15475735068321228 3.6631433963775635 -2.505617141723633 5.909912109375
0.033018581569194794 0.00898050982505083 0.17361225187778473 3.4364640712738037 -2.8642027378082275 5.9461870193481445
0.0332968533039093 0.010025931522250175 0.1818343997001648 2.865589141845703 -3.1973001956939697 5.9181060791015625
0.03426589071750641 0.011555721051990986 0.18779423832893372 2.146601676940918 -3.4330015182495117 5.79384183883667
0.034745391458272934 0.012243954464793205 0.1926075965166092 1.4731348752975464 -3.3310883045196533 5.699049472808838
0.0344553105533123 0.016788050532341003 0.19576364755630493 0.27038565278053284 -2.934504508972168 5.338480472564697
0.03210457041859627 0.016804790124297142 0.200667604804039 -0.19945944845676422 -2.0438039302825928 5.420666694641113
0.0292719304561615 0.017251871526241302 0.20427218079566956 -0.5867645144462585 -1.078438401222229 5.4652299880981445
0.026418412104249 0.016418177634477615 0.2075873166322708 -0.6247214078903198 -0.14190392196178436 5.5819315910339355
0.024409262463450432 0.016366802155971527 0.21228593587875366 -0.5927168726921082 0.5537692904472351 5.578803539276123
0.023251868784427643 0.014509528875350952 0.21641330420970917 -0.1343628317117691 0.951124906539917 5.65122652053833
0.028251875191926956 0.013858754187822342 0.2238696664571762 0.34988078474998474 0.36294645071029663 5.5251240730285645
0.028438901528716087 0.015387549996376038 0.22835935652256012 0.5958020091056824 0.19035041332244873 5.387246608734131
0.030454056337475777 0.013694767840206623 0.23331470787525177 1.269949197769165 -0.3381017744541168 5.363312244415283
0.030642813071608543 0.011407761834561825 0.23954951763153076 1.9034926891326904 -0.7195692658424377 5.37020206451416
0.033759236335754395 0.010097472928464413 0.24392110109329224 2.303955554962158 -1.4474918842315674 5.280397415161133
0.035662468522787094 0.010394295677542686 0.24858267605304718 2.3675625324249268 -1.9252694845199585 5.137893199920654
0.038086406886577606 0.010196750983595848 0.25280460715293884 2.3005740642547607 -2.297536611557007 4.995995044708252
0.04033683240413666 0.0011582982260733843 0.2566303610801697 3.028856039047241 -2.3807709217071533 5.212222576141357
0.03939773514866829 0.004488230217248201 0.2643280327320099 2.1964457035064697 -2.05057430267334 4.943662643432617
0.03798146918416023 0.009053923189640045 0.2711752653121948 1.2201006412506104 -1.537827730178833 4.638378143310547
0.03497617319226265 0.01648770458996296 0.2765754759311676 -0.009107165038585663 -0.8131406903266907 4.293484210968018
0.03203115984797478 0.018678251653909683 0.28075578808784485 -0.5930286049842834 -0.05579361692070961 4.205158710479736
0.029267963021993637 0.02041245996952057 0.28503549098968506 -1.0240918397903442 0.6211013793945312 4.131832122802734
0.027605265378952026 0.0182148776948452 0.2904209494590759 -0.9042335152626038 1.067940592765808 4.157745838165283
0.026909345760941505 0.014045421034097672 0.29619142413139343 -0.4420323371887207 1.2877388000488281 4.18986701965332
0.025191258639097214 0.011276652105152607 0.3008994162082672 0.04754186421632767 1.3924211263656616 4.163146018981934
0.026502219960093498 0.013163735158741474 0.30415084958076477 0.3084052503108978 0.9747759699821472 4.002884864807129
0.025911370292305946 0.01295117661356926 0.3087935149669647 0.7725094556808472 0.6304734349250793 3.918757677078247
0.032119471579790115 0.009098953567445278 0.31409990787506104 1.5698299407958984 -0.36234360933303833 3.8282930850982666
0.03617710620164871 0.007032536435872316 0.3181556165218353 2.1264967918395996 -1.1829373836517334 3.7358648777008057
0.039656467735767365 0.0020394837483763695 0.32104194164276123 2.746378183364868 -1.8185571432113647 3.691056251525879
0.04187788814306259 0.007230513729155064 0.3276769518852234 2.3471531867980957 -2.215909719467163 3.509453296661377
0.045500509440898895 0.0021333685144782066 0.33076250553131104 2.6259336471557617 -2.4733307361602783 3.470869302749634
0.0443788580596447 0.008154266513884068 0.33688315749168396 1.7741810083389282 -2.2275564670562744 3.2713241577148438
0.03981012478470802 0.011858678422868252 0.34256067872047424 0.922642171382904 -1.5025852918624878 3.182199239730835
0.037175435572862625 -0.005514046177268028 0.34575992822647095 1.5813837051391602 -0.7273000478744507 3.494495391845703
0.033509477972984314 -0.0018484173342585564 0.350604385137558 0.5774651765823364 0.07426495850086212 3.340775728225708
0.03048851154744625 0.0028409697115421295 0.35468611121177673 -0.42829084396362305 0.8299880623817444 3.1821024417877197
0.026496773585677147 0.0034552905708551407 0.3578607141971588 -1.057070255279541 1.573704481124878 3.1371936798095703
0.02554098144173622 -0.00047241864376701415 0.3612334728240967 -1.276003122329712 1.8840152025222778 3.1159496307373047
1.5709457397460938 -1.6234513521194458 0.3255764842033386 -1.656604290008545 2.0843493938446045 3.9754443168640137
1.5702592134475708 -1.624092936515808 0.32643041014671326 -1.9453035593032837 2.1222171783447266 3.9233274459838867
1.5693033933639526 -1.6245955228805542 0.32703542709350586 -2.041293144226074 1.9340969324111938 3.844431161880493
1.5698825120925903 -1.6249353885650635 0.32947129011154175 -2.054598331451416 1.1182597875595093 3.7686688899993896
1.5676164627075195 -1.623478889465332 0.3490025997161865 -2.640634775161743 0.9304429888725281 3.726595878601074
1.5669505596160889 -1.6241295337677002 0.3511396050453186 -2.857360363006592 0.3726850748062134 3.6862401962280273
1.5652142763137817 -1.6217728853225708 0.3516688048839569 -3.9018285274505615 0.0008206965867429972 3.6437137126922607
1.5618855953216553 -1.6205713748931885 0.3521495759487152 -4.973229885101318 -0.07072126865386963 3.59767484664917
1.5617283582687378 -1.6153085231781006 0.36429640650749207 -6.710723876953125 -0.5470713376998901 3.5395894050598145
1.5568879842758179 -1.6177325248718262 0.3686677813529968 -7.675188064575195 -0.20917442440986633 3.5051863193511963
1.555094838142395 -1.6146968603134155 0.3694044053554535 -9.318286895751953 -0.22631555795669556 3.49202823638916
1.5619360208511353 -1.6304467916488647 0.3282657861709595 -9.96428394317627 -0.3623303472995758 3.169367790222168
1.5596277713775635 -1.6272622346878052 0.32425498962402344 -11.626392364501953 -0.1771329790353775 3.23602032661438
1.5572285652160645 -1.6252683401107788 0.3555023670196533 -12.805984497070312 -0.033473286777734756 3.3544323444366455
1.553290605545044 -1.625436544418335 0.35873013734817505 -13.592984199523926 0.3631526529788971 3.5170271396636963
1.5511008501052856 -1.6236906051635742 0.36035919189453125 -14.41520881652832 0.5607791543006897 3.7106165885925293
1.5483683347702026 -1.623557209968567 0.3642556071281433 -14.977676391601562 0.7248346209526062 3.8873558044433594
1.5465176105499268 -1.6204776763916016 0.3873160481452942 -15.527558326721191 0.614448070526123 4.031383991241455
1.5445771217346191 -1.6177377700805664 0.3899679481983185 -16.018596649169922 0.496493935585022 4.132503032684326
1.5421501398086548 -1.615281343460083 0.392965167760849 -16.382558822631836 0.40163454413414 4.197782516479492
1.541104793548584 -1.611191987991333 0.3951011896133423 -16.77069664001465 -0.04872063547372818 4.166550159454346
1.5526000261306763 -1.6258010864257812 0.38653257489204407 -16.361886978149414 -0.9983870387077332 3.7395825386047363
1.5536452531814575 -1.6244118213653564 0.39054498076438904 -16.27932357788086 -1.7334730625152588 3.626720428466797
1.5502334833145142 -1.6207318305969238 0.39242544770240784 -16.237825393676758 -2.213683843612671 3.454420566558838
1.5508511066436768 -1.617091178894043 0.39470791816711426 -16.022117614746094 -2.969475507736206 3.298529863357544
1.5514525175094604 -1.6156909465789795 0.39910030364990234 -15.577264785766602 -3.5960354804992676 3.1599950790405273
1.5463082790374756 -1.6069267988204956 0.4206533133983612 -15.54615306854248 -3.741992712020874 3.020397424697876
1.5449835062026978 -1.602864384651184 0.4244476556777954 -15.362919807434082 -3.9308176040649414 2.950756072998047
1.5431296825408936 -1.5986292362213135 0.42832082509994507 -15.285049438476562 -3.895723342895508 2.93166446685791
1.541894793510437 -1.5932440757751465 0.4316125512123108 -15.326908111572266 -3.777240037918091 2.9306206703186035
1.5456514358520508 -1.589318037033081 0.44690245389938354 -15.176078796386719 -3.8157002925872803 2.994058847427368
1.5474421977996826 -1.596612572669983 0.4149742126464844 -15.191842079162598 -3.4684128761291504 2.8419864177703857
1.5454344749450684 -1.5908361673355103 0.4168660044670105 -15.242522239685059 -3.1740896701812744 2.85148286819458
1.5426589250564575 -1.5856679677963257 0.4192545711994171 -15.215662956237793 -2.917203187942505 2.848580837249756
1.5415127277374268 -1.5795551538467407 0.4211387634277344 -15.148612976074219 -2.827305555343628 2.8227756023406982
1.540089726448059 -1.5688910484313965 0.4423809349536896 -15.012985229492188 -2.837890148162842 2.764073371887207
1.5377607345581055 -1.5607601404190063 0.44454100728034973 -14.899911880493164 -2.855581045150757 2.690294027328491
1.5369865894317627 -1.5549356937408447 0.44823798537254333 -14.56911849975586 -3.029069423675537 2.5981006622314453
1.5363986492156982 -1.5475151538848877 0.45104360580444336 -14.226771354675293 -3.246551275253296 2.487506866455078
1.5383270978927612 -1.5391161441802979 0.4677535593509674 -13.694470405578613 -3.562955617904663 2.3983354568481445
1.535056710243225 -1.5291610956192017 0.47041863203048706 -13.331311225891113 -3.6041035652160645 2.2802441120147705
1.5427496433258057 -1.5430914163589478 0.4306250214576721 -12.723759651184082 -3.9262473583221436 2.171140432357788
1.540984869003296 -1.5354745388031006 0.4313720464706421 -12.2800931930542 -3.9082319736480713 2.1057448387145996
1.5390812158584595 -1.5252655744552612 0.45853009819984436 -11.645233154296875 -3.778857946395874 2.05430006980896
1.5387322902679443 -1.5143795013427734 0.4598379135131836 -11.244038581848145 -3.6754133701324463 2.0166656970977783
1.5368380546569824 -1.509147047996521 0.4635758101940155 -10.400237083435059 -3.3605306148529053 2.0175375938415527
1.5351603031158447 -1.5079758167266846 0.4690455496311188 -9.073028564453125 -2.9666783809661865 2.0495524406433105
1.5334954261779785 -1.495699405670166 0.4700981676578522 -7.930428981781006 -2.584702968597412 2.048837900161743
1.5321943759918213 -1.488223671913147 0.4891025722026825 -5.998406410217285 -2.1554574966430664 2.049767255783081
1.5320093631744385 -1.4753161668777466 0.4917340874671936 -4.134133338928223 -1.8703385591506958 2.014835834503174
1.5309358835220337 -1.4737253189086914 0.4961703419685364 -1.5112406015396118 -1.6141157150268555 1.9981322288513184
1.5320847034454346 -1.461265206336975 0.4993680715560913 0.6908674240112305 -1.538558006286621 1.9619232416152954
1.5393481254577637 -1.4743934869766235 0.47312718629837036 3.352787733078003 -1.4871766567230225 1.9644088745117188
1.5385898351669312 -1.475188970565796 0.4739035665988922 5.854388236999512 -1.3940404653549194 1.9356584548950195
1.5384968519210815 -1.4605867862701416 0.47700557112693787 7.384364604949951 -1.4205849170684814 1.8912720680236816
1.5378512144088745 -1.458195447921753 0.47750723361968994 9.03734302520752 -1.3563261032104492 1.8529316186904907
1.539150595664978 -1.4440226554870605 0.48093876242637634 9.672959327697754 -1.396975040435791 1.813339352607727
1.5391546487808228 -1.436684250831604 0.4983762502670288 10.148655891418457 -1.3690423965454102 1.7814395427703857
1.5377471446990967 -1.4282680749893188 0.5007650852203369 9.73989486694336 -1.275778889656067 1.72350013256073
1.5358390808105469 -1.4131758213043213 0.503883957862854 8.359853744506836 -1.1547605991363525 1.641535758972168
1.533833384513855 -1.3975054025650024 0.5060938596725464 6.380015850067139 -1.036733865737915 1.5554335117340088
1.5324336290359497 -1.3854230642318726 0.5174071192741394 4.2512359619140625 -0.9526622295379639 1.4706507921218872
1.5338371992111206 -1.3786028623580933 0.4812776744365692 2.1025712490081787 -0.6679373979568481 1.4090845584869385
1.5337203741073608 -1.3706051111221313 0.4816618263721466 -0.20341522991657257 -0.7032784223556519 1.366146445274353
1.5312557220458984 -1.3594681024551392 0.48019832372665405 -2.474996566772461 -0.7170625925064087 1.319178581237793
1.5306010246276855 -1.3445005416870117 0.4986129105091095 -4.51046895980835 -0.758623480796814 1.2879970073699951
1.5296677350997925 -1.34285569190979 0.5031261444091797 -5.808183670043945 -0.8583712577819824 1.275710105895996
1.5287084579467773 -1.3358595371246338 0.5050531625747681 -6.888082027435303 -0.9805243015289307 1.2709221839904785
1.5240435600280762 -1.328242540359497 0.5065924525260925 -7.511343002319336 -0.9237563610076904 1.271984338760376
1.5245081186294556 -1.3242993354797363 0.5111526250839233 -7.551173210144043 -1.0585010051727295 1.267959713935852
1.524509072303772 -1.3164281845092773 0.5231488347053528 -7.190581798553467 -1.086445927619934 1.2664828300476074
1.523310661315918 -1.310297966003418 0.5262361168861389 -6.47117805480957 -1.0532143115997314 1.2867963314056396
1.527969241142273 -1.3141742944717407 0.49259477853775024 -5.535480976104736 -1.206989049911499 1.3139714002609253
1.5306077003479004 -1.3031575679779053 0.4912619888782501 -4.820538520812988 -1.2421808242797852 1.3480151891708374
1.5263853073120117 -1.2886024713516235 0.5070346593856812 -4.261865139007568 -0.9776821732521057 1.3814868927001953
1.5244626998901367 -1.2763760089874268 0.5064588785171509 -3.8785197734832764 -0.7572619915008545 1.4077730178833008
1.5230664014816284 -1.270673394203186 0.5085692405700684 -3.548142910003662 -0.6048628687858582 1.4208332300186157
1.5216141939163208 -1.2546097040176392 0.5060792565345764 -3.8267135620117188 -0.4802830219268799 1.422203540802002
1.5212944746017456 -1.2487881183624268 0.5084249973297119 -4.012513160705566 -0.48847344517707825 1.4169692993164062
1.5243995189666748 -1.2401154041290283 0.5254448056221008 -4.3745903968811035 -0.668129563331604 1.4071089029312134
1.5212881565093994 -1.2191402912139893 0.5221848487854004 -5.349677085876465 -0.6848260164260864 1.3810572624206543
1.522659182548523 -1.2111576795578003 0.524138331413269 -5.858641147613525 -0.9301937222480774 1.360175371170044
1.525705337524414 -1.2101305723190308 0.48131895065307617 -6.122149467468262 -1.2010548114776611 1.3609899282455444
1.5230677127838135 -1.1970586776733398 0.5057822465896606 -6.382941722869873 -1.2968155145645142 1.337546706199646
1.5244685411453247 -1.1890126466751099 0.5072243213653564 -6.375123023986816 -1.539193034172058 1.3212891817092896
1.5205514430999756 -1.1789827346801758 0.5071002244949341 -6.272544860839844 -1.5538400411605835 1.294681191444397
1.5206514596939087 -1.1744627952575684 0.5102943181991577 -5.811672210693359 -1.5784552097320557 1.2868458032608032
1.5169413089752197 -1.1605464220046997 0.5256728529930115 -5.506068229675293 -1.4265130758285522 1.2801605463027954
1.5160361528396606 -1.157517671585083 0.5293982028961182 -4.824569225311279 -1.3309385776519775 1.2802095413208008
1.5155633687973022 -1.143070101737976 0.5290433764457703 -4.538097381591797 -1.3334168195724487 1.2680351734161377
1.5143368244171143 -1.1341533660888672 0.5308216214179993 -4.134054660797119 -1.3271057605743408 1.2678749561309814
1.5142676830291748 -1.1297473907470703 0.5347375273704529 -3.6367015838623047 -1.3380672931671143 1.2754822969436646
1.5195808410644531 -1.1213908195495605 0.5091087222099304 -3.625358819961548 -1.5676099061965942 1.2798230648040771
1.5195640325546265 -1.111482858657837 0.5092059373855591 -3.512051820755005 -1.6127821207046509 1.2783995866775513
1.517169713973999 -1.1026681661605835 0.5097321271896362 -3.432999849319458 -1.5559746026992798 1.27394700050354
1.5151749849319458 -1.091843843460083 0.5093177556991577 -3.4323928356170654 -1.5556349754333496 1.2697203159332275
1.5152488946914673 -1.0792008638381958 0.5288324952125549 -3.37164568901062 -1.6044490337371826 1.2759807109832764
1.5125987529754639 -1.0701123476028442 0.5303850173950195 -3.3429698944091797 -1.5427911281585693 1.2837209701538086
1.5128884315490723 -1.0609238147735596 0.5320814847946167 -3.3726818561553955 -1.6111234426498413 1.2931036949157715
1.510887622833252 -1.047715663909912 0.5322222113609314 -3.517420768737793 -1.6118875741958618 1.2885407209396362
1.5096285343170166 -1.0433939695358276 0.5363344550132751 -3.3101165294647217 -1.5772606134414673 1.2947829961776733
1.5095564126968384 -1.024446725845337 0.5458800196647644 -3.4979214668273926 -1.6182862520217896 1.2998093366622925
1.508685827255249 -1.0130736827850342 0.5473521947860718 -3.4606008529663086 -1.6648595333099365 1.3074179887771606
1.5127722024917603 -1.0121252536773682 0.5133488774299622 -3.08565092086792 -1.5894272327423096 1.3298074007034302
1.5110834836959839 -1.0080695152282715 0.516376256942749 -2.5355212688446045 -1.6277329921722412 1.3401196002960205
1.5115817785263062 -0.9915028810501099 0.5297924876213074 -2.1444640159606934 -1.7315059900283813 1.3513425588607788
1.5106135606765747 -0.9845458269119263 0.5314837098121643 -1.5429766178131104 -1.7620036602020264 1.3648231029510498
1.5090923309326172 -0.9700523614883423 0.5305318832397461 -1.1967352628707886 -1.7409435510635376 1.361807107925415
1.5072649717330933 -0.9668306112289429 0.5338355302810669 -0.4866504669189453 -1.715144395828247 1.3631954193115234
1.5066817998886108 -0.9518611431121826 0.5326068997383118 -0.266647070646286 -1.714128851890564 1.3523204326629639
1.5089377164840698 -0.9387426376342773 0.5417686700820923 -0.15608668327331543 -1.8245517015457153 1.3399544954299927
1.5073399543762207 -0.9309590458869934 0.5435219407081604 -0.03864585980772972 -1.7732292413711548 1.3237518072128296
1.5078539848327637 -0.9174572229385376 0.543571949005127 -0.2994738817214966 -1.7652472257614136 1.306813359260559
1.5106910467147827 -0.9152754545211792 0.5079328417778015 -0.41894927620887756 -1.6221508979797363 1.3815151453018188
1.5101453065872192 -0.90323805809021 0.5273970365524292 -0.688869297504425 -1.549499273300171 1.371771216392517
1.5105301141738892 -0.8868511319160461 0.5255128145217896 -1.26927649974823 -1.5606476068496704 1.3506486415863037
1.5096276998519897 -0.8820856809616089 0.5280539393424988 -1.3943957090377808 -1.54168701171875 1.3454608917236328
1.5088950395584106 -0.8665334582328796 0.5259990096092224 -1.7841379642486572 -1.4836877584457397 1.3380588293075562
1.509016990661621 -0.8589206337928772 0.5406990051269531 -1.7463551759719849 -1.4797003269195557 1.3277311325073242
1.5090373754501343 -0.8460059762001038 0.5409005880355835 -1.8107863664627075 -1.5193734169006348 1.3121339082717896
1.508504867553711 -0.8391523957252502 0.5432388782501221 -1.5431034564971924 -1.491743803024292 1.317383885383606
1.5081311464309692 -0.8277199268341064 0.5438694357872009 -1.3893014192581177 -1.4721097946166992 1.3116528987884521
1.506385087966919 -0.8207116723060608 0.5463199019432068 -1.0119602680206299 -1.366497278213501 1.3025963306427002
1.5094877481460571 -0.811084508895874 0.5275402665138245 -0.7917117476463318 -1.328708529472351 1.3161606788635254
1.5101851224899292 -0.8016452193260193 0.5278026461601257 -0.5112135410308838 -1.3229588270187378 1.3126932382583618
1.5106477737426758 -0.7870792150497437 0.5260679125785828 -0.2612423896789551 -1.3091543912887573 1.3109248876571655
1.5098869800567627 -0.7812485098838806 0.527836263179779 0.24608361721038818 -1.2302584648132324 1.3158552646636963
1.5109305381774902 -0.7672067284584045 0.5383724570274353 0.5571764707565308 -1.1350741386413574 1.324173927307129
1.5107189416885376 -0.7582951188087463 0.5393288731575012 0.9311050176620483 -1.0008925199508667 1.3345752954483032
1.5107734203338623 -0.7409635186195374 0.5379385352134705 0.9726653099060059 -0.9095754027366638 1.329206109046936
1.5090104341506958 -0.7368080615997314 0.5408232808113098 1.5021843910217285 -0.6884483098983765 1.3340352773666382
1.5106749534606934 -0.7197484374046326 0.5392767786979675 1.4666857719421387 -0.7159423828125 1.3256770372390747
1.5105273723602295 -0.7073907852172852 0.5469992160797119 1.6333074569702148 -0.6873544454574585 1.318800449371338
1.5148347616195679 -0.705673098564148 0.5244684219360352 2.1816508769989014 -0.6199325919151306 1.3087728023529053
1.5148345232009888 -0.6965084671974182 0.5248961448669434 2.489884614944458 -0.6183907985687256 1.2999569177627563
1.513689398765564 -0.6853046417236328 0.524314820766449 2.716549873352051 -0.5706015229225159 1.2920459508895874
1.513296127319336 -0.6792725324630737 0.5363826155662537 3.1441609859466553 -0.49298396706581116 1.284684181213379
1.5125782489776611 -0.6672013401985168 0.5363578200340271 3.3362128734588623 -0.44593358039855957 1.2740592956542969
1.512126088142395 -0.6576600670814514 0.5369341373443604 3.544316530227661 -0.4150446355342865 1.2648767232894897
1.5109660625457764 -0.6458836197853088 0.5369474291801453 3.708873987197876 -0.2859049439430237 1.2579501867294312
1.5123616456985474 -0.6404948234558105 0.5389595627784729 4.113326549530029 -0.23675750195980072 1.2603801488876343
1.5092488527297974 -0.6291033029556274 0.5436835289001465 4.341684341430664 -0.10539978742599487 1.263702154159546
1.5086450576782227 -0.625579297542572 0.545903205871582 4.764005184173584 -0.045106541365385056 1.2759528160095215
1.507917881011963 -0.6113790273666382 0.5459043979644775 4.818835258483887 -0.0003058027068618685 1.2847310304641724
1.5145299434661865 -0.6074712872505188 0.5191315412521362 5.123377323150635 -0.020138505846261978 1.2977333068847656
1.515594720840454 -0.5914064049720764 0.5306384563446045 5.3289899826049805 -0.14544866979122162 1.3196525573730469
1.5144437551498413 -0.5890058279037476 0.5321561098098755 6.0071892738342285 -0.20465697348117828 1.3535985946655273
1.518720269203186 -0.5686336755752563 0.5299608707427979 6.233748435974121 -0.3666737973690033 1.3902859687805176
1.5174667835235596 -0.5658712983131409 0.5314362049102783 6.9698100090026855 -0.30847692489624023 1.4154720306396484
1.5155261754989624 -0.5513119697570801 0.5300461053848267 7.297618865966797 -0.17945975065231323 1.4186809062957764
1.51388680934906 -0.5366520881652832 0.5332234501838684 7.476461887359619 -0.02248397469520569 1.420800805091858
1.51603364944458 -0.5262673497200012 0.5328315496444702 7.775426387786865 0.036628566682338715 1.4146653413772583
1.5156240463256836 -0.5194916725158691 0.5330696702003479 8.149312019348145 0.21295267343521118 1.406510829925537
1.5173808336257935 -0.5127276182174683 0.5332722663879395 8.448586463928223 0.25208041071891785 1.4216899871826172
1.5169804096221924 -0.49463358521461487 0.49210044741630554 8.307279586791992 0.617487370967865 1.4203791618347168
1.5177658796310425 -0.4834515452384949 0.48924753069877625 8.390998840332031 0.6945878863334656 1.4291675090789795
1.5180271863937378 -0.4703967273235321 0.48587146401405334 8.44045352935791 0.7394507527351379 1.45255446434021
1.5172855854034424 -0.464449405670166 0.4842213988304138 8.726155281066895 0.8410883545875549 1.474170446395874
1.5127241611480713 -0.46239998936653137 0.4835011065006256 9.094145774841309 1.0724751949310303 1.520642876625061
1.5127238035202026 -0.4619322419166565 0.3732610046863556 9.444808006286621 1.1412482261657715 1.6038519144058228
1.5049517154693604 -0.45185184478759766 0.36451154947280884 9.551411628723145 1.5107533931732178 1.6830435991287231
1.5089246034622192 -0.44721248745918274 0.3578189015388489 9.845245361328125 1.5635948181152344 1.8030351400375366
1.5023016929626465 -0.43912577629089355 0.3493642508983612 9.928871154785156 2.023557186126709 1.9359660148620605
1.4985758066177368 -0.43451377749443054 0.2521968185901642 10.003113746643066 2.504837989807129 2.0788769721984863
1.498254656791687 -0.4177589416503906 0.22542347013950348 9.635775566101074 3.0808494091033936 2.2067909240722656
1.5012010335922241 -0.3831862509250641 0.19903098046779633 8.4605073928833 3.505887031555176 2.427751064300537
1.4986445903778076 -0.3819326162338257 0.19478397071361542 8.319981575012207 4.284353256225586 2.6085755825042725
1.494606852531433 -0.3856881856918335 0.19577720761299133 8.238433837890625 5.299181938171387 2.806140661239624
1.493864893913269 -0.3952094614505768 0.15652750432491302 8.157435417175293 6.34956169128418 3.0292809009552
1.4824362993240356 -0.372771292924881 0.11803732812404633 6.708220481872559 7.962174892425537 3.3904507160186768
1.4902430772781372 -0.3554925322532654 0.13024067878723145 5.331684112548828 8.602863311767578 3.78523588180542
1.4862923622131348 -0.3501502275466919 0.12812049686908722 4.403597831726074 10.04895305633545 4.183722496032715
1.4822449684143066 -0.3497677445411682 0.12217928469181061 3.613072633743286 11.613547325134277 4.583820343017578
1.4722464084625244 -0.3531361222267151 0.1305168867111206 2.982137680053711 13.59918212890625 4.959433555603027
1.4748201370239258 -0.34920910000801086 0.11530043184757233 1.1489816904067993 14.830163955688477 5.605481147766113
1.4684284925460815 -0.3453402817249298 0.11423187702894211 -0.2670538127422333 16.78265380859375 6.215832233428955
1.4625011682510376 -0.34111344814300537 0.11114877462387085 -1.937010645866394 18.836544036865234 6.910515785217285
1.454396367073059 -0.3439885675907135 0.1170906126499176 -3.288790225982666 21.149593353271484 7.544857025146484
1.448972463607788 -0.3402082920074463 0.11224991828203201 -5.359498977661133 23.423742294311523 8.47618579864502
1.4369903802871704 -0.33414971828460693 0.13352623581886292 -7.846480846405029 25.728317260742188 9.595382690429688
1.4300788640975952 -0.33125773072242737 0.13395483791828156 -10.267142295837402 28.261320114135742 10.80629825592041
1.423549771308899 -0.3263797461986542 0.1265132576227188 -13.373231887817383 31.127182006835938 12.439811706542969
1.404605507850647 -0.3232317864894867 0.17166827619075775 -16.604686737060547 33.708560943603516 14.197279930114746
1.3956125974655151 -0.3166625499725342 0.1689453125 -20.137317657470703 36.650856018066406 16.302154541015625
1.3939443826675415 -0.317661851644516 0.17527012526988983 -20.261503219604492 36.4554557800293 16.34780502319336
1.3990288972854614 -0.31964385509490967 0.16539987921714783 -23.35931396484375 37.935951232910156 17.7813663482666
1.3667834997177124 -0.3003106117248535 0.20038893818855286 -27.990224838256836 41.42279052734375 20.83315086364746
1.3566747903823853 -0.2922826409339905 0.19407963752746582 -32.940574645996094 44.54557800292969 24.26524543762207
1.347991943359375 -0.2848397195339203 0.1837584525346756 -38.56155014038086 47.603477478027344 28.37938690185547
1.3237987756729126 -0.27651095390319824 0.20083825290203094 -45.12427520751953 50.4833869934082 33.32783126831055
1.2157222032546997 -0.21078038215637207 0.3323940634727478 -53.19779586791992 53.47589111328125 39.82155990600586
1.1923552751541138 -0.20038500428199768 0.3357076942920685 -61.79642868041992 55.70753860473633 46.9572639465332
1.16986083984375 -0.18836583197116852 0.3347870707511902 -71.39581298828125 57.398284912109375 55.17871856689453
1.1451809406280518 -0.1763777881860733 0.33466899394989014 -81.93681335449219 58.37711715698242 64.3826675415039
1.1189762353897095 -0.16406722366809845 0.33410191535949707 -93.05549621582031 58.485294342041016 74.23199462890625
1.1385107040405273 -0.1731744259595871 0.31809279322624207 -109.104248046875 57.096046447753906 87.43958282470703
1.1017094850540161 -0.1582316756248474 0.3204553723335266 -119.48674774169922 54.485050201416016 96.50469207763672
1.0780562162399292 -0.146402508020401 0.3128868341445923 -127.8758316040039 51.38032913208008 103.82015991210938
1.0590513944625854 -0.13590416312217712 0.3027172088623047 -134.8511962890625 47.726871490478516 109.81326293945312
1.0120090246200562 -0.11725036054849625 0.2974774241447449 -141.95462036132812 42.538055419921875 115.52001953125
1.0123236179351807 -0.11347360908985138 0.2961473762989044 -145.6969757080078 39.01338195800781 118.74819946289062
0.9569010138511658 -0.10049177706241608 0.2872183322906494 -151.98135375976562 33.252925872802734 123.53606414794922
0.8799777626991272 -0.07041683048009872 0.20272527635097504 -163.2941436767578 21.041200637817383 130.77703857421875
0.8426057696342468 -0.1314174234867096 0.028860362246632576 179.68597412109375 0.5200726985931396 138.95021057128906
0.7669107913970947 -0.11406517028808594 0.05595721676945686 167.1129150390625 -19.19788932800293 137.31802368164062
nan nan nan 145.77157592773438 -36.23198318481445 125.28358459472656
