-0.016581036150455475 0.016726108267903328 0.02167830429971218 -0.5352651476860046 -0.8688321113586426 -0.152356818318367
-0.016446175053715706 0.015371659770607948 0.031193053349852562 0.14423921704292297 -0.7940250039100647 -0.09752582013607025
-0.018093885853886604 0.01531138177961111 0.021617207676172256 0.12136954814195633 -0.3239228129386902 -0.1491742879152298
-0.01680738478899002 0.01605866476893425 0.0274251326918602 -0.1989530771970749 -0.899031937122345 -0.1698816418647766
-0.016748495399951935 0.015281857922673225 0.029339080676436424 0.047292210161685944 -0.852013111114502 -0.15849721431732178
-0.018200267106294632 0.015258720144629478 0.0321485809981823 0.01068485714495182 -0.2419043630361557 -0.13320031762123108
-0.01834406703710556 0.016259673982858658 0.02158275619149208 -0.2709995210170746 -0.3315046429634094 -0.17993921041488647
-0.016843264922499657 0.01611926592886448 0.025217978283762932 -0.13166354596614838 -0.9568787217140198 -0.16500987112522125
-0.01810384914278984 0.01537755224853754 0.03132977336645126 0.1616210788488388 -0.39781275391578674 -0.12624335289001465
-0.018301086500287056 0.016763264313340187 0.03482121601700783 -0.34587764739990234 -0.3820323348045349 -0.1805177927017212
-0.017526378855109215 0.016630467027425766 0.03830454871058464 -0.19800445437431335 -0.6953589916229248 -0.16860418021678925
-0.01858552359044552 0.015779098495841026 0.026091158390045166 0.1169731467962265 -0.3495903015136719 -0.13818524777889252
-0.018632467836141586 0.015355298295617104 0.026104366406798363 0.2167862206697464 -0.40664446353912354 -0.13291801512241364
-0.018458301201462746 0.015324325300753117 0.026931945234537125 0.15933087468147278 -0.5157744288444519 -0.14550139009952545
-0.016655119135975838 0.015513459220528603 0.02717224694788456 0.047392141073942184 -1.1259063482284546 -0.2107807993888855
-0.01844886690378189 0.01713070087134838 0.041356466710567474 -0.4952771067619324 -0.3373928368091583 -0.2193165421485901
-0.016769662499427795 0.015401054173707962 0.03602822870016098 0.20291264355182648 -0.980462372303009 -0.15561950206756592
-0.018253860995173454 0.015181322582066059 0.042153388261795044 0.20583626627922058 -0.3501723110675812 -0.11945027858018875
-0.016412999480962753 0.015171654522418976 0.04768015071749687 0.1439998596906662 -0.9981958270072937 -0.18435589969158173
-0.016309639438986778 0.015140300616621971 0.05027524381875992 0.09618467837572098 -0.8887354731559753 -0.1807604730129242
-0.016492001712322235 0.015152194537222385 0.03250810131430626 0.042791832238435745 -0.7814254760742188 -0.17793770134449005
-0.016451342031359673 0.015137902460992336 0.03297092020511627 0.016247205436229706 -0.7152709364891052 -0.17809326946735382
-0.016185760498046875 0.01720505580306053 0.033080995082855225 -0.6664588451385498 -0.7297855019569397 -0.3114057183265686
-0.01733763888478279 0.015441691502928734 0.046359091997146606 0.06639928370714188 -0.23299452662467957 -0.18078137934207916
-0.017104625701904297 0.016255855560302734 0.05048858001828194 -0.23043160140514374 -0.36237677931785583 -0.2170940488576889
-0.01664099656045437 0.015251264907419682 0.033542461693286896 0.14656737446784973 -0.6481301784515381 -0.18491417169570923
-0.01808428019285202 0.015237000770866871 0.03538154438138008 0.10699209570884705 -0.2676747143268585 -0.19109763205051422
-0.016613485291600227 0.016241125762462616 0.041496966034173965 -0.28443053364753723 -0.8358473181724548 -0.22168676555156708
-0.01654309406876564 0.015412439592182636 0.044393401592969894 -0.02818395011126995 -0.789795458316803 -0.22338981926441193
-0.01847587712109089 0.015394621528685093 0.029552457854151726 -0.0503365620970726 -0.2974099814891815 -0.20134788751602173
-0.01849636808037758 0.017107918858528137 0.03093733824789524 -0.537580668926239 -0.37519189715385437 -0.21215111017227173
-0.018023870885372162 0.015242969617247581 0.0390273816883564 0.10950779914855957 -0.5510538816452026 -0.2093883454799652
-0.017582876607775688 0.01564926654100418 0.04082738235592842 -0.06467313319444656 -0.6953194737434387 -0.21322457492351532
-0.01685613952577114 0.015408694744110107 0.024809928610920906 -0.011448577977716923 -0.9445500373840332 -0.21042576432228088
-0.017451517283916473 0.015404154546558857 0.026340877637267113 -0.03452737629413605 -0.6777076125144958 -0.20791606605052948
-0.017443658784031868 0.01539752446115017 0.02611769549548626 -0.05212709680199623 -0.6635679602622986 -0.20895640552043915
-0.017647290602326393 0.016055433079600334 0.026004886254668236 -0.26088523864746094 -0.586857259273529 -0.2305578589439392
-0.017430927604436874 0.015633443370461464 0.026631733402609825 -0.09805592894554138 -0.6532533168792725 -0.21495012938976288
-0.018650386482477188 0.015409599058330059 0.016111215576529503 -0.03940815106034279 -0.3140757381916046 -0.21024055778980255
-0.016910851001739502 0.01539855170994997 0.01895512267947197 -0.05792038142681122 -0.8982012271881104 -0.21443770825862885
-0.01687968708574772 0.015392147935926914 0.018978087231516838 -0.07132822275161743 -0.8220654129981995 -0.21681256592273712
-0.01880829967558384 0.012962441891431808 0.021198993548750877 0.6312516927719116 -0.18044428527355194 -0.12069430202245712
-0.01931518316268921 0.01378550473600626 0.01777312532067299 0.18075917661190033 -0.14783325791358948 -0.14160923659801483
-0.018012626096606255 0.013739978894591331 0.02087811753153801 0.11040028929710388 -0.6396212577819824 -0.2035624235868454
-0.01910686492919922 0.013031454756855965 0.02162165939807892 0.24513843655586243 -0.2984168529510498 -0.16029173135757446
-0.018912065774202347 0.012990199029445648 0.02227191999554634 0.1487322449684143 -0.42948564887046814 -0.17658716440200806
-0.01804024912416935 0.012967427261173725 0.02232588455080986 0.07520872354507446 -0.7252174615859985 -0.21912294626235962
-0.019178155809640884 0.013697593472898006 0.014979168772697449 -0.1867075264453888 -0.3671213984489441 -0.17812833189964294
-0.0182375218719244 0.013674731366336346 0.016030436381697655 -0.1788610965013504 -0.7442207336425781 -0.20804236829280853
0.0 0.0 0.0 0.0 0.0 0.0
-0.0010564221302047372 -0.0014499608660116792 0.07338657975196838 -0.29097285866737366 0.6452922821044922 -8.185854676412418e-05
-0.0012105397181585431 -0.00048552348744124174 0.027538171038031578 -5.2425312995910645 -1.2206462621688843 -0.0392354317009449
-0.0018299672519788146 -0.0024728840216994286 0.04601941630244255 -0.47280290722846985 -1.5068721771240234 0.039794135838747025
-0.0017182356677949429 -0.0021259309723973274 0.05067547410726547 -4.491936206817627 -3.6518466472625732 -0.09500680863857269
-0.0012760615209117532 -0.0012927086791023612 0.04474703222513199 -7.166133403778076 -5.076289653778076 -0.2844865322113037
-0.0005942077841609716 -0.002078251913189888 0.04924570769071579 -4.400508403778076 -6.928565502166748 -0.062423188239336014
-0.0017754463478922844 -0.00225584558211267 0.03848738595843315 -3.1009535789489746 -1.591685175895691 -0.013606480322778225
-0.0016611847095191479 -0.001175466924905777 0.03969645872712135 -6.2867960929870605 -2.568681001663208 -0.1898377537727356
-0.0009265837143175304 -0.001273593632504344 0.04210491478443146 -4.950826168060303 -4.483888149261475 -0.10157111287117004
-0.001049353857524693 -0.0015908438945189118 0.044040948152542114 -3.6225900650024414 -3.4772839546203613 -0.017942702397704124
-0.001910039340145886 -0.0019293604418635368 0.029286816716194153 -2.6664488315582275 -1.3998574018478394 -0.004882374778389931
-0.0003968130040448159 -0.0026969441678375006 0.0313570611178875 -1.3334015607833862 -4.406815052032471 0.11849772185087204
-0.0007812324911355972 -0.002091052010655403 0.03607136011123657 -2.734541416168213 -2.7825865745544434 0.02713075466454029
-0.0015300028026103973 -0.0009816201636567712 0.03576718270778656 -4.448296546936035 -1.2874150276184082 -0.0315609946846962
-0.0017284589121118188 -0.0006626167451031506 0.0363585539162159 -4.062671661376953 -1.131615400314331 -0.019021769985556602
-0.0023101181723177433 -0.0011843489482998848 0.02469523809850216 -3.0331244468688965 -0.9124211072921753 -0.00571826659142971
-0.003271596971899271 -0.0013330283109098673 0.02301659807562828 -2.3811309337615967 0.19644129276275635 -0.00830940529704094
-0.0024021451827138662 -0.0012481727171689272 0.026634398847818375 -1.9984513521194458 -1.4792677164077759 -0.03469149395823479
-0.0009509834926575422 -0.0026746110524982214 0.022501910105347633 -0.22718645632266998 -3.5232651233673096 -0.06914640218019485
-0.0009453081293031573 -0.0030653581488877535 0.01738741062581539 -0.5425053834915161 -2.9340572357177734 -0.0566711500287056
-0.0017545049777254462 -0.0011074267094954848 0.026197489351034164 -2.6554126739501953 -0.9012113809585571 0.026113780215382576
-0.0013776348205283284 -0.0019598982762545347 0.03348047658801079 -0.5415166020393372 -1.0108317136764526 0.009992892853915691
0.00018185831140726805 -0.0009016358526423573 0.03961534425616264 -1.6994853019714355 -2.576526403427124 -0.08987563103437424
0.0005633808323182166 -0.001455389428883791 0.04373469576239586 -0.6767325401306152 -2.20225191116333 -0.05352050065994263
-0.0013934698654338717 -0.0023153892252594233 0.030108120292425156 -0.7838834524154663 -0.4813770353794098 0.08253971487283707
-0.0005903573473915458 -0.001303846132941544 0.03421955928206444 -1.6981194019317627 -1.3011720180511475 0.024918928742408752
-0.0013306279433891177 -0.0006143412319943309 0.03306876868009567 -2.164349317550659 -0.5962031483650208 0.10063683986663818
-0.00018680529319681227 -0.0011407540878280997 0.042766399681568146 -0.8288425803184509 -1.3099970817565918 -0.006293528713285923
-0.000524889852385968 -0.0008015107596293092 0.02882901392877102 -1.8589142560958862 -1.5102335214614868 0.014111743308603764
0.00015808423631824553 -0.0019805170595645905 0.0334983691573143 -0.35835450887680054 -1.6523475646972656 -0.04231806844472885
0.00033608695957809687 -0.0017811155412346125 0.03550354763865471 -0.6307722330093384 -1.4646894931793213 -0.021433411166071892
0.00041615471127443016 -0.0019910673145204782 0.03590170294046402 -0.5551282167434692 -1.3161790370941162 -0.00978457648307085
-0.0009208433912135661 -0.0019741333089768887 0.03708573058247566 -0.6264302134513855 -0.17522203922271729 0.11982828378677368
-3.3339205401716754e-05 -0.0024079694412648678 0.02903258427977562 -0.6831111311912537 -1.315055251121521 -0.014449582435190678
2.6437017368152738e-05 -0.0011535019148141146 0.0294223390519619 -1.5631539821624756 -1.18900728225708 0.042490530759096146
-0.0016603427939116955 -0.0006092149415053427 0.031122583895921707 -1.5958964824676514 0.09016868472099304 0.1847413182258606
0.0009625728707760572 -0.0002852511534001678 0.048435136675834656 -1.0579683780670166 -1.3779491186141968 -0.0029300933238118887
0.00028627068968489766 0.001299938652664423 0.03132590651512146 -2.398240089416504 -1.2402019500732422 0.0911608412861824
0.0009334463393315673 0.002455107169225812 0.028238030150532722 -2.605592727661133 -1.5500357151031494 0.07630081474781036
0.00048664314090274274 0.0027484565507620573 0.043655119836330414 -1.6892449855804443 -0.6405026316642761 0.07827706634998322
0.00013520431821234524 0.0022114973980933428 0.04493764042854309 -0.9991653561592102 -0.45124906301498413 0.042311765253543854
0.0019438082817941904 0.0023483007680624723 0.04965803027153015 -0.8269088268280029 -1.4448788166046143 -0.024524107575416565
0.0013303066371008754 0.0012178299948573112 0.03228462114930153 -0.6777576804161072 -1.2499667406082153 -0.01760932244360447
0.001561347278766334 0.0031447173096239567 0.035952128469944 -1.5565053224563599 -1.1182197332382202 0.0366920530796051
0.0016984404064714909 0.003393572522327304 0.03790692985057831 -1.3078727722167969 -1.0106234550476074 0.034595806151628494
0.00017499866953585297 0.002553557278588414 0.04101328179240227 -0.5483975410461426 -0.07142961770296097 0.06389948725700378
-0.0005202908650971949 0.0016629950841888785 0.027413908392190933 -0.4894026517868042 -0.1847543716430664 0.04948674142360687
-0.0005016490467824042 0.0029520972166210413 0.029945777729153633 -1.0578418970108032 -0.2996111214160919 0.09254626929759979
-0.00047019333578646183 0.0017041678074747324 0.03305214270949364 -0.19547995924949646 -0.37901797890663147 -0.011997438035905361
-0.0005320296622812748 0.0012478763237595558 0.032515283674001694 -0.08713605999946594 -0.4426973760128021 -0.0326017402112484
-0.0007644626894034445 0.0018960769521072507 0.023582659661769867 -0.7115299105644226 -0.5018394589424133 0.031481076031923294
0.0007273753290064633 0.0012028847122564912 0.024015869945287704 -0.30194029211997986 -1.2211745977401733 -0.11470653861761093
-0.0005281635676510632 0.0015042900340631604 0.03112146072089672 -0.34129512310028076 -0.39379414916038513 0.007773782126605511
-0.000550877652131021 0.0028461499605327845 0.03231189772486687 -0.9496241807937622 -0.4524524211883545 0.05820389464497566
0.000998697243630886 0.0026974899228662252 0.03662062808871269 -0.6549704670906067 -1.1465822458267212 -0.06964986771345139
-0.000337715056957677 0.0013179703382775187 0.0287549439817667 -0.10175341367721558 -0.4475747346878052 -0.01821165531873703
0.0010601937538012862 0.00335412728600204 0.03562016040086746 -0.9837796092033386 -1.0453240871429443 -0.03086504340171814
-0.00011987657489953563 0.0021565179340541363 0.04829496890306473 -0.1295350044965744 -0.3046908974647522 0.0018064097966998816
-0.00012162931670900434 0.0027532533276826143 0.0517561212182045 -0.4292129576206207 -0.3703245222568512 0.019538193941116333
0.0013271630741655827 0.0015305457636713982 0.035096704959869385 -0.0902949869632721 -1.119091510772705 -0.1176539808511734
0.0009565285872668028 0.0027576591819524765 0.0404023677110672 -0.625933051109314 -0.7465465664863586 -0.02386290952563286
0.0016179053345695138 0.0018892615335062146 0.043080948293209076 -0.17649391293525696 -0.9286145567893982 -0.080050028860569
0.0011335521703585982 0.002298487350344658 0.045843325555324554 -0.36914685368537903 -0.6172842383384705 -0.02216823399066925
0.0017524994909763336 0.0017318156315013766 0.047458503395318985 -0.14169704914093018 -0.8212432861328125 -0.06929366290569305
0.00047289690701290965 0.00123071379493922 0.030276037752628326 -0.1168707087635994 -0.36910900473594666 -0.0033815952483564615
0.001473575015552342 0.002196278190240264 0.03371073678135872 -0.5412299633026123 -0.7872769832611084 -0.038184475153684616
0.001517823082394898 0.0022327073384076357 0.03418032079935074 -0.4871126413345337 -0.7276788353919983 -0.03284774348139763
0.0015555331483483315 0.0020742237102240324 0.03471451252698898 -0.36887434124946594 -0.6786436438560486 -0.03448306396603584
0.0009374908404424787 0.0021607419475913048 0.02115030027925968 -0.42170339822769165 -0.4775170087814331 -0.005621721036732197
-0.0004267778422217816 0.001604115474037826 0.019553368911147118 -0.1629306674003601 0.04425402730703354 0.04365057498216629
-0.0004921827930957079 0.0032940125092864037 0.02237618714570999 -0.8799967169761658 -0.09375335276126862 0.09716661274433136
4.314688703743741e-05 0.003058989765122533 0.026957876980304718 -0.5884867906570435 -0.41890278458595276 0.02510363981127739
0.001137322629801929 0.002919781254604459 0.026790304109454155 -0.4357878565788269 -0.8969420194625854 -0.044559359550476074
0.0011250351089984179 0.0033941424917429686 0.01675451546907425 -0.6062057018280029 -0.815593421459198 -0.02271999418735504
-0.0004500427166931331 0.003504727268591523 0.01983170211315155 -0.5255301594734192 -0.06727319955825806 0.05037562921643257
-0.0005233947886154056 0.0026556295342743397 0.020841877907514572 -0.0855262279510498 -0.1753527671098709 -0.0023485892452299595
-0.0005947151803411543 0.0018794876523315907 0.01905776560306549 0.1738208830356598 -0.2631528377532959 -0.03740624710917473
-0.0006668028654530644 0.001746160676702857 0.012252671644091606 0.06822793185710907 -0.3334517776966095 -0.03593716770410538
0.000927168526686728 0.0031506018713116646 0.014775358140468597 -0.600416362285614 -1.0387916564941406 -0.0729498341679573
-0.0003964921925216913 0.0025453537236899137 0.02448113262653351 -0.21575213968753815 -0.3243066966533661 -0.009942859411239624
-0.0006216772017069161 0.0016234738286584616 0.023941917344927788 0.14113731682300568 -0.29182150959968567 -0.037644222378730774
-0.0006679495563730597 0.0022843489423394203 0.027107132598757744 -0.24252626299858093 -0.34089910984039307 -0.011582152917981148
-0.0007151036406867206 0.001710620243102312 0.01705022156238556 -0.03203009441494942 -0.38369351625442505 -0.036506302654743195
-0.0007482287473976612 0.0016649895114824176 0.016724487766623497 -0.0837036669254303 -0.4102000892162323 -0.03732334077358246
-0.000776042346842587 0.0016294649103656411 0.016315048560500145 -0.12264048308134079 -0.4283169209957123 -0.03807997703552246
0.0008433246985077858 0.002320138970389962 0.015689894556999207 -0.43775784969329834 -1.0852235555648804 -0.10424257814884186
0.0009527154034003615 0.0014525848673656583 0.012565270066261292 -0.031244289129972458 -0.9346644878387451 -0.10630600899457932
-2.568847958173137e-05 0.00212683342397213 0.01607104018330574 -0.36029669642448425 -0.4055774509906769 -0.02669685147702694
-0.000598549610003829 0.0027040275745093822 0.014256343245506287 -0.5415828824043274 -0.20675012469291687 0.006370084825903177
-0.000646761734969914 0.0024056879337877035 0.015702813863754272 -0.32467254996299744 -0.26917576789855957 -0.014165129512548447
-0.000696226314175874 0.0024297358468174934 0.015593611635267735 -0.30212628841400146 -0.314242422580719 -0.02022131346166134
0.0008635969134047627 0.0031501627527177334 0.010373170487582684 -0.5607408881187439 -0.9742066860198975 -0.06736212968826294
0.0009777327068150043 0.003404078772291541 0.011125500313937664 -0.5462625622749329 -0.8474155068397522 -0.05739853158593178
0.001067170174792409 0.003481529885903001 0.011560349725186825 -0.46658816933631897 -0.7492838501930237 -0.053460486233234406
0.00044273026287555695 0.0028482277411967516 0.01300150528550148 -0.1329023241996765 -0.4016822278499603 -0.03883238136768341
-0.0005412839818745852 0.0022437272127717733 0.005937077105045319 0.06495567411184311 -0.059108179062604904 -0.019450949504971504
0.0006778792594559491 0.003293985268101096 0.013065874576568604 -0.416325181722641 -0.6276847720146179 -0.04519489407539368
-0.000473412947030738 0.0017856273334473372 0.01714477874338627 0.24651755392551422 -0.10242673009634018 -0.03609228506684303
0.0004197446396574378 0.00349621893838048 0.028707748278975487 -0.5363700985908508 -0.5149428844451904 -0.026375247165560722
-0.0003773525822907686 0.002026718808338046 0.03674091771245003 0.15402911603450775 -0.153794065117836 -0.03957567736506462
-0.0005449239979498088 0.002410693559795618 0.02587786875665188 -0.1338711977005005 -0.2197161167860031 -0.02302345260977745
-5.7863016991177574e-05 0.0031115973833948374 0.02696370705962181 -0.4188078045845032 -0.4684654176235199 -0.029704444110393524
-0.0005662068142555654 0.001922017429023981 0.030947308987379074 0.09768170863389969 -0.2560614347457886 -0.047374848276376724
0.0010443080682307482 0.0033022547140717506 0.03795018792152405 -0.5053116083145142 -0.8893705606460571 -0.06863463670015335
0.0011152259539812803 0.0033596912398934364 0.02559541165828705 -0.4372742772102356 -0.7847398519515991 -0.06297481060028076
0.0012187038082629442 0.002503687283024192 0.02777671068906784 -0.05811316892504692 -0.697573184967041 -0.06954144686460495
-0.00017741412739269435 0.0026715470012277365 0.030423250049352646 -0.16244539618492126 -0.12095506489276886 -0.01867687702178955
0.0013002646155655384 0.0019397581927478313 0.03731898218393326 0.0798448696732521 -0.714960515499115 -0.0818878784775734
0.0001516820484539494 0.00357686635106802 0.046293821185827255 -0.5640945434570312 -0.20867279171943665 -0.008548527956008911
-0.0004277797706890851 0.0019855701830238104 0.0351434201002121 0.09519191086292267 -0.13083770871162415 -0.03714213892817497
0.0008556066895835102 0.0019319718703627586 0.03981943801045418 0.022813089191913605 -0.6538217067718506 -0.07941028475761414
-0.00039448554161936045 0.0017045832937583327 0.04415309429168701 0.03619672730565071 -0.15915311872959137 -0.03366396203637123
-0.0004732584347948432 0.0022238953970372677 0.04678141325712204 -0.20506325364112854 -0.23000983893871307 -0.026015304028987885
-0.0006191874854266644 0.0036386640276759863 0.02825910970568657 -0.6288877725601196 -0.2894153892993927 -0.004528991878032684
0.0011324104852974415 0.002402027603238821 0.035612523555755615 -0.08410609513521194 -0.8572927117347717 -0.07767315208911896
-0.0004565540293697268 0.002041140105575323 0.04527338594198227 0.009451819583773613 -0.18817922472953796 -0.034796036779880524
0.001291853841394186 0.002408789936453104 0.051125623285770416 -0.16376230120658875 -0.7954832315444946 -0.07478044927120209
0.0004509169375523925 0.003011304885149002 0.057479292154312134 -0.35724762082099915 -0.37419262528419495 -0.03729037567973137
0.0012593737337738276 0.001852870569564402 0.03916257992386818 0.0801151841878891 -0.675967812538147 -0.07459472864866257
0.0004074280441273004 0.0033799472730606794 0.04509013891220093 -0.5060436725616455 -0.27054208517074585 -0.027708914130926132
-0.00039150798693299294 0.003644367912784219 0.045004770159721375 -0.48633137345314026 -0.021226519718766212 -0.012277346104383469
-0.0004114390176255256 0.002563284244388342 0.049707792699337006 -0.0021792964544147253 -0.10047759860754013 -0.04434977471828461
-0.000605434353929013 0.0018272213637828827 0.0305840652436018 0.1804000735282898 -0.16699258983135223 -0.059191975742578506
-5.1856113714165986e-05 0.0017780658090487123 0.03150874003767967 0.09622883796691895 -0.4159475564956665 -0.0721946582198143
0.0003530957910697907 0.002902456559240818 0.033027566969394684 -0.37494543194770813 -0.5376246571540833 -0.05475853756070137
0.0009850726928561926 0.0015889452770352364 0.03562350943684578 0.15408147871494293 -0.6979885101318359 -0.09109992533922195
-0.0004351029347162694 0.0029062980320304632 0.04495644569396973 -0.3996661305427551 -0.07069981843233109 -0.0235903263092041
-0.0006132234702818096 0.001793267554603517 0.03101530857384205 0.05817914009094238 -0.12680572271347046 -0.0508810356259346
-0.000641454360447824 0.0036833665799349546 0.034086909145116806 -0.6767725944519043 -0.18169330060482025 -0.010940905660390854
-0.0006573727587237954 0.002642216859385371 0.04051044583320618 -0.14470869302749634 -0.21730072796344757 -0.04467961564660072
-0.00010576778731774539 0.002448813524097204 0.04115752503275871 -0.0789768397808075 -0.45246511697769165 -0.06176900491118431
-0.0006998018361628056 0.001984621398150921 0.02593083307147026 0.04705400764942169 -0.23353701829910278 -0.057348914444446564
0.0011305445805191994 0.0017518087988719344 0.02624541148543358 0.06078675389289856 -0.7229732275009155 -0.08483754843473434
0.001218021148815751 0.003358247224241495 0.029161186888813972 -0.431177020072937 -0.6240736842155457 -0.06471287459135056
-0.0005332796717993915 0.0038256864063441753 0.033117301762104034 -0.46821558475494385 -0.010692927986383438 -0.03351897373795509
-0.0005701298359781504 0.0038937379140406847 0.034734874963760376 -0.37617674469947815 -0.07735342532396317 -0.041059039533138275
-0.0006747515872120857 0.002440430922433734 0.023243049159646034 0.14377690851688385 -0.12952445447444916 -0.06977402418851852
0.0007227286696434021 0.002829503733664751 0.02546083927154541 -0.043313540518283844 -0.6180275678634644 -0.08292314410209656
0.00036714680027216673 0.003038632683455944 0.026883339509367943 -0.12196338921785355 -0.4115738868713379 -0.06763386726379395
-0.0006391228525899351 0.0020274354610592127 0.027279367670416832 0.21348978579044342 -0.05473640561103821 -0.06290426850318909
0.0003152902063447982 0.002984049031510949 0.02060665935277939 -0.1985432654619217 -0.44640201330184937 -0.06959760189056396
-0.0006911181844770908 0.0038217445835471153 0.020437387749552727 -0.43927034735679626 -0.07978207617998123 -0.03743031248450279
-9.807743481360376e-05 0.0032765886280685663 0.022921865805983543 -0.15719543397426605 -0.3294256627559662 -0.06502746045589447
-9.902962483465672e-05 0.0039052176289260387 0.02250223234295845 -0.3400576412677765 -0.3210979998111725 -0.05677082762122154
0.0003328067250549793 0.0008985085296444595 0.026674699038267136 0.7119776606559753 -0.4462120831012726 -0.10862231254577637
0.00017668296641204506 0.002998232375830412 0.02998972497880459 -0.19205278158187866 -0.34729456901550293 -0.06983412057161331
-0.0004424781945999712 0.0034289653412997723 0.02967698499560356 -0.3009280562400818 -0.13395698368549347 -0.051814451813697815
0.0012216807808727026 0.001805631909519434 0.03494688495993614 0.2815558612346649 -0.6998773813247681 -0.1084652692079544
-0.0005334594752639532 0.002408787375316024 0.044102441519498825 -0.0075229317881166935 -0.013535977341234684 -0.05316155031323433
-0.0006920812302269042 0.0030262365471571684 0.028752507641911507 -0.23643071949481964 -0.07091482728719711 -0.04664841666817665
0.0011931175831705332 0.0019867420196533203 0.03257552906870842 0.1294095665216446 -0.7169532179832458 -0.10207560658454895
0.0012519320007413626 0.0019553627353161573 0.033855076879262924 0.07643856108188629 -0.6103725433349609 -0.09494581073522568
-0.0005815288750454783 0.0025704142171889544 0.0384954959154129 -0.16082702577114105 0.056488510221242905 -0.0460929349064827
-0.00039347581332549453 0.001929580932483077 0.04137285053730011 0.05443314090371132 -0.09242425858974457 -0.06436176598072052
-0.0007391580729745328 0.0021631710696965456 0.02567000314593315 -0.04621695354580879 -0.07387714833021164 -0.05920090898871422
-0.0007679645786993206 0.001938033034093678 0.025554616004228592 0.01001161988824606 -0.12650802731513977 -0.06671997159719467
-0.0007891061250120401 0.0021393371280282736 0.02540087141096592 -0.07666496187448502 -0.1665111780166626 -0.06499635428190231
-0.0008065741858445108 0.0027912564110010862 0.024857496842741966 -0.2736426889896393 -0.19753433763980865 -0.056084681302309036
-0.0008234910783357918 0.0030599406454712152 0.014803486876189709 -0.29398396611213684 -0.22829711437225342 -0.05630689486861229
0.00024218829639721662 0.0039443024434149265 0.013017048127949238 -0.4982447624206543 -0.5633101463317871 -0.05777375400066376
-0.0007968858699314296 0.0027186376973986626 0.018983731046319008 -0.024293582886457443 -0.18274356424808502 -0.06463140994310379
-0.0008159789140336215 0.002492767758667469 0.01833636313676834 0.021802255883812904 -0.21235871315002441 -0.06856217235326767
0.0011140157002955675 0.0031365936156362295 0.02030920423567295 -0.20093493163585663 -0.803861141204834 -0.08068158477544785
0.00011106468446087092 0.0031511145643889904 0.016272859647870064 -0.17739084362983704 -0.36242586374282837 -0.06763818860054016
-0.00010172428301302716 0.004040069412440062 0.015483099967241287 -0.40808945894241333 -0.2824201285839081 -0.061188891530036926
-0.0007604717975482345 0.002771223895251751 0.01758197508752346 0.04493493586778641 -0.09707586467266083 -0.06614640355110168
-0.0006324785063043237 0.002264303620904684 0.016490789130330086 0.24393276870250702 -0.1495867222547531 -0.0732845887541771
-9.312549809692428e-05 0.002403845312073827 0.012501202523708344 0.029223205521702766 -0.4224722981452942 -0.0779094398021698
0.0007266398170031607 0.002029967727139592 0.010521924123167992 0.10777082294225693 -0.6859228014945984 -0.09171102941036224
-0.00032196834217756987 0.0033454159274697304 0.017902091145515442 -0.5041807293891907 -0.09178987145423889 -0.057406336069107056
0.0007823587511666119 0.002216949127614498 0.028075428679585457 0.09714550524950027 -0.5791670680046082 -0.08545374125242233
0.0002979355922434479 0.0026146552991122007 0.03229164704680443 -0.15283632278442383 -0.2463923692703247 -0.07232251763343811
-0.0004518898786045611 0.0021569845266640186 0.019862158223986626 0.04193025082349777 0.023466866463422775 -0.06524727493524551
0.0009099561139009893 0.002252906793728471 0.024317393079400063 -0.06742408871650696 -0.6377003192901611 -0.0880386158823967
0.0004165318969171494 0.0009607984102331102 0.0272214375436306 0.44721874594688416 -0.2787575423717499 -0.08053372800350189
-0.0002884451241698116 0.0023090792819857597 0.03657989576458931 -0.35312819480895996 0.05927317962050438 -0.04795775189995766
-0.000502133509144187 0.002448525046929717 0.02424498461186886 -0.3199198544025421 -0.011179755441844463 -0.05267241969704628
-9.732969192555174e-05 0.0031371216755360365 0.024258900433778763 -0.5444390177726746 -0.27374911308288574 -0.05204654857516289
-0.000555058941245079 0.002132178284227848 0.029163196682929993 0.022920863702893257 -0.06577624380588531 -0.07194896787405014
0.00020381284411996603 0.0028888399247080088 0.03253062069416046 -0.3542219400405884 -0.45062702894210815 -0.06366327404975891
0.0009096088469959795 0.002144580939784646 0.0333806611597538 0.03590956702828407 -0.6750395894050598 -0.07709501683712006
0.000980052282102406 0.0020785287488251925 0.02155306190252304 0.002343558706343174 -0.576380729675293 -0.07534149289131165
-5.0482223741710186e-05 0.0025335755199193954 0.024239515885710716 -0.2344062328338623 -0.032062120735645294 -0.06126531958580017
-0.00028108913102187216 0.00240149418823421 0.024333927780389786 -0.145185187458992 -0.019557762891054153 -0.0618307963013649
-1.6817723007989116e-05 0.002730561885982752 0.025520581752061844 -0.27683666348457336 -0.21230915188789368 -0.06152339279651642
-0.0004114251059945673 0.0021043012384325266 0.016618644818663597 0.025779156014323235 -0.0913543701171875 -0.06995248049497604
0.000705051061231643 0.0035510396119207144 0.019612552598118782 -0.6181023120880127 -0.6019973754882812 -0.0581962913274765
0.0009854251984506845 0.0027041675057262182 0.024198047816753387 -0.1034306064248085 -0.5887081027030945 -0.06656298786401749
-0.0003985175280831754 0.0030590971000492573 0.028761472553014755 -0.2507529556751251 0.08964511752128601 -0.06296830624341965
0.0010652743512764573 0.002287451410666108 0.036638543009757996 0.10596530884504318 -0.5964308977127075 -0.07411671429872513
-0.0004135082708671689 0.003029503393918276 0.02879265323281288 -0.2814132571220398 0.08012498170137405 -0.058842357248067856
-0.0004997457726858556 0.0029029352590441704 0.029892506077885628 -0.18029624223709106 -0.001933071413077414 -0.06393243372440338
-0.000563603185582906 0.0025749560445547104 0.03052956983447075 -0.03732737898826599 -0.06793157011270523 -0.07071644812822342
-0.0006166688399389386 0.0027289739809930325 0.031214242801070213 -0.12858866155147552 -0.1194164976477623 -0.0665399506688118
0.0001974126062123105 0.0026761717163026333 0.020077237859368324 -0.13078199326992035 -0.4957089126110077 -0.07394386827945709
-0.0004455367452464998 0.002685025567188859 0.02159969136118889 -0.1320309191942215 -0.1778525561094284 -0.06955994665622711
0.000917629455216229 0.003728280309587717 0.022158818319439888 -0.5269280076026917 -0.7243862748146057 -0.07095970213413239
-0.0004856992163695395 0.002510546939447522 0.03491629287600517 0.08948694914579391 -0.03325926139950752 -0.07353236526250839
0.0010460722260177135 0.0023158397525548935 0.040337856858968735 0.09692183881998062 -0.6810311675071716 -0.08202585577964783
-0.00045637416769750416 0.0020324434153735638 0.03001897782087326 0.10446066409349442 0.0015681362710893154 -0.06778661906719208
0.001083844224922359 0.0018046306213364005 0.034649718552827835 0.112677663564682 -0.6523208022117615 -0.08817707002162933
0.0011817318154498935 0.001741077983751893 0.03600131347775459 0.05359156057238579 -0.559344470500946 -0.08400930464267731
0.0012707335408776999 0.003654022002592683 0.03808337077498436 -0.7059219479560852 -0.4884944558143616 -0.09305132180452347
0.0003626589896157384 0.0029381809290498495 0.03028806857764721 -0.25620537996292114 -0.1046677976846695 -0.08095411956310272
0.0012459801509976387 0.002257294487208128 0.032841820269823074 0.03328874334692955 -0.47137901186943054 -0.08346191048622131
0.0004213547508697957 0.002768552163615823 0.035108182579278946 -0.20094607770442963 -0.10060703754425049 -0.07956957072019577
0.00037966042873449624 0.0027868016622960567 0.03574690967798233 -0.18205848336219788 -0.14117170870304108 -0.07933511584997177
0.0005311152199283242 0.003161617089062929 0.03641938790678978 -0.29528555274009705 -0.23330198228359222 -0.08001533150672913
0.0011363662779331207 0.0022645408753305674 0.023698588833212852 0.06131977587938309 -0.4934406876564026 -0.08587341755628586
-0.00037690147291868925 0.0036849325988441706 0.029413163661956787 -0.49645793437957764 0.1333083212375641 -0.07405898720026016
-0.00044005733798258007 0.0025543358642607927 0.03463670611381531 0.027782587334513664 0.03768332675099373 -0.09108692407608032
0.0009548530215397477 0.003996371291577816 0.04172253981232643 -0.5228574872016907 -0.5331844687461853 -0.07691629976034164
0.0011807578848674893 0.002258043736219406 0.0314265713095665 0.18962712585926056 -0.5393643975257874 -0.08708988130092621
-0.0003381877613719553 0.00294522475451231 0.0381767675280571 -0.15327855944633484 0.09649350494146347 -0.07839037477970123
0.0012300028465688229 0.003698604414239526 0.04409036040306091 -0.4066630005836487 -0.5470689535140991 -0.08106905221939087
0.0005873008049093187 0.003237602300941944 0.049355313181877136 -0.15434108674526215 -0.20882266759872437 -0.08259682357311249
0.001285014906898141 0.0025127462577074766 0.05043250694870949 0.09649809449911118 -0.44340673089027405 -0.08249788731336594
-0.00043844259926117957 0.002145871054381132 0.03426911681890488 0.09834887832403183 0.19769486784934998 -0.07459993660449982
0.0011263382621109486 0.003913060761988163 0.043993379920721054 -0.5593344569206238 -0.44264501333236694 -0.07595811039209366
-0.0003891408268827945 0.0035297328140586615 0.05415588989853859 -0.2596578001976013 0.16385409235954285 -0.07913011312484741
0.00010012206621468067 0.0024677447509020567 0.05925684794783592 0.15019962191581726 -0.10046639293432236 -0.09326379001140594
-0.0005539001431316137 0.0024589598178863525 0.03938400372862816 0.04228391870856285 0.06274019926786423 -0.08868212252855301
0.0011115565430372953 0.003969146870076656 0.043084777891635895 -0.49708956480026245 -0.5617149472236633 -0.08287961781024933
-0.0004851429257541895 0.002405933104455471 0.05632681027054787 0.1763865351676941 0.11115054041147232 -0.09875673800706863
-0.0005423574475571513 0.0021730312146246433 0.057854246348142624 0.17451491951942444 0.049732282757759094 -0.10408774763345718
0.0009723063558340073 0.004076948389410973 0.0656876415014267 -0.5459206104278564 -0.5270229578018188 -0.0943896546959877
-0.000496139342430979 0.004128060303628445 0.047296613454818726 -0.4468391537666321 0.0717620998620987 -0.08858952671289444
0.0010333830723538995 0.004232002887874842 0.05078216642141342 -0.3651328682899475 -0.5104089379310608 -0.09023464471101761
-0.00044439113116823137 0.0031706076115369797 0.05762823298573494 0.08869703859090805 0.10583823919296265 -0.10918767750263214
0.001295061083510518 0.004211549647152424 0.06568711251020432 -0.3002884089946747 -0.5569413900375366 -0.10627385228872299
-0.0004341413441579789 0.002525579882785678 0.048175521194934845 0.28143802285194397 0.13902318477630615 -0.12500406801700592
-0.0004964715917594731 0.002493544714525342 0.04956255480647087 0.1811729371547699 0.08531831204891205 -0.13867564499378204
0.0012617383617907763 0.00425617815926671 0.05583307892084122 -0.4909389317035675 -0.5583975315093994 -0.15288525819778442
-0.00039946180186234415 0.0024254838936030865 0.0708913505077362 0.2623279392719269 0.1401999443769455 -0.25264614820480347
-0.00044835760490968823 0.002357071964070201 0.07360687106847763 0.16823433339595795 0.0857238918542862 -0.3314227759838104
0.0006581743364222348 0.0014108536997810006 0.0474119558930397 0.3580082952976227 -0.35761430859565735 -0.44097816944122314
0.001330893486738205 0.0021455432288348675 0.04915051907300949 -0.021351873874664307 -0.4989517033100128 -0.5335089564323425
0.0014225796330720186 0.004154643975198269 0.04884767532348633 -0.7105033993721008 -0.4145878851413727 -0.5933041572570801
-0.0002744666417129338 0.003240031423047185 0.05948636680841446 -0.23455564677715302 0.2355445772409439 -0.654380738735199
0.0005535461823455989 0.002840828849002719 0.04202316328883171 -0.07521358877420425 -0.16374275088310242 -0.7043986320495605
-0.000472096202429384 0.00429514842107892 0.04253511503338814 -0.5622773170471191 0.18681876361370087 -0.7230595946311951
0.0013297186233103275 0.00436696782708168 0.047154806554317474 -0.47049030661582947 -0.4633532166481018 -0.7418765425682068
0.0013959779171273112 0.004439335782080889 0.04831932485103607 -0.4007316529750824 -0.3673582673072815 -0.7500694394111633
0.001412878162227571 0.004486511927098036 0.04902365058660507 -0.33842211961746216 -0.2828872799873352 -0.7159837484359741
-0.0005283830687403679 0.004376932512968779 0.031474579125642776 -0.269909143447876 0.3797746002674103 -0.680413544178009
0.0012498971773311496 0.0026574842631816864 0.03743930160999298 0.33046436309814453 -0.31531327962875366 -0.6315788626670837
0.0006443765014410019 0.0013696515234187245 0.03493710979819298 0.603563129901886 -0.054373178631067276 -0.6021096110343933
-0.0005217501311562955 0.002296157879754901 0.042213328182697296 0.10687171667814255 0.33971208333969116 -0.5501553416252136
0.0011566209141165018 0.002804483287036419 0.031998295336961746 -0.15187273919582367 -0.3351042568683624 -0.5526171922683716
-0.0005719014443457127 0.002794025931507349 0.03523159772157669 -0.12807515263557434 0.310516893863678 -0.5120869874954224
-0.0006195646128617227 0.0023855746258050203 0.0357772633433342 0.010660733096301556 0.21264846622943878 -0.5277595520019531
-0.0006196710164658725 0.004147561267018318 0.0363621711730957 -0.5998774766921997 0.12283408641815186 -0.5455945730209351
0.0002802030649036169 0.0032461921218782663 0.042818523943424225 -0.16679084300994873 -0.24196183681488037 -0.6751465201377869
0.0011638838332146406 0.003804390551522374 0.025912312790751457 -0.34957826137542725 -0.476725310087204 -0.7997490763664246
-0.0005395939224399626 0.0025061219930648804 0.03297561779618263 0.15959936380386353 0.1977115273475647 -0.9334317445755005
-0.0005775275640189648 0.0042450022883713245 0.03800319507718086 -0.4906526803970337 0.14056596159934998 -0.993096113204956
-0.0005968938930891454 0.004121226258575916 0.039640337228775024 -0.34101516008377075 0.0895056203007698 -1.0789707899093628
-0.0006258581415750086 0.002347404370084405 0.026354651898145676 0.30559489130973816 0.039809588342905045 -1.1749792098999023
0.00048318406334146857 0.003018749412149191 0.029266754165291786 -0.049291569739580154 -0.3566586673259735 -1.1758304834365845
-0.00020350402337498963 0.0039566694758832455 0.03158405050635338 -0.36513713002204895 -0.026744352653622627 -1.1429530382156372
0.0010901940986514091 0.0023060410749167204 0.036005161702632904 0.2712365388870239 -0.48821213841438293 -1.1235142946243286
0.001218231744132936 0.002270378638058901 0.03822368383407593 0.16484211385250092 -0.3934277594089508 -1.0855531692504883
0.0006880384753458202 0.0025693783536553383 0.02584804780781269 -0.03496236726641655 -0.11715641617774963 -1.0443724393844604
-0.0020871481392532587 0.00787720549851656 0.022233184427022934 -1.7921017408370972 0.8518033027648926 -0.9402981400489807
-0.001625256147235632 0.008087740279734135 0.05147199332714081 -1.3032585382461548 0.42402786016464233 -0.9046846628189087
-0.002617314923554659 0.007551149465143681 0.06353273242712021 -0.6894469857215881 0.596000611782074 -0.9217593669891357
-0.0010173574555665255 0.008807363919913769 0.04871487244963646 -0.9747887253761292 -0.1342671811580658 -0.8042120933532715
-0.0025510815903544426 0.009193490259349346 0.05444973707199097 -0.7591305375099182 0.39285939931869507 -0.8528769016265869
-0.002279834123328328 0.009349764324724674 0.05745122209191322 -0.5279167890548706 0.14132219552993774 -0.8177861571311951
-0.00229380140081048 0.008831650950014591 0.05788787081837654 -0.21553052961826324 0.08576501160860062 -0.8395801186561584
-0.0027304107788950205 0.00970165804028511 0.061031632125377655 -0.4085295796394348 0.18997502326965332 -0.852645754814148
-0.0024496782571077347 0.008314128033816814 0.0402182936668396 -0.10329972952604294 0.12233493477106094 -0.86602383852005
-0.002457285299897194 0.008089127019047737 0.0396881103515625 -0.037337638437747955 0.08332200348377228 -0.8604966402053833
-0.0026428578421473503 0.008076091296970844 0.03972230106592178 -0.036722391843795776 0.10795305669307709 -0.8332493901252747
-0.0026395833119750023 0.007282888051122427 0.03846701234579086 0.1923450231552124 0.06043321639299393 -0.8211552500724792
-0.0005077524110674858 0.00772876525297761 0.026024622842669487 -0.19926291704177856 -0.6133675575256348 -0.8180921077728271
-0.0018933180253952742 0.008031758479773998 0.03311890736222267 -0.17524589598178864 -0.007524523418396711 -0.8673070669174194
-0.0022986724507063627 0.007481207139790058 0.032827313989400864 0.03196876868605614 0.14382867515087128 -0.9414466619491577
-0.002329691546037793 0.008686595596373081 0.03427755832672119 -0.40593814849853516 0.11397330462932587 -1.0076904296875
-0.0007246144814416766 0.00752188079059124 0.039837345480918884 0.12215781956911087 -0.5016883611679077 -1.0891755819320679
-0.0022351453080773354 0.008713257499039173 0.033880893141031265 -0.400486558675766 0.20823560655117035 -1.1032651662826538
-0.0017322704661637545 0.007860166020691395 0.03755919635295868 0.013271929696202278 -0.05195440724492073 -1.1193441152572632
-0.0022783991880714893 0.009017768315970898 0.03925690799951553 -0.4011213183403015 0.1538171023130417 -1.1098531484603882
-0.0023702990729361773 0.007490415591746569 0.044194065034389496 0.26612597703933716 0.11748944222927094 -1.119371771812439
-0.0007866657106205821 0.008089990355074406 0.031281981617212296 -0.140201598405838 -0.4469437897205353 -1.1274875402450562
-0.0024289635475724936 0.00878964178264141 0.03683741018176079 -0.31943172216415405 0.2564530372619629 -1.1217843294143677
-0.0024714551400393248 0.008664672262966633 0.03789037838578224 -0.20201139152050018 0.19542422890663147 -1.1286225318908691
-0.0006177006289362907 0.00889375526458025 0.04088222607970238 -0.250106543302536 -0.5199910998344421 -1.1244335174560547
-0.0005550167988985777 0.007412179838865995 0.04434972256422043 0.327284038066864 -0.3910381495952606 -1.1099278926849365
-0.000635883363429457 0.008081216365098953 0.03204702213406563 -0.07135681062936783 -0.21921707689762115 -1.1087838411331177
-0.00211168616078794 0.008302235044538975 0.03282250836491585 -0.12804444134235382 0.3720158636569977 -1.1020561456680298
-0.00062674650689587 0.007184638176113367 0.03999769687652588 0.29022979736328125 -0.24680812656879425 -1.0937321186065674
-0.0009361020056530833 0.007327469531446695 0.04254442825913429 0.13898518681526184 -0.05749218538403511 -1.03398597240448
-0.0006105832289904356 0.008593672886490822 0.027427151799201965 -0.37679287791252136 -0.16125677525997162 -0.9866344332695007
-0.0020899013616144657 0.006958900485187769 0.033039964735507965 0.2959992289543152 0.4066234827041626 -0.9317420125007629
-0.0003612259461078793 0.008598185144364834 0.0441858246922493 -0.382303386926651 -0.2717299461364746 -0.9437840580940247
-0.0008872475591488183 0.008263573050498962 0.04846642538905144 -0.16853561997413635 0.010144714266061783 -0.9905236959457397
-0.0020558591932058334 0.00891453493386507 0.04833246022462845 -0.3516259491443634 0.4170922636985779 -1.0590498447418213
-0.002443253295496106 0.008965215645730495 0.030918443575501442 -0.2868060767650604 0.40352290868759155 -1.106377363204956
-0.0010042419889941812 0.007034355774521828 0.036198366433382034 0.4314218759536743 -0.20944403111934662 -1.156232237815857
-0.002260967157781124 0.008910885080695152 0.050326600670814514 -0.33533382415771484 0.31770971417427063 -1.118109941482544
-0.0015844160225242376 0.007204567082226276 0.05793806165456772 0.3226821720600128 -0.008075648918747902 -1.1580370664596558
-0.0007812786498107016 0.007091551087796688 0.036929965019226074 0.24675068259239197 -0.28727734088897705 -1.1633223295211792
-0.0017180406721308827 0.007274593226611614 0.04021460935473442 0.10590773075819016 0.11760324239730835 -1.1340044736862183
-0.0025243661366403103 0.007053423207253218 0.0396638959646225 0.12358048558235168 0.36521410942077637 -1.09543776512146
-0.001004645018838346 0.007727237418293953 0.04494797810912132 -0.170195534825325 -0.2369866669178009 -1.069283127784729
-0.0023681456223130226 0.007794125471264124 0.049976881593465805 -0.1597851663827896 0.28999581933021545 -1.0203862190246582
-0.0014261276228353381 0.00782813597470522 0.033704958856105804 -0.12824688851833344 -0.094757579267025 -1.024781346321106
-0.0008180831209756434 0.008808551356196404 0.03238830342888832 -0.4120226800441742 -0.27043530344963074 -1.0302733182907104
-0.001177145866677165 0.007107186131179333 0.0390864759683609 0.25238654017448425 -0.07722734659910202 -1.085073709487915
-0.0007153692422434688 0.006823759991675615 0.03905973583459854 0.26076096296310425 -0.1967301219701767 -1.1256906986236572
-0.0013998636277392507 0.007997029460966587 0.027375005185604095 -0.1959964632987976 0.09045642614364624 -1.1221119165420532
-0.0014464034466072917 0.007086721248924732 0.02851860783994198 0.14718997478485107 0.07107987999916077 -1.1091511249542236
-0.002200213260948658 0.00796546507626772 0.02888987399637699 -0.2055593729019165 0.32251423597335815 -1.0515741109848022
-0.0022410827223211527 0.008562718518078327 0.028329908847808838 -0.3462962210178375 0.2470632940530777 -1.0179541110992432
-0.0022796206176280975 0.00861489400267601 0.02889019437134266 -0.26723912358283997 0.18944986164569855 -1.01068913936615
-0.0006366424495354295 0.007345740217715502 0.019641011953353882 0.238932803273201 -0.41959649324417114 -1.0481767654418945
-0.0023972969502210617 0.008628832176327705 0.03216145932674408 -0.2860074043273926 0.3184362053871155 -1.0759042501449585
-0.002501382492482662 0.0068254852667450905 0.036440812051296234 0.3920817971229553 0.2605805993080139 -1.1555986404418945
-0.0025497174356132746 0.006869788281619549 0.03916496783494949 0.23488880693912506 0.20781706273555756 -1.198124647140503
-0.0019930005073547363 0.006823601201176643 0.025055428966879845 0.16094259917736053 -0.03131067752838135 -1.2203068733215332
-0.0017884151311591268 0.007697874214500189 0.025136923417448997 -0.19878865778446198 -0.06212886422872543 -1.1819435358047485
-0.0015538646839559078 0.008069928735494614 0.02407105453312397 -0.2659456431865692 -0.08460934460163116 -1.1257907152175903
-0.0009542916668578982 0.008158783428370953 0.023402569815516472 -0.2027735859155655 -0.22804221510887146 -1.069198727607727
-0.0014382078079506755 0.008763379417359829 0.024462861940264702 -0.34597906470298767 0.03787502273917198 -1.018332839012146
-0.0005171882221475244 0.008829589001834393 0.015473841689527035 -0.24767649173736572 -0.24252261221408844 -0.9884857535362244
-0.00207900139503181 0.00765437725931406 0.019582541659474373 0.24426358938217163 0.3853383958339691 -0.9899044036865234
-0.0015842814464122057 0.007278874516487122 0.021289998665452003 0.29120540618896484 0.10620777308940887 -1.0137102603912354
-0.0015698442002758384 0.007724315859377384 0.02317545749247074 0.04387378692626953 0.08894363790750504 -1.056247591972351
-0.002195505192503333 0.007210765033960342 0.013763057999312878 0.2369140386581421 0.2869214415550232 -1.0994361639022827
-0.00185701297596097 0.0074951923452317715 0.014475525356829166 0.046205099672079086 0.10970676690340042 -1.1001280546188354
-0.002249065088108182 0.007179539185017347 0.013779197819530964 0.1616435945034027 0.21701671183109283 -1.092773199081421
-0.0023075328208506107 0.00861072912812233 0.014288422651588917 -0.4318535327911377 0.1884486973285675 -1.1090024709701538
-0.0014357143081724644 0.008646263740956783 0.015897979959845543 -0.3203585147857666 -0.19132354855537415 -1.2510628700256348
-0.00086646230192855 0.008767122402787209 0.008583051152527332 -0.247773215174675 -0.33397001028060913 -1.397947072982788
-0.0016048868419602513 0.008088433183729649 0.011683889664709568 0.08356218039989471 0.07790996134281158 -1.467260718345642
-0.002151941414922476 0.00813855417072773 0.010773947462439537 0.0667400062084198 0.252525269985199 -1.4296401739120483
-0.0021436214447021484 0.008957075886428356 0.01150526013225317 -0.28342729806900024 0.195451021194458 -1.3303583860397339
-0.0016888839891180396 0.008147324435412884 0.008663525804877281 0.13823217153549194 -0.05917612835764885 -1.263643503189087
-0.0009835511445999146 0.0074023292399942875 0.006460989825427532 0.37476518750190735 -0.309048056602478 -1.239628553390503
-0.0021618236787617207 0.007227517664432526 0.009731059893965721 0.34329596161842346 0.24429818987846375 -1.22962486743927
-0.001891503343358636 0.007517728954553604 0.01160706952214241 0.1091897115111351 0.0786140188574791 -1.2956416606903076
-0.002412067726254463 0.007492524106055498 0.010928288102149963 0.07806489616632462 0.2766624689102173 -1.3390613794326782
-0.0024728146381676197 0.008754388429224491 0.006107151973992586 -0.42118653655052185 0.22961127758026123 -1.30934476852417
-0.002538351807743311 0.007401035632938147 0.012246730737388134 0.21249504387378693 0.1884671300649643 -1.2419830560684204
-0.002582165412604809 0.008915109559893608 0.01564750261604786 -0.4129352271556854 0.14740650355815887 -1.0925452709197998
-0.0014525040751323104 0.008166175335645676 0.02038114331662655 0.0036076344549655914 -0.3255438804626465 -0.9980674982070923
-0.0012890433426946402 0.009027979336678982 0.013641024939715862 -0.3341597616672516 -0.23999498784542084 -0.9399496912956238
-0.0008458010852336884 0.009097415022552013 0.013514012098312378 -0.24588119983673096 -0.313924103975296 -0.9534744024276733
-0.002179590053856373 0.0076295784674584866 0.01873500645160675 0.4008130729198456 0.28610044717788696 -1.0004748106002808
-0.002057932550087571 0.008129401132464409 0.02366144210100174 0.08552007377147675 0.1613052785396576 -1.0932644605636597
-0.002300818217918277 0.007379499264061451 0.02325885184109211 0.31426456570625305 0.20882301032543182 -1.2485109567642212
-0.0023776190355420113 0.007299818564206362 0.015237508341670036 0.22967401146888733 0.18953640758991241 -1.4090957641601562
-0.002376653254032135 0.008615436032414436 0.017068346962332726 -0.34958311915397644 0.17334099113941193 -1.5341304540634155
-0.0024957917630672455 0.0075043803080916405 0.022044293582439423 0.18906466662883759 0.15831534564495087 -1.6037193536758423
-0.001724314410239458 0.00894337147474289 0.025333059951663017 -0.42829596996307373 -0.1286488026380539 -1.5292372703552246
-0.0010321501176804304 0.00643774913623929 0.02309710718691349 0.6549612879753113 -0.36191946268081665 -1.4231462478637695
-0.002326056594029069 0.0071644545532763 0.03402748331427574 0.1567074954509735 0.2558678686618805 -1.3530296087265015
-0.0018140347674489021 0.008174934424459934 0.03692091256380081 -0.2637757658958435 0.009205454029142857 -1.382551908493042
-0.0007900135824456811 0.007356022950261831 0.040744245052337646 0.10244452953338623 -0.35390162467956543 -1.4222848415374756
-0.002252829959616065 0.008747082203626633 0.04934684559702873 -0.4541163146495819 0.33678925037384033 -1.4149317741394043
-0.002642671810463071 0.007540276739746332 0.03690653666853905 0.15343046188354492 0.3588103652000427 -1.458765983581543
-0.00268109911121428 0.007993647828698158 0.03919672966003418 -0.09394525736570358 0.29619932174682617 -1.4685019254684448
-0.0027014741208404303 0.008912036195397377 0.039993274956941605 -0.3622029721736908 0.22005757689476013 -1.4095816612243652
-0.0010737765114754438 0.008951571770012379 0.04276372119784355 -0.25779664516448975 -0.40609508752822876 -1.2806082963943481
-0.002418508753180504 0.0073664127849042416 0.03534683212637901 0.37854695320129395 0.18098211288452148 -1.1888480186462402
-0.0024346516001969576 0.007641213946044445 0.038089629262685776 0.15746097266674042 0.13647601008415222 -1.1519278287887573
-0.0024761345703154802 0.007810177747160196 0.0391656756401062 0.05222006142139435 0.11296721547842026 -1.1850457191467285
-0.0009848924819380045 0.008890579454600811 0.04072139039635658 -0.33990299701690674 -0.3949325382709503 -1.2448710203170776
-0.0025785360485315323 0.008989079855382442 0.03282450884580612 -0.24928228557109833 0.28475674986839294 -1.3183884620666504
-0.0009381056879647076 0.009018929675221443 0.03703561797738075 -0.19511356949806213 -0.3362547755241394 -1.382933497428894
-0.0023338990285992622 0.00928371213376522 0.04267442971467972 -0.20135019719600677 0.2542039752006531 -1.4040309190750122
-0.002412273781374097 0.007706378120929003 0.045026835054159164 0.40216517448425293 0.20924119651317596 -1.345874547958374
-0.0024355361238121986 0.009118672460317612 0.05499627813696861 -0.21242213249206543 0.1876564472913742 -1.232201337814331
-0.0010200395481660962 0.0076257833279669285 0.03803025931119919 0.3083944022655487 -0.3065999746322632 -1.1363924741744995
-0.0008772513247095048 0.009042569436132908 0.044461868703365326 -0.26288723945617676 -0.18836292624473572 -1.0649908781051636
-0.0023729512467980385 0.008011533878743649 0.05156552419066429 0.1611945629119873 0.37624379992485046 -1.0226573944091797
-0.002169453538954258 0.008334719575941563 0.05492765083909035 -0.01459969487041235 0.24620677530765533 -1.0530608892440796
-0.0006967450608499348 0.0075111351907253265 0.037316564470529556 0.23006317019462585 -0.29478371143341064 -1.1524585485458374
-0.0035751131363213062 0.008142989128828049 0.046725835651159286 -0.03318984434008598 0.766782820224762 -1.2278450727462769
-0.0019414079142734408 0.008098664693534374 0.05852796509861946 -0.040630076080560684 0.052198626101017 -1.3600327968597412
-0.0024955510161817074 0.009067432023584843 0.060099758207798004 -0.35705387592315674 0.2598657011985779 -1.4720466136932373
-0.002607416594401002 0.007367814425379038 0.0670701116323471 0.30907076597213745 0.22953081130981445 -1.5595909357070923
-0.0007428089156746864 0.005211166106164455 0.0392887219786644 0.8767016530036926 -0.4127660393714905 -1.5450843572616577
-0.0003091200196649879 0.0046896603889763355 0.04107174649834633 0.7636205554008484 -0.4062846004962921 -1.4012037515640259
0.000527907453943044 0.005561469588428736 0.04656010866165161 0.19584596157073975 -0.4957783818244934 -1.217667818069458
0.0005397442146204412 0.005611041095107794 0.04871225357055664 0.11583595722913742 -0.33398136496543884 -1.0937085151672363
-0.001284285681322217 0.005776694510132074 0.033193208277225494 0.016563400626182556 0.41484057903289795 -1.0460970401763916
-0.00017513171769678593 0.0038944040425121784 0.03774486109614372 0.6160376667976379 -0.06478112190961838 -1.1364679336547852
0.0007477720500901341 0.003453429788351059 0.03807386755943298 0.5043859481811523 -0.2816427946090698 -1.2941707372665405
0.0006742533878423274 0.0043207257986068726 0.04233457148075104 0.042046647518873215 -0.14611071348190308 -1.4503973722457886
-0.0010777446441352367 0.0034568544942885637 0.04470594599843025 0.25608155131340027 0.5216250419616699 -1.4875494241714478
-0.0013535134494304657 0.004824617877602577 0.029185380786657333 -0.17989663779735565 0.44260770082473755 -1.467174768447876
0.00023789633996784687 0.003655762877315283 0.03484649583697319 0.17142730951309204 -0.1627834290266037 -1.4458262920379639
0.0005306745879352093 0.004180009011179209 0.034942928701639175 -0.11454498767852783 -0.17000801861286163 -1.4412575960159302
-0.0010863079223781824 0.003523802850395441 0.038966596126556396 0.09634789079427719 0.44803759455680847 -1.4440003633499146
0.0002379434445174411 0.005311781540513039 0.0289413221180439 -0.5123345255851746 -0.06420040875673294 -1.4549028873443604
-0.0011051299516111612 0.0038130220491439104 0.03538239747285843 0.06160644069314003 0.43555185198783875 -1.4339599609375
-0.0013568506110459566 0.004023145884275436 0.035617854446172714 -0.05859680473804474 0.42998212575912476 -1.3734050989151
0.00018504234321881086 0.003460866631940007 0.03890322893857956 0.05916372314095497 -0.14981919527053833 -1.3177378177642822
0.00029996674857102334 0.006206014659255743 0.04274895042181015 -0.9006834626197815 -0.07365481555461884 -1.2549866437911987
-0.0011145060416311026 0.003362815361469984 0.04530700668692589 0.2520676553249359 0.43598487973213196 -1.3089563846588135
-0.001411361969076097 0.005090813152492046 0.05146259814500809 -0.4363047778606415 0.45694464445114136 -1.3209702968597412
-0.0006682186503894627 0.004390448331832886 0.05615406855940819 -0.1622784435749054 0.13326697051525116 -1.355059027671814
-0.0006569576798938215 0.004398959223181009 0.05711027979850769 -0.11098752915859222 0.10289916396141052 -1.3505773544311523
0.0002313743025297299 0.005143331363797188 0.03699059411883354 -0.30900460481643677 -0.14883683621883392 -1.2859930992126465
-0.0011459283996373415 0.0033024258445948362 0.041582755744457245 0.3427709937095642 0.35589367151260376 -1.2578836679458618
-9.995148866437376e-05 0.004138518124818802 0.04787691310048103 -0.06301293522119522 -0.05487691983580589 -1.219978928565979
0.00021850822668056935 0.0052091884426772594 0.0480358861386776 -0.4744132161140442 -0.05773673951625824 -1.2537721395492554
0.00022786746558267623 0.004645992536097765 0.051099855452775955 -0.14715145528316498 -0.04844724386930466 -1.3262172937393188
-0.0012745873536914587 0.004549012519419193 0.033404938876628876 -0.0941772609949112 0.5117873549461365 -1.4488940238952637
0.00014779093908146024 0.002805114723742008 0.03766348585486412 0.44345247745513916 -0.04990555718541145 -1.5163679122924805
-0.0016658230451866984 0.0032152843195945024 0.04425039514899254 0.20182791352272034 0.5561302304267883 -1.4895223379135132
-0.0015153842978179455 0.003128031035885215 0.04679277539253235 0.12566961348056793 0.39555200934410095 -1.3855286836624146
0.00016788877837825567 0.0030877157114446163 0.03133075311779976 0.08125840872526169 -0.21621419489383698 -1.2315309047698975
0.0001931375591084361 0.006152756046503782 0.03210226446390152 -0.9501889944076538 -0.10843266546726227 -1.0797926187515259
0.003583824960514903 0.004833588842302561 0.04018041491508484 -0.32187291979789734 -1.1219767332077026 -1.0148977041244507
0.0038413796573877335 0.004930463619530201 0.0488920621573925 -0.2693713307380676 -0.8378215432167053 -1.074362874031067
0.004041764419525862 0.005021118093281984 0.05349775776267052 -0.27344706654548645 -0.5757647752761841 -1.1654808521270752
0.004181494936347008 0.00565355597063899 0.03592799976468086 -0.45872247219085693 -0.41326114535331726 -1.278100848197937
0.003311470616608858 0.005063232965767384 0.037986136972904205 -0.12698929011821747 0.018336569890379906 -1.3449079990386963
0.005042443051934242 0.0042755864560604095 0.041222792118787766 0.07805187255144119 -0.44207265973091125 -1.3356308937072754
0.0047241984866559505 0.004629820119589567 0.04485965520143509 -0.06361214816570282 -0.1517012119293213 -1.3652228116989136
0.0029170175548642874 0.004173202905803919 0.02720046229660511 0.0259378831833601 0.38239237666130066 -1.3752843141555786
-0.0007345426129177213 0.0040227253921329975 0.015268567949533463 -0.00954101700335741 1.4054374694824219 -1.4266523122787476
0.0008671838440932333 0.003792239585891366 0.037145085632801056 0.12875892221927643 0.59877610206604 -1.4213587045669556
0.0007395496359094977 0.004188050515949726 0.038550686091184616 -0.11014807969331741 0.528835654258728 -1.3795655965805054
-7.006604573689401e-05 0.005427203606814146 0.03746364265680313 -0.49148374795913696 0.6548817157745361 -1.2788773775100708
0.00038057976053096354 0.005479327403008938 0.026598744094371796 -0.32451319694519043 0.3023340106010437 -1.1615678071975708
-0.0010504538659006357 0.005760586820542812 0.027378879487514496 -0.3211960792541504 0.7040565609931946 -1.0715726613998413
0.00040357618127018213 0.005761872977018356 0.03280260041356087 -0.27630093693733215 0.08386781811714172 -0.9934976100921631
-0.0007968068239279091 0.0061257160268723965 0.03653298318386078 -0.24032025039196014 0.45176783204078674 -0.9895995855331421
-0.0004247754404786974 0.005589677020907402 0.02354387193918228 -0.054609719663858414 0.24978019297122955 -1.0544246435165405
-0.0010306488256901503 0.004027957562357187 0.021852601319551468 0.5072464942932129 0.37293487787246704 -1.18020761013031
-0.0013893235009163618 0.00804220326244831 0.03989527374505997 -0.9147345423698425 0.32485681772232056 -1.145297646522522
-0.0007709171622991562 0.008676472119987011 0.04235796257853508 -0.8620836734771729 0.02509528398513794 -1.1285685300827026
-0.0025967468973249197 0.009514601901173592 0.046816661953926086 -0.8739432692527771 0.6448939442634583 -1.1228811740875244
-0.0011837657075375319 0.007526176981627941 0.04122524708509445 0.04889201372861862 -0.020818080753087997 -1.0919640064239502
-0.0027778479270637035 0.009909304790198803 0.050662484019994736 -0.6959226131439209 0.5051811337471008 -1.1099129915237427
-0.0032441921066492796 0.009625118225812912 0.05466608703136444 -0.3926693797111511 0.5442341566085815 -1.1725152730941772
-0.0023803741205483675 0.009801110252737999 0.05828121304512024 -0.24611707031726837 0.028656501322984695 -1.1737897396087646
-0.0010789008811116219 0.007925125770270824 0.0353817418217659 0.1869434416294098 -0.2118116021156311 -1.199896216392517
-0.001816358882933855 0.007981253787875175 0.038042664527893066 0.10818499326705933 0.108241006731987 -1.1841334104537964
-0.0019570421427488327 0.008744923397898674 0.04000895470380783 -0.08224386721849442 0.09146537631750107 -1.1230798959732056
-0.00299045629799366 0.008869131095707417 0.040155455470085144 -0.14666561782360077 0.4765271842479706 -1.0763771533966064
-0.0020001239608973265 0.009825495071709156 0.04408746957778931 -0.40137648582458496 -0.006370836403220892 -1.0398609638214111
-0.001693721511401236 0.009034725837409496 0.028831005096435547 -0.10250308364629745 -0.017341388389468193 -1.0965567827224731
-0.00248670089058578 0.008793454617261887 0.029044387862086296 -0.04750938341021538 0.2840843200683594 -1.2225639820098877
-0.0014084202703088522 0.008562427945435047 0.03023562580347061 0.04584093391895294 -0.1492944359779358 -1.3209235668182373
-0.001486825873143971 0.009310027584433556 0.03167800232768059 -0.11319100856781006 -0.13087736070156097 -1.3506814241409302
-0.0016879042377695441 0.00837017223238945 0.020257458090782166 0.1214330866932869 0.08795254677534103 -1.2946799993515015
-0.000479036447359249 0.009167462587356567 0.020978562533855438 -0.173919215798378 -0.3373725712299347 -1.1811940670013428
-0.002529815072193742 0.009748857468366623 0.026127832010388374 -0.276885986328125 0.4446689784526825 -1.080509901046753
-0.0009124780190177262 0.009893981739878654 0.03396951034665108 -0.20349524915218353 -0.25546374917030334 -1.0274420976638794
-0.0013344642939046025 0.009755096398293972 0.02289826236665249 -0.15886662900447845 0.0419827476143837 -1.0179214477539062
-0.0006134906434454024 0.009489744901657104 0.022535009309649467 -0.025881284847855568 -0.18483127653598785 -1.0494462251663208
-0.0006224694661796093 0.009558920748531818 0.02236350253224373 0.018279392272233963 -0.14859256148338318 -1.1034164428710938
-0.002150121843442321 0.009615091606974602 0.022973867133259773 -0.02515440434217453 0.46732792258262634 -1.1494884490966797
-0.0006742005352862179 0.009639337658882141 0.030297892168164253 0.03859894722700119 -0.18333303928375244 -1.161744475364685
-0.0033436769153922796 0.009901362471282482 0.02292957529425621 -0.056763552129268646 0.8044524788856506 -1.160513162612915
