0.05628833547234535 -0.074276864528656 0.02533925138413906 -0.7574753761291504 0.2980290651321411 -0.01525095570832491
0.05628839507699013 -0.07426964491605759 0.02545037679374218 -0.7592048048973083 0.29821842908859253 -0.016300436109304428
0.056306637823581696 -0.07408414036035538 0.022117523476481438 -0.8226151466369629 0.2978837788105011 -0.01903459057211876
0.056304290890693665 -0.07385148853063583 0.02198788896203041 -0.8715071082115173 0.2979377508163452 -0.02130495198071003
0.05630858987569809 -0.07407443970441818 0.022100048139691353 -0.7762386202812195 0.2951032221317291 -0.015526920557022095
0.05630625784397125 -0.07454108446836472 0.021985985338687897 -0.6353546380996704 0.2972783148288727 -0.009242367930710316
0.05629316344857216 -0.07451441138982773 0.024309664964675903 -0.6617494225502014 0.29571104049682617 -0.009731288067996502
0.05628799647092819 -0.07404551655054092 0.024595366790890694 -0.8135730028152466 0.2965371012687683 -0.01747586950659752
0.05628541484475136 -0.0745130255818367 0.024915089830756187 -0.6620892286300659 0.2969350814819336 -0.010590808466076851
0.05628314986824989 -0.07404126971960068 0.02527197077870369 -0.8130671977996826 0.29529890418052673 -0.018238618969917297
0.056283239275217056 -0.07426370680332184 0.025546684861183167 -0.7318450808525085 0.29435089230537415 -0.014296880923211575
0.05629469081759453 -0.0747726708650589 0.023059237748384476 -0.6011543273925781 0.29651710391044617 -0.00817038118839264
0.05628511309623718 -0.0743023231625557 0.023479312658309937 -0.7642431855201721 0.2969553768634796 -0.015719609335064888
0.05628204345703125 -0.07429928332567215 0.023491187021136284 -0.7638336420059204 0.2969425916671753 -0.015551594085991383
0.05628364905714989 -0.0742960199713707 0.023504534736275673 -0.7634792327880859 0.29653820395469666 -0.015409681014716625
0.056270062923431396 -0.07425761967897415 0.026455126702785492 -0.7643712162971497 0.29564812779426575 -0.014650197699666023
0.05626639723777771 -0.07377598434686661 0.026591671630740166 -0.8912433981895447 0.29571467638015747 -0.02002836763858795
0.05626672878861427 -0.07423846423625946 0.027241084724664688 -0.7251251339912415 0.2947124242782593 -0.013309018686413765
0.05626607686281204 -0.07423603534698486 0.02745159901678562 -0.7248960733413696 0.29393813014030457 -0.012529892846941948
0.05626285821199417 -0.07423081248998642 0.027661649510264397 -0.7258638739585876 0.29394349455833435 -0.011985761113464832
0.05627003312110901 -0.0740201398730278 0.025635957717895508 -0.7926082015037537 0.2957465946674347 -0.015000368468463421
0.05627346783876419 -0.0742582157254219 0.02580622024834156 -0.711413562297821 0.2939385175704956 -0.012170020490884781
0.05626737326383591 -0.07401663064956665 0.025965048000216484 -0.7809972763061523 0.29426079988479614 -0.015389621257781982
0.056271061301231384 -0.07400749623775482 0.026089953258633614 -0.7711224555969238 0.29191866517066956 -0.015859171748161316
0.056275442242622375 -0.07424475997686386 0.026541441679000854 -0.6968239545822144 0.2878453731536865 -0.011819160543382168
0.05627372860908508 -0.07399830967187881 0.026748884469270706 -0.7707460522651672 0.28762707114219666 -0.015910057350993156
0.056276608258485794 -0.07399535924196243 0.026883872225880623 -0.7621621489524841 0.2868773341178894 -0.016283459961414337
0.05627443268895149 -0.07399056851863861 0.02701815776526928 -0.7611895203590393 0.28812238574028015 -0.016771871596574783
0.056289415806531906 -0.0742696225643158 0.02443132922053337 -0.6942300796508789 0.28797245025634766 -0.013922449201345444
0.05628868192434311 -0.07402384281158447 0.024512825533747673 -0.7693728804588318 0.28799259662628174 -0.018519829958677292
0.05628437176346779 -0.07427334040403366 0.024550335481762886 -0.6973208785057068 0.2908364534378052 -0.014250616542994976
0.0562887117266655 -0.07427150756120682 0.024565590545535088 -0.7090233564376831 0.2878708243370056 -0.01470986194908619
0.05628926679491997 -0.0742696225643158 0.02457418106496334 -0.7179571390151978 0.2889769673347473 -0.014804699458181858
0.05628708377480507 -0.07425466924905777 0.025542782619595528 -0.7242814302444458 0.2887513041496277 -0.015105032362043858
0.05628226324915886 -0.07400526851415634 0.025604097172617912 -0.7872740030288696 0.2916661202907562 -0.018189704045653343
0.056283194571733475 -0.07400384545326233 0.025681626051664352 -0.7742918133735657 0.2914882302284241 -0.017544442787766457
0.05628706514835358 -0.07400591671466827 0.0257507786154747 -0.7628210783004761 0.29047608375549316 -0.016057778149843216
0.05629744008183479 -0.07429163157939911 0.023198774084448814 -0.6932635307312012 0.29297131299972534 -0.013105184771120548
0.0562950037419796 -0.07404189556837082 0.023202460259199142 -0.7655754685401917 0.29370537400245667 -0.016175687313079834
0.056298162788152695 -0.07428839057683945 0.023169446736574173 -0.6952412128448486 0.2926696538925171 -0.013897539116442204
0.056298110634088516 -0.07428982108831406 0.02310716174542904 -0.7032294869422913 0.2934776544570923 -0.014692287892103195
0.056295499205589294 -0.07428450882434845 0.023042505607008934 -0.7137156128883362 0.29442811012268066 -0.014348438940942287
0.05628415197134018 -0.0737701803445816 0.024581167846918106 -0.8483123183250427 0.2959197759628296 -0.01968715526163578
0.05628117918968201 -0.0737655907869339 0.024663839489221573 -0.8199827075004578 0.29670825600624084 -0.0192929245531559
0.05628405883908272 -0.07400700449943542 0.024824652820825577 -0.7326895594596863 0.2948639690876007 -0.01572522521018982
0.056280579417943954 -0.07425229251384735 0.02480968087911606 -0.6654853224754333 0.29628482460975647 -0.01344259362667799
0.05629906803369522 -0.07453759014606476 0.02163533680140972 -0.6157070398330688 0.29408252239227295 -0.011615539900958538
0.05629715695977211 -0.07404197752475739 0.021824389696121216 -0.7756368517875671 0.2929582893848419 -0.018453242257237434
0.056297268718481064 -0.0742904543876648 0.021809134632349014 -0.6952662467956543 0.29339897632598877 -0.014895156025886536
0.0 0.0 0.0 0.0 0.0 0.0
6.084811047912808e-06 -6.20242508375668e-06 -2.612941898405552e-07 -0.0007799800368957222 -0.0004322460445109755 -0.00021882464352529496
9.305173080065288e-06 -4.809177880815696e-06 0.02900168113410473 -0.020810266956686974 0.00811450369656086 -0.0008096338133327663
1.4498548807750922e-05 0.00022154077305458486 0.029027411714196205 -0.402630090713501 0.019819781184196472 0.00017166510224342346
1.4706654837937094e-05 -2.4110730009851977e-05 0.02932812087237835 0.2073446810245514 0.04654388874769211 -6.652699812548235e-05
1.5421126590808854e-05 -2.421232420601882e-05 0.02937428280711174 0.09339531511068344 0.07328769564628601 0.0005945458542555571
2.153060086129699e-05 -2.1426416424219497e-05 0.023560116067528725 -0.021570319309830666 0.08667575567960739 0.0005990329082123935
2.61394125118386e-05 0.000233500701142475 0.023544618859887123 -0.6552090644836426 0.11235421895980835 0.0020023491233587265
2.6434061510371976e-05 0.00022776296827942133 0.023518303409218788 -0.5438796877861023 0.1449585109949112 0.0009101781179197133
2.371217851759866e-05 -3.45976441167295e-05 0.023524945601820946 0.005102857016026974 0.17628946900367737 -0.00048734270967543125
3.0352730391314253e-05 0.0002339519269298762 0.023646986111998558 -0.5968997478485107 0.18173588812351227 0.001282552140764892
3.392288272152655e-05 0.000229867291636765 0.02413555420935154 -0.5373488068580627 0.19416050612926483 0.0007454860606230795
3.316075526527129e-05 0.00022666933364234865 0.02411387301981449 -0.5062677264213562 0.2122575044631958 -6.297866639215499e-05
3.253784961998463e-05 -0.0002889766765292734 0.024102479219436646 0.21432290971279144 0.22730380296707153 -0.004120387602597475
3.399242996238172e-05 -0.00028883630875498056 0.024227282032370567 0.007151450961828232 0.23509061336517334 -0.002738208044320345
3.555350122042e-05 -0.0002857619838323444 0.023114316165447235 -0.14451485872268677 0.24313212931156158 -0.0013262031134217978
3.2479485525982454e-05 0.00022332582739181817 0.023130664601922035 -0.8145553469657898 0.25537052750587463 0.001952621852979064
3.341923002153635e-05 -3.1732623028801754e-05 0.02332533895969391 -0.4728620946407318 0.2599244713783264 -0.0004667906032409519
3.478856524452567e-05 -0.00028667604783549905 0.023299019783735275 -0.24888364970684052 0.26291948556900024 -0.00323787541128695
3.6094301322009414e-05 -0.0002859551750589162 0.023306163027882576 -0.33835485577583313 0.2658473253250122 -0.003027629805728793
3.0206365408957936e-05 0.00022651563631370664 0.027143139392137527 -0.8363369703292847 0.26712989807128906 0.0015219527995213866
2.9352660931181163e-05 0.00023148339823819697 0.02738521434366703 -0.7712236642837524 0.2704841196537018 0.001081517431885004
2.5635063138906844e-05 -2.1115713025210425e-05 0.0277148075401783 -0.5272627472877502 0.27388688921928406 -0.0013458606554195285
2.6618716219672933e-05 -1.7163021766464226e-05 0.027920812368392944 -0.5481464862823486 0.27067068219184875 -0.0013806276256218553
3.071196988457814e-05 -3.052530882996507e-05 0.024981210008263588 -0.5624623894691467 0.2759295403957367 -0.0020919106900691986
3.302942059235647e-05 0.00022717242245562375 0.025018250569701195 -0.7424491047859192 0.2728387713432312 -0.0003898465947713703
3.093686609645374e-05 0.0002257178130093962 0.025066852569580078 -0.704603374004364 0.27412495017051697 0.0007711250218562782
3.2369269320042804e-05 -3.3754204196156934e-05 0.02516300044953823 -0.5254231691360474 0.27236396074295044 -0.00029397784965112805
3.067086436203681e-05 -2.6999765395885333e-05 0.026348253712058067 -0.5475523471832275 0.2708487808704376 0.0010063493391498923
3.349879625602625e-05 -2.3202894226415083e-05 0.02646050974726677 -0.5678397417068481 0.26971447467803955 0.0019198560621589422
3.595365706132725e-05 -2.0316627342253923e-05 0.026573490351438522 -0.583411455154419 0.2687324583530426 0.0021770333405584097
3.475519042694941e-05 -2.1634888980770484e-05 0.026688670739531517 -0.5934204459190369 0.2714073359966278 0.0029300099704414606
3.357461537234485e-05 -1.797561526473146e-05 0.026807274669408798 -0.605667233467102 0.2739469110965729 0.00185922731179744
4.7126872232183814e-05 -4.5337095798458904e-05 0.023246295750141144 -0.6153013110160828 0.2769114673137665 0.0018534550908952951
4.79395966976881e-05 0.00020387262338772416 0.023164141923189163 -0.7378791570663452 0.27689090371131897 0.0036703452933579683
5.350159335648641e-05 -4.8639136366546154e-05 0.023215603083372116 -0.6012407541275024 0.2729390859603882 0.0031078543979674578
5.445293209049851e-05 0.00020249374210834503 0.023220021277666092 -0.7251726984977722 0.27313512563705444 0.004522781819105148
3.488230868242681e-05 -0.0002681790792848915 0.026113497093319893 -0.4965474009513855 0.277268648147583 0.0021831239573657513
3.309785097371787e-05 0.00022979176719672978 0.026609033346176147 -0.7476106286048889 0.2783198952674866 0.0028476768638938665
3.080200986005366e-05 -1.2446436812751926e-05 0.02686196193099022 -0.6251911520957947 0.28049102425575256 0.003173031145706773
3.155482409056276e-05 -1.0008910976466723e-05 0.02699814736843109 -0.638094961643219 0.2794519364833832 0.003872909117490053
3.092663246206939e-05 -1.1227970389882103e-05 0.02713334746658802 -0.6459150314331055 0.280290812253952 0.004858803935348988
4.590634853229858e-05 0.00020095735089853406 0.023879900574684143 -0.7575098276138306 0.2811238169670105 0.0061056655831635
4.387806257000193e-05 -4.579148662742227e-05 0.02393552102148533 -0.6342909932136536 0.2816166877746582 0.004553556442260742
4.2311177821829915e-05 0.00019723908917512745 0.023953653872013092 -0.746345043182373 0.2814711928367615 0.006082351319491863
3.970758189097978e-05 0.00019975936447735876 0.023930538445711136 -0.7310367226600647 0.28169339895248413 0.00546688586473465
2.047169800789561e-05 -0.0004942406667396426 0.026904605329036713 -0.4226723611354828 0.28205227851867676 0.0013587757712230086
9.469463293498848e-06 0.00024820846738293767 0.027904484421014786 -0.7833948731422424 0.2837928831577301 0.005353580228984356
8.62047090777196e-06 -0.00048065194278024137 0.028531335294246674 -0.46721282601356506 0.2805629372596741 0.0027852370403707027
1.7975203263631556e-06 0.0002603987231850624 0.02954091504216194 -0.8081146478652954 0.2797926962375641 0.005646855570375919
-2.3706293177383486e-06 0.00026574404910206795 0.02985227294266224 -0.7797514796257019 0.27971452474594116 0.00443090358749032
2.194902117480524e-05 0.00022158694628160447 0.02607467956840992 -0.7583149671554565 0.27633732557296753 0.004410573747009039
1.9633185729617253e-05 0.00022092924336902797 0.02612881548702717 -0.7413398623466492 0.27682676911354065 0.003770064562559128
1.8738999642664567e-05 0.00022089543926995248 0.026180226355791092 -0.7287793755531311 0.27582064270973206 0.003926737233996391
2.009716808970552e-05 -2.728688923525624e-05 0.026241537183523178 -0.6280432939529419 0.2736000418663025 0.004042741376906633
1.713801611913368e-05 -2.0681303794845007e-05 0.026592625305056572 -0.6455442905426025 0.27369701862335205 0.005052174441516399
1.4226694474928081e-05 0.00022667337907478213 0.02671457827091217 -0.7447059750556946 0.27558770775794983 0.005095547530800104
1.4825785001448821e-05 -1.706595503492281e-05 0.026855507865548134 -0.6456456780433655 0.2758474051952362 0.0035229509230703115
1.3650022992806043e-05 -2.075545853585936e-05 0.026942841708660126 -0.6551429033279419 0.277153342962265 0.0023139254190027714
8.062831511779223e-06 -0.00027202695491723716 0.02698780596256256 -0.5776379704475403 0.28182581067085266 0.0022911163978278637
2.286498602188658e-05 -0.00030444894218817353 0.023863712325692177 -0.6070058345794678 0.28408297896385193 0.0021311775781214237
2.3639357095817104e-05 -5.7777364418143407e-05 0.02384493686258793 -0.7087562680244446 0.28503096103668213 0.0023214209359139204
1.9579194486141205e-05 -5.9535144828259945e-05 0.023769455030560493 -0.7081219553947449 0.28596779704093933 0.0023645448964089155
1.6652784324833192e-05 -5.663897536578588e-05 0.023692989721894264 -0.7094751596450806 0.28675776720046997 0.0025986514519900084
6.237363550098962e-07 -1.7739293980412185e-05 0.0264931321144104 -0.7104491591453552 0.28685641288757324 0.0022427791263908148
-3.772703394133714e-06 0.0004804645141121 0.026526618748903275 -0.8647546768188477 0.28860896825790405 0.002502904739230871
-8.835741027723998e-06 0.00023122807033360004 0.026905950158834457 -0.7445118427276611 0.28988200426101685 0.0013003833591938019
-9.127066732617095e-06 -1.5729654478491284e-05 0.027012288570404053 -0.6572934985160828 0.2897021174430847 0.0009139811154454947
-9.70126438915031e-06 -9.931143722496927e-06 0.02712521329522133 -0.6702297329902649 0.288997083902359 0.0007212816271930933
9.630765816837084e-06 0.00019499454356264323 0.023498058319091797 -0.756277322769165 0.28744056820869446 0.001346613629721105
9.31044814933557e-06 -5.508008325705305e-05 0.023465115576982498 -0.6684744358062744 0.28668227791786194 0.0003773792996071279
1.2778808923030738e-05 -5.302737554302439e-05 0.023385267704725266 -0.679253876209259 0.2833356559276581 0.0008106993627734482
1.9979466742370278e-05 0.00044918907224200666 0.023390136659145355 -0.8374549150466919 0.2788374423980713 0.002596775069832802
8.744913429836743e-06 -3.149700933136046e-05 0.02507895603775978 -0.654105007648468 0.28136858344078064 0.000674886628985405
6.275648047449067e-06 0.00021836002997588366 0.025193417444825172 -0.7398529648780823 0.28215956687927246 0.002644492546096444
3.995813131041359e-06 0.0002188387734349817 0.025214634835720062 -0.7314392328262329 0.2827335596084595 0.001961509697139263
5.321406206348911e-06 0.00021653597650583833 0.02523592673242092 -0.7248120307922363 0.2810058295726776 0.0024712607264518738
1.5652336514904164e-05 -7.931543950689957e-05 0.021991066634655 -0.6488329768180847 0.28340640664100647 0.0009110248065553606
1.250087188964244e-05 0.00017589842900633812 0.0219417717307806 -0.736579954624176 0.28406912088394165 0.001001781434752047
1.2288197467569262e-05 -7.920135249150917e-05 0.021843234077095985 -0.6576712727546692 0.2840457260608673 0.00023260964371729642
8.511995474691503e-06 -7.889809785410762e-05 0.021716956049203873 -0.6707927584648132 0.2860873341560364 0.0008178054122254252
1.0097772246808745e-05 -7.585604180349037e-05 0.021587053313851357 -0.6826688051223755 0.28436219692230225 0.0007302952581085265
-1.0349936928832904e-05 -3.885260957758874e-05 0.02482737973332405 -0.6884232759475708 0.2849814295768738 -6.893608951941133e-05
-9.824430890148506e-06 0.0002158158749807626 0.02487899549305439 -0.7638275623321533 0.28441891074180603 0.0008103307336568832
-1.0613667654979508e-05 -3.710204327944666e-05 0.025044593960046768 -0.6805646419525146 0.2850823700428009 0.0004325399349909276
-1.621650517336093e-05 -3.4283508284715936e-05 0.02510853298008442 -0.6880781650543213 0.28804153203964233 -0.0008406538399867713
5.356613655749243e-06 -7.593488408019766e-05 0.021898631006479263 -0.6872349977493286 0.2858515977859497 0.0006993489805608988
-1.6035914995882194e-06 0.0001836190203903243 0.02179126627743244 -0.7600533366203308 0.2891377806663513 0.001110782497562468
1.6224619230342796e-06 -0.00033438176615163684 0.021883422508835793 -0.6144359707832336 0.28839001059532166 -0.0007722729933448136
-3.1169827252597315e-06 -0.00032917578937485814 0.021850068122148514 -0.640564501285553 0.2909312844276428 -2.7211455744691193e-05
-3.914224180334713e-06 -7.046975224511698e-05 0.02188020385801792 -0.7260376214981079 0.2903226315975189 0.0018255711765959859
-2.0414445316419005e-05 0.00021461243159137666 0.024635648354887962 -0.7918273210525513 0.29105523228645325 0.0023506993893533945
-2.3745120415696874e-05 0.00021687593834940344 0.024735277518630028 -0.7736761569976807 0.29335683584213257 0.002849587704986334
-2.189793303841725e-05 0.0002159371506422758 0.024823633953928947 -0.7590084671974182 0.2922055721282959 0.0027144772466272116
-1.9556975530576892e-05 0.00021984768682159483 0.024902714416384697 -0.7493406534194946 0.2910652756690979 0.002283239969983697
-4.56292946182657e-06 0.00019164317927788943 0.02256654016673565 -0.7420574426651001 0.2897934913635254 0.002908336231485009
-7.030467713775579e-06 0.0001884771918412298 0.022505369037389755 -0.7344924211502075 0.2909071147441864 0.0014938028762117028
-8.831446393742226e-06 -5.487933958647773e-05 0.02243979275226593 -0.6621508598327637 0.29095444083213806 0.0015752346953377128
-1.9122433513985015e-05 -5.215874989517033e-05 0.022407980635762215 -0.6768391132354736 0.29681503772735596 0.0015982174081727862
-1.9933928342652507e-05 0.00019532025908119977 0.02243858017027378 -0.7571738362312317 0.29604169726371765 0.0018876896938309073
-3.141751221846789e-05 -1.9336710465722717e-05 0.024712592363357544 -0.6806133389472961 0.29435285925865173 0.0008232287364080548
-3.398212720640004e-05 0.0002319008344784379 0.024850592017173767 -0.7613728642463684 0.2946161925792694 0.0017805678071454167
-3.0289522328530438e-05 0.00023242419410962611 0.02494099736213684 -0.750608503818512 0.2908932566642761 0.002651232061907649
-3.1983301596483216e-05 -1.0626557923387736e-05 0.02507188729941845 -0.6748175024986267 0.2909904420375824 0.0026281566824764013
-1.9209164747735485e-05 -5.123116716276854e-05 0.021967122331261635 -0.6850048899650574 0.2922709584236145 0.0041649662889540195
-1.3136064808350056e-05 0.0002000337262870744 0.021933848038315773 -0.7646725177764893 0.2880401015281677 0.004950517322868109
-1.0281910363119096e-05 -4.52376261819154e-05 0.021943362429738045 -0.6848207116127014 0.2860529124736786 0.0062034460715949535
-8.209553925553337e-06 -4.473570515983738e-05 0.0218823105096817 -0.6944748759269714 0.28763216733932495 0.0065632592886686325
-1.0460429621161893e-05 0.00020213962125126272 0.021852174773812294 -0.7699030637741089 0.2886863946914673 0.005768592935055494
-2.011723699979484e-05 0.00021957189892418683 0.023527199402451515 -0.7564511895179749 0.29049476981163025 0.006637216079980135
-2.1732423192588612e-05 0.00021957620629109442 0.023553166538476944 -0.7480290532112122 0.2898702919483185 0.0071553015150129795
-1.8200857084593736e-05 0.00021963063045404851 0.02357916533946991 -0.7476195693016052 0.28959062695503235 0.006459625903517008
-2.1923462554696016e-05 0.00021929376816842705 0.023609468713402748 -0.7457358837127686 0.2911606729030609 0.0054916818626224995
-1.5064371837070212e-05 -5.059175964561291e-05 0.02179158665239811 -0.676510214805603 0.29280218482017517 0.005200203042477369
-1.631159284443129e-05 -4.265696043148637e-05 0.021746598184108734 -0.6931567192077637 0.2915372848510742 0.005757147911936045
-1.687497933744453e-05 -0.0005484719295054674 0.02160053700208664 -0.5644270777702332 0.2907501757144928 0.005287709645926952
-1.616600638953969e-05 -0.0002963381411973387 0.02192225493490696 -0.6688681840896606 0.28921374678611755 0.005762695334851742
-3.673642277135514e-05 -0.0002623143664095551 0.0247124545276165 -0.686634361743927 0.29045334458351135 0.004944113083183765
-3.667583587230183e-05 0.0002427726867608726 0.024818887934088707 -0.8332605361938477 0.288250595331192 0.004592088051140308
-3.448671122896485e-05 0.00024117290740832686 0.025002865120768547 -0.8069644570350647 0.28539609909057617 0.004560718312859535
-4.4404121581465006e-05 0.00023222994059324265 0.02516118623316288 -0.7840434312820435 0.28938254714012146 0.005058453418314457
-4.912202348350547e-05 -1.4890199963701889e-05 0.025371184572577477 -0.7058823704719543 0.290560781955719 0.005547744687646627
-3.35903387167491e-05 0.00020795941236428916 0.022603116929531097 -0.7821932435035706 0.28908923268318176 0.005512778647243977
-3.664867108454928e-05 0.00020591019710991532 0.02259928360581398 -0.7684034705162048 0.290317565202713 0.006152370944619179
-3.7579669879050925e-05 0.00019986089318990707 0.02259095571935177 -0.7553144097328186 0.2909565567970276 0.005446525290608406
-4.4901942601427436e-05 0.0001998918887693435 0.022580461576581 -0.7484166622161865 0.294210284948349 0.005113435443490744
-6.548897363245487e-05 5.181820597499609e-06 0.026644587516784668 -0.6778275370597839 0.2917976677417755 0.004154789727181196
-6.74938564770855e-05 0.0002604793116915971 0.02695150300860405 -0.7564780116081238 0.29146087169647217 0.0045447261072695255
-7.636081136297435e-05 8.584429451730102e-06 0.027195516973733902 -0.6818779706954956 0.29504215717315674 0.004490303341299295
-8.0203237303067e-05 1.2923468602821231e-05 0.027424653992056847 -0.6932786107063293 0.2960571348667145 0.00293700466863811
-7.84025396569632e-05 1.8783617633744143e-05 0.027647141367197037 -0.7032010555267334 0.2940221130847931 0.002950371475890279
-5.845992563990876e-05 -2.5408244255231693e-05 0.023879345506429672 -0.7096589803695679 0.29375043511390686 0.0012854498345404863
-5.878961383132264e-05 -2.4989194571389817e-05 0.02389163337647915 -0.70907062292099 0.29407864809036255 0.0012263708049431443
-6.301573012024164e-05 0.00023134263756219298 0.02390582486987114 -0.7758833169937134 0.2955712676048279 0.001183394924737513
-6.299335655057803e-05 0.00023026138660497963 0.023944951593875885 -0.763146162033081 0.29373300075531006 0.00244286865927279
-7.078189082676545e-05 -6.951520845177583e-06 0.025235004723072052 -0.6921288967132568 0.29217293858528137 0.002742982003837824
-7.580113015137613e-05 0.0002499822876416147 0.025388125330209732 -0.7625956535339355 0.29303741455078125 0.0033208797685801983
-8.26411705929786e-05 -0.0002690709079615772 0.025617562234401703 -0.6268605589866638 0.29398036003112793 0.002287803217768669
-8.219111623475328e-05 6.401655809895601e-07 0.02597111463546753 -0.7159006595611572 0.2923305034637451 0.003089218633249402
-8.082688873400912e-05 -0.00025841931346803904 0.026108471676707268 -0.6566362380981445 0.28974345326423645 0.0029186680912971497
-6.490424857474864e-05 0.00022788830392528325 0.022123711183667183 -0.7945361733436584 0.29104316234588623 0.004522563423961401
-6.723468686686829e-05 -3.5366669180803e-05 0.022243933752179146 -0.7139649391174316 0.2920221984386444 0.004969527013599873
-6.90188244334422e-05 -3.829437991953455e-05 0.02216016687452793 -0.7124595642089844 0.2915210425853729 0.00489333039149642
-7.14628622517921e-05 -3.933460538974032e-05 0.022078029811382294 -0.7116057276725769 0.293465256690979 0.004742857534438372
-8.84208784555085e-05 -0.0005057532107457519 0.025219708681106567 -0.5871862769126892 0.294044554233551 0.0037375236861407757
-9.066403436008841e-05 0.00026433757739141583 0.02592289447784424 -0.8136035203933716 0.2941834032535553 0.003363356925547123
-9.540477185510099e-05 2.0280836906749755e-05 0.02630593068897724 -0.7262205481529236 0.2958128750324249 0.003979130648076534
-9.288499859394506e-05 2.371220398345031e-05 0.026449240744113922 -0.726044774055481 0.2945467531681061 0.0037949110846966505
-7.866085798013955e-05 -0.0002639512240421027 0.023533610627055168 -0.6566522121429443 0.29485735297203064 0.002351942006498575
-7.922227086964995e-05 0.0002422531833872199 0.023685410618782043 -0.8061595559120178 0.2936685085296631 0.0038191082421690226
-8.282565977424383e-05 -5.177266302780481e-06 0.02385054901242256 -0.7171510457992554 0.2946805953979492 0.0022968449629843235
-8.435259951511398e-05 -3.919043592759408e-06 0.023848121985793114 -0.7159475684165955 0.2952612042427063 0.0019703467842191458
-8.54752361192368e-05 -3.89936121791834e-06 0.023846644908189774 -0.7147871255874634 0.2949393093585968 0.0017194105312228203
-8.534650987712666e-05 0.0002578448911663145 0.02472694404423237 -0.7813423275947571 0.29192522168159485 0.002386463573202491
-8.601481385994703e-05 0.000255912629654631 0.024798106402158737 -0.7636923789978027 0.2905747890472412 0.0008787327096797526
-8.681369217811152e-05 -0.00023315718863159418 0.024954456835985184 -0.6189001798629761 0.29021281003952026 0.00013337726704776287
-8.928322495194152e-05 1.7405856851837598e-05 0.02526191994547844 -0.7052940726280212 0.2893312871456146 0.0014066940639168024
-7.16845243005082e-05 -2.8460121029638685e-05 0.02158576063811779 -0.7049580812454224 0.2900618016719818 0.0016121210064738989
-6.89190419507213e-05 0.0002217714791186154 0.02146582491695881 -0.7740899324417114 0.2872903347015381 0.0012860045535489917
-6.65420011500828e-05 0.0002215816202806309 0.02136591449379921 -0.7589688897132874 0.28544920682907104 0.001197231700643897
-6.039352228981443e-05 0.00022004832862876356 0.021257687360048294 -0.7460117936134338 0.28200384974479675 0.0001560962264193222
-6.245938857318833e-05 -3.0114553737803362e-05 0.0211761724203825 -0.6703730821609497 0.28313878178596497 -0.0006145865772850811
-7.866661326261237e-05 0.0005009803571738303 0.02357242815196514 -0.8125455379486084 0.28592342138290405 0.00017357578326482326
-7.692876533837989e-05 0.00026017185882665217 0.02375430427491665 -0.7259946465492249 0.2843165993690491 0.0011544751469045877
-7.173659832915291e-05 0.0002566784096416086 0.023783773183822632 -0.7242313027381897 0.2834469974040985 0.0016852191183716059
-7.50473263906315e-05 -7.567396096419543e-07 0.02378752827644348 -0.6529273390769958 0.28592318296432495 0.0007333310204558074
-6.688389112241566e-05 -2.995343857037369e-05 0.02117646113038063 -0.6711458563804626 0.2889353632926941 0.0009800286497920752
-6.147743988549337e-05 0.00022854020062368363 0.021137038245797157 -0.7511640191078186 0.28428733348846436 0.0015542467590421438
-5.9074700402561575e-05 -2.363436942687258e-05 0.021109966561198235 -0.6758068203926086 0.2828771471977234 0.001295934314839542
-5.765289824921638e-05 -0.00027896888786926866 0.02096128836274147 -0.6194111704826355 0.28306370973587036 0.0010306379990652204
-6.257630593609065e-05 -2.615707489894703e-05 0.021079886704683304 -0.7081008553504944 0.2843438386917114 0.002216726541519165
-7.212469790829346e-05 0.0002475087530910969 0.023008223623037338 -0.7780624628067017 0.2827954590320587 0.0028687804006040096
-7.451916462741792e-05 -6.520476745208725e-07 0.023158730939030647 -0.6993952989578247 0.28252047300338745 0.003762447740882635
-8.023983536986634e-05 -1.726075424812734e-07 0.023191852495074272 -0.7040939331054688 0.284404993057251 0.0042719473131000996
-8.598542626714334e-05 -1.307788807025645e-06 0.023226263001561165 -0.7026300430297852 0.2864583134651184 0.0038960673846304417
-7.236788951558992e-05 -0.00028562755323946476 0.020375531166791916 -0.6405798196792603 0.28733426332473755 0.002589213429018855
-7.07889994373545e-05 0.00021827984892297536 0.020454982295632362 -0.7889857888221741 0.2864755392074585 0.0021170442923903465
-7.387880032183602e-05 -3.0262865038821474e-05 0.02053258940577507 -0.705816924571991 0.2876583933830261 0.0036210513208061457
-7.425794319715351e-05 -3.555530929588713e-05 0.020443715155124664 -0.7040582299232483 0.2883737087249756 0.0028388265054672956
-7.823838677722961e-05 -3.7242763937683776e-05 0.020356113091111183 -0.7036629915237427 0.288738876581192 0.0033366279676556587
-9.45558786042966e-05 0.0002540318528190255 0.023877102881669998 -0.768949031829834 0.28666993975639343 0.0033035739324986935
-8.698462625034153e-05 0.0002545038587413728 0.02400079369544983 -0.7537299394607544 0.2834927439689636 0.0036841605324298143
-9.48262750171125e-05 0.0002564331516623497 0.024117080494761467 -0.7419130802154541 0.2855493724346161 0.0040403492748737335
-9.145818330580369e-05 3.3820797398220748e-06 0.024257542565464973 -0.6691831946372986 0.28450149297714233 0.0035994574427604675
-8.457608055323362e-05 -3.176259997417219e-05 0.021475279703736305 -0.6772790551185608 0.28638219833374023 0.002953107701614499
-8.952998905442655e-05 -2.8537622711155564e-05 0.02144903875887394 -0.6850950717926025 0.28776296973228455 0.0024723184760659933
-9.299996600020677e-05 -2.7414513169787824e-05 0.021422144025564194 -0.6840494871139526 0.28969937562942505 0.0009971073595806956
-9.510399104328826e-05 -2.7360300009604543e-05 0.021395232528448105 -0.6841123700141907 0.2890858054161072 0.0010188384912908077
-0.00010681609273888171 -1.659007011767244e-06 0.02357270009815693 -0.6843099594116211 0.2887410819530487 0.0009318679221905768
-0.00010762715828604996 0.0002631635870784521 0.02365938015282154 -0.7508115172386169 0.28809046745300293 -0.00032984520657919347
-0.00010931294673355296 8.276922017103061e-06 0.02387463115155697 -0.6750985980033875 0.2870415151119232 -0.00044461459037847817
-0.00010859744361368939 9.955986570275854e-06 0.02397925592958927 -0.6742194890975952 0.2881012558937073 -0.0017686424544081092
-0.00011398998321965337 2.3574142687721178e-05 0.023981308564543724 -0.6742194890975952 0.2881012558937073 -0.0017686424544081092
-0.00010785649647004902 0.00019501549832057208 0.02207345888018608 -0.7369982600212097 0.2881969213485718 -0.000850934418849647
-0.00010904587543336675 0.00020780338672921062 0.02208346500992775 -0.7232180237770081 0.2879851460456848 -0.0018276257906109095
-0.00011096537491539493 2.5387002096977085e-05 0.022132519632577896 -0.650715172290802 0.2876013517379761 -0.00284487078897655
-0.00011653917317744344 1.7909982489072718e-05 0.02214205451309681 -0.6578898429870605 0.2914665937423706 -0.0029022679664194584
-0.0001306476624449715 3.90179775422439e-05 0.02439873479306698 -0.6639397144317627 0.29353612661361694 -0.0034569997806102037
-0.00012967018119525164 0.00041883985977619886 0.024575678631663322 -0.7987731099128723 0.29192793369293213 -0.003842464881017804
-0.00013085294631309807 0.0002573201199993491 0.02494734898209572 -0.7050571441650391 0.2907092869281769 -0.0028451993130147457
-0.00013511955330614 -0.000112012421595864 0.02509607933461666 -0.5691201686859131 0.2907571494579315 -0.00268059060908854
-0.0001381855399813503 6.366034358507022e-05 0.02558509074151516 -0.6646122932434082 0.29115813970565796 -0.002318042330443859
-0.00012813422654289752 4.691982758231461e-05 0.024241669103503227 -0.6723185181617737 0.28910109400749207 -0.0019784176256507635
-0.00012660532956942916 4.240010093781166e-05 0.024331670254468918 -0.6730952262878418 0.28789255023002625 -0.0018877055263146758
-0.00012644403614103794 4.3684118281817064e-05 0.024423159658908844 -0.6785593032836914 0.28869426250457764 -0.001570955035276711
-0.00012645783135667443 0.00023230144870467484 0.024514397606253624 -0.7505635023117065 0.2895087003707886 -0.0015175751177594066
-0.00013368944928515702 8.225941564887762e-05 0.02677912265062332 -0.6710562705993652 0.2903155982494354 -0.001705366070382297
-0.00013083458179607987 8.43296802486293e-05 0.026997411623597145 -0.6793596148490906 0.28895673155784607 -0.0007327349740080535
-0.00013505211973097175 8.287097443826497e-05 0.02721436880528927 -0.679768443107605 0.28874656558036804 -0.00035555806243792176
-0.00012963626068085432 8.436004281975329e-05 0.027430642396211624 -0.6800214052200317 0.288815975189209 0.0003241030208300799
-0.00013429591490421444 0.0002706614031922072 0.02764182537794113 -0.7458662390708923 0.28968116641044617 0.0013911358546465635
-0.00011274170537944883 3.953341001761146e-05 0.023187721148133278 -0.6629570126533508 0.2914331257343292 0.0002005825808737427
-0.00011255730350967497 3.542485865182243e-05 0.02314990758895874 -0.662666916847229 0.29213640093803406 -0.00045848803711123765
-0.00010756749543361366 2.965009662148077e-05 0.023114372044801712 -0.6596975922584534 0.29379040002822876 -0.0021578015293926
-0.0001051389190251939 0.00022568290296476334 0.023063553497195244 -0.7254789471626282 0.2898043096065521 0.0005065581644885242
-0.00011894303315784782 4.9738275265553966e-05 0.02507794089615345 -0.62347012758255 0.29050424695014954 -0.0001116637940867804
-0.0001253320078831166 0.0002592953387647867 0.025191161781549454 -0.7067198753356934 0.29112380743026733 0.004568391013890505
-0.00012375545338727534 7.139700755942613e-05 0.025422507897019386 -0.6175763607025146 0.27487778663635254 -0.0021377401426434517
-0.00012351572513580322 9.378726099384949e-05 0.025532199069857597 -0.6063803434371948 0.27927297353744507 0.0006030373624525964
-0.00015903060557320714 8.520487608620897e-05 0.025646891444921494 -0.6023679375648499 0.26282864809036255 0.008171340450644493
-9.247264097211882e-05 0.0002626094501465559 0.023074276745319366 -0.6656753420829773 0.23986390233039856 -0.012521408498287201
-8.323293150169775e-05 0.0005146524636074901 0.022962557151913643 -0.7222873568534851 0.24284420907497406 -0.008028133772313595
-4.7113073378568515e-05 0.00031399703584611416 0.023281164467334747 -0.6157670021057129 0.21764130890369415 -0.0045584384351968765
-2.125657192664221e-05 0.00027164616039954126 0.02326771803200245 -0.5507710576057434 0.22139333188533783 -0.0020895907655358315
-4.168969826423563e-05 0.00017760343325790018 0.025044377893209457 -0.50011146068573 0.22687560319900513 -0.012443793937563896
-2.6735757273854688e-05 0.00035986994043923914 0.025229057297110558 -0.5807235240936279 0.2112456113100052 0.004266988951712847
-5.410586527432315e-05 0.00041151372715830803 0.025368859991431236 -0.5814383625984192 0.23000620305538177 -0.008446123450994492
0.0001472741278121248 0.00039144165930338204 0.025567224249243736 -0.5622925758361816 0.14656463265419006 -0.006549544632434845
0.00015456810069736093 0.0003426543262321502 0.025788385421037674 -0.4904886782169342 0.1578771322965622 0.0041291373781859875
0.00014539650874212384 0.0002974270028062165 0.023238779976963997 -0.4723559617996216 0.18860022723674774 0.0004253673832863569
0.00020470174786169082 0.0003095618449151516 0.023331087082624435 -0.4564499258995056 0.17468522489070892 -0.010094818659126759
0.00019413638801779598 0.000583528308197856 0.02343170717358589 -0.576977014541626 0.17038625478744507 -0.011389506980776787
0.00017814186867326498 0.0006228956044651568 0.02355290576815605 -0.5785679221153259 0.19136667251586914 0.004313440527766943
0.00020736597070936114 0.0005558686680160463 0.024561211466789246 -0.5091313719749451 0.18473656475543976 0.0005287170060910285
0.0002031725598499179 0.0004807943187188357 0.024631353095173836 -0.42081961035728455 0.1982160061597824 0.00076040078420192
-4.567463292914908e-06 0.0004574972845148295 0.024714000523090363 -0.3727665841579437 0.2645525336265564 -0.0014148108894005418
-3.3238717151107267e-05 0.0005009690066799521 0.024883544072508812 -0.3848171830177307 0.24486565589904785 -0.002628152957186103
-0.00028543316875584424 0.0006487794453278184 0.026059377938508987 -0.46767139434814453 0.32055121660232544 0.001788303256034851
-0.00014981027925387025 0.000679374614264816 0.026389189064502716 -0.48856303095817566 0.26804912090301514 0.008693782612681389
-0.00011479285603854805 0.0005949608748778701 0.02655806578695774 -0.4132724404335022 0.2366095930337906 0.00027272020815871656
-4.258889384800568e-05 0.0009333259658887982 0.026749933138489723 -0.4697974622249603 0.16650377213954926 -0.013614368624985218
-7.501282379962504e-05 0.0007683546864427626 0.027218759059906006 -0.3610779643058777 0.16336940228939056 -0.013140234164893627
0.00017184711759909987 0.00071056088199839 0.0264396034181118 -0.3266350328922272 0.08940896391868591 -0.010079914703965187
0.00012751654139719903 0.0008000419475138187 0.026704436168074608 -0.35416126251220703 0.1254647970199585 -0.009168802760541439
-0.00029495960916392505 0.0008307750686071813 0.02694888785481453 -0.38722488284111023 0.2945113182067871 0.0164821594953537
-0.000381885765818879 0.0007970621227286756 0.027132801711559296 -0.34920164942741394 0.30894872546195984 0.008370640687644482
-0.00014277816808316857 0.0007822752231732011 0.027374085038900375 -0.3282102346420288 0.22184598445892334 -0.015335011295974255
-4.768149301526137e-05 0.0007946067489683628 0.027508113533258438 -0.31562793254852295 0.13189680874347687 -0.007730930577963591
-4.2109777496079914e-06 0.0008121535647660494 0.02766069397330284 -0.31046560406684875 0.07436861097812653 -0.010336390696465969
-0.0003278995573054999 0.0008906145812943578 0.027954619377851486 -0.36677882075309753 0.20780979096889496 -0.004543882794678211
-0.00027090951334685087 0.0008993612718768418 0.028230035677552223 -0.37601813673973083 0.24870547652244568 -0.01303421426564455
-0.00019660686666611582 0.0008438242366537452 0.028263334184885025 -0.3292286694049835 0.22008942067623138 -0.017584197223186493
5.877905095985625e-06 0.0007240921841003001 0.028395546600222588 -0.23806332051753998 0.11151459068059921 -0.021462339907884598
-7.701639697188511e-05 0.0006799502298235893 0.02864808402955532 -0.161997452378273 0.18266764283180237 -0.015316726639866829
-3.325962461531162e-05 0.0007222291897051036 0.02887318842113018 -0.17429962754249573 0.1956814080476761 -0.013839982450008392
8.484116551699117e-05 0.0008171648951247334 0.027883483096957207 -0.2576374113559723 0.11366590857505798 -0.02262909710407257
-8.443205842922907e-06 0.0008411052403971553 0.028076548129320145 -0.29294553399086 0.1484120637178421 -0.0017611815128475428
-0.00015821855049580336 0.0008893284830264747 0.02819732017815113 -0.31729990243911743 0.27685239911079407 0.00311244186013937
-7.858288881834596e-05 0.0008839674992486835 0.028417522087693214 -0.3146764039993286 0.254752516746521 -0.014233442954719067
5.022979894420132e-05 0.0009146178490482271 0.028566090390086174 -0.26901108026504517 0.1293160766363144 -0.01284240186214447
0.0002733683795668185 0.0008548647747375071 0.027979586273431778 -0.1682119220495224 0.011894977651536465 -0.003293809248134494
4.8220132157439366e-05 0.0009480097214691341 0.028292641043663025 -0.21459396183490753 0.15534886717796326 -0.013565441593527794
0.0001858578179962933 0.000993499532341957 0.028464289382100105 -0.27021393179893494 0.13278359174728394 -0.04229592904448509
-5.6434524594806135e-05 0.0009537633159197867 0.028681540861725807 -0.23426127433776855 0.2513897120952606 -0.02195923402905464
-0.00013015589502174407 0.0007554541225545108 0.028130920603871346 -0.13775315880775452 0.2830151915550232 -0.0030481908470392227
-0.00014925307186786085 0.0007702467264607549 0.02832510881125927 -0.18160443007946014 0.29194360971450806 -0.00454677501693368
-0.0001867649843916297 0.0010340118315070868 0.02855815552175045 -0.23448537290096283 0.31618571281433105 -0.014615747146308422
-0.0001220117774209939 0.0019561874214559793 0.028322666883468628 -0.4515479505062103 0.2525058090686798 -0.008687463589012623
-6.985881918808445e-05 0.00131652329582721 0.03131610155105591 -0.13314469158649445 0.1834195852279663 0.03143511340022087
-6.530320388264954e-05 0.0013453647261485457 0.029351191595196724 -0.1516367495059967 0.1598014086484909 0.03605547919869423
-6.129848770797253e-05 0.001192173222079873 0.02941770665347576 -0.1038164496421814 0.17304377257823944 -0.011960224248468876
-3.2774485589470714e-05 0.0011837651254609227 0.029532814398407936 -0.12248840183019638 0.15003392100334167 -0.049351975321769714
-0.00015471765073016286 0.0014236087445169687 0.029781898483633995 -0.2133750021457672 0.15664391219615936 -0.02669297717511654
-0.0001717384730000049 0.001058936002664268 0.029301324859261513 -0.1107865497469902 0.14217381179332733 0.01530777383595705
0.0005729168187826872 0.0008014235645532608 0.02938098832964897 -0.040993791073560715 -0.10550063848495483 -0.02545502968132496
0.0008434468763880432 0.0013737138360738754 0.03004872240126133 -0.2455395758152008 -0.12367592006921768 -0.07790257781744003
3.639043643488549e-05 0.0022090263664722443 0.031162137165665627 -0.48785722255706787 0.23371367156505585 -0.060402560979127884
9.884031896945089e-06 0.0021035412792116404 0.032749053090810776 -0.3722962439060211 0.23303043842315674 -0.02228204719722271
-6.086512439651415e-05 0.002112641464918852 0.030402440577745438 -0.3135780096054077 0.2602800726890564 0.007926590740680695
-0.00036010672920383513 0.0022511749994009733 0.030428767204284668 -0.2898675799369812 0.38052716851234436 0.01626621186733246
-0.00045715257874689996 0.0028139851056039333 0.0305327195674181 -0.3802337944507599 0.40806713700294495 0.019839966669678688
-0.0011765776434913278 0.002913759322836995 0.030423957854509354 -0.2663774788379669 0.5736433863639832 0.057799164205789566
-0.0011682419572025537 0.0032839912455528975 0.02967623434960842 -0.24912990629673004 0.4371851086616516 0.11002188175916672
-0.0011888828594237566 0.0033393532503396273 0.030116818845272064 -0.16841205954551697 0.2908090651035309 0.1605660766363144
-0.0010380911407992244 0.0033941580913960934 0.030328163877129555 -0.11968070268630981 0.06228874623775482 0.20265428721904755
-0.002327268710359931 0.0038231692742556334 0.03133637458086014 -0.20660839974880219 0.4327072203159332 0.2367512583732605
-0.0025552865117788315 0.003839930286630988 0.03246007114648819 -0.12211990356445312 0.40967437624931335 0.23812060058116913
-0.003279081778600812 0.0036864338908344507 0.029357487335801125 0.010742824524641037 0.6037469506263733 0.27920767664909363
-0.0034966052044183016 0.00375069840811193 0.030057048425078392 0.10165445506572723 0.5617783069610596 0.31981170177459717
-0.003827121574431658 0.003647777484729886 0.03018248826265335 0.2270052134990692 0.6282211542129517 0.3639991581439972
-0.00417645089328289 0.004352503921836615 0.031124131754040718 0.0812561959028244 0.7727665305137634 0.4505457878112793
-0.004481470212340355 0.0041075595654547215 0.028758736327290535 0.3250461518764496 0.8494013547897339 0.5027636289596558
-0.004785466007888317 0.004137673880904913 0.028898615390062332 0.47006937861442566 0.8230599164962769 0.5706220865249634
-0.006055846344679594 0.0040999422781169415 0.028503412380814552 0.5588862299919128 1.1243332624435425 0.6592128872871399
-0.0073381406255066395 0.004036750178784132 0.0264105387032032 0.5787560939788818 1.2998138666152954 0.7270412445068359
-0.008275981061160564 0.003915220033377409 0.024833865463733673 0.5647293329238892 1.3554266691207886 0.767617404460907
-0.009542148560285568 0.003190241288393736 0.02320398949086666 0.7163652181625366 1.4757949113845825 0.8006011843681335
-0.010674587450921535 0.0031779082491993904 0.02359350025653839 0.5825193524360657 1.394491195678711 0.8690394759178162
-0.012332666665315628 0.002291884506121278 0.02025086060166359 0.7840614914894104 1.3867322206497192 0.9389586448669434
-0.013351233676075935 0.0018994065467268229 0.022753555327653885 0.8221949934959412 0.8943293690681458 0.9997931122779846
-0.01580243557691574 0.000597784819547087 0.017672056332230568 1.1635648012161255 1.0947736501693726 1.1132738590240479
-0.0179187823086977 0.0004608006856869906 0.01749153435230255 0.9055367112159729 0.992447555065155 1.2483913898468018
-0.02020697109401226 -0.0002692168636713177 0.011663767509162426 0.759282648563385 1.0661076307296753 1.3692036867141724
-0.022182706743478775 -0.00027993976254947484 0.01997556909918785 0.19448652863502502 0.5288629531860352 1.3850337266921997
-0.02383185364305973 -0.001217686920426786 0.021742498502135277 0.0353148952126503 0.16844165325164795 1.3925422430038452
-0.02551315911114216 -0.0009329567546956241 0.023125817999243736 -0.5660023093223572 -0.20056648552417755 1.4927695989608765
-0.027598895132541656 -0.001152512850239873 0.023036323487758636 -0.848511815071106 -0.3893809914588928 1.5880963802337646
-0.02873850055038929 -0.0017304847715422511 0.02652827650308609 -1.0109916925430298 -1.0396829843521118 1.6637206077575684
-0.02710510417819023 -8.506836456945166e-05 0.026163803413510323 -1.8130930662155151 -2.3394808769226074 1.6838353872299194
-0.024511924013495445 -0.0012521009193733335 0.022616641595959663 -1.3390201330184937 -3.3941550254821777 1.9362720251083374
-0.024024859070777893 -0.0013416233705356717 0.02265738509595394 -1.3390824794769287 -3.613757371902466 2.026644706726074
-0.027230214327573776 0.0018301268573850393 0.03576920926570892 -2.331669569015503 -3.0055863857269287 1.5153390169143677
-0.02761503867805004 0.0023537890519946814 0.03988129645586014 -1.8953936100006104 -2.9994702339172363 1.6757991313934326
-0.02895602397620678 0.0018128127558156848 0.044734060764312744 -1.1865345239639282 -2.6643426418304443 1.9144397974014282
-0.02803012728691101 0.006046455819159746 0.044377923011779785 -1.6339010000228882 -2.6429245471954346 1.5967835187911987
-0.027858788147568703 0.006974067073315382 0.04946979135274887 -1.0253305435180664 -2.4074926376342773 1.8293886184692383
-0.029351957142353058 0.006265703588724136 0.061353400349617004 -0.04566389322280884 -1.7539712190628052 2.2282822132110596
-0.029556231573224068 0.0045180250890553 0.06435991823673248 1.0348424911499023 -1.2712891101837158 2.705388307571411
-0.029102692380547523 0.003764815628528595 0.056680433452129364 1.5975850820541382 -0.8122655749320984 2.866368055343628
-0.023235276341438293 0.0002114541712217033 0.049567729234695435 2.8406295776367188 -1.727063536643982 3.3780205249786377
-0.02380366250872612 0.00019178236834704876 0.0642123743891716 2.853989362716675 -1.0192354917526245 3.4418163299560547
-0.024156929925084114 -0.0006579436594620347 0.07026997208595276 2.8997724056243896 -0.4525694251060486 3.5854294300079346
-0.024590959772467613 -0.00039385410491377115 0.07049057632684708 2.4243874549865723 -0.02713138423860073 3.619974136352539
-0.01690896600484848 0.0017997310496866703 0.07867497205734253 1.5828179121017456 -1.8380444049835205 2.8153347969055176
-0.01624513417482376 0.0015454381937161088 0.09698466211557388 1.1757349967956543 -1.2504521608352661 3.103959560394287
-0.01517970860004425 0.0009514986886642873 0.10514238476753235 0.7225086688995361 -0.9472960829734802 3.3036882877349854
-0.014573901891708374 0.0005971589125692844 0.11169341951608658 0.14313390851020813 -0.6037606000900269 3.474961042404175
-0.014678378589451313 -0.0005333095323294401 0.09927669912576675 -0.19933873414993286 -0.4473845362663269 3.598396062850952
-0.014338892884552479 -0.0007074601016938686 0.10288485884666443 -0.7672356367111206 -0.12992483377456665 3.6916821002960205
-0.013736081309616566 -0.002420458709821105 0.1054716482758522 -0.8632122874259949 0.103333480656147 3.7929441928863525
-0.013689963147044182 -0.0027773119509220123 0.10818027704954147 -1.2612388134002686 0.48599499464035034 3.836688756942749
-0.014983841218054295 -0.003159694606438279 0.09317252784967422 -1.4321141242980957 0.725730299949646 3.878034830093384
-0.01569364406168461 -0.003271279390901327 0.09376215934753418 -1.6232205629348755 1.1793091297149658 3.899967908859253
-0.016307787969708443 -0.0033494350500404835 0.09369279444217682 -1.6683804988861084 1.4963328838348389 3.9035634994506836
-0.013569192960858345 -0.0040635159239172935 0.09998060762882233 -1.4169238805770874 1.1386409997940063 3.9554367065429688
-0.013492410071194172 -0.004354335833340883 0.10152575373649597 -1.202286958694458 1.3349978923797607 3.952113389968872
-0.014815002679824829 -0.0038805664516985416 0.08955655246973038 -1.0096220970153809 1.468660831451416 3.9808239936828613
-0.014605612494051456 -0.004358179867267609 0.08987605571746826 -0.6140851974487305 1.5028467178344727 3.9759669303894043
-0.013904944993555546 -0.004724773578345776 0.09029912203550339 -0.2701546549797058 1.3810358047485352 4.0018310546875
-0.013575439341366291 -0.0046794661320745945 0.09049387276172638 -0.08044224232435226 1.3282041549682617 4.039900302886963
-0.014236119575798512 -0.004602810833603144 0.08066227287054062 0.060148417949676514 1.355494737625122 4.0703020095825195
-0.014150606468319893 -0.004364587366580963 0.08007407933473587 -0.054093778133392334 1.3398200273513794 4.136414051055908
-0.014620548114180565 -0.00445839948952198 0.0791514590382576 -0.2059900313615799 1.4202144145965576 4.173542022705078
-0.014410743489861488 -0.0040976423770189285 0.07850664108991623 -0.5652409195899963 1.2768079042434692 4.269196033477783
-0.014522889629006386 -0.004780689720064402 0.07830303907394409 -0.7243523597717285 1.2660505771636963 4.295002460479736
-0.015599608421325684 -0.004567304160445929 0.07186543196439743 -1.087679386138916 1.4282675981521606 4.376881122589111
-0.015535212121903896 -0.004723670426756144 0.07145868986845016 -1.3484327793121338 1.3535230159759521 4.453951835632324
-0.015778474509716034 -0.004561537876725197 0.0705428346991539 -1.6289360523223877 1.3654874563217163 4.559561729431152
-0.016353493556380272 -0.0049167200922966 0.06994450092315674 -1.671026349067688 1.4637010097503662 4.623490333557129
-0.016753075644373894 -0.0049444325268268585 0.067960225045681 -1.7109254598617554 1.5028533935546875 4.724778652191162
-0.016765374690294266 -0.005156556144356728 0.06784167140722275 -1.6053422689437866 1.4405244588851929 4.822918891906738
-0.017179328948259354 -0.0053185150027275085 0.0673285499215126 -1.443009376525879 1.4417991638183594 4.894471168518066
-0.017185647040605545 -0.005190425086766481 0.06731634587049484 -1.3201186656951904 1.2305938005447388 5.018273830413818
-0.017702938988804817 -0.005647813901305199 0.0672130137681961 -1.0127710103988647 1.240625023841858 5.054657459259033
-0.018711552023887634 -0.004836369305849075 0.06713708490133286 -1.0745528936386108 1.2534230947494507 5.168182373046875
-0.019292015582323074 -0.005107075907289982 0.06760422140359879 -0.7685707807540894 1.1062257289886475 5.222326278686523
-0.019468922168016434 -0.004606183618307114 0.06848426163196564 -0.7351117730140686 0.8246732354164124 5.3514814376831055
-0.019697286188602448 -0.004540645517408848 0.0692363902926445 -0.6151518225669861 0.5285525321960449 5.432341575622559
-0.02123473770916462 -0.003835237817838788 0.07092953473329544 -0.6759663224220276 0.525307297706604 5.490377902984619
-0.021630296483635902 -0.0038156122900545597 0.0725523829460144 -0.503738284111023 0.16086488962173462 5.538957595825195
-0.021803608164191246 -0.003258872777223587 0.0738920122385025 -0.46490874886512756 -0.1725444793701172 5.600096225738525
-0.02083647809922695 -0.002811251673847437 0.07508840411901474 -0.3854358494281769 -0.7316989898681641 5.674379825592041
-0.020815186202526093 -0.0027497431728988886 0.07645721733570099 -0.23547379672527313 -0.8244508504867554 5.711475372314453
-0.021318145096302032 -0.0007317156996577978 0.08131091296672821 -0.5713469982147217 -0.7487451434135437 5.721494674682617
-0.022051766514778137 0.00026921957032755017 0.0831015557050705 -0.642432689666748 -0.4568330645561218 5.741378307342529
-0.0225270576775074 0.00046468284563161433 0.08665184676647186 -0.567320704460144 -0.24029463529586792 5.782005310058594
-0.02299530990421772 0.0007504896493628621 0.08936197310686111 -0.5282096862792969 -0.014578374102711678 5.796705722808838
-0.02316845767199993 0.0014999768463894725 0.08858043700456619 -0.5801259279251099 0.19840140640735626 5.7893877029418945
-0.02237154170870781 0.002985933795571327 0.09082444757223129 -0.6683142185211182 0.02991446852684021 5.781971454620361
-0.022620441392064095 0.0037378945853561163 0.09352399408817291 -0.5354158878326416 0.12702904641628265 5.772915363311768
-0.02269558236002922 0.0037896581925451756 0.0972282662987709 -0.1702897995710373 0.05900135263800621 5.761476039886475
-0.022864926606416702 0.003546161111444235 0.10010962933301926 0.2801745533943176 -0.05721697211265564 5.742738246917725
-0.02265791781246662 0.0042159841395914555 0.10288996994495392 0.5404804944992065 -0.24611902236938477 5.701385021209717
-0.023151753470301628 0.006415459327399731 0.10624329745769501 0.42513513565063477 -0.29108014702796936 5.634897708892822
-0.02383444830775261 0.006505806930363178 0.11008185893297195 0.7516499161720276 -0.27097952365875244 5.599301815032959
-0.023532895371317863 0.00661458307877183 0.11329425126314163 0.9677061438560486 -0.48915255069732666 5.534613132476807
-0.023176230490207672 0.006818324327468872 0.11590231955051422 1.0696791410446167 -0.7117495536804199 5.46259069442749
-0.023046595975756645 0.006799038033932447 0.11842626333236694 1.144726037979126 -0.7852786779403687 5.406647682189941
-0.022974815219640732 0.006962313782423735 0.12107996642589569 1.112616777420044 -0.7890585064888 5.3336334228515625
-0.02275734953582287 0.0041641308926045895 0.12204883992671967 1.5739963054656982 -0.7143731117248535 5.361457347869873
-0.021853195503354073 0.0007128641591407359 0.12287753075361252 2.0443568229675293 -0.7341829538345337 5.358940601348877
-0.022346606478095055 0.0012567865196615458 0.12930123507976532 1.6602743864059448 -0.5155773162841797 5.266682147979736
-0.02264361083507538 0.000282027933280915 0.13179032504558563 1.5525497198104858 -0.2843315899372101 5.204593181610107
-0.021814169362187386 0.0015899925492703915 0.13760417699813843 0.9868238568305969 -0.3310604393482208 4.990256309509277
-0.022436901926994324 0.0015938959550112486 0.1409343034029007 0.6272580623626709 -0.011361174285411835 4.936797618865967
-0.022830765694379807 0.00238985032774508 0.14389733970165253 0.16793914139270782 0.17175835371017456 4.848521709442139
-0.02237771824002266 0.0033776266500353813 0.1464371234178543 -0.28743574023246765 0.1640593260526657 4.727804183959961
-0.02244289219379425 0.00499520031735301 0.14813846349716187 -0.7967106103897095 0.17602239549160004 4.633378505706787
-0.022624703124165535 0.004817940294742584 0.15136811137199402 -0.9165664315223694 0.19634616374969482 4.574178218841553
-0.02358177676796913 0.004747905768454075 0.15708759427070618 -1.0073883533477783 0.2818015515804291 4.530348777770996
-0.024959051981568336 0.001413643709383905 0.16120950877666473 -0.5158276557922363 0.429928183555603 4.505216598510742
-0.025469785556197166 0.0011597723932936788 0.16412879526615143 -0.48263266682624817 0.34888583421707153 4.442361354827881
-0.026452714577317238 0.0009072456741705537 0.1667986512184143 -0.3485448956489563 0.3740907311439514 4.377193927764893
-0.026029180735349655 0.000309263588860631 0.1701429784297943 -0.11956532299518585 0.160432830452919 4.312602996826172
-0.025701094418764114 0.0006558191380463541 0.17486053705215454 -0.05333473160862923 -0.04509850963950157 4.254757881164551
-0.025454547256231308 0.0007369675440713763 0.17792142927646637 0.019122565165162086 -0.1948966532945633 4.193161964416504
-0.02566041797399521 0.000678454409353435 0.18122674524784088 0.046501897275447845 -0.2636071741580963 4.118285179138184
-0.02543284371495247 0.0012829136103391647 0.18419800698757172 -0.06619113683700562 -0.3766241669654846 4.048734188079834
-0.02484770677983761 0.00028381493757478893 0.18707484006881714 -0.02290835790336132 -0.5380805134773254 3.978785514831543
-0.026085497811436653 0.0018221313366666436 0.1903311312198639 -0.3844762146472931 -0.4870890974998474 3.9000792503356934
-0.02361423522233963 -0.002533335005864501 0.19397523999214172 0.07947919517755508 -0.7880189418792725 3.8626537322998047
-0.01908973976969719 -0.007855452597141266 0.19366399943828583 0.6091123223304749 -1.288048505783081 3.849252700805664
-0.019424518570303917 -0.007851734757423401 0.19857905805110931 0.35318848490715027 -1.1108558177947998 3.78143572807312
-0.0204494446516037 -0.007926608435809612 0.20032189786434174 0.1433931589126587 -0.8106436729431152 3.7170135974884033
-0.020138097926974297 -0.007308694534003735 0.20366115868091583 -0.14316460490226746 -0.6502663493156433 3.6363840103149414
-0.02048211172223091 -0.007627325132489204 0.20674733817577362 -0.3263053596019745 -0.3854328989982605 3.57907772064209
-0.02145732380449772 -0.007518924307078123 0.20986536145210266 -0.5694800019264221 -0.07072146236896515 3.5207502841949463
-0.021790435537695885 -0.006629095412790775 0.21283264458179474 -0.9028396606445312 0.1564180701971054 3.452498197555542
-0.02248058281838894 -0.005685812793672085 0.21546311676502228 -1.2298150062561035 0.3753035366535187 3.3936703205108643
-0.022323165088891983 -0.008511948399245739 0.2186950296163559 -1.0680896043777466 0.4908129870891571 3.382045269012451
-0.025266995653510094 -0.008180554024875164 0.22108124196529388 -1.2597366571426392 0.8262335062026978 3.3333640098571777
-0.008549857884645462 -0.009711131453514099 0.22993360459804535 -1.054263710975647 -1.066035509109497 3.419602632522583
-0.007543007843196392 -0.009806845337152481 0.2304833084344864 -1.0436707735061646 -1.0724927186965942 3.3771820068359375
-0.007100109942257404 -0.008725817315280437 0.23397113382816315 -1.1621648073196411 -1.061805248260498 3.3154799938201904
-0.008327742107212543 -0.009195392020046711 0.23819242417812347 -1.079463005065918 -0.798503577709198 3.252392053604126
-0.009143684059381485 -0.008149960078299046 0.24170775711536407 -1.1743049621582031 -0.503329336643219 3.179140090942383
-0.009749838151037693 -0.008383162319660187 0.24343137443065643 -1.1111620664596558 -0.15506479144096375 3.116748809814453
-0.010369515046477318 -0.007925545796751976 0.24628692865371704 -1.13557767868042 0.27002421021461487 3.0488996505737305
-0.011069982312619686 -0.008257525973021984 0.2490820735692978 -1.0457583665847778 0.728807270526886 2.993778944015503
-0.012105508707463741 -0.008483624085783958 0.2517564296722412 -0.9845213294029236 1.155762791633606 2.938282012939453
-0.012594705447554588 -0.007141157519072294 0.25434166193008423 -1.1015394926071167 1.424461007118225 2.902975559234619
-0.013517293147742748 -0.0073852334171533585 0.2528965175151825 -1.0260369777679443 1.646162509918213 2.878028631210327
-0.013359093107283115 -0.0046087210066616535 0.25523248314857483 -1.2498345375061035 1.587484359741211 2.885723829269409
-0.012606856413185596 -0.0054833837784826756 0.25797420740127563 -1.0992846488952637 1.4092237949371338 2.8767707347869873
-0.011603482067584991 -0.005817874800413847 0.2606046199798584 -0.969308614730835 1.1820718050003052 2.8742828369140625
-0.014194178394973278 -0.005727528128772974 0.2609920799732208 -0.9033442139625549 1.2356393337249756 2.829214572906494
-0.015780743211507797 -0.005775826517492533 0.26317957043647766 -0.7860127687454224 1.1560250520706177 2.7940804958343506
-0.012208004482090473 -0.004199807997792959 0.2659161388874054 -0.7636613845825195 0.5945700407028198 2.8526461124420166
-0.012072653509676456 -0.0032820086926221848 0.2681596577167511 -0.7241222858428955 0.4270171523094177 2.8491923809051514
-0.011475648730993271 -0.0025735474191606045 0.2703886330127716 -0.6452364921569824 0.2602878510951996 2.8422012329101562
-0.012816066853702068 -0.001890566316433251 0.27058276534080505 -0.5543714761734009 0.32621562480926514 2.8023171424865723
-0.012611733749508858 -0.0010557228233665228 0.27275675535202026 -0.4747380316257477 0.2709553837776184 2.7821204662323
-0.012849442660808563 -0.00011472112964838743 0.2749432623386383 -0.417216032743454 0.30304238200187683 2.7652063369750977
-0.013076172210276127 0.0004673341172747314 0.2771534025669098 -0.3055582642555237 0.35642144083976746 2.7525217533111572
-0.015079719945788383 0.0009824070148169994 0.27880915999412537 -0.18994687497615814 0.5692382454872131 2.722928524017334
-0.01595853827893734 0.001712940982542932 0.28092190623283386 -0.09714529663324356 0.6373648047447205 2.710336208343506
-0.016208045184612274 0.0025370281655341387 0.28307920694351196 -0.018532680347561836 0.6573506593704224 2.7042455673217773
-0.016235319897532463 0.002392066642642021 0.28531643748283386 0.14771173894405365 0.6462625861167908 2.6960692405700684
-0.01827971264719963 0.0030921355355530977 0.28740307688713074 0.23004400730133057 0.7493283748626709 2.697845697402954
-0.0177691038697958 0.0023177245166152716 0.2919554114341736 0.4433870017528534 0.6118054389953613 2.6870734691619873
-0.017367742955684662 0.0035075494088232517 0.29435455799102783 0.44962653517723083 0.4127536118030548 2.6937050819396973
-0.017355240881443024 0.004678204655647278 0.2966759204864502 0.45839548110961914 0.25479403138160706 2.7016663551330566
-0.018209319561719894 0.005441092420369387 0.2989721894264221 0.44158193469047546 0.18158352375030518 2.7073521614074707
-0.01919579692184925 0.005976732820272446 0.3015749156475067 0.46724826097488403 0.13372857868671417 2.717780351638794
-0.0202585831284523 0.005520503036677837 0.30400407314300537 0.5650400519371033 0.10651766508817673 2.729008674621582
-0.021120324730873108 0.005227978806942701 0.30643215775489807 0.6272831559181213 0.05183400213718414 2.7326266765594482
-0.02123996429145336 0.0061563048511743546 0.3091023862361908 0.5884138345718384 -0.08529090881347656 2.7425923347473145
-0.021618729457259178 0.006570922676473856 0.311506986618042 0.6160964369773865 -0.1565987467765808 2.7444045543670654
-0.022891897708177567 0.0071053532883524895 0.31488871574401855 0.6291273832321167 -0.1566166877746582 2.747398614883423
-0.02286945842206478 0.007799992803484201 0.31732937693595886 0.6239153742790222 -0.29503145813941956 2.7553305625915527
-0.023012680932879448 0.008315094746649265 0.319782555103302 0.6472008228302002 -0.3953996002674103 2.7785205841064453
-0.02327829599380493 0.008788692764937878 0.3222745656967163 0.6872408390045166 -0.471195787191391 2.7985262870788574
-0.024797767400741577 0.00830840039998293 0.32648923993110657 0.7852567434310913 -0.41842779517173767 2.8259336948394775
-0.024550339207053185 0.007981406524777412 0.32916614413261414 0.8629226088523865 -0.47781386971473694 2.837961196899414
-0.023969057947397232 0.008788500912487507 0.33186501264572144 0.8438721299171448 -0.5957481861114502 2.838534116744995
-0.0240725576877594 0.008653993718326092 0.33460888266563416 0.8780772686004639 -0.6214803457260132 2.852466106414795
-0.02638826332986355 0.009038296528160572 0.33740830421447754 0.882638692855835 -0.4430289566516876 2.8812341690063477
-0.027780495584011078 0.009028682485222816 0.3403651714324951 0.893291711807251 -0.40163716673851013 2.9055466651916504
-0.022387558594346046 0.007601325865834951 0.343293696641922 1.0006853342056274 -0.8635390996932983 2.8572492599487305
-0.0214710533618927 0.007754072546958923 0.3460046648979187 0.9656758904457092 -1.0195564031600952 2.8578715324401855
-0.02144460380077362 0.006928232964128256 0.34877774119377136 0.9989005923271179 -1.0417704582214355 2.873133897781372
nan nan nan 1.2391798496246338 -1.1301685571670532 2.8860743045806885
