0.27914565801620483 -0.4439241886138916 0.023945583030581474 -0.3487662076950073 0.5471361875534058 -98.4901123046875
0.2791474759578705 -0.4439222514629364 0.023973897099494934 -0.3479675352573395 0.5478474497795105 -98.57723236083984
0.27914392948150635 -0.44391757249832153 0.024000711739063263 -0.3486354351043701 0.5481602549552917 -98.66511535644531
0.279138445854187 -0.4439138174057007 0.024027643725275993 -0.3469003140926361 0.5489037036895752 -98.75199890136719
0.27913200855255127 -0.4439203143119812 0.023228604346513748 -0.3456793427467346 0.5495355129241943 -98.83905792236328
0.2791277766227722 -0.44392210245132446 0.023213062435388565 -0.3480833172798157 0.5431192517280579 -98.92723846435547
0.27912744879722595 -0.443921834230423 0.023197069764137268 -0.34850192070007324 0.5416350364685059 -99.01170349121094
0.2791251838207245 -0.44392120838165283 0.0231812484562397 -0.34829795360565186 0.5412989854812622 -99.09817504882812
0.27913302183151245 -0.44391295313835144 0.023902174085378647 -0.34774279594421387 0.5411189198493958 -99.18579864501953
0.2791314423084259 -0.44391128420829773 0.02392621524631977 -0.3485276699066162 0.5413854122161865 -99.27263641357422
0.27913376688957214 -0.4439093768596649 0.023951133713126183 -0.34689393639564514 0.542523980140686 -99.36077117919922
0.2791328728199005 -0.44390660524368286 0.02397705428302288 -0.3473825752735138 0.5415407419204712 -99.44857788085938
0.27913331985473633 -0.4439084529876709 0.024003176018595695 -0.35024508833885193 0.5352267622947693 -99.5364761352539
0.27912211418151855 -0.44391685724258423 0.022811464965343475 -0.34924036264419556 0.5349740982055664 -99.62366485595703
0.2791213095188141 -0.4439137279987335 0.022772744297981262 -0.3492107093334198 0.5351820588111877 -99.71204376220703
0.27911871671676636 -0.44391193985939026 0.022734256461262703 -0.348751962184906 0.5370689630508423 -99.79988098144531
0.2791135907173157 -0.44391345977783203 0.022694606333971024 -0.34880244731903076 0.5382975935935974 -99.88705444335938
0.2791113257408142 -0.443916380405426 0.022392066195607185 -0.34789106249809265 0.5388020277023315 -99.97478485107422
0.27911022305488586 -0.44391536712646484 0.022335877642035484 -0.3485872745513916 0.5379870533943176 -100.06266784667969
0.2791081964969635 -0.44390931725502014 0.022278977558016777 -0.34780848026275635 0.5398285388946533 -100.15060424804688
0.27910783886909485 -0.4439060688018799 0.022221550345420837 -0.34849223494529724 0.5408110618591309 -100.23869323730469
0.2791040539741516 -0.44390153884887695 0.02216559275984764 -0.34821152687072754 0.5423538088798523 -100.32760620117188
0.27909019589424133 -0.443916916847229 0.02043713629245758 -0.34783709049224854 0.5432353615760803 -100.41497039794922
0.27909260988235474 -0.44391265511512756 0.020298905670642853 -0.3480147421360016 0.544495165348053 -100.50313568115234
0.2790878117084503 -0.44391030073165894 0.020160425454378128 -0.3473067879676819 0.5461011528968811 -100.59251403808594
0.2790828049182892 -0.4439098834991455 0.020022084936499596 -0.34670257568359375 0.5478054285049438 -100.68011474609375
0.2790975272655487 -0.4438899755477905 0.021832512691617012 -0.34715065360069275 0.5477835536003113 -100.76741790771484
0.27909761667251587 -0.4438880681991577 0.02179102599620819 -0.3476330041885376 0.5479466319084167 -100.8563461303711
0.27909550070762634 -0.4438822865486145 0.021754181012511253 -0.34733185172080994 0.5500472784042358 -100.94556427001953
0.2790941894054413 -0.4438781142234802 0.021718665957450867 -0.3474702537059784 0.5515651702880859 -101.0340347290039
0.2790907621383667 -0.4438786208629608 0.02141302451491356 -0.3467303514480591 0.5529444217681885 -101.12368774414062
0.27909329533576965 -0.44386813044548035 0.021362435072660446 -0.3476150631904602 0.5540489554405212 -101.2137680053711
0.27909380197525024 -0.44386863708496094 0.021311283111572266 -0.34823325276374817 0.5560863018035889 -101.30290985107422
0.2790885269641876 -0.44386783242225647 0.02125730738043785 -0.3475930094718933 0.5562547445297241 -101.39187622070312
0.27908480167388916 -0.44386428594589233 0.021201757714152336 -0.3474150002002716 0.5566232800483704 -101.48087310791016
0.27910366654396057 -0.4438368082046509 0.023871012032032013 -0.34619829058647156 0.5578758120536804 -101.56980895996094
0.27910053730010986 -0.4438297152519226 0.023956339806318283 -0.3452776074409485 0.558890700340271 -101.6591796875
0.27909716963768005 -0.44382143020629883 0.024040449410676956 -0.34510135650634766 0.5609769821166992 -101.74878692626953
0.27909693121910095 -0.4438210427761078 0.02412412501871586 -0.34257790446281433 0.5615134835243225 -101.83854675292969
0.2790963649749756 -0.44381439685821533 0.02452278509736061 -0.34159520268440247 0.5619853734970093 -101.92619323730469
0.27909764647483826 -0.4438086450099945 0.024624383077025414 -0.34117192029953003 0.5630504488945007 -102.01647186279297
0.27909719944000244 -0.4438074827194214 0.02472636103630066 -0.3405415415763855 0.5660490393638611 -102.10588073730469
0.27909889817237854 -0.443803608417511 0.024827580899000168 -0.3404231071472168 0.5664790868759155 -102.1946029663086
0.27909913659095764 -0.44379884004592896 0.024928467348217964 -0.3403366208076477 0.5680147409439087 -102.28527069091797
0.2791022062301636 -0.4437914788722992 0.025463076308369637 -0.3391406834125519 0.5697340369224548 -102.37521362304688
0.27910518646240234 -0.4437881410121918 0.025587551295757294 -0.33993712067604065 0.5701007843017578 -102.46406555175781
0.2791097164154053 -0.44377994537353516 0.025712333619594574 -0.3404596149921417 0.57100510597229 -102.55317687988281
0.2791084051132202 -0.4437791109085083 0.02583923377096653 -0.34166067838668823 0.5671824812889099 -102.64368438720703
0.27908629179000854 -0.44380030035972595 0.02315756492316723 -0.3409670293331146 0.5667359828948975 -102.73444366455078
0.0 0.0 0.0 0.0 0.0 0.0
2.5101271603489295e-06 -1.1959866696997778e-06 0.025174755603075027 -0.0009007840999402106 -0.0006887950003147125 0.0008024414419196546
1.1190549230377655e-05 -1.0240501978842076e-05 0.11683136969804764 -0.00685783289372921 0.0026866942644119263 0.0012082377215847373
2.9879143767175265e-05 -2.8047526939189993e-05 0.1818477064371109 -0.018177729099988937 0.0036297966726124287 0.0025923766661435366
-1.40554425342998e-06 3.788815320149297e-06 0.023003635928034782 -0.08228056877851486 0.0757807046175003 0.0019257036037743092
-3.7796357901243027e-06 6.020966338837752e-06 0.023000361397862434 -0.12325901538133621 0.10418849438428879 0.0017128904582932591
-3.950876816816162e-06 1.0096636060552555e-06 0.022995682433247566 -0.14445282518863678 0.12291435897350311 -0.0018192506395280361
-4.033766799693694e-06 -2.1709597604058217e-06 0.02299044094979763 -0.17674310505390167 0.13768717646598816 -0.00165536196436733
-6.661099178018048e-06 -3.3273734061367577e-06 0.02299201488494873 -0.21253560483455658 0.15907181799411774 -0.001200046157464385
-1.0620416105666663e-05 -4.4504436118586455e-06 0.02298569679260254 -0.2414446920156479 0.18067686259746552 -0.002097285818308592
-1.3704966477234848e-05 -3.3354256174789043e-06 0.02298145182430744 -0.26820895075798035 0.1977050006389618 -0.0028632276225835085
-1.5433515727636404e-05 -3.4400377444399055e-06 0.022977694869041443 -0.2840864956378937 0.2088119238615036 -0.002537928055971861
-1.711077129584737e-05 -2.3900997803139035e-06 0.022971894592046738 -0.29896557331085205 0.2203662246465683 -0.001566895516589284
-1.859474832599517e-05 -5.998689630359877e-06 0.02454335056245327 -0.303889662027359 0.23278814554214478 -0.0016095552127808332
-2.1519179426832125e-05 -6.798277354391757e-06 0.024584053084254265 -0.31332921981811523 0.2476552575826645 -0.0011892400216311216
-1.6462177882203832e-05 -7.190964424808044e-06 0.024625100195407867 -0.32161977887153625 0.24475634098052979 -0.001096093561500311
-1.5246609109453857e-05 -6.324894002318615e-06 0.02466677874326706 -0.3292973041534424 0.2503018379211426 -0.0011362946825101972
-1.355242511635879e-05 -8.365118446818087e-06 0.02370755933225155 -0.3342297077178955 0.25948700308799744 -0.0024056595284491777
-8.296196028823033e-06 -9.559194040775765e-06 0.023695912212133408 -0.33903205394744873 0.26188892126083374 -0.004086669068783522
-4.468762199394405e-06 -7.93893832451431e-06 0.02368241176009178 -0.3479403853416443 0.26560255885124207 -0.003125897143036127
-2.444445783567062e-07 -8.752536814427003e-06 0.023668626323342323 -0.3478047847747803 0.26561233401298523 -0.0032232420053333044
3.509943780954927e-06 -1.276997136301361e-05 0.0236541498452425 -0.3469494879245758 0.2652398943901062 -0.0036332914605736732
1.086449537979206e-05 -1.534216607979033e-05 0.02299412339925766 -0.3527640402317047 0.26504963636398315 -0.0021920406725257635
1.311375126533676e-05 -1.7055124772014096e-05 0.022941134870052338 -0.3575374186038971 0.26981765031814575 -0.0018588763196021318
1.6999551007756963e-05 -1.950012483575847e-05 0.022887377068400383 -0.356682687997818 0.2683344781398773 -0.0011408708523958921
2.2097028704592958e-05 -2.0551135094137862e-05 0.022832321003079414 -0.35660478472709656 0.2677380442619324 -0.0004952434683218598
2.2309375708573498e-05 -1.7608645066502504e-05 0.023637553676962852 -0.35541075468063354 0.2667195200920105 -6.33101153653115e-05
2.3764650904922746e-05 -2.063033934973646e-05 0.023631105199456215 -0.35514122247695923 0.26760244369506836 -6.385595042956993e-05
2.29657471209066e-05 -2.0529718312900513e-05 0.023624025285243988 -0.35524970293045044 0.26874497532844543 -0.0011183805763721466
2.6266205168212764e-05 -1.6855005014804192e-05 0.023615926504135132 -0.3555225729942322 0.2689779996871948 -0.0016013901913538575
2.2824544430477545e-05 -8.257421541202348e-06 0.025002311915159225 -0.3558949828147888 0.26658910512924194 -0.001956780208274722
2.2304860976873897e-05 -7.975942025950644e-06 0.02507771924138069 -0.35630524158477783 0.26621130108833313 -0.0021368435118347406
2.2131811419967562e-05 -7.131465281418059e-06 0.025152305141091347 -0.35696080327033997 0.2653231918811798 -0.002667647087946534
2.2451165932579897e-05 -7.377816928055836e-06 0.02522590570151806 -0.3556814193725586 0.2635292410850525 -0.003394623752683401
2.2857970179757103e-05 -7.365653345914325e-06 0.025298114866018295 -0.3564063608646393 0.26326414942741394 -0.002596232108771801
3.3736676414264366e-05 -1.624858850846067e-05 0.023983830586075783 -0.35617804527282715 0.2631179392337799 -0.002290944801643491
3.0508233976433985e-05 -1.4430113878916018e-05 0.023977704346179962 -0.3562052845954895 0.2624831795692444 -0.002291536657139659
3.3037747925845906e-05 -1.7047166693373583e-05 0.023970557376742363 -0.3561137914657593 0.2635972201824188 -0.0030258288607001305
3.246799315093085e-05 -1.8608472601044923e-05 0.02396293170750141 -0.3547011613845825 0.26567330956459045 -0.004216108936816454
3.5817352909361944e-05 -2.4185388610931113e-05 0.023146450519561768 -0.35475125908851624 0.2653317451477051 -0.003804809181019664
3.6947116313967854e-05 -2.452302214805968e-05 0.02309052273631096 -0.3551706373691559 0.2639182507991791 -0.0031923300120979548
3.640676004579291e-05 -2.9832430300302804e-05 0.023033160716295242 -0.3546118438243866 0.2636450529098511 -0.0027458828408271074
7.051286956993863e-05 -5.4079853725852445e-05 0.02297959104180336 -0.3381612002849579 0.24413105845451355 0.005785553716123104
0.00014697227743454278 -9.857810073299333e-05 0.022991223260760307 -0.2914075255393982 0.16134178638458252 0.052795715630054474
-1.164168043032987e-05 -4.68845282739494e-05 0.023294759914278984 -0.30493783950805664 0.23867931962013245 0.08062310516834259
-0.00013373997353482991 4.935496690450236e-05 0.02323409728705883 -0.37356939911842346 0.33834177255630493 0.07626201212406158
-8.918708772398531e-05 2.6132334824069403e-05 0.023145528510212898 -0.3620051145553589 0.299435555934906 0.09300413727760315
3.074702908634208e-05 -5.47447161807213e-05 0.023022480309009552 -0.31349366903305054 0.2100677341222763 0.08239083737134933
9.206022468788433e-07 -6.554068386321887e-05 0.02430916205048561 -0.31058821082115173 0.22510495781898499 0.09045231342315674
-8.579935820307583e-05 6.461582415795419e-06 0.02430976927280426 -0.3989078104496002 0.3438199460506439 0.08348716795444489
-7.45695797377266e-05 -1.258003408111108e-06 0.024353323504328728 -0.42054659128189087 0.3477826714515686 0.08596491068601608
-8.98081088962499e-06 -3.615767855080776e-05 0.024359922856092453 -0.3894595801830292 0.28083816170692444 0.08318786323070526
7.198203547886806e-06 -6.689490692224354e-05 0.024397075176239014 -0.3664781153202057 0.2640928328037262 0.08543878048658371
-6.0723752540070564e-05 -2.8756152460118756e-05 0.02506841905415058 -0.4134233891963959 0.3395477533340454 0.08466543257236481
-6.119600584497675e-05 -1.385879295412451e-05 0.02512998878955841 -0.43927282094955444 0.34313973784446716 0.08314819633960724
-1.5113586414372548e-05 -3.539023964549415e-05 0.025176523253321648 -0.4160252809524536 0.29602327942848206 0.08467040956020355
-7.655960871488787e-06 -6.622827640967444e-05 0.02523832954466343 -0.39302998781204224 0.2839087247848511 0.08453278988599777
-5.263691855361685e-05 -4.1465729736955836e-05 0.025171535089612007 -0.4177364408969879 0.33309468626976013 0.085614413022995
-5.4356976761482656e-05 -2.444718120386824e-05 0.025218304246664047 -0.4365524649620056 0.33918851613998413 0.0817706361413002
-2.4024306185310706e-05 -4.214485306874849e-05 0.025258075445890427 -0.4208798110485077 0.30805057287216187 0.08343319594860077
-2.3848991986596957e-05 -5.7787518016994e-05 0.025309737771749496 -0.4073107838630676 0.30243155360221863 0.080036461353302
-5.582013909588568e-05 -4.45041005150415e-05 0.025359073653817177 -0.41826680302619934 0.33477547764778137 0.08245494216680527
-5.070997940492816e-05 -4.30852196586784e-05 0.02444399707019329 -0.4306768476963043 0.3363991677761078 0.08138910681009293
-2.789234167721588e-05 -5.2711369789903983e-05 0.0244318675249815 -0.4235925078392029 0.31539249420166016 0.08121632784605026
-2.6652764063328505e-05 -6.479059811681509e-05 0.024427641183137894 -0.4138951003551483 0.30575141310691833 0.07961233705282211
-4.886619353783317e-05 -6.155945447972044e-05 0.024421846494078636 -0.41807106137275696 0.324450820684433 0.08175636827945709
-5.297686220728792e-05 -4.915309909847565e-05 0.02504626475274563 -0.42518678307533264 0.3305951952934265 0.07950963079929352
-4.2405034037074074e-05 -5.137189873494208e-05 0.025066401809453964 -0.4221499264240265 0.31663960218429565 0.07926292717456818
-4.469620398594998e-05 -5.868394146091305e-05 0.02509528025984764 -0.41634804010391235 0.311045378446579 0.07752542942762375
-5.9316538681741804e-05 -5.950298145762645e-05 0.02512604184448719 -0.41543474793434143 0.3179227113723755 0.07846235483884811
-5.7895987993106246e-05 -5.466310540214181e-05 0.025150299072265625 -0.4196211099624634 0.32130321860313416 0.07970936596393585
-4.502673982642591e-05 -6.160332850413397e-05 0.024304978549480438 -0.4192158877849579 0.3167233467102051 0.07953901588916779
-4.93072257086169e-05 -6.613265577470884e-05 0.024286001920700073 -0.4161885678768158 0.3140193819999695 0.07969250530004501
-6.244812539080158e-05 -6.368228059727699e-05 0.02426600642502308 -0.413503497838974 0.3206252157688141 0.07803165912628174
-6.294615741353482e-05 -6.0498899983940646e-05 0.024242378771305084 -0.416549414396286 0.32310423254966736 0.07779205590486526
-5.425867493613623e-05 -6.599871267098933e-05 0.023731539025902748 -0.41675397753715515 0.32022517919540405 0.07750061899423599
-5.379204958444461e-05 -7.079271745169535e-05 0.023686125874519348 -0.4155888259410858 0.3185756504535675 0.07741276174783707
-6.309395394055173e-05 -7.10802705725655e-05 0.023640098050236702 -0.4135599732398987 0.32259657979011536 0.07655854523181915
-5.915496149100363e-05 -7.017542520770803e-05 0.023592166602611542 -0.41404208540916443 0.32405856251716614 0.07735565304756165
-5.441144821816124e-05 -6.986747757764533e-05 0.023543737828731537 -0.415357381105423 0.32234644889831543 0.07805009931325912
-2.4793533157208003e-05 -0.00010803008626680821 0.01869170181453228 -0.41360926628112793 0.3189600706100464 0.07848004251718521
-3.235660551581532e-05 -0.00011317853932268918 0.01839662343263626 -0.41229966282844543 0.3213571608066559 0.07857277244329453
-3.212879892089404e-05 -0.00011128386540804058 0.01809915341436863 -0.4131874740123749 0.3220199942588806 0.07899978011846542
-2.771782601485029e-05 -0.00011347756662871689 0.017801111564040184 -0.41391727328300476 0.32112592458724976 0.07891868054866791
-4.349196024122648e-05 -9.669914288679138e-05 0.02039383351802826 -0.41223591566085815 0.321453720331192 0.0783858522772789
-4.628098395187408e-05 -9.661711374064907e-05 0.02024109847843647 -0.41174373030662537 0.32205361127853394 0.07804176956415176
-4.636665107682347e-05 -9.59045864874497e-05 0.02008512057363987 -0.41279950737953186 0.3232748806476593 0.07787519693374634
-4.410284964251332e-05 -9.652623703004792e-05 0.019929980859160423 -0.41291919350624084 0.3219245374202728 0.07730305939912796
-5.428663644124754e-05 -8.589273784309626e-05 0.0218559131026268 -0.41240301728248596 0.32021650671958923 0.07613319903612137
-5.6140775996027514e-05 -8.522975258529186e-05 0.021815035492181778 -0.41191399097442627 0.3207562267780304 0.07529372721910477
-5.8976078435080126e-05 -8.642875764053315e-05 0.021773070096969604 -0.41050806641578674 0.32241901755332947 0.07533923536539078
-6.0638227296294644e-05 -8.676422294229269e-05 0.021731147542595863 -0.4102988839149475 0.3214007019996643 0.07424917817115784
-6.335209036478773e-05 -8.462904952466488e-05 0.02168978936970234 -0.41081732511520386 0.32198566198349 0.07475131750106812
-7.019752956693992e-05 -8.296887972392142e-05 0.021772975102066994 -0.4100109338760376 0.32299959659576416 0.07447632402181625
-7.212127093225718e-05 -8.181455632438883e-05 0.021737216040492058 -0.4097425937652588 0.3234117329120636 0.07363412529230118
-7.50956023694016e-05 -7.94125662650913e-05 0.021699657663702965 -0.40967127680778503 0.3247774541378021 0.07293043285608292
-7.548023131676018e-05 -7.725752220721915e-05 0.02165917493402958 -0.4090181887149811 0.32398858666419983 0.07344760745763779
-8.684571366757154e-05 -7.012199057498947e-05 0.022574318572878838 -0.4077172875404358 0.3246026933193207 0.07369214296340942
-8.454347698716447e-05 -6.763225246686488e-05 0.022584253922104836 -0.40796151757240295 0.32514509558677673 0.073382169008255
-8.02365320851095e-05 -6.676129851257429e-05 0.022593935951590538 -0.408284991979599 0.3253227174282074 0.07335104793310165
-7.838910823920742e-05 -6.525995559059083e-05 0.022603966295719147 -0.4075253903865814 0.32244351506233215 0.07383806258440018
-7.699860725551844e-05 -6.53335519018583e-05 0.022614996880292892 -0.40660035610198975 0.3218197524547577 0.07428859919309616
-7.824778003850952e-05 -6.108560046413913e-05 0.02278268337249756 -0.4074375033378601 0.3224335014820099 0.07420212030410767
-7.806270878063515e-05 -6.11867435509339e-05 0.022800760343670845 -0.40755394101142883 0.3223990201950073 0.07327743619680405
-7.815177377779037e-05 -6.34875032119453e-05 0.02281801775097847 -0.405793696641922 0.3229314684867859 0.07416762411594391
-7.90202830103226e-05 -6.521420436911285e-05 0.022834034636616707 -0.4040512144565582 0.3226783275604248 0.07281925529241562
-5.1265866204630584e-05 -0.00010157714859815314 0.017660338431596756 -0.40416184067726135 0.3235369920730591 0.07398465275764465
-4.966188862454146e-05 -0.0001034067026921548 0.017389312386512756 -0.40459582209587097 0.32201918959617615 0.07271207869052887
-5.094062362331897e-05 -0.00010733001545304433 0.017116615548729897 -0.4032772183418274 0.32191112637519836 0.07230372726917267
-4.8609199438942596e-05 -0.00011110350169474259 0.016842497512698174 -0.4015410244464874 0.32159027457237244 0.07243072241544724
-4.5866399887017906e-05 -0.0001104582188418135 0.01656799018383026 -0.40184107422828674 0.32112979888916016 0.07185257971286774
-6.276526255533099e-05 -9.056839917320758e-05 0.019317058846354485 -0.40154677629470825 0.3219184875488281 0.07126934826374054
-6.174962618388236e-05 -8.912276825867593e-05 0.01919938251376152 -0.4019891917705536 0.3214530646800995 0.0711972564458847
-6.212019070517272e-05 -8.981300925370306e-05 0.019080696627497673 -0.4010069966316223 0.32235443592071533 0.07075002789497375
-6.097685036365874e-05 -9.028291970025748e-05 0.01896083354949951 -0.4020271599292755 0.3220643997192383 0.07092660665512085
-6.992906128289178e-05 -7.743480091448873e-05 0.020907487720251083 -0.40138182044029236 0.32246845960617065 0.07030149549245834
-7.020535849733278e-05 -7.669260958209634e-05 0.02089543268084526 -0.40079399943351746 0.3235868513584137 0.06910310685634613
-7.031131826806813e-05 -7.726387411821634e-05 0.02088012732565403 -0.4003583788871765 0.3245861232280731 0.06976059079170227
-7.164287671912462e-05 -7.660149276489392e-05 0.02086450904607773 -0.40094706416130066 0.326358824968338 0.06953584402799606
-6.91285022185184e-05 -7.36643050913699e-05 0.020847471430897713 -0.4008084535598755 0.3263811469078064 0.06878624856472015
-7.889392873039469e-05 -6.351408956106752e-05 0.02249840833246708 -0.4010356366634369 0.3260365128517151 0.06877078115940094
-7.76455199229531e-05 -6.609163392568007e-05 0.022556642070412636 -0.39934298396110535 0.32799896597862244 0.06814737617969513
-8.170461660483852e-05 -6.514198321383446e-05 0.022618405520915985 -0.400210976600647 0.32743266224861145 0.06886246055364609
-7.959605136420578e-05 -6.52591188554652e-05 0.0226804930716753 -0.39946141839027405 0.32757121324539185 0.06793209910392761
-4.949968933942728e-05 -9.697932546259835e-05 0.017758449539542198 -0.3994719088077545 0.32527515292167664 0.06730683147907257
-5.046725709689781e-05 -9.698266512714326e-05 0.017556702718138695 -0.3986882269382477 0.32625266909599304 0.06699452549219131
-5.43398127774708e-05 -9.764289279701188e-05 0.017359549179673195 -0.39803755283355713 0.3266228437423706 0.06734482198953629
-4.6926616050768644e-05 -0.00010233226930722594 0.017163023352622986 -0.3969559371471405 0.3256513774394989 0.06785032898187637
-4.586774957715534e-05 -0.00010600615496514365 0.016962388530373573 -0.39578837156295776 0.32481691241264343 0.0672210082411766
-5.7453406043350697e-05 -9.986617806134745e-05 0.018433157354593277 -0.3962267339229584 0.3261050283908844 0.06678806245326996
-5.6680524721741676e-05 -0.00010399508755654097 0.0183120034635067 -0.3959261178970337 0.3262254297733307 0.06667229533195496
-5.2105006034253165e-05 -0.00010829514940269291 0.018200697377324104 -0.3949142098426819 0.3253220319747925 0.06617414951324463
-5.0788559747161344e-05 -0.00010703564475988969 0.01808764971792698 -0.3952643573284149 0.32397860288619995 0.06549136340618134
-3.972126796725206e-05 -0.00013175058120395988 0.014728101901710033 -0.39447441697120667 0.3254682123661041 0.06466269493103027
-3.8718204450560734e-05 -0.00013395064161159098 0.01445132214576006 -0.39445605874061584 0.32611435651779175 0.0638011172413826
-2.7489260901347734e-05 -0.00013012252748012543 0.014171275310218334 -0.39365431666374207 0.32434991002082825 0.06361377984285355
-2.4118460714817047e-05 -0.0001265450700884685 0.013888231478631496 -0.39426642656326294 0.32367512583732605 0.0639699175953865
-3.6956771509721875e-05 -0.00010559998190728948 0.016549002379179 -0.3950902223587036 0.32392966747283936 0.06426923722028732
-2.948594919871539e-05 -0.00010656240920070559 0.016429757699370384 -0.3946053385734558 0.3225174844264984 0.06516558676958084
-2.7279089408693835e-05 -0.00010775242117233574 0.016307968646287918 -0.39364635944366455 0.3229890465736389 0.06383860856294632
-2.6562815037323162e-05 -0.00010636421211529523 0.016184847801923752 -0.3934096693992615 0.32396239042282104 0.06349997967481613
-2.4665860109962523e-05 -0.00010321532317902893 0.016064247116446495 -0.3930036127567291 0.32338181138038635 0.06347551941871643
-3.513124102028087e-05 -9.003415470942855e-05 0.0183367021381855 -0.3920742869377136 0.32218727469444275 0.0628281682729721
-3.362420102348551e-05 -8.84321125340648e-05 0.01833748258650303 -0.39101454615592957 0.3209230899810791 0.06249489262700081
-4.095731128472835e-05 -9.04194894246757e-05 0.018339768052101135 -0.3919633626937866 0.3221980631351471 0.06253279745578766
-3.741589898709208e-05 -8.908451127354056e-05 0.0183466337621212 -0.3910185992717743 0.32219570875167847 0.06215954199433327
-5.1468974561430514e-05 -6.421766011044383e-05 0.02181897684931755 -0.3920506536960602 0.32086896896362305 0.06259423494338989
-4.996058123651892e-05 -6.508296792162582e-05 0.02201758697628975 -0.39002278447151184 0.3206988573074341 0.0629013180732727
-5.2300110837677494e-05 -6.010768993292004e-05 0.022217828780412674 -0.39217349886894226 0.3206219971179962 0.06258555501699448
-5.5712516768835485e-05 -6.332857446977869e-05 0.02241918258368969 -0.39036116003990173 0.3215975761413574 0.06106053292751312
-5.7298821047879755e-05 -6.22138031758368e-05 0.02261887863278389 -0.3909590244293213 0.3214986324310303 0.05982900410890579
-5.6001274060690776e-05 -7.032714347587898e-05 0.022158067673444748 -0.38915228843688965 0.3215387165546417 0.0593549944460392
-6.253536412259564e-05 -6.817770918132737e-05 0.02232230268418789 -0.3894714117050171 0.3225537836551666 0.05876474827528
-5.793571108370088e-05 -6.862102600280195e-05 0.022485027089715004 -0.3885563611984253 0.32179251313209534 0.05815748870372772
-5.999246423016302e-05 -7.011529669398442e-05 0.022644013166427612 -0.38743212819099426 0.32279977202415466 0.058244314044713974
-7.195054786279798e-05 -6.166807725094259e-05 0.024533333256840706 -0.38673317432403564 0.32257965207099915 0.05908719077706337
-7.785768684698269e-05 -5.86582682444714e-05 0.02478109672665596 -0.38649970293045044 0.32445433735847473 0.05809139087796211
-8.165353938238695e-05 -5.94755110796541e-05 0.025028498843312263 -0.38534003496170044 0.3259262442588806 0.056890975683927536
-8.32410150906071e-05 -5.6045970268314704e-05 0.02527516707777977 -0.3838452696800232 0.3250875473022461 0.056678321212530136
-8.359638741239905e-05 -5.6185934226959944e-05 0.025520961731672287 -0.38301679491996765 0.32555505633354187 0.056929148733615875
-8.662399341119453e-05 -4.952624658471905e-05 0.026385530829429626 -0.3839305341243744 0.3257504999637604 0.05680004507303238
-9.047002095030621e-05 -4.966393316863105e-05 0.026662368327379227 -0.3825973868370056 0.3253696858882904 0.05664204806089401
-9.024065366247669e-05 -4.4778465962735936e-05 0.026940887793898582 -0.38196855783462524 0.3249589502811432 0.05780908465385437
-9.318508091382682e-05 -4.3089788960060105e-05 0.027220681309700012 -0.38236579298973083 0.3258250057697296 0.0569988377392292
0.0008270450634881854 -4.42070777353365e-05 0.02700699493288994 -0.38166138529777527 0.060429781675338745 0.05515795573592186
0.006641707383096218 0.0022221622057259083 0.019178012385964394 -1.0459473133087158 -1.5273590087890625 0.0317474789917469
0.006139836739748716 0.003578820265829563 0.040807053446769714 -1.209802269935608 -0.9031406044960022 0.0035547984298318624
0.0063868919387459755 0.003982130438089371 0.04858905076980591 -1.0774332284927368 -0.6297770738601685 0.007568652275949717
0.006635678932070732 0.0032366300001740456 0.0560351237654686 -0.6525037884712219 -0.4132457375526428 0.048976313322782516
0.007063967175781727 0.004198010079562664 0.04762464761734009 -0.8772711157798767 -0.36198291182518005 0.014944199472665787
0.007372997235506773 0.0037787535693496466 0.04994770884513855 -0.6139312386512756 -0.23948875069618225 0.04107300192117691
0.00786109920591116 0.0037923366762697697 0.05107942968606949 -0.5422412753105164 -0.20072883367538452 0.04763280227780342
0.00684980908408761 0.003043203614652157 0.05184178054332733 -0.28927186131477356 0.22444069385528564 0.055772215127944946
0.005600359290838242 0.0026949304156005383 0.042409393936395645 -0.27690714597702026 0.5157049298286438 0.04777199402451515
0.00504927895963192 0.002662222133949399 0.04211995005607605 -0.28839462995529175 0.6326858401298523 0.04598220810294151
0.005926092620939016 0.0037619415670633316 0.046130452305078506 -0.563496470451355 0.3864610493183136 0.043166302144527435
0.006455481052398682 0.003300221636891365 0.047937002032995224 -0.37825489044189453 0.26794397830963135 0.044705118983983994
0.005181712098419666 0.0025460566394031048 0.04883497953414917 -0.17157022655010223 0.6347605586051941 0.04156758263707161
0.005175637546926737 0.002843596274033189 0.04140027239918709 -0.3334237039089203 0.5261808037757874 0.04391741380095482
0.004657325334846973 0.002837216015905142 0.04156531020998955 -0.33145833015441895 0.6327822804450989 0.04573122039437294
0.004644948057830334 0.0025841437745839357 0.042279332876205444 -0.26606303453445435 0.5825972557067871 0.04251601919531822
0.005359205417335033 0.00205925852060318 0.04261665418744087 -0.08725915849208832 0.34557124972343445 0.02873118966817856
0.005611414555460215 0.003026239573955536 0.03801613301038742 -0.47117480635643005 0.2933753728866577 0.04483800753951073
0.006279629189521074 0.0032998796086758375 0.03700230270624161 -0.5665950179100037 0.06853001564741135 0.04267160966992378
0.004884754307568073 0.003071215935051441 0.0424664169549942 -0.3788296580314636 0.5998901724815369 0.04461587592959404
0.005020495038479567 0.002845549723133445 0.04274195805191994 -0.3039950728416443 0.5567216873168945 0.041395802050828934
0.005585887469351292 0.002858653198927641 0.04407550394535065 -0.3121322691440582 0.3355900049209595 0.03760717064142227
0.005545523017644882 0.0033171719405800104 0.036004453897476196 -0.5043653845787048 0.3596186339855194 0.04416867718100548
0.005381304770708084 0.0016283083241432905 0.038123201578855515 0.10121941566467285 0.43818897008895874 0.025725672021508217
0.004825135227292776 0.003151605138555169 0.0448484793305397 -0.5043761134147644 0.6202197670936584 0.05320698395371437
0.006738697178661823 0.0026520777028054 0.0505712553858757 -0.2710860073566437 -0.05553324893116951 0.027909189462661743
0.005877919495105743 0.0033681027125567198 0.04606737196445465 -0.5358506441116333 0.3734126389026642 0.04354159161448479
0.0051072086207568645 0.003028812352567911 0.04712488129734993 -0.3584032952785492 0.633633017539978 0.04282843694090843
0.005660137627273798 0.0017900294624269009 0.0497824102640152 -0.04811480641365051 0.39285069704055786 0.028857901692390442
0.005058960989117622 0.0026180464774370193 0.05218259245157242 -0.3043338358402252 0.5811894536018372 0.042403388768434525
0.0054515451192855835 0.00468844547867775 0.041624896228313446 -0.9701889157295227 0.41737520694732666 0.06398405134677887
0.006341987289488316 0.002263331087306142 0.056834395974874496 0.02951420657336712 0.12005884200334549 0.02920740842819214
0.00617079297080636 0.0034359083510935307 0.06358196586370468 -0.42807233333587646 0.2592303454875946 0.0405721552670002
0.006792781874537468 0.003467700444161892 0.06451886147260666 -0.3991491198539734 0.11930271983146667 0.03784089908003807
0.0038365607615560293 0.003946622367948294 0.07215471565723419 -0.5068536996841431 1.145788311958313 0.05128922685980797
0.006236313376575708 0.002965567633509636 0.07053671777248383 -0.13501222431659698 0.16679397225379944 0.029206151142716408
0.006255911663174629 0.003976213280111551 0.0740618035197258 -0.5004904270172119 0.23412540555000305 0.03970970958471298
0.004632074385881424 0.004040973726660013 0.07804973423480988 -0.4523691236972809 0.8081519603729248 0.042544346302747726
0.00555231561884284 0.004314960911870003 0.08360690623521805 -0.48260074853897095 0.3892929255962372 0.04076021537184715
0.004985505249351263 0.003212207928299904 0.057862915098667145 -0.14433346688747406 0.6563156843185425 0.027897115796804428
0.006306800991296768 0.007652510888874531 0.06635019183158875 -1.5806989669799805 0.14033085107803345 0.08216042071580887
0.007768947631120682 0.008126262575387955 0.07003127038478851 -1.3465185165405273 -0.25580084323883057 0.08885262161493301
0.007388763129711151 0.007745965383946896 0.08252642303705215 -0.8627043962478638 0.02685864455997944 0.07582848519086838
0.00891231931746006 0.008419916965067387 0.08213721215724945 -0.9023894667625427 -0.3328820466995239 0.09950100630521774
0.004854073282331228 0.008643558248877525 0.07386550307273865 -0.8536677360534668 1.181199550628662 -0.007614740636199713
0.004528588615357876 0.007986575365066528 0.07764408737421036 -0.44977006316185 1.0671038627624512 -0.008331118151545525
0.0046337926760315895 0.008131205104291439 0.08133388310670853 -0.40786680579185486 0.8483453392982483 0.0014462044928222895
0.0054049924947321415 0.008252283558249474 0.08492232859134674 -0.36917436122894287 0.47966042160987854 0.013568009249866009
0.005666340235620737 0.007479827851057053 0.06555958092212677 -0.28916797041893005 0.4294511079788208 0.018254468217492104
0.005434483289718628 0.007476449944078922 0.06585592031478882 -0.26883384585380554 0.4889393746852875 0.008426056243479252
0.0037046002689749002 0.00751647399738431 0.06611175090074539 -0.26189252734184265 0.9925443530082703 0.021361133083701134
0.005054841283708811 0.007718537002801895 0.07274235785007477 -0.2544887661933899 0.37762483954429626 -0.0040034344419837
0.003504400374367833 0.008205633610486984 0.07546364516019821 -0.3653212785720825 0.8327317833900452 0.02896563708782196
0.004904948174953461 0.00862331222742796 0.05817026644945145 -0.5917622447013855 0.36582162976264954 0.030509812757372856
0.0071520428173244 0.007568747270852327 0.057822708040475845 -0.17850467562675476 -0.32691651582717896 0.0051971497014164925
0.0033962298184633255 0.008136848919093609 0.07678209245204926 -0.18464040756225586 0.8631756901741028 0.03464938700199127
0.009212411008775234 0.010644963011145592 0.1048080250620842 -0.7210301756858826 -1.1947270631790161 -0.02143087424337864
0.009657940827310085 0.009527476504445076 0.09067817032337189 -0.335995078086853 -0.8090065717697144 0.02047261968255043
0.005569356493651867 0.007486366201192141 0.11266951262950897 0.44911035895347595 0.6189955472946167 0.09701714664697647
0.005452711135149002 0.006277195643633604 0.11390137672424316 0.6419783234596252 0.5924062728881836 0.12313975393772125
0.00424435967579484 0.005815223790705204 0.11506889015436172 0.5515364408493042 0.8636547327041626 0.12643659114837646
0.004983161110430956 0.007899543270468712 0.12868492305278778 -0.14434325695037842 0.5027693510055542 0.11390993744134903
0.004802357871085405 0.007906224578619003 0.09520615637302399 -0.28190621733665466 0.5379798412322998 0.10523867607116699
0.004001709166914225 0.00819749291986227 0.09560142457485199 -0.34768790006637573 0.678682804107666 0.1157626137137413
0.004461049102246761 0.007417244836688042 0.09913346916437149 -0.09735231846570969 0.4630623161792755 0.10070762783288956
0.005524985492229462 0.005379054229706526 0.0997634306550026 0.45732441544532776 0.129694864153862 0.05574306473135948
0.006148557644337416 0.003957783337682486 0.07261097431182861 0.6736696362495422 0.04490676894783974 0.05165606364607811
0.004337923601269722 0.005166427232325077 0.0799843966960907 0.15003204345703125 0.5649438500404358 0.10198196768760681
0.004304654896259308 0.006628621369600296 0.08030827343463898 -0.32774052023887634 0.5042855143547058 0.09430798143148422
0.006367102265357971 0.0058321161195635796 0.08531071245670319 -0.08742310851812363 -0.11375565081834793 0.03350184112787247
0.0059205698780715466 0.006663215812295675 0.06571708619594574 -0.27911773324012756 0.1637507528066635 0.045042071491479874
0.004494200926274061 0.006636984180659056 0.06556685268878937 -0.20475135743618011 0.562192440032959 0.08757402002811432
0.0064605530351400375 0.005476607009768486 0.07015202939510345 0.14469388127326965 -0.07141205668449402 0.05671806260943413
0.01085481233894825 0.006255850661545992 0.06116193160414696 -0.11754593253135681 -1.169901728630066 -0.02203168161213398
0.011042144149541855 0.004599086940288544 0.07202880829572678 0.30028945207595825 -0.8631004691123962 0.04934578761458397
0.011066921055316925 0.005792604293674231 0.05950780212879181 -0.1316247135400772 -0.5523953437805176 0.005708823446184397
0.011149556376039982 0.005549674853682518 0.059691425412893295 -0.07072439789772034 -0.3441973030567169 0.017746690660715103
0.010142272338271141 0.005663653835654259 0.05916817858815193 -0.11301793158054352 0.13511334359645844 0.05178569257259369
0.0110200559720397 0.006464378908276558 0.05953092500567436 -0.32188260555267334 -0.06170834228396416 -0.003184617729857564
0.011085942387580872 0.006001841276884079 0.046503666788339615 -0.06335735321044922 -0.029772326350212097 0.01394528429955244
0.009296519681811333 0.0049843559972941875 0.044080834835767746 0.23701772093772888 0.5918133854866028 0.07206244766712189
0.011226944625377655 0.006209186743944883 0.05542583018541336 -0.2617349922657013 0.017148438841104507 0.015720831230282784
0.01131282839924097 0.006002979353070259 0.055339209735393524 -0.15368720889091492 0.08227307349443436 0.03200963884592056
0.01143515296280384 0.004602218512445688 0.055473409593105316 0.2979743778705597 0.106464684009552 0.05990120768547058
0.009640212170779705 0.006218629889190197 0.046473532915115356 -0.29480913281440735 0.6114829778671265 0.05342084914445877
0.01365457009524107 0.00646786717697978 0.058236297219991684 -0.34982314705848694 -0.6785804033279419 -0.009791108779609203
0.013313849456608295 0.005312066525220871 0.06850790977478027 0.0995064228773117 -0.20301879942417145 0.029883917421102524
0.01334783062338829 0.006899633910506964 0.07207498699426651 -0.5047709345817566 -0.047775883227586746 -0.0025521896313875914
0.014436719939112663 0.0068207187578082085 0.07366205006837845 -0.38943564891815186 -0.2347005009651184 0.007725113537162542
0.01314303558319807 0.005882396828383207 0.05805247649550438 0.005791155155748129 0.2621016502380371 0.04543964937329292
0.013156143948435783 0.007550397422164679 0.06035253033041954 -0.5912514925003052 0.28224286437034607 0.032921500504016876
0.01511475071310997 0.0060361651703715324 0.06818130612373352 0.10746079683303833 -0.25292518734931946 0.055579643696546555
0.015365616418421268 0.005796929355710745 0.06920628249645233 0.16304172575473785 -0.08891258388757706 0.046909209340810776
0.013580437749624252 0.0087116789072752 0.05753444880247116 -0.8839967846870422 0.5190630555152893 0.004968293011188507
0.018138259649276733 0.005339046940207481 0.08887264877557755 0.5373750925064087 -0.8327977657318115 0.038136862218379974
0.017830440774559975 0.004263788461685181 0.09713799506425858 0.7397314310073853 -0.2809281051158905 0.06854036450386047
0.020092524588108063 0.0056268442422151566 0.1075064092874527 0.08840110898017883 -0.7492741346359253 -0.036943260580301285
0.017517564818263054 0.005934616085141897 0.08561716973781586 -0.028136128559708595 0.21438664197921753 0.01316362340003252
0.0193194467574358 0.0038863581139594316 0.09105165302753448 0.6256751418113708 -0.23377807438373566 0.06599487364292145
0.018093952909111977 0.00564902788028121 0.10180605947971344 -0.16193993389606476 0.5002869963645935 0.07110850512981415
0.01828106679022312 0.005251500755548477 0.1048489585518837 -0.014200919307768345 0.4666987359523773 0.05596495419740677
0.018327631056308746 0.0059288376942276955 0.1062600314617157 -0.24136222898960114 0.3875056505203247 0.054822225123643875
0.01753143034875393 0.003936083987355232 0.08013366162776947 0.4357231557369232 0.3554990887641907 0.057077351957559586
0.017521018162369728 0.00576532818377018 0.08590338379144669 -0.27784332633018494 0.43219316005706787 0.06666437536478043
0.017657212913036346 0.0059560504741966724 0.08653095364570618 -0.25619766116142273 0.3560793101787567 0.05435943603515625
0.015424562618136406 0.005952984094619751 0.08644641935825348 -0.17620930075645447 0.9595381021499634 0.07064355909824371
0.01388040091842413 0.005818901117891073 0.06281048059463501 -0.04933256655931473 1.0991076231002808 0.08122634142637253
0.014292096719145775 0.004929551389068365 0.06598848104476929 0.22479893267154694 0.7871450781822205 0.05633603781461716
0.01425499003380537 0.006002963986247778 0.06799598038196564 -0.16391518712043762 0.6563109755516052 0.09338168799877167
0.015466541051864624 0.0058227903209626675 0.06868820637464523 -0.08056381344795227 0.15546996891498566 0.07096976786851883
0.015456978231668472 0.005207955837249756 0.0686827003955841 0.11387898772954941 0.1805516630411148 0.05852323770523071
0.021473558619618416 0.0038773391861468554 0.041578128933906555 0.4953594505786896 -1.6315776109695435 -0.013704225420951843
0.01996901072561741 0.004316674079746008 0.07567071914672852 0.22046637535095215 -0.7408806085586548 0.013158321380615234
0.020518073812127113 0.0024143257178366184 0.07604915648698807 0.7853725552558899 -0.6065589785575867 0.059717994183301926
0.02215266041457653 0.0025269195903092623 0.07757040858268738 0.529187023639679 -0.7606613636016846 0.006697625387459993
0.022286660969257355 0.00451404694467783 0.06255892664194107 -0.24518747627735138 -0.42095786333084106 -0.08859610557556152
0.021062113344669342 0.0029233794193714857 0.06918486207723618 0.2385423630475998 0.2625759243965149 0.003414686769247055
0.018457956612110138 0.0014837902272120118 0.06159987673163414 0.5858147740364075 1.1818963289260864 0.07802476733922958
0.018328126519918442 0.0020682343747466803 0.06778081506490707 0.09260833263397217 1.249876856803894 0.05016450583934784
0.01921055093407631 0.0019740546122193336 0.07382278144359589 -0.048217784613370895 0.9487376809120178 0.024256732314825058
0.018196551129221916 0.0024081100709736347 0.056299980729818344 -0.20529711246490479 1.1417005062103271 0.04148750379681587
0.017229389399290085 0.0023556749802082777 0.054307471960783005 -0.22968943417072296 1.3129525184631348 0.03198739513754845
0.01678660698235035 0.002447023754939437 0.053696706891059875 -0.2555472254753113 1.3386471271514893 -0.00768962362781167
0.016604477539658546 0.0024523362517356873 0.05383206531405449 -0.31902560591697693 1.317294716835022 -0.013948964886367321
0.01845751516520977 0.0024813045747578144 0.04372823238372803 -0.2956404387950897 0.6516677141189575 -0.01598661206662655
0.013461298309266567 0.002829130506142974 0.05754302069544792 -0.4255014657974243 2.263528347015381 -0.0013193258782848716
0.013029832392930984 0.002498865593224764 0.06675902754068375 -0.2250019758939743 1.8756543397903442 -0.05166318640112877
0.012906312942504883 0.0030881345737725496 0.07162199914455414 -0.3934043347835541 1.478994369506836 -0.02938605099916458
0.012669486925005913 0.003535197814926505 0.07261631637811661 -0.46886342763900757 1.2507233619689941 -0.03429778665304184
0.013633032329380512 0.0024193727876991034 0.05520540475845337 0.025349795818328857 0.8600622415542603 -0.1712167114019394
0.015400467440485954 0.0030893858056515455 0.05327809974551201 -0.2752203345298767 0.07909056544303894 -0.10856391489505768
0.01508302055299282 0.003253521863371134 0.05641310289502144 -0.3847392201423645 0.21295906603336334 -0.10114686191082001
0.013675447553396225 0.002607767004519701 0.06156845763325691 -0.23999914526939392 0.7904908061027527 -0.11667971312999725
0.013475359417498112 0.004133316222578287 0.04665293172001839 -0.8364406228065491 1.2563464641571045 -0.04237433150410652
0.011362303048372269 -0.0014389439020305872 0.05960157886147499 1.0947951078414917 1.9853516817092896 -0.2671147286891937
0.00967926811426878 -0.0025522615760564804 0.058911312371492386 0.9463902115821838 2.644883394241333 -0.1798844337463379
0.008407607674598694 -0.002427516970783472 0.07724297046661377 0.41495609283447266 2.638134717941284 0.012722807005047798
0.009152044542133808 -0.0020435182377696037 0.06271358579397202 -0.04276479035615921 2.45991849899292 0.20861060917377472
0.009282838553190231 -0.0019559822976589203 0.06373912841081619 -0.3653154671192169 2.137481451034546 0.37267225980758667
0.006712403614073992 -0.0017886814894154668 0.06436388939619064 -0.6774126291275024 2.6554293632507324 0.5575125217437744
0.006119373254477978 -0.0005173732060939074 0.06365516036748886 -1.3203901052474976 2.121675729751587 0.8103587031364441
0.010404414497315884 -0.0023004887625575066 0.09123610705137253 -0.92940354347229 -0.7511742115020752 0.8506131172180176
0.006410540081560612 -0.003726046998053789 0.10975437611341476 -0.8340134024620056 0.1524638682603836 0.7742130160331726
0.0025941499043256044 -0.0037677399814128876 0.11694999039173126 -1.1813836097717285 0.8995566964149475 0.7702860832214355
0.003531457856297493 -0.005034215748310089 0.1306277960538864 -1.0525730848312378 -0.27736783027648926 0.9452488422393799
0.0021891987416893244 -0.003124963492155075 0.13731609284877777 -1.985948920249939 -0.1799459308385849 1.0571948289871216
0.002229237463325262 -0.004117763135582209 0.10579466819763184 -1.6041651964187622 0.2996814548969269 1.0407946109771729
0.0015609153779223561 -0.004094820469617844 0.10852927714586258 -1.7290215492248535 0.2984156310558319 1.158660888671875
0.004867031238973141 0.0007491880678571761 0.11576713621616364 -3.022953510284424 -0.7920665740966797 1.5029851198196411
0.0039665731601417065 0.0004586090799421072 0.12665091454982758 -2.549478530883789 -0.46240538358688354 1.6286934614181519
0.0034419242292642593 0.0003434751706663519 0.1326453983783722 -2.0874011516571045 -0.20712655782699585 1.7465744018554688
0.010282862931489944 -0.004995459225028753 0.09820423275232315 -0.23331338167190552 -1.217763900756836 2.39941143989563
0.007955685257911682 -0.003421870758756995 0.11900372058153152 -0.45290401577949524 -0.43130263686180115 2.278622627258301
0.006041324231773615 -0.0009398154215887189 0.12591741979122162 -0.7381068468093872 0.3334302306175232 2.156707286834717
0.002981914207339287 -0.001545081497170031 0.1250973641872406 -0.12979760766029358 1.3760030269622803 2.1490378379821777
0.003346335142850876 -0.0023651388473808765 0.0932430773973465 0.3603230118751526 1.6142363548278809 2.2382102012634277
0.0016359094297513366 -0.0036309154238551855 0.08850796520709991 0.9103744029998779 2.1474533081054688 2.313488245010376
-0.0006463585305027664 -0.0010497908806428313 0.08702215552330017 0.37174785137176514 2.666771411895752 2.467428207397461
-0.0036563086323440075 0.00021720082440879196 0.07228695601224899 0.11431585252285004 3.2574551105499268 2.6328580379486084
-0.0037886989302933216 0.0005864083068445325 0.09355194121599197 0.1853412240743637 2.584594249725342 2.6583549976348877
-0.014192814938724041 -0.00010772313544293866 0.0560615174472332 -0.07584130764007568 5.157168865203857 2.952317953109741
-0.01860499568283558 0.0017704389756545424 0.09987585991621017 -0.5335231423377991 4.296298503875732 3.0613458156585693
-0.022252384573221207 0.0020930462051182985 0.09782306104898453 -0.8370388150215149 3.8764607906341553 3.120422840118408
-0.025585541501641273 0.004435983952134848 0.12139405310153961 -1.4264613389968872 2.5371012687683105 3.4019899368286133
-0.02193797007203102 0.004095608834177256 0.10246279835700989 -1.3460743427276611 0.5558726191520691 3.3568761348724365
-0.024666331708431244 0.005276903510093689 0.10335332900285721 -1.5969743728637695 0.05150413513183594 3.467219829559326
-0.02835603430867195 0.005550319328904152 0.10577868670225143 -1.3431065082550049 -0.2743552029132843 3.434782028198242
-0.036003682762384415 0.006595449987798929 0.10084635764360428 -1.1119227409362793 1.2155932188034058 3.1353468894958496
-0.042381592094898224 0.008208970539271832 0.12561383843421936 -0.1637841910123825 1.1904953718185425 2.999626398086548
-0.04101848974823952 0.011175274848937988 0.09916284680366516 -0.577810525894165 1.7296724319458008 2.7937324047088623
-0.04979308322072029 0.010232720524072647 0.15580390393733978 1.4773348569869995 1.3592146635055542 2.6837968826293945
-0.05277600139379501 0.010740425437688828 0.16149850189685822 1.620535969734192 1.5814874172210693 2.5887064933776855
-0.04528810828924179 0.006916132755577564 0.15174996852874756 2.574578046798706 -0.2992847263813019 2.263230562210083
-0.045567598193883896 0.007699164096266031 0.1397584080696106 1.890325665473938 -0.5431951880455017 2.406801700592041
-0.05026770383119583 0.0086491908878088 0.14678257703781128 1.4661870002746582 -0.9777773022651672 2.5253875255584717
-0.05225655809044838 0.00934629887342453 0.15051966905593872 1.031663179397583 -2.0338401794433594 2.531475782394409
-0.04911172389984131 0.00927185919135809 0.15216293931007385 0.7909971475601196 -4.014103889465332 2.325242042541504
-0.03584688529372215 0.008387324400246143 0.10626886785030365 0.29357126355171204 -6.24929141998291 2.110517978668213
-0.034892693161964417 0.009145461954176426 0.10520517826080322 -0.1940898448228836 -7.041973114013672 2.0792970657348633
-0.04420790821313858 0.006107866298407316 0.1333666890859604 0.3241443932056427 -6.028947830200195 2.9087114334106445
-0.042569879442453384 0.006277503911405802 0.13772036135196686 0.153727188706398 -6.433955192565918 2.7881882190704346
-0.04183798283338547 0.005947002675384283 0.13945037126541138 0.13677464425563812 -6.211939811706543 2.7907321453094482
-0.037576209753751755 7.592235488118604e-05 0.09764667600393295 0.9803745746612549 -5.874619007110596 3.7464370727539062
-0.03617759048938751 0.0017906815046444535 0.10273579508066177 0.5203568339347839 -5.51469612121582 3.1496706008911133
-0.0332820750772953 0.0012271124869585037 0.09790857136249542 0.5470522046089172 -5.255242824554443 3.071925401687622
-0.03350554779171944 0.0021286210976541042 0.10471779108047485 0.21478724479675293 -4.367588043212891 2.744532585144043
-0.040859293192625046 0.0063493745401501656 0.08434952795505524 -0.7816473245620728 -2.1443185806274414 1.9454926252365112
-0.04009868949651718 0.005020014941692352 0.09103358536958694 -0.4529583156108856 -1.870478630065918 2.2795519828796387
-0.030800679698586464 0.0017313763964921236 0.11702786386013031 0.21202018857002258 -3.3288986682891846 2.8195888996124268
-0.029515095055103302 0.0011089607141911983 0.12036136537790298 0.16279783844947815 -2.8973500728607178 2.87589955329895
-0.029114393517374992 0.0013847884256392717 0.129921555519104 -0.16514962911605835 -2.220881462097168 2.7574987411499023
-0.03620140254497528 0.0024939514696598053 0.10130882263183594 -0.5334417223930359 -0.6264387965202332 2.6816813945770264
-0.03680256009101868 0.0025113949086517096 0.10006490349769592 -0.5830999612808228 -0.3403041660785675 2.6871511936187744
-0.03580664470791817 0.0029300593305379152 0.10302556306123734 -0.7051743865013123 -0.3975375294685364 2.679985284805298
-0.03884780406951904 0.00350597919896245 0.09836000204086304 -0.7859832644462585 0.5225752592086792 2.663153886795044
-0.038453735411167145 0.0019318177364766598 0.08387777954339981 -0.13915632665157318 0.0015736422501504421 2.82901668548584
-0.038153018802404404 0.0011546567548066378 0.08263606578111649 0.1221107691526413 -0.06213201954960823 2.8818418979644775
-0.035677481442689896 0.0006293703918345273 0.08098623156547546 0.32811129093170166 -0.8317269682884216 2.9427425861358643
-0.03449627384543419 0.0005043093697167933 0.07777005434036255 0.3476777970790863 -1.1483030319213867 2.95959210395813
-0.03196697309613228 0.0010738447308540344 0.06326545029878616 0.1769651472568512 -2.1260006427764893 2.9403889179229736
-0.03255656361579895 0.0003607681719586253 0.06321179866790771 0.15130139887332916 -1.4770634174346924 2.9929325580596924
-0.033005960285663605 0.0004624884168151766 0.06760016083717346 -0.20724980533123016 -0.7830113172531128 2.9883666038513184
-0.03367868810892105 0.0007892946014180779 0.06618762761354446 -0.5233792066574097 -0.21570047736167908 2.9945850372314453
-0.033232640475034714 0.00010096431651618332 0.06691503524780273 -0.49915653467178345 0.06959473341703415 3.0396487712860107
-0.033035553991794586 0.001050383085384965 0.05405139923095703 -0.8803788423538208 -0.0009953881381079555 3.0956175327301025
-0.030335290357470512 0.0006761419936083257 0.053455762565135956 -0.9041993618011475 -0.33656802773475647 3.2100636959075928
-0.029707159847021103 -5.5897362472023815e-05 0.05708875134587288 -0.927699089050293 0.2731747627258301 3.279407024383545
-0.029238199815154076 0.0034862696193158627 0.05985375866293907 -2.3057260513305664 0.7483344078063965 3.4204301834106445
-0.02479124255478382 0.0007701903232373297 0.08559855073690414 -1.5051332712173462 0.709060549736023 3.4679603576660156
-0.027197886258363724 0.0011537423124536872 0.07704005390405655 -1.810500144958496 1.7970610857009888 3.431575298309326
-0.025637323036789894 0.002092306734994054 0.08068841695785522 -2.232879400253296 1.789514422416687 3.6564719676971436
-0.025631576776504517 0.0006785147706978023 0.08632496744394302 -1.7890818119049072 2.365905284881592 3.502488851547241
-0.024235041812062263 -0.003113213460892439 0.08483844995498657 -0.6892567276954651 2.204547882080078 3.239690065383911
-0.023620037361979485 -0.003392857266589999 0.08174823224544525 -0.9242612719535828 2.124227285385132 3.4396417140960693
-0.0232903640717268 -0.004742586053907871 0.08245154470205307 -0.6826431751251221 2.1053667068481445 3.3852458000183105
-0.02246280200779438 -0.005010328255593777 0.08747204393148422 -0.7871339321136475 1.8820226192474365 3.486034393310547
-0.021627152338624 -0.005187964998185635 0.09102153033018112 -0.8897480368614197 1.5357500314712524 3.563753128051758
-0.021115681156516075 -0.0053675202652812 0.09391918033361435 -0.9565781950950623 1.292299509048462 3.593960762023926
-0.022842321544885635 -0.007401123642921448 0.09134978801012039 -0.5462039113044739 1.580971598625183 3.2853643894195557
-0.023624280467629433 -0.007145936135202646 0.09489066153764725 -0.989509105682373 1.5700572729110718 3.35309100151062
-0.02339332364499569 -0.006531729828566313 0.09882263839244843 -1.4997200965881348 1.3146145343780518 3.4661166667938232
-0.019695617258548737 -0.00562743516638875 0.10460241883993149 -2.0052642822265625 0.2584228217601776 3.6598989963531494
-0.020840926095843315 -0.009108749218285084 0.1167319118976593 -1.3003430366516113 0.8240101933479309 3.199507236480713
-0.02095603011548519 -0.009066572412848473 0.1214117556810379 -1.699999451637268 0.7772030234336853 3.1874356269836426
-0.020936770364642143 -0.009543678723275661 0.12490930408239365 -1.797046422958374 0.7427834272384644 3.135150909423828
-0.019652821123600006 -0.009660285897552967 0.12901747226715088 -1.8909389972686768 0.4527767300605774 3.17562198638916
-0.01975780352950096 -0.010900899767875671 0.13310162723064423 -1.6338820457458496 0.5566419363021851 3.0595903396606445
-0.019871123135089874 -0.011019989848136902 0.1292489469051361 -1.6004568338394165 0.5743136405944824 3.01071834564209
-0.019475385546684265 -0.010557670146226883 0.13247545063495636 -1.6507906913757324 0.4696189761161804 3.0108752250671387
-0.019357796758413315 -0.010304584167897701 0.1352459043264389 -1.5821552276611328 0.42328324913978577 2.978067636489868
-0.019168734550476074 -0.010955865494906902 0.13841751217842102 -1.3268429040908813 0.3804929256439209 2.908822536468506
-0.01905524730682373 -0.0096177589148283 0.13668955862522125 -1.475830316543579 0.31885826587677 2.9031178951263428
-0.018912699073553085 -0.008853370323777199 0.13858641684055328 -1.474575400352478 0.23526284098625183 2.870737075805664
-0.0186290442943573 -0.010087037459015846 0.1423989236354828 -1.1004419326782227 0.16855423152446747 2.7856063842773438
-0.01829466037452221 -0.011716851033270359 0.14491553604602814 -0.6996106505393982 0.09084894508123398 2.709824800491333
-0.01828506775200367 -0.013732947409152985 0.14603568613529205 -0.28130602836608887 0.06714513152837753 2.6383004188537598
-0.019235961139202118 -0.01393086463212967 0.14948895573616028 -0.2652449607849121 0.1932997703552246 2.5825464725494385
-0.01940767467021942 -0.010359706357121468 0.1549234688282013 -0.9448317289352417 0.1480659544467926 2.58784818649292
-0.01786709576845169 -0.01369929127395153 0.16049984097480774 -0.30767589807510376 -0.12223021686077118 2.555440902709961
-0.019427375867962837 -0.011437422595918179 0.16503402590751648 -0.8306201100349426 0.17943212389945984 2.5319902896881104
-0.02102748677134514 -0.009366922080516815 0.16803674399852753 -1.243634819984436 0.4294402003288269 2.5020198822021484
-0.019537487998604774 -0.01206057146191597 0.17392466962337494 -0.7652198672294617 0.11906228959560394 2.4729297161102295
-0.01730588637292385 -0.013170131482183933 0.17677351832389832 -0.6161866784095764 -0.3334982693195343 2.4653897285461426
-0.016764037311077118 -0.01324646919965744 0.17945222556591034 -0.6291666030883789 -0.46167951822280884 2.456660032272339
-0.01640917733311653 -0.012603108771145344 0.18239249289035797 -0.7354506850242615 -0.5910605788230896 2.4505693912506104
-0.016860034316778183 -0.01407930999994278 0.18620933592319489 -0.46382442116737366 -0.535891056060791 2.4482364654541016
-0.015934985131025314 -0.01346798799932003 0.1891162395477295 -0.5252766609191895 -0.700139582157135 2.444833993911743
-0.015938395634293556 -0.012013228610157967 0.19219934940338135 -0.6965276002883911 -0.6730126142501831 2.4275333881378174
-0.015767782926559448 -0.011383524164557457 0.1951032429933548 -0.6941238045692444 -0.6478490233421326 2.426494598388672
-0.016125600785017014 -0.010174144059419632 0.19948066771030426 -0.7642585635185242 -0.48331472277641296 2.4198546409606934
-0.01664862409234047 -0.006105463020503521 0.20150281488895416 -1.2378345727920532 -0.30894407629966736 2.374661922454834
-0.01713039167225361 -0.004813253413885832 0.2040347456932068 -1.2511439323425293 -0.13937166333198547 2.37847900390625
-0.018594661727547646 -0.004587431903928518 0.20711572468280792 -1.1103216409683228 0.18387752771377563 2.3888630867004395
-0.018971895799040794 -0.00514322379603982 0.21062688529491425 -0.8276516199111938 0.31343358755111694 2.4050557613372803
-0.021008582785725594 -0.004501551389694214 0.2164432555437088 -0.656144380569458 0.621816098690033 2.4129092693328857
-0.019399547949433327 -0.001288079540245235 0.21960535645484924 -0.7471147179603577 0.3270389139652252 2.4365663528442383
-0.019052548334002495 -0.00034260741085745394 0.22262847423553467 -0.47988155484199524 0.2027054876089096 2.460369110107422
-0.019911063835024834 0.0005545782041735947 0.22551725804805756 -0.21078301966190338 0.18347693979740143 2.4790689945220947
-0.019112881273031235 0.0011625493643805385 0.2322375327348709 0.1253768801689148 -0.10020861774682999 2.4997878074645996
-0.0185496024787426 0.00437588756904006 0.23511692881584167 0.11714830249547958 -0.3568515181541443 2.5113558769226074
-0.018901558592915535 0.0033344277180731297 0.23880912363529205 0.6200656890869141 -0.44360020756721497 2.5282764434814453
-0.018326926976442337 0.002698739292100072 0.2419615536928177 0.9894095063209534 -0.6377911567687988 2.5407962799072266
-0.01986759714782238 0.004786824341863394 0.24519725143909454 0.9730129241943359 -0.549547016620636 2.555161476135254
-0.02051854133605957 0.006307428237050772 0.25159478187561035 1.0314441919326782 -0.5366907119750977 2.5650906562805176
-0.02086496725678444 0.009556194767355919 0.2546420395374298 0.8549031615257263 -0.5145283341407776 2.5490291118621826
-0.021129760891199112 0.009223341010510921 0.25807222723960876 1.0743262767791748 -0.4482601583003998 2.5544426441192627
-0.021267803385853767 0.009425992146134377 0.26129433512687683 1.2052366733551025 -0.41114354133605957 2.550349712371826
-0.02177746780216694 0.009543350897729397 0.2665562033653259 1.368037462234497 -0.35948434472084045 2.5565149784088135
-0.023651134222745895 0.010232039727270603 0.2699156105518341 1.4788682460784912 -0.2189684957265854 2.5944085121154785
-0.02327396348118782 0.012289391830563545 0.2730662524700165 1.4493482112884521 -0.3372892737388611 2.5717933177948
-0.02275998890399933 0.011559647507965565 0.2762637138366699 1.7164952754974365 -0.49619656801223755 2.5644822120666504
-0.02189423330128193 0.01101546548306942 0.2793065309524536 1.936620831489563 -0.6871052384376526 2.5360333919525146
-0.0217591542750597 0.014760183170437813 0.2854626476764679 1.7222802639007568 -0.8805267810821533 2.4982945919036865
-0.02177872508764267 0.015856340527534485 0.28843486309051514 1.7530039548873901 -1.0202115774154663 2.4991698265075684
-0.022896891459822655 0.017843499779701233 0.2912980914115906 1.66910719871521 -1.0185973644256592 2.5205793380737305
-0.023477911949157715 0.017645210027694702 0.2941674590110779 1.7800980806350708 -1.0136387348175049 2.550924777984619
-0.02383085899055004 0.01812470331788063 0.29843026399612427 1.8216071128845215 -0.9889649152755737 2.5596814155578613
-0.024025073274970055 0.01816163770854473 0.30108746886253357 1.886399507522583 -0.9395808577537537 2.5707128047943115
-0.025357916951179504 0.0193637665361166 0.30361881852149963 1.8251699209213257 -0.7831839323043823 2.5955488681793213
-0.02561119571328163 0.02005865052342415 0.3060658872127533 1.846626877784729 -0.7025786638259888 2.587632894515991
-0.023960234597325325 0.017584828659892082 0.31174153089523315 2.1248700618743896 -0.8264288306236267 2.5682098865509033
-0.02559499256312847 0.020151769742369652 0.3145369291305542 1.9566569328308105 -0.6994297504425049 2.5914788246154785
-0.02535180188715458 0.020045451819896698 0.31721290946006775 2.0366058349609375 -0.7379467487335205 2.5893614292144775
-0.02534709870815277 0.017864465713500977 0.3197671175003052 2.253106117248535 -0.7625008225440979 2.618340015411377
-0.01860557682812214 0.015128727070987225 0.32199060916900635 2.471590995788574 -1.3036999702453613 2.4375205039978027
-0.025071781128644943 0.017868194729089737 0.3300364911556244 2.1526083946228027 -0.765236496925354 2.620258331298828
-0.024946264922618866 0.018349885940551758 0.33266523480415344 2.0190114974975586 -0.7980048656463623 2.6075215339660645
-0.01786826364696026 0.015896568074822426 0.33518099784851074 2.1632773876190186 -1.355285882949829 2.4125163555145264
-0.017981912940740585 0.01420011930167675 0.3377182185649872 2.192359685897827 -1.2351887226104736 2.4408719539642334
-0.018392980098724365 0.014196773990988731 0.34327462315559387 2.0269577503204346 -1.1275973320007324 2.4671645164489746
-0.02092554047703743 0.01363765075802803 0.34595322608947754 1.8705122470855713 -0.8107908368110657 2.570280075073242
-0.020257001742720604 0.015354037284851074 0.34844470024108887 1.5168564319610596 -0.7190174460411072 2.5303452014923096
-0.021231211721897125 0.015405925922095776 0.35073819756507874 1.2618286609649658 -0.4915754497051239 2.5611484050750732
-0.026870770379900932 0.02211862802505493 0.3528176248073578 0.4745537340641022 0.06550833582878113 2.633976697921753
-0.027231818065047264 0.020046237856149673 0.358015239238739 0.435479074716568 0.18768024444580078 2.650886297225952
-0.031559113413095474 0.012485092505812645 0.36048921942710876 0.8053218722343445 0.5578207969665527 2.809360980987549
0.0 0.0 0.0 0.0 0.0 0.0
8.547046309104189e-05 6.576786836376414e-05 -0.3835320472717285 -0.01752033643424511 -0.1698310375213623 0.011675484478473663
0.0005116669926792383 0.0006302089896053076 0.3733367621898651 -0.38329362869262695 -0.6851577758789062 0.07207503914833069
0.000812795537058264 0.0009630428976379335 0.3732014298439026 -0.43813079595565796 -0.9184144139289856 0.16905193030834198
0.0010589705780148506 0.0009468512726016343 0.3732629418373108 0.2680872082710266 -0.9257705211639404 0.2948468029499054
0.0011203180765733123 0.0017326584784314036 0.37325718998908997 -0.9738664627075195 -0.5317270755767822 0.40019065141677856
0.0010415945434942842 0.0018062768504023552 0.37342068552970886 -0.5457400679588318 0.04435956850647926 0.539924681186676
0.0002766239340417087 0.003010636428371072 0.3799732029438019 -1.9450428485870361 1.4844402074813843 0.7101556062698364
0.00047632295172661543 0.0029791893903166056 0.3803902864456177 -1.2956515550613403 1.315473198890686 0.8635988831520081
0.001522515551187098 0.00492470245808363 0.38066884875297546 -2.975393772125244 0.35830816626548767 1.0555527210235596
0.0 0.0 0.0 0.0 0.0 0.0
-0.0007497122860513628 7.255290256580338e-05 0.4060446321964264 -0.052441228181123734 0.6624980568885803 0.20226231217384338
-0.0016497274627909064 -0.00018077506683766842 0.40610116720199585 0.23582589626312256 1.0139639377593994 0.4264889061450958
-0.0020706409122794867 -0.0006745186983607709 0.4065394103527069 0.6100300550460815 0.9721733331680298 0.6465871930122375
-0.004336569923907518 -0.0017674091504886746 0.4063076674938202 1.2457942962646484 2.079817771911621 0.8352884650230408
-0.0066742440685629845 -0.002335161669179797 0.41360196471214294 1.3408056497573853 2.7716243267059326 1.0274865627288818
-0.006431929301470518 -0.002093706512823701 0.4148644208908081 0.8877674341201782 1.5314154624938965 1.2217944860458374
0.00023669248912483454 -0.008239069022238255 0.4167045056819916 4.507955551147461 -3.587292432785034 1.4526965618133545
0.0009086867212317884 -0.008653669618070126 0.4178967773914337 3.6522397994995117 -4.1957106590271 1.6094294786453247
0.004084413405507803 -0.008138185366988182 0.41889140009880066 2.3314151763916016 -6.237712383270264 1.7440794706344604
0.00646751094609499 -0.007548082619905472 0.42574942111968994 1.0129890441894531 -7.375097751617432 1.8229126930236816
0.0 0.0 0.0 0.0 0.0 0.0
-0.0005210395902395248 -0.0003529959940351546 2.6664418328437023e-05 -0.25180140137672424 0.4160621762275696 0.14182260632514954
-0.0010037673637270927 -0.0007813430274836719 -0.018752994015812874 -0.6153461933135986 0.8254026770591736 0.3464735150337219
-0.004751128610223532 -0.0030596074648201466 0.4428147077560425 0.19425363838672638 4.227161407470703 0.5669986009597778
-0.007262975908815861 -0.004023224115371704 0.44185563921928406 -0.4944000542163849 6.674185276031494 0.8939788937568665
-0.008874266408383846 -0.004316908773034811 0.44314295053482056 -2.3993313312530518 6.63148832321167 1.3615905046463013
-0.010724326595664024 -0.004802207462489605 0.443722128868103 -3.347614049911499 7.27608585357666 1.8087462186813354
-0.014603584073483944 -0.004847268108278513 0.4596838355064392 -5.1171064376831055 10.349225997924805 2.475449562072754
-0.012435559183359146 -0.004038406070321798 0.4637329578399658 -6.8962554931640625 4.549212455749512 2.8389930725097656
-0.014760697260499 -0.0032458126079291105 0.4643245339393616 -8.218412399291992 5.947380542755127 3.4235031604766846
0.0 0.0 0.0 0.0 0.0 0.0
0.0002093280345434323 -0.0007585283019579947 2.5646482754382305e-05 0.23038087785243988 -0.05339178815484047 0.3595910668373108
0.0006500247400254011 -0.0015402664430439472 0.510903537273407 0.2576367259025574 -0.6036084890365601 0.7526757717132568
0.0011777932522818446 -0.0018957603024318814 0.5113286375999451 -0.15520702302455902 -1.360470175743103 1.163923978805542
0.002321092877537012 -0.003022006945684552 0.5107423663139343 0.8720788955688477 -2.8886635303497314 1.5722399950027466
0.0039371526800096035 -0.003436488565057516 0.5104648470878601 0.7696383595466614 -4.730044364929199 1.8979039192199707
0.003364465432241559 -0.004587325733155012 0.5222623348236084 1.5856839418411255 -3.3281002044677734 2.224020004272461
0.0037883541081100702 -0.004369185771793127 0.522912323474884 0.782792329788208 -3.511631965637207 2.4549148082733154
0.0037306209560483694 -0.004602187313139439 0.5236179232597351 0.6617456078529358 -3.010131597518921 2.680370569229126
0.0034006647765636444 -0.005007651634514332 0.5243613123893738 0.6942337155342102 -2.1897292137145996 2.8780152797698975
0.0 0.0 0.0 0.0 0.0 0.0
-0.0004121700185351074 0.0001770799863152206 0.5599967241287231 -0.13915681838989258 0.565910279750824 0.1529577076435089
0.0004972395254299045 0.000857116945553571 0.5602983236312866 -0.54673832654953 0.24644294381141663 0.34951603412628174
-0.00039436770020984113 0.0004945421242155135 0.56059730052948 -0.280517578125 1.3331403732299805 0.5777376294136047
-0.001689054653979838 0.0019244147697463632 0.5604647397994995 -1.2042006254196167 2.336045980453491 0.8304688930511475
0.0017049278831109405 0.0021166978403925896 0.574182391166687 -1.1234691143035889 0.41364404559135437 1.0503098964691162
0.002740616677328944 0.004256352316588163 0.5742092728614807 -2.1597838401794434 0.10436995327472687 1.284096598625183
0.0035599316470324993 0.0038663207087665796 0.5744698643684387 -1.4961984157562256 -0.1882379949092865 1.4867793321609497
0.006285603623837233 0.003737172344699502 0.5745377540588379 -0.9507537484169006 -1.6032387018203735 1.675704002380371
0.006688660942018032 0.005370366387069225 0.5746243596076965 -1.2432918548583984 -1.7539108991622925 1.8339694738388062
0.0 0.0 0.0 0.0 0.0 0.0
0.0 0.0 0.0 0.0 0.0 0.0
-0.001648226287215948 0.0014729388058185577 0.2368169128894806 -0.31373149156570435 0.5596444606781006 0.15240658819675446
-0.0032342709600925446 0.0028952201828360558 0.2377554327249527 0.3554280996322632 0.013632290996611118 0.3458362817764282
-0.00909226294606924 0.010641301050782204 0.5162574648857117 0.601093590259552 0.6265584826469421 0.5577127933502197
-0.01181486714631319 0.013910101726651192 0.5167925953865051 1.9687942266464233 -0.3594602048397064 0.7925993800163269
-0.014612450264394283 0.017447300255298615 0.5174880027770996 2.309087038040161 -0.6602126359939575 1.0280053615570068
-0.017087297514081 0.020382171496748924 0.518239438533783 3.6865525245666504 -1.3518247604370117 1.2972631454467773
-0.021794743835926056 0.02750873938202858 0.5796054601669312 3.335015296936035 -1.8200526237487793 1.5304261445999146
-0.023592641577124596 0.029478777199983597 0.5817864537239075 6.0175652503967285 -3.331325054168701 1.8730967044830322
-161.7535400390625 274.36334228515625 20.203153610229492 -127.30734252929688 29.016759872436523 55.45431900024414
0.0 0.0 0.0 0.0 0.0 0.0
7.671837374800816e-05 0.0008961307466961443 -3.895838737487793 0.33633044362068176 -0.7681838870048523 0.13335087895393372
0.0008410679874941707 0.03440362587571144 0.4064362049102783 -29.824817657470703 -1.3418891429901123 -0.05702506750822067
0.001218846533447504 0.051216065883636475 0.4405284821987152 -26.497325897216797 -2.2627360820770264 -0.19042636454105377
0.0013910584384575486 0.06919834762811661 0.46820980310440063 -21.81337547302246 -1.8585249185562134 -0.08411983400583267
0.0016866169171407819 0.08792869746685028 0.48719727993011475 -17.01420783996582 -2.066789150238037 0.06283127516508102
0.002223328687250614 0.111937016248703 0.579026460647583 -7.592329502105713 -2.781449556350708 0.5489626526832581
0.0023699786979705095 0.13016444444656372 0.5866837501525879 -3.7871015071868896 -1.8290613889694214 0.7789143919944763
0.002216561697423458 0.14711521565914154 0.5990470051765442 1.6437853574752808 -0.5940167903900146 1.0259233713150024
-183.35858154296875 297.8165588378906 21.95340919494629 2.0952019691467285 -0.31503045558929443 1.2737950086593628
0.0 0.0 0.7419953346252441 0.0 0.0 0.0
-0.0004279051790945232 -0.0004721513541880995 0.7419604659080505 0.9872038960456848 0.6400027275085449 0.22682547569274902
-0.000862245331518352 -0.00037926569348201156 0.7422387599945068 1.8870633840560913 1.1411890983581543 0.45308825373649597
-0.0013118652859702706 -0.0021337387152016163 0.7422395944595337 4.165217399597168 1.645029902458191 0.6567474007606506
-0.001920811366289854 -0.001356646534986794 0.7429396510124207 4.679067611694336 2.0449578762054443 0.9068230390548706
-0.0022537654731422663 -0.001570951659232378 0.7643141746520996 5.79923152923584 2.027026891708374 1.1642478704452515
-0.003254859009757638 0.0011012861505150795 0.7651791572570801 5.163914203643799 2.183321237564087 1.474250078201294
-0.0026432350277900696 0.0029173940420150757 0.7660207748413086 5.006792068481445 1.268646001815796 1.7662111520767212
-0.0014072515768930316 0.003881940385326743 0.7668030261993408 5.023695945739746 0.03544607385993004 2.0220401287078857
-0.003670500125735998 0.006792902946472168 0.7904295325279236 3.7491912841796875 0.29901114106178284 2.2500901222229004
0.0 0.0 0.0 0.0 0.0 0.0
0.00011879946396220475 0.00046642241068184376 0.33322781324386597 -0.4918130934238434 -0.7227460145950317 0.14721128344535828
0.0004129793669562787 0.0011904173297807574 0.3485270142555237 -1.609044075012207 -1.892794132232666 0.2945857346057892
0.0004920971114188433 0.001904606120660901 0.3511684536933899 -2.3643884658813477 -2.1859090328216553 0.4449050724506378
0.0017358321929350495 0.006888565607368946 0.8456772565841675 -5.1282525062561035 -3.1912519931793213 0.47083398699760437
0.002414899179711938 0.008777941577136517 0.8452930450439453 -5.538814067840576 -4.020287990570068 0.5491936206817627
0.0027652280405163765 0.010488323867321014 0.8451111912727356 -5.393409252166748 -3.805471181869507 0.7057844400405884
0.0033753281459212303 0.012507668696343899 0.8447756171226501 -5.487632751464844 -3.8443803787231445 0.8413042426109314
0.003537626238539815 0.013874297961592674 0.8580243587493896 -4.0506744384765625 -2.9666898250579834 1.0428372621536255
0.003093475941568613 0.01484924741089344 0.8581118583679199 -2.3181817531585693 -1.6000372171401978 1.2033740282058716
0.0 0.0 0.0 0.0 0.0 0.0
-0.0002564807946328074 0.0004966622800566256 -1.2799922842532396e-05 1.4289864301681519 0.4910765290260315 0.10558316856622696
-0.0011133882217109203 0.0006740860408172011 0.014204869978129864 3.357358455657959 1.5855745077133179 0.20689673721790314
-0.004715977236628532 0.006589887663722038 0.9002318978309631 1.8113361597061157 3.9028263092041016 0.3420296907424927
-0.00632892269641161 0.008861795999109745 0.9001263380050659 3.556058406829834 4.18425178527832 0.3972832262516022
-0.008133758790791035 0.010167562402784824 0.8997936248779297 6.731250286102295 4.628691673278809 0.372190922498703
-0.009467238560318947 0.012367757968604565 0.8999170660972595 7.755988597869873 4.013540267944336 0.5331478714942932
-0.011269276961684227 0.014431878924369812 0.9334079623222351 9.402243614196777 3.431565046310425 0.6657270193099976
-0.011980641633272171 0.015785716474056244 0.9337003827095032 10.574357032775879 1.8588932752609253 0.9125611186027527
-0.014156456105411053 0.01881217211484909 0.9339414238929749 9.424872398376465 1.764489769935608 1.1717485189437866
0.0 0.0 0.0 0.0 0.0 0.0
0.0002054254582617432 -3.346776793478057e-05 1.0098092555999756 -0.5842055082321167 -1.0922211408615112 0.10368747264146805
0.00031288625905290246 -0.00018156773876398802 1.0095723867416382 -1.0868279933929443 -1.8549832105636597 0.23889729380607605
0.0006870718789286911 -4.0579332562629133e-05 1.009061574935913 -2.360085964202881 -3.112905502319336 0.3393295705318451
0.0010735902469605207 0.00015454288222827017 1.008349895477295 -3.559924602508545 -3.9770166873931885 0.45214131474494934
0.0011462646070867777 -0.00019699330732692033 1.007716178894043 -3.744328737258911 -4.115571022033691 0.6258587837219238
0.0012859465787187219 -0.00016901387425605208 1.0121201276779175 -4.4006876945495605 -4.175477981567383 0.7810499668121338
0.001164513872936368 -0.0012129833921790123 1.0112336874008179 -3.5283656120300293 -3.716808557510376 1.0130653381347656
0.0007705077296122909 -0.002872440265491605 1.0102458000183105 -2.0515859127044678 -2.883369207382202 1.2321257591247559
0.0009925474878400564 -0.0037548246327787638 1.0088764429092407 -1.2777867317199707 -2.5944905281066895 1.373639464378357
0.0 0.0 0.0 0.0 0.0 0.0
-0.000568849325645715 -0.0013029474066570401 0.005770436022430658 0.9673413038253784 0.45902496576309204 0.11072753369808197
-0.0007955663022585213 -0.002723534358665347 0.062312375754117966 1.333642840385437 -0.3514462113380432 0.25582385063171387
-0.0011849811999127269 -0.004019493702799082 0.0668691024184227 2.148862361907959 0.1988910436630249 0.3657667338848114
-0.012293707579374313 -0.03401420637965202 0.8395079374313354 25.818796157836914 6.602667331695557 -1.0527104139328003
-0.015430239960551262 -0.04299356788396835 0.834857702255249 26.890127182006836 6.951391220092773 -1.1320247650146484
-0.018556859344244003 -0.05228273943066597 0.8305632472038269 27.184106826782227 6.778237342834473 -1.0747259855270386
-0.021644936874508858 -0.06205497682094574 0.8264226317405701 27.48471450805664 6.06835412979126 -0.9956912398338318
-0.02475891076028347 -0.07217031717300415 0.8232374787330627 26.796092987060547 5.193845748901367 -0.8583927750587463
-0.03073917143046856 -0.08946850150823593 0.8921334743499756 24.565561294555664 5.1304802894592285 -0.6482234001159668
0.0 0.0 0.0 0.0 0.0 0.0
0.0015223402297124267 -0.00022792226809542626 0.12244630604982376 0.23508483171463013 -1.2578781843185425 -0.07435885071754456
0.0036010199692100286 0.0003956216387450695 0.13070455193519592 -3.755857229232788 -3.4254775047302246 -0.25583261251449585
0.022399909794330597 0.0032728060614317656 0.9020742177963257 -5.966109275817871 -18.05887222290039 -1.1487832069396973
0.03036056086421013 0.004153530113399029 0.9001106023788452 -8.058876037597656 -18.732702255249023 -1.243190050125122
0.03855166211724281 0.005606514401733875 0.8977711796760559 -12.001051902770996 -19.293859481811523 -1.7031761407852173
0.04696324095129967 0.006454386282712221 0.8971670269966125 -13.754854202270508 -19.00969123840332 -1.4303362369537354
0.055090274661779404 0.00832904502749443 0.8959677219390869 -17.93179702758789 -17.884307861328125 -1.625428318977356
0.0653202086687088 0.008022326044738293 0.9106131792068481 -17.05760383605957 -17.36338996887207 -0.35824528336524963
0.072401262819767 0.01084945723414421 0.9104077219963074 -22.06969451904297 -13.781632423400879 -0.25362005829811096
0.0 0.0 0.0 0.0 0.0 0.0
-0.0017140586860477924 -0.0009532172698527575 -0.008402962237596512 -0.8698897361755371 1.933443307876587 0.12762069702148438
-0.014890293590724468 -0.002016970422118902 0.7592825293540955 -3.3651015758514404 15.236074447631836 0.5050782561302185
-0.02241077460348606 -0.0034576384350657463 0.7581494450569153 -4.143362045288086 17.1247615814209 0.657886803150177
-0.030758945271372795 -0.004564295057207346 0.7542470693588257 -6.181738376617432 21.760957717895508 1.4016680717468262
-0.03902045637369156 -0.006456972565501928 0.7535011768341064 -5.7616705894470215 24.11610221862793 1.4910871982574463
-0.051773492246866226 -0.007903097197413445 0.8123360276222229 -7.355588436126709 27.678030014038086 2.467599868774414
-0.06172921508550644 -0.009118589572608471 0.8104996085166931 -8.471700668334961 30.908687591552734 3.4334006309509277
-0.07201120257377625 -0.01097817998379469 0.8093464970588684 -8.091062545776367 33.66981887817383 3.890930652618408
-0.08227161318063736 -0.014314606785774231 0.8105059266090393 -5.517098426818848 35.33424758911133 3.3241002559661865
-33.2852897644043 14.745378494262695 31.40916633605957 -3.4193928241729736 39.35560989379883 3.0176913738250732
0.0 0.0 1.028960943222046 0.9342603087425232 2.2205381393432617 0.30528587102890015
-0.0008653575205244124 -0.0007114267209544778 1.0288406610488892 2.2791478633880615 4.269855499267578 0.5632207989692688
-0.0006894118851050735 -0.0012748651206493378 1.0288082361221313 3.576711416244507 5.381840705871582 0.8113898038864136
-0.0014010592130944133 -0.0022453642450273037 1.0285167694091797 4.096060276031494 5.772500991821289 0.7671724557876587
-0.001783018815331161 -0.004100102465599775 1.0420721769332886 5.839614391326904 6.573178291320801 0.9865461587905884
-0.0011132104555144906 -0.005214122589677572 1.0419284105300903 6.861536026000977 6.281572341918945 1.3187682628631592
9.237794438377023e-05 -0.007168377283960581 1.0414800643920898 8.07099437713623 5.353806018829346 1.6725348234176636
-0.00055175821762532 -0.011408030055463314 1.0394649505615234 9.291340827941895 3.555142402648926 2.47536301612854
0.0029978370293974876 -0.011026207357645035 1.039786696434021 9.173416137695312 1.9486795663833618 2.5428690910339355
0.0006489959196187556 -0.01286904327571392 1.0314221382141113 9.070964813232422 1.5083699226379395 2.958996534347534
0.0 0.0 0.0 0.0 0.0 0.0
-0.0018973693950101733 -0.0009872745722532272 -0.00013194078928790987 -0.9258288741111755 -1.9824885129928589 0.14525778591632843
-0.0047012809664011 -0.00022782234009355307 0.276663213968277 -3.8478031158447266 -3.065497636795044 0.18277783691883087
-0.01736380159854889 -0.005167798604816198 0.7613257765769958 -3.2651474475860596 -0.7037684917449951 0.4214942157268524
-0.024126123636960983 -0.007369501516222954 0.7622898817062378 -4.001042366027832 -1.1594656705856323 0.41538241505622864
-0.02942158654332161 -0.008553281426429749 0.7612651586532593 -6.7219109535217285 -4.39031457901001 0.22935235500335693
-0.035201363265514374 -0.010496428236365318 0.7613569498062134 -7.680056571960449 -6.026869297027588 0.11853685975074768
-0.043411482125520706 -0.01261125411838293 0.8331133127212524 -10.767751693725586 -10.005593299865723 -0.2741541564464569
-0.04991019517183304 -0.016210325062274933 0.8348639607429504 -9.186518669128418 -10.373857498168945 -0.07572226971387863
-0.05503338947892189 -0.017787152901291847 0.8357508778572083 -9.959224700927734 -12.009601593017578 -0.22946488857269287
0.0 0.0 0.0 0.0 0.0 0.0
-0.0011416279012337327 -0.0008452539914287627 -7.053240551613271e-05 0.6632727384567261 -0.7299737334251404 0.06662406027317047
-0.009173473343253136 -0.007708592340350151 0.7956144213676453 7.533847808837891 5.197002410888672 -0.10211673378944397
-0.014036627486348152 -0.011593781411647797 0.7945474982261658 8.70305347442627 4.772536754608154 0.1122245118021965
-0.018612070009112358 -0.01608382537961006 0.792853832244873 11.032828330993652 3.668910503387451 0.3204915225505829
-0.02356479875743389 -0.020263945683836937 0.7916443347930908 12.214451789855957 3.204706907272339 0.6258473992347717
-0.029074564576148987 -0.02569781243801117 0.824832558631897 13.252716064453125 1.0347713232040405 1.0269421339035034
-0.03302259370684624 -0.030772771686315536 0.8237771391868591 14.68044376373291 -1.3975470066070557 1.4570657014846802
-0.03810211271047592 -0.03466028347611427 0.8237942457199097 13.579743385314941 -2.1903181076049805 1.8581874370574951
-0.0406474769115448 -0.038626641035079956 0.8243981003761292 12.443679809570312 -5.936068534851074 2.2799062728881836
0.0 0.0 0.0 0.0 0.0 0.0
0.0005382596864365041 0.0004352970572654158 0.8559471964836121 -1.2285666465759277 -1.3744169473648071 0.02764040045440197
0.0003208590787835419 0.0007247204193845391 0.856005847454071 -2.952991485595703 -2.481067657470703 0.07869497686624527
0.0006239843787625432 0.0020412220619618893 0.8555808067321777 -5.3956122398376465 -3.718886137008667 0.1172281876206398
0.00168018345721066 0.0038183063734322786 0.8547652959823608 -8.047172546386719 -5.107690811157227 0.13419479131698608
0.0008777854964137077 0.0030895029194653034 0.8426902294158936 -9.522090911865234 -5.383706092834473 0.27852335572242737
0.001318256719969213 0.00786537118256092 0.8410499691963196 -13.363883018493652 -6.063211917877197 0.21419353783130646
-0.00035410132841207087 0.008361066691577435 0.8405959606170654 -14.680739402770996 -5.517475128173828 0.41545894742012024
-0.000630542344879359 0.014470436610281467 0.8377795815467834 -18.089176177978516 -5.548041343688965 0.3820796012878418
-0.002540116896852851 0.012771130539476871 0.8385047316551208 -17.307342529296875 -4.689868927001953 0.7255186438560486
0.0 0.0 0.0 0.0 0.0 0.0
-0.0005484060966409743 -0.0007309127249754965 -8.922273991629481e-05 0.09067709743976593 0.20747308433055878 0.07011466473340988
-0.0015942839672788978 -0.000985562801361084 0.15056078135967255 0.47748205065727234 0.8866651058197021 0.14758315682411194
-0.0025166478008031845 -0.00334230437874794 0.14583100378513336 4.687790870666504 1.2280336618423462 0.18010947108268738
-0.011333097703754902 -0.01342832576483488 0.767284631729126 12.003137588500977 6.7354559898376465 -0.30685508251190186
-0.014442801475524902 -0.01726694405078888 0.7657917737960815 14.165128707885742 6.600417613983154 -0.22563481330871582
-0.017640437930822372 -0.0203547365963459 0.7654126882553101 14.546326637268066 6.091363430023193 0.1300140619277954
-0.02063549868762493 -0.02488686516880989 0.7635306119918823 17.752140045166016 5.090425968170166 0.3206384778022766
-0.02201472781598568 -0.028085103258490562 0.7293907403945923 19.87618064880371 2.9555981159210205 0.7989371418952942
-0.024523651227355003 -0.03047460876405239 0.7301127910614014 18.514568328857422 1.067521572113037 1.449479103088379
0.0 0.0 0.0 0.0 0.0 0.0
-6.972921983106062e-05 0.0011462647235020995 -6.046303315088153e-05 0.8039772510528564 -1.3036917448043823 0.013769421726465225
-0.00013204629067331553 0.002287787850946188 1.1368522644042969 1.050382137298584 -2.610490560531616 0.05889327451586723
0.0004776146379299462 -0.0024371810723096132 0.7362210154533386 4.16411018371582 -4.470537185668945 0.27650365233421326
0.00033395731588825583 -0.0028165257535874844 0.7383893132209778 2.6217055320739746 -4.816418170928955 0.32793980836868286
0.0010582440299913287 -0.0028722418937832117 0.7396813631057739 0.6083405017852783 -6.445044994354248 0.32518646121025085
0.000556660583242774 -0.003308698767796159 0.739893913269043 -0.6360477209091187 -5.4049224853515625 0.38936567306518555
0.0007430381374433637 -0.003748165210708976 0.6976109147071838 -3.0832300186157227 -5.304311752319336 0.3130841553211212
0.0007807559450156987 -0.004245540592819452 0.6962889432907104 -3.653846263885498 -4.579616546630859 0.38935866951942444
-0.000738473900128156 -0.0016603225376456976 0.6962383985519409 -7.027684688568115 -2.028169631958008 0.3661644160747528
0.0 0.0 0.0 0.0 0.0 0.0
-0.0010831351391971111 0.000488798541482538 -4.6718778321519494e-05 0.5166656970977783 0.7867677807807922 0.03424445912241936
-0.0017800226341933012 0.0010719515848904848 0.603465735912323 1.289028286933899 1.1104928255081177 0.09558570384979248
-0.00238327425904572 0.002299476182088256 0.6032338738441467 1.6169087886810303 1.3516254425048828 0.1653870791196823
-0.003137427382171154 0.0020325237419456244 0.603635847568512 4.159622669219971 1.731049656867981 0.23208832740783691
-0.0029693099204450846 0.0051343138329684734 0.6037434339523315 2.4288697242736816 0.843816876411438 0.43658447265625
-0.0026430687867105007 0.005690509453415871 0.5681470632553101 4.118228912353516 0.007783122826367617 0.6183134317398071
-0.002010808326303959 0.006627751048654318 0.567653477191925 5.097519874572754 -1.1599913835525513 0.8530638813972473
0.0011818519560620189 0.010630982927978039 0.5671220421791077 3.0618889331817627 -4.462100505828857 1.0670125484466553
0.004105145111680031 0.014506587758660316 0.5658960342407227 1.4236458539962769 -6.791505813598633 1.1988797187805176
0.0 0.0 0.0 0.0 0.0 0.0
0.0007827231893315911 0.002123171230778098 -6.211022264324129e-05 -0.37206757068634033 -0.0712023600935936 0.25646278262138367
0.0015852678334340453 0.004241252318024635 0.029767517000436783 -0.8626679182052612 0.19170522689819336 0.5390904545783997
0.0011002327082678676 0.006706157233566046 0.0606655515730381 -1.1396000385284424 3.002988815307617 0.8640305995941162
0.0027108448557555676 0.009128565900027752 0.07269880175590515 -1.2663869857788086 1.4702677726745605 1.1968342065811157
0.008231565356254578 0.026443758979439735 0.265518456697464 -10.22577953338623 -0.3862626850605011 1.662047028541565
0.008501943200826645 0.0320352166891098 0.26744839549064636 -10.13311767578125 4.065340518951416 2.5138416290283203
0.011994981206953526 0.037666935473680496 0.2681547999382019 -10.00552749633789 1.5057076215744019 3.1393468379974365
0.01030757836997509 0.04308803379535675 0.27081698179244995 -9.686129570007324 9.01572322845459 4.131123065948486
0.013598721474409103 0.05210673063993454 0.29234546422958374 -10.501249313354492 8.481006622314453 5.041112422943115
-149.92738342285156 -210.52818298339844 7.747219085693359 173.3161163330078 -8.30814266204834 16.539501190185547
0.0 0.0 0.0 0.0 0.0 0.0
-0.001466702320612967 0.0018039544811472297 -0.058600351214408875 -0.8542292714118958 2.256950616836548 0.6933814883232117
-0.009270724840462208 0.006950505077838898 0.13273058831691742 -6.336591720581055 16.46047019958496 2.23101544380188
-0.013232595287263393 0.010834025219082832 0.09393481910228729 -10.824851036071777 19.188793182373047 4.299586772918701
-0.01896262913942337 0.012780115939676762 0.08940538018941879 -4.560165882110596 26.984590530395508 3.4182093143463135
-0.02699391543865204 0.01825210079550743 0.11848720908164978 -3.353351593017578 24.690237045288086 3.508833169937134
-0.03296279162168503 0.01977274939417839 0.11249858140945435 4.44003963470459 33.08884811401367 0.6475579142570496
-0.04104658216238022 0.02087465114891529 0.11889716237783432 17.473127365112305 35.154762268066406 -5.872672080993652
-0.0444784089922905 0.018344542011618614 0.09192453324794769 28.566001892089844 39.53207015991211 -11.9458589553833
0.0 0.0 0.0 0.0 0.0 0.0
0.0 0.0 0.0 0.0 0.0 0.0
-0.006770867854356766 -0.0001722394081298262 0.16748471558094025 0.24762849509716034 7.6717352867126465 0.7040818333625793
-0.01590893603861332 -0.00020423099340405315 0.05754905194044113 0.19410249590873718 15.447829246520996 1.4000719785690308
-0.024149755015969276 -0.002550245961174369 0.0478491373360157 4.152806758880615 19.947433471679688 1.0365339517593384
-0.033252812922000885 -0.0016515218885615468 0.04647371917963028 -0.7708566784858704 25.24654197692871 3.143127918243408
-0.04223503917455673 -0.0031272934284061193 0.04021202027797699 3.5133252143859863 30.434350967407227 2.039459466934204
-0.05392463505268097 -0.004297712817788124 0.04957534000277519 4.618319511413574 36.43226623535156 1.8413640260696411
-0.06528113782405853 -0.005321599543094635 0.05303781479597092 2.3692896366119385 39.29560089111328 3.503850221633911
-0.07770974189043045 -0.006516870576888323 0.06292202323675156 4.663747787475586 40.68442916870117 2.603172540664673
-0.09062415361404419 -0.007927289232611656 0.07096735388040543 6.679198741912842 41.79866027832031 1.715415358543396
0.0 0.0 0.0 0.0 0.0 0.0
0.00763982767239213 0.006804165430366993 0.07390204071998596 -9.166069984436035 -5.71915340423584 -1.4683871269226074
0.01587142050266266 0.015510328114032745 -0.08437925577163696 -16.344051361083984 -13.097880363464355 -5.913363933563232
0.024388737976551056 0.024380475282669067 -0.08609642833471298 -21.271427154541016 -16.75941276550293 -10.097530364990234
0.033020470291376114 0.034242864698171616 -0.05279254913330078 -20.6561279296875 -13.344894409179688 -11.071425437927246
0.04541933164000511 0.044473182410001755 -0.06971916556358337 -32.582908630371094 -25.976821899414062 -11.330436706542969
0.055394552648067474 0.048209212720394135 -0.11608972400426865 -27.172117233276367 -49.097225189208984 -5.439177989959717
0.06141811981797218 0.05369887873530388 -0.13206061720848083 -23.522132873535156 -56.9489631652832 -6.447452545166016
0.06485284864902496 0.05942463502287865 -0.14452792704105377 -20.58355140686035 -62.089393615722656 -8.159850120544434
0.07109753787517548 0.0731033980846405 -0.06185651570558548 -28.96558380126953 -69.03455352783203 -14.173432350158691
