0.04203238211016893 0.13086820952067363 0.03442596704308022 0.0059727997428888294 -0.010440461730019213 0.9514522688552931 0.9514522688552931  738318.7013289306
0.04201924799779816 0.1308709640850381 0.034416072445477695 0.00601028257145751 -0.010416145585794189 0.951440819981172 0.951440819981172  738318.7013299976
0.042016914057537325 0.13086671120122192 0.034424878282295804 0.006351239340812316 -0.010851170551425683 0.9514688985726035 0.9514688985726035  738318.7013312797
0.041702607910416835 0.13101413734398837 0.03479606314802289 0.010024640185530384 -0.008913824768154287 0.9508895703338848 0.9508895703338848  738318.7013323905
0.04202112076919163 0.13086808157946653 0.03442232026499649 0.006306911604868203 -0.01072054892719465 0.951433786918481 0.951433786918481  738318.701333617
0.04203384989598764 0.13086508420059303 0.03439955089868087 0.006144954508551217 -0.010740008179909524 0.951480732873712 0.951480732873712  738318.7013348225
0.04201781311540332 0.13085900720967525 0.034414815426553884 0.005982458876815526 -0.01063520763075795 0.9514491825442155 0.9514491825442155  738318.701335816
0.04176608745117227 0.13095270338794363 0.03475278001020652 0.009686633584433953 -0.00914559493868827 0.9510623007911667 0.9510623007911667  738318.7013370622
0.04176818467502327 0.13095401701085202 0.03475289032727199 0.009794349573271455 -0.009422711523811807 0.9510618667550308 0.9510618667550308  738318.7013381218
0.04176834815392946 0.13094802634440483 0.03475942311773429 0.009613029621133492 -0.009238684701943344 0.951067462216336 0.951067462216336  738318.7013394082
0.041783106856953765 0.1309813091803207 0.03484396209352356 0.010030904330154392 -0.008765503093233807 0.9511347480292681 0.9511347480292681  738318.701340467
0.04255468646204984 0.1311529488256403 0.03553581240738462 0.018673861422391132 -0.005625966063597677 0.9511097222720154 0.9511097222720154  738318.701341721
0.046094132746576755 0.13171659509092526 0.03983098045777417 0.057413429301703456 0.014853723792537205 0.9487883131894661 0.9487883131894661  738318.7013427868
0.05774443485654554 0.12918304922869858 0.04800639955565872 0.18022240169286044 0.019647050809295206 0.935206866581892 0.935206866581892  738318.70134404
0.07554515603464 0.12296838530957446 0.05243582620169278 0.31009399177756064 0.033784504373783546 0.9196907686134448 0.9196907686134448  738318.7013452025
0.11890655839014262 0.12024316880620699 0.05094785952501491 0.5007786960127514 0.10571545243291813 0.857681112280979 0.857681112280979  738318.7013463544
0.1717814863064342 0.13317581495636346 0.05291067125487862 0.5275519705093615 -0.0030102874299438344 0.8292585557407951 0.8292585557407951  738318.7013474357
0.21946946287220756 0.12905998581159162 0.04019400014087205 0.3923662614334945 -0.5336296738852284 0.4785596393917119 0.4785596393917119  738318.7013487127
0.28244437301252784 0.11118837245779084 0.031477717254641366 -0.5221300395962657 0.6192410190681332 -0.49214262503162975 -0.49214262503162975  738318.7013498285
0.30481486478999065 0.06718739415896069 0.01983572877369273 0.7820928483496541 -0.5762562068228714 -0.2371575589138087 -0.2371575589138087  738318.701350997
0.2963922015198195 0.07783772832936409 0.02458020291765741 0.7496694048053479 -0.5712541094025421 0.11638222403459916 0.11638222403459916  738318.7013521378
0.30027441346774814 0.0782644351527324 0.008898486128506928 0.7940972345718552 -0.5915974312500852 0.13603667976970474 0.13603667976970474  738318.7013531782
0.30423675435112 0.0764004193827435 0.007222293796487972 0.7960439517382601 -0.5873927078564515 -0.08353157806974522 -0.08353157806974522  738318.7013544517
0.30157944185481994 0.07818616589137854 0.001075010217556039 0.8145402899524496 -0.5794689868207545 -0.016575614285685707 -0.016575614285685707  738318.701355614
0.30222652774733055 0.07884026858220028 -0.0010021479505951927 0.8132276359434514 -0.581516566035774 -0.022297204521927256 -0.022297204521927256  738318.7013567897
0.30164017030620194 0.07854961104336944 -0.0014323320069601006 0.8115138884872262 -0.5829133889360015 -0.03727119035482833 -0.03727119035482833  738318.7013578678
0.30193760987419305 0.07843819250613805 -0.000987598177213839 0.8135760343444189 -0.5806413207989267 -0.02975030408723487 -0.02975030408723487  738318.7013589751
0.3019295536267364 0.07844918001748342 -0.0009894341652721898 0.8135257296944242 -0.5807585328675908 -0.029033238016481444 -0.029033238016481444  738318.7013602268
0.3020583835619446 0.07849740961341725 -0.0008319701005117845 0.8139244378799151 -0.5803140575418814 -0.02713513981701464 -0.02713513981701464  738318.701361317
0.3020627498778069 0.07847694174365136 -0.0008717197754684278 0.8136780793732754 -0.5806474531343497 -0.027445562891960183 -0.027445562891960183  738318.7013627148
0.3020664873736396 0.07848970866177152 -0.0008816822494597082 0.813853806879651 -0.5803835811355462 -0.027767383949775234 -0.027767383949775234  738318.7013637107
0.3016682604847731 0.07868313869932732 -0.0015030919709938947 0.8115457319369114 -0.5829838847790411 -0.03555201294130166 -0.03555201294130166  738318.7013647516
0.30205317101443546 0.0784873411563447 -0.0008545119224163673 0.8137707904786263 -0.5805298905659498 -0.027164061759420367 -0.027164061759420367  738318.7013660261
0.30192914031244644 0.0784446793066493 -0.0010106380136043797 0.8133156762362637 -0.5809996957965538 -0.029899541058370824 -0.029899541058370824  738318.7013670796
0.3020410451124017 0.07846144313543453 -0.0008861197245682567 0.8137096856221604 -0.5805973984431422 -0.027567205439124193 -0.027567205439124193  738318.7013683354
0.3019571371150531 0.07843377454135977 -0.0010301283528963232 0.8134552740033226 -0.5807817448893507 -0.030243281927832582 -0.030243281927832582  738318.7013694928
0.3020437409733387 0.07851250129232686 -0.0008712396192410628 0.8138308769653015 -0.5804122451521401 -0.02779812346325068 -0.02779812346325068  738318.7013708203
0.30195914376823785 0.07842207837713427 -0.0010291773618093672 0.8134278150772112 -0.5808489564986695 -0.029829077616432487 -0.029829077616432487  738318.701371813
0.3020550924340257 0.0784952235346505 -0.0008964237163361332 0.8136937846002441 -0.5806009043862596 -0.027870417881736866 -0.027870417881736866  738318.7013729673
0.30207241099093873 0.07848472484941878 -0.0009015423712169456 0.8137626221521604 -0.5805198981004789 -0.027571308957711444 -0.027571308957711444  738318.7013740062
0.3018242888231945 0.07846298674516554 -0.0012238739060355548 0.8128732210062501 -0.5814445133699825 -0.03223855277130221 -0.03223855277130221  738318.7013754041
0.30195339861294707 0.07842434173726183 -0.001060187619737081 0.8133750940785697 -0.5809022085771213 -0.030161467201782685 -0.030161467201782685  738318.7013767789
0.30194145537195566 0.07841794695129949 -0.0010181109439409398 0.8133283123444273 -0.5809869253183896 -0.029832430239528657 -0.029832430239528657  738318.7013774831
0.30211691653359285 0.07860193331727354 -0.0013956009226865774 0.8142862636234103 -0.5793471275453813 -0.03567692292440312 -0.03567692292440312  738318.7013787591
0.3021161716405084 0.07859586392714964 -0.0013926932499559778 0.8144041415679004 -0.5791842686030326 -0.0355918934272935 -0.0355918934272935  738318.7013798904
0.3022263256928923 0.0787010262858939 -0.0012696641350695348 0.8151140360076702 -0.5782800075138439 -0.03425950045451146 -0.03425950045451146  738318.7013809528
0.302258268316701 0.07871861896133249 -0.0012880613375658 0.8148883700463736 -0.5786119667174651 -0.03402986232029727 -0.03402986232029727  738318.7013822341
0.302249622534882 0.07870900629749762 -0.0012936473289712756 0.814856924677206 -0.5786324815456069 -0.03440248672827315 -0.03440248672827315  738318.7013833311
0.3021104831607346 0.07862057700662076 -0.0013562342684472982 0.8145409364086224 -0.5789879009976907 -0.03572839043995983 -0.03572839043995983  738318.7013845961
0.30224740185594784 0.07871963886468726 -0.0012692937341097124 0.814773402904219 -0.5788050592715214 -0.03350598820889865 -0.03350598820889865  738318.7013857051
0.30255150835693284 0.07912646984121112 -0.0020879744074350196 0.8124450390533736 -0.5826950068198823 -0.019913949598111068 -0.019913949598111068  738318.7013868652
0.302364678322415 0.07897657062907948 -0.0018652056520904487 0.8125680734026984 -0.5824842713092151 -0.02095479195303744 -0.02095479195303744  738318.7013880657
0.3019429861829328 0.07898521758726335 -0.0016669471612768153 0.8140367708445414 -0.5803966443398896 -0.021958408380268656 -0.021958408380268656  738318.7013891739
0.3016482590927002 0.07897711179865763 -0.0015146184045316774 0.8140530754924903 -0.5803178398187501 -0.0227057605748245 -0.0227057605748245  738318.7013902267
0.2998700901264765 0.07845835415593852 -0.0007954082063051873 0.813025237102899 -0.5810115660326797 -0.03731031232680011 -0.03731031232680011  738318.7013917323
0.2988653990136716 0.07776899961909126 0.0030851427255940847 0.8243620978219375 -0.5651459978364296 -0.03215865337116639 -0.03215865337116639  738318.7013926511
0.2987220091985552 0.07766345871252041 0.003110646382736491 0.8249593766507517 -0.5643771231297493 -0.02965534198980407 -0.02965534198980407  738318.70139369
0.2975120080773889 0.07735107303188545 0.00533300385374135 0.8281655923471591 -0.5595302894269432 -0.026453650523397508 -0.026453650523397508  738318.7013949647
0.29615177812082855 0.07747272390820208 0.006964905361133552 0.8325625498138052 -0.5518652378506743 -0.0343804660030119 -0.0343804660030119  738318.7013961229
0.29589145455930577 0.07700568469109795 0.00705705250073137 0.8292406744753485 -0.5577405542987779 -0.022812568081959344 -0.022812568081959344  738318.7013971969
0.2963684265819206 0.07677997670966587 0.0069532546752806125 0.8294074606915052 -0.5570909575721159 -0.02976355188180575 -0.02976355188180575  738318.7013983984
0.2963606148716099 0.07652625431469019 0.007432283132352641 0.8295578473196914 -0.5566056118069845 -0.03117730984897851 -0.03117730984897851  738318.701399512
0.29448693927509784 0.07540536580162237 0.007232626812513587 0.8550735243845734 -0.5167032286770524 -0.02616832015655649 -0.02616832015655649  738318.7014007908
0.0 0.0 0.0 0.0 0.0 0.0 0.0  738318.7014019333
0.0 0.0 0.0 0.0 0.0 0.0 0.0  738318.7014029956
0.28693474941133323 0.09842184039864396 0.04365265558402776 0.9678076280320066 -0.24203349914644687 -0.06863301864979815 -0.06863301864979815  738318.7014042311
0.0 0.0 0.0 0.0 0.0 0.0 0.0  738318.701405375
0.0 0.0 0.0 0.0 0.0 0.0 0.0  738318.7014064494
0.0 0.0 0.0 0.0 0.0 0.0 0.0  738318.7014078092
0.0 0.0 0.0 0.0 0.0 0.0 0.0  738318.7014087903
0.0 0.0 0.0 0.0 0.0 0.0 0.0  738318.7014100123
0.0 0.0 0.0 0.0 0.0 0.0 0.0  738318.7014111782
0.0 0.0 0.0 0.0 0.0 0.0 0.0  738318.7014123241
0.0 0.0 0.0 0.0 0.0 0.0 0.0  738318.7014133515
0.0 0.0 0.0 0.0 0.0 0.0 0.0  738318.7014147545
0.0 0.0 0.0 0.0 0.0 0.0 0.0  738318.7014158168
0.0 0.0 0.0 0.0 0.0 0.0 0.0  738318.7014170671
0.0 0.0 0.0 0.0 0.0 0.0 0.0  738318.7014181083
0.0 0.0 0.0 0.0 0.0 0.0 0.0  738318.7014191338
0.0 0.0 0.0 0.0 0.0 0.0 0.0  738318.7014204266
0.0 0.0 0.0 0.0 0.0 0.0 0.0  738318.7014215242
0.0 0.0 0.0 0.0 0.0 0.0 0.0  738318.7014227825
0.0 0.0 0.0 0.0 0.0 0.0 0.0  738318.7014238923
0.0 0.0 0.0 0.0 0.0 0.0 0.0  738318.7014250697
0.0 0.0 0.0 0.0 0.0 0.0 0.0  738318.7014263144
0.0 0.0 0.0 0.0 0.0 0.0 0.0  738318.7014274803
0.0 0.0 0.0 0.0 0.0 0.0 0.0  738318.70142845
0.2129727329459747 3.2129059504087785 1.9923871467652399 0.7052110746774998 -0.04218316416548878 0.1691956708350512 0.1691956708350512  738318.7014323076
0.0 0.0 0.0 0.0 0.0 0.0 0.0  738318.7014323192
0.0 0.0 0.0 0.0 0.0 0.0 0.0  738318.701432346
0.2963918966323353 3.2581573399731307 1.9367047663903487 -0.09994783539402188 0.6658877809358298 0.7247080398319647 0.7247080398319647  738318.7014332348
0.0 0.0 0.0 0.0 0.0 0.0 0.0  738318.7014343112
0.0 0.0 0.0 0.0 0.0 0.0 0.0  738318.7014355117
0.0 0.0 0.0 0.0 0.0 0.0 0.0  738318.7014366655
0.0 0.0 0.0 0.0 0.0 0.0 0.0  738318.7014377161
0.0 0.0 0.0 0.0 0.0 0.0 0.0  738318.7014389394
0.0 0.0 0.0 0.0 0.0 0.0 0.0  738318.7014401054
0.0 0.0 0.0 0.0 0.0 0.0 0.0  738318.7014411559
0.318650935338227 0.14221347246912142 -0.0009985685668531608 0.9918382988125874 -0.12688980305523395 0.011319661818834778 0.011319661818834778  738318.7014424677
0.3189206380820123 0.14188102592094956 0.00028208582125269823 0.9912910120248578 -0.12874666774618096 0.022892919804981843 0.022892919804981843  738318.7014435753
0.31882400990404525 0.14231829491692036 -5.4334185960485114e-05 0.9915876121160705 -0.12863189913106243 -0.011608100567736087 -0.011608100567736087  738318.7014445912
0.3172595205934635 0.14161672030279854 0.0005863049245919363 0.9897388401839247 -0.13901976137723007 -0.03295331204432705 -0.03295331204432705  738318.7014459879
0.31703142299723047 0.14113714214479836 0.0011243461084571877 0.9898290107679273 -0.13906561056770428 -0.0297885618858885 -0.0297885618858885  738318.7014469807
0.31705376368051214 0.14085030649038663 0.0010382072156705253 0.9903904168938761 -0.13404899219758704 -0.03401474638927707 -0.03401474638927707  738318.7014482635
0.31810912995498947 0.14083356022377164 -0.000291163253132535 0.9888566882217331 -0.1440028615336467 -0.03539178027626715 -0.03539178027626715  738318.7014493507
0.31820016533992296 0.14090191885744677 -0.00029409877310166056 0.9884730131488272 -0.14400949924683962 -0.04417814185523461 -0.04417814185523461  738318.7014505189
0.31854740990122343 0.14061094884140737 -0.00045184900568627186 0.9887961173618963 -0.14314711330776983 -0.03815718378082692 -0.03815718378082692  738318.701451766
0.31783249330240765 0.1410914947353015 -0.0009284818520043879 0.9889925882950772 -0.1446969158064857 -0.02649796709005732 -0.02649796709005732  738318.701452806
0.31788728936163235 0.1414789640515685 -0.0017885844186216037 0.9889675704546401 -0.1473890482375179 0.0035296232165755318 0.0035296232165755318  738318.7014539946
0.31784753622978135 0.14181750851184155 -0.0018717359524573283 0.988337241488731 -0.15144527443940559 0.009194772694615537 0.009194772694615537  738318.7014552644
0.3183554830091782 0.1414963617768403 -0.0017619234943089949 0.989015842449125 -0.14698281491184742 0.009239261765003524 0.009239261765003524  738318.7014565123
0.3182708393722352 0.1414953409830318 -0.0022152101506467325 0.9891021953233259 -0.14595627130270325 0.0028309959412109987 0.0028309959412109987  738318.7014574644
0.3173365762359482 0.14142174750448674 -0.0015309221997010557 0.9896107768694081 -0.1433774895665584 -0.009413277649343323 -0.009413277649343323  738318.7014587113
0.3171457754518836 0.14123658495787936 -0.0013832674936919568 0.9892040461007006 -0.14607203411207728 -0.009604847235152786 -0.009604847235152786  738318.7014597268
0.31709933445444843 0.14121229043537262 -0.0010583366014491843 0.9899724493108298 -0.14106924227834636 -0.006798322054560614 -0.006798322054560614  738318.7014609257
0.3169789511706499 0.1409452695946218 -0.001066793834873264 0.9891192715394569 -0.1456814124380338 -0.01855864588483496 -0.01855864588483496  738318.7014621955
0.3171132108761667 0.14117666385641436 -0.0009275524905024483 0.9893531849290041 -0.14444382847434326 -0.01609065173090034 -0.01609065173090034  738318.7014632344
0.31693944521863654 0.140981610040003 -0.0008074214838956231 0.9892589818819926 -0.14525120610537554 -0.01610317375323959 -0.01610317375323959  738318.701464413
0.31694257015343863 0.1409632060815065 -0.0008223234698964066 0.9892411047376773 -0.14545978622981204 -0.01514964868875132 -0.01514964868875132  738318.7014656366
0.3170901365982867 0.14117571304483267 -0.001372397517845997 0.9892576894023807 -0.14574586367433742 -0.009443536238329607 -0.009443536238329607  738318.7014668619
0.3169244035865928 0.1409680886728592 -0.0008466657366361393 0.9892576371786582 -0.14536891073460884 -0.015022077536844989 -0.015022077536844989  738318.7014677612
0.31697125965268674 0.14118703370359312 -0.0012201783361637547 0.9894649666393269 -0.14440374259105318 -0.009502271549254265 -0.009502271549254265  738318.7014690081
0.3168329879904124 0.14110080710324704 -0.0008816714490415971 0.9901568455489956 -0.13901578261339706 -0.01615346031513866 -0.01615346031513866  738318.7014702508
0.31707140253074606 0.14125917239102398 -0.0012811492285795083 0.990102749817519 -0.14005203079448733 -0.009000116242702862 -0.009000116242702862  738318.7014712187