-0.3957798741279613 0.21944124237345386 0.021430815272094356 0.00502387274449887 -0.007315522158921899 0.3890987252902341 0.9211533128723494  738339.435408374
-0.39575790685116863 0.21942864484207758 0.02141142376729878 0.005167696808971446 -0.007004036163955254 0.38889733893818457 0.9212399785907598  738339.4354094452
-0.395746390877962 0.21942211761893574 0.02139651919243553 0.005168500522610788 -0.006920483939509401 0.3887684622365858 0.9212949995927423  738339.435410715
-0.3958020605805756 0.219438988032477 0.02136487742432136 0.004847069081344312 -0.007397836104269063 0.3894819381407386 0.9209916382923511  738339.4354117915
-0.3957664968220582 0.21941688419022123 0.021390937340934824 0.00459563746068126 -0.007320921281627586 0.38883306350819147 0.9212676771442451  738339.435413032
-0.3957558439272914 0.21944899033343687 0.021407800603132236 0.005506452250543079 -0.006982360743404777 0.3891076718124814 0.9211493610477791  738339.4354141096
-0.395765358079216 0.21942357381652836 0.02142052365188192 0.00483037127477211 -0.007277175233064325 0.38869791255247804 0.9213238534909  738339.4354153686
-0.39579240347932326 0.21944137249316997 0.021449812440777174 0.00484898843979509 -0.00740608099239455 0.38905510757694256 0.921171949498973  738339.4354164368
-0.39581730817998473 0.21943085329694811 0.021415215046093675 0.004406842808032439 -0.007651201822013833 0.38918061572321294 0.9211191492920148  738339.4354176931
-0.3957440071970925 0.21942397797548682 0.021410762055275208 0.005192837803695256 -0.006904150361474669 0.3888100742592612 0.9212774247195242  738339.4354187743
-0.3957902031315671 0.21944806781562148 0.021508747583690556 0.005318271897558844 -0.0070216350400177955 0.3895329698992392 0.9209704001686845  738339.4354199971
-0.3957447792762194 0.21945396213864007 0.021621328890604686 0.0039770786286375094 -0.007014305343066929 0.3890357451078956 0.9211873704054352  738339.4354210726
-0.3957515180031249 0.21947862810852167 0.021824241414634703 0.0033007711449558126 -0.006391283817754367 0.38896946100926155 0.9212225652920005  738339.4354223135
-0.39585346808024996 0.21937430092363683 0.02195012398194202 0.003302397694110942 -0.006893223713881959 0.38877887891716145 0.9212993872483665  738339.4354233916
-0.39598484272271217 0.21926302744609727 0.0220586658434996 0.0036446191346383356 -0.007338007603871105 0.3886204092193541 0.921361518587547  738339.4354244857
-0.39580505665911647 0.22011386313139125 0.02344487326173873 -0.007562123142770073 0.0015667665336912824 0.3854418548182695 0.9226998082206664  738339.4354257359
-0.3960398286696788 0.22376668456112878 0.027545629099470184 -0.03818797837913161 0.016110930303595054 0.3808800230031309 0.9236950385864385  738339.4354268156
-0.39666593105612824 0.23209923044076577 0.03767614113482198 -0.01756956745717803 0.006629052290849195 0.35292364466733206 0.9354636641793308  738339.435428068
-0.3963097792789299 0.24505264412325287 0.05391396439666404 -0.007358068836352595 0.01051500767883726 0.3073795209931825 0.951500459017501  738339.435429162
-0.3947253159222136 0.25709718571636714 0.07678587236952202 0.018215822046944382 0.004400423214645726 0.2550631734386977 0.9667427774015521  738339.4354304271
-0.3920802223710834 0.2651174431860876 0.10237815818814679 0.019476293915332003 0.0037302653769110666 0.20459398001752221 0.9786460353141636  738339.4354315009
-0.3880871803437013 0.26880445363844624 0.14373557776380325 0.030843570741966145 -0.0027598852841167476 0.14107476781500894 0.9895145107895311  738339.4354327653
-0.3859768015466923 0.265943975252862 0.1806827666566485 0.025955766344864028 -0.0055696465702217215 0.09807366969245289 0.9948250260943325  738339.4354338348
-0.38582926782845856 0.2583486300521095 0.22698762373217826 0.020693427918742704 -0.006161193736345418 0.05949225360786271 0.9979952372097639  738339.4354349416
-0.3880578783418457 0.24804513671196216 0.2752172899621709 0.00994186885697178 -0.0067485740177876275 0.03471201515147816 0.9993251182655627  738339.4354361992
-0.3933659229853843 0.23712868585996405 0.321312523945826 0.005109106328289971 -0.008544360565399596 0.018209191848561172 0.9997846349425845  738339.4354373022
-0.39994911571524727 0.2280638064408015 0.35920189391336493 -0.006416789406391471 -0.003643673474444966 0.01090103254249908 0.9999133542196709  738339.4354383796
-0.4102004376497178 0.2193701764374905 0.39970029042398253 -0.013089782594794949 -0.001062794983107317 0.007497042460669611 0.9998856546689665  738339.4354396439
-0.4192716732172883 0.21498712777931298 0.4270291900660389 -0.016660254972816636 0.004675485737122952 0.005945498525281085 0.9998325993808407  738339.4354407217
-0.4301571179874719 0.21286890416410484 0.45403865296033086 -0.01541274613681146 0.012104881523144845 0.007972223138121359 0.9997761563260392  738339.4354419565
-0.4377292067271491 0.2137147870844895 0.4721407691168624 -0.012952646843992305 0.018019959215440983 0.01015077040390826 0.9997021915899834  738339.435443032
-0.4445136765832533 0.21632702939597537 0.4895015658393063 -0.005065358188457889 0.021757395929731475 0.01128691114735836 0.9996867326845602  738339.4354442945
-0.44799424671895066 0.21905038047894781 0.5010375217671674 0.0018040071932590035 0.020562610318382933 0.013290343617753934 0.9996986002698329  738339.4354453792
-0.4491659785882182 0.2208631672178625 0.5102324193604494 0.006686895433354568 0.01672170662025297 0.01600675043548238 0.9997096848073773  738339.4354466321
-0.4488429428131035 0.22103553298629333 0.5183339635618308 0.006123339411949272 0.010396998555132103 0.018663179212817776 0.999753015938017  738339.4354477028
-0.4478268776545223 0.21954665795382697 0.5274983626842714 0.006754794384969758 0.003142160389898784 0.02224807797501489 0.9997247234150602  738339.4354489632
-0.44732128759327167 0.21671840615544338 0.5358153188401579 0.004858380855586047 0.0005322922379588978 0.022036936235207197 0.9997452106620971  738339.4354500399
-0.44790156402873316 0.21280165756150837 0.5442300460079615 0.005887363458552165 -0.001220183322727561 0.020536285247841155 0.9997710293324094  738339.4354511248
-0.4497206250145984 0.2062921948669575 0.5550842963431244 0.004341235300309534 0.0012420746068209675 0.018746344908135256 0.9998140754556938  738339.4354523821
-0.4522634758918627 0.19907479336304676 0.5662740480706057 0.0035095847838189347 0.0019291215490302449 0.019126422767324524 0.9998090523979165  738339.4354534833
-0.45572319170830394 0.1900045217634556 0.5809970276619593 0.000745587193891399 0.005522937412345266 0.019496631181938968 0.9997943901796165  738339.4354547461
-0.458361499710492 0.18236817914534642 0.5950025758703289 -0.0021839412282981356 0.006152614290231931 0.02151272182302236 0.9997472573295074  738339.4354558523
-0.4606890755454921 0.17423550908124907 0.6110008041373708 -0.0014054162261320517 0.006765394088101727 0.02040064457294608 0.999768007064175  738339.4354569224
-0.46293696361876924 0.16391711691980965 0.6340630395919454 -0.002156128672253716 0.006962236010875366 0.016922396204909627 0.9998302410337275  738339.4354581618
-0.4647263172595915 0.15391847570144074 0.6594376712215485 -0.0019000120490378755 0.00420879609002936 0.014214167279164042 0.9998883104818488  738339.4354592562
-0.46645635852166634 0.14313469443547822 0.6886110015334409 -0.002211742905325302 0.003832808220534147 0.010896114867799204 0.999930843836339  738339.4354604946
-0.4685003825665886 0.13161455995101587 0.7212988810218927 -0.00199719921232316 0.0007757740451076762 0.005937632145410124 0.9999800767487536  738339.4354615847
-0.47108894034304405 0.11940226638114039 0.7572765687898387 -0.002484166374135491 -0.001115753737767741 0.001129164744455651 0.9999956544895594  738339.4354628352
-0.47457153249258677 0.10681072249795319 0.7965760400067097 -0.001712067647647759 -0.0026951443559207417 -0.0019937848422383058 0.9999929148965374  738339.4354639109
-0.47944950900773725 0.09249414253360465 0.8437409989205292 0.0014723940792959298 -0.0011476982159495895 -0.002546782561966579 0.999995014359103  738339.4354651609
-0.48412864410168693 0.08025562810458256 0.8854500598423753 0.0014829599041864198 0.00016240173748073222 -0.002973166919471244 0.9999944673517286  738339.4354662332
-0.4888544311913591 0.06783650811916783 0.92958327817476 0.00029613034373998106 0.0016389530732989586 -0.002564423717884625 0.999995324924391  738339.4354673192
-0.4944957862565675 0.05264392380636785 0.9858443111305776 -0.0012535827432379333 0.002730117884580391 -0.0027340311844330036 0.9999917499960311  738339.4354685592
-0.4988315036703292 0.04034982083320934 1.034026253458408 -0.0014587897335969042 1.4606933312587471e-05 -0.0023486592819333225 0.9999961777520593  738339.4354696614
-0.5042796512922151 0.02566131946159157 1.0964800919123756 -0.0032247056641816437 -0.0010616066702734425 -0.0015653866166789035 0.9999930118902819  738339.4354709352
-0.5096846498088312 0.012893300342673338 1.1568936631080455 -0.00388946521809657 -0.001278250791692297 -0.001214522561618559 0.9999908814935154  738339.4354720066
-0.5164636855582352 -0.0004385055429211904 1.2259035701508776 -0.0030671867118859924 -0.0023012430519238156 -2.2456889429390056e-05 0.9999926480438637  738339.4354732536
-0.5222682087968303 -0.010915647408777039 1.283156083935291 -0.0024677438359060728 -0.0018320776557403452 9.646415388406272e-05 0.9999952722020693  738339.4354743176
-0.5296970776828693 -0.02348301488347142 1.3527894598386478 -0.0007759725234722651 -0.0007094007778340321 -0.001254697247647097 0.9999986601751004  738339.4354755749
-0.5358806178871115 -0.03394171912642884 1.408881155519756 0.0010628091031549991 0.00021298415573960732 -0.0027387421516869414 0.9999956621735848  738339.4354766468
-0.542015223168314 -0.04474891332358837 1.4637327652285597 0.0036273639678078727 -0.0009213177026937931 -0.004559303015506025 0.9999826029288452  738339.4354777464
-0.5496692549072512 -0.05867660401573694 1.529206060003868 0.00274305354652799 -0.00023857898567739653 -0.006220580822843048 0.9999768612880675  738339.4354789954
-0.5568913348899036 -0.072040156266851 1.5875273002950614 0.003058498810426115 -0.0019277967080272042 -0.0070955835145559455 0.9999682904369854  738339.4354800908
-0.5650394738865179 -0.08739127491238632 1.6509444146116476 0.0014671374967304264 -0.0013661840009720956 -0.0073550603626355415 0.9999709416457576  738339.435481353
-0.571869746682908 -0.10020236187277277 1.70181553694721 -0.0020210649043503753 0.0006470460066123885 -0.00718917256177796 0.9999719058183558  738339.4354824317
-0.5788922608101393 -0.11278226106120469 1.7510202185829 -0.003404868991859817 0.0006884724445018116 -0.007593425536177269 0.9999651357729769  738339.435483516
-0.587428899184165 -0.12746606975991204 1.8081239254237946 -0.004871946609857131 -2.8359072791167395e-05 -0.007745095828131836 0.9999581375350705  738339.4354847763
-0.5943608344459219 -0.13877100691045893 1.8519734927837241 -0.004971211256161377 0.0006737157233371782 -0.007904451821533652 0.9999561754432901  738339.4354858419
-0.6027218493004182 -0.15178209225065178 1.901946968602498 -0.005708887992299189 0.0019403171394131054 -0.00770157600543645 0.9999521636030008  738339.4354870941
-0.6091886791000043 -0.16165814606695747 1.9400104412723156 -0.006321176735361303 0.0030398305227695033 -0.006986545302915868 0.9999509939691062  738339.4354881794
-0.6172721710212737 -0.1736515446665927 1.986012543522601 -0.006248004908176613 0.0026627907127177866 -0.006331684137957259 0.9999568899488942  738339.435489461
-0.6226641280008579 -0.18172728269663674 2.0150539662317213 -0.006582193495913341 0.004113847119032398 -0.006290904606120886 0.9999500865092719  738339.4354905216
-0.6274580059724957 -0.18905459508817965 2.037669223430121 -0.006941500098268301 0.003994051393409368 -0.006548872405330788 0.999946486268176  738339.4354916132
-0.6327382729014006 -0.19687229751103294 2.057188154960514 -0.007457100788653001 0.0046147114580244895 -0.00623964237647841 0.9999420797971255  738339.4354928595
-0.63655980985227 -0.2024343308131023 2.0683036344561065 -0.006390534225998018 0.004114390722429385 -0.005757121880472521 0.9999545431713098  738339.4354939361
-0.6405214597788809 -0.20848764545689955 2.0777104216407856 -0.005441779946949745 0.0028996604564764054 -0.005809114539744367 0.9999641159504227  738339.4354952002
-0.643578700797085 -0.2133989035339343 2.083129355237489 -0.0050333551151971224 0.0032318960684729597 -0.005820829420598703 0.9999651684578534  738339.4354962889
-0.6462822854005543 -0.21784976006497803 2.086556922074517 -0.005182580757465233 0.00404149746564138 -0.005865522573858196 0.9999612006472367  738339.4354975412
-0.6484788936078543 -0.22189571632840255 2.088593953153624 -0.004638742665532337 0.003468620755480932 -0.006695117882095335 0.9999608122987033  738339.4354986222
-0.6504307523329868 -0.22601252370185532 2.0899846626784253 -0.00436142611843638 0.0036694597575362238 -0.0072095529927304405 0.9999577667946513  738339.4354998829
-0.651693916307152 -0.2291439814685602 2.0915455023188603 -0.005335449741002832 0.0026632350778497773 -0.007544406587305273 0.9999537599730434  738339.435500954
-0.6531207861290956 -0.23266712925495728 2.0939015986446643 -0.005435424282684155 0.001552600827724985 -0.007623425088013904 0.999954963477588  738339.4355022067
-0.6544536254072019 -0.23537866228552815 2.0960569377954017 -0.004135057581170581 -0.001139738515372896 -0.007723580215246786 0.9999609735402556  738339.4355032747
-0.6564394158211037 -0.23817622710397693 2.0975523209577114 -0.0014336912263894807 -0.004081938789402785 -0.008215009679244453 0.9999568970316455  738339.4355043722
-0.6596301294494679 -0.2418730934047921 2.0974695587924326 -0.0034562883421791197 -0.00044810068075857163 -0.00829010155851067 0.9999595629288343  738339.4355056239
-0.663030465483453 -0.24517741845352764 2.0959383973315013 -0.006134323989864771 0.0012292491050741592 -0.008647248620627998 0.9999430404313628  738339.4355067088
-0.6664728593343532 -0.2477791170058639 2.092845997679197 -0.011452420787673914 0.0023807583039019376 -0.00819781493643383 0.999897979735067  738339.4355079726
-0.6701187514147933 -0.24909060916705889 2.0866094646682734 -0.012884234420095198 0.0006224947455757837 -0.00818114257711202 0.9998833321492228  738339.4355090564
-0.6731288744448881 -0.24833170451707287 2.076889126957246 -0.017534253298821117 0.0015175443193040554 -0.008876890649783472 0.9998057050411763  738339.4355101369
-0.6767992405033763 -0.24476763640967678 2.0590577967881885 -0.018248265690980748 0.0024347317463829237 -0.010248321610898151 0.9997779977498775  738339.4355113872
-0.6792962610274783 -0.23960516351639077 2.040132765980441 -0.0167299052380378 0.003894736304114246 -0.012003653753027092 0.9997804026867225  738339.4355124756
-0.6816616958071512 -0.2309344387059807 2.012656424977148 -0.014470709434512868 0.0062131996254860085 -0.014603876251345873 0.9997693341552897  738339.4355137481
-0.682749737935518 -0.2215145869326874 1.9853761773583256 -0.010730450471735903 0.0069871974215050875 -0.016870265345072872 0.9997756901685765  738339.4355148454
-0.6827568449472384 -0.2103360783539913 1.9542562632929565 -0.006017509468852885 0.006465826370763701 -0.01899161730619703 0.9997806265082507  738339.4355160926
-0.6815057938122383 -0.201429064178333 1.927870217520847 -0.0014643913834817227 0.006804354512039649 -0.020172729602858 0.9997722827213807  738339.4355171603
-0.6792234942562816 -0.19322597028621305 1.9013861227665574 0.00040266673192500073 0.007002055488665831 -0.021834971735152958 0.9997369869559501  738339.4355182551
-0.6755021882942858 -0.18489533116206655 1.868980574403559 0.0032087691372305427 0.002765531036401748 -0.023326675452454697 0.99971892142294  738339.4355195122
-0.6714744311021058 -0.17910623933507716 1.8391152478893429 0.0027985478946166565 0.0035260362725394595 -0.025893334609107612 0.9996545755513286  738339.4355205909
-0.6673089760546829 -0.17506036219504942 1.8082479810790717 0.0014063886364521013 -0.00103017294894432 -0.02792968903934365 0.9996083699553862  738339.4355218376
-0.6634428910583244 -0.1723356876747865 1.779677668106672 -0.00115759142346318 -0.0007048498997680049 -0.03018999999404334 0.9995432592284712  738339.4355228911
-0.659399002441185 -0.1698137411726783 1.7437468693453468 -0.0055668467520833586 0.0009906668593216714 -0.03376257616941388 0.9994138868591017  738339.435524163
-0.6561984786344038 -0.16744680664640174 1.709757603239596 -0.007543307024158156 -0.0016174941763802684 -0.037255457546389356 0.9992759944653619  738339.4355252295
-0.6532220020107569 -0.16426099648006195 1.671308481352581 -0.010386002752969806 -0.0011319194325713434 -0.04083779840287308 0.9991111669513157  738339.4355264903
-0.6512424912914048 -0.16091478386827474 1.6397196251726118 -0.01063373971165327 -0.0007591584433875236 -0.043325030941147785 0.9990041486160862  738339.4355275722
-0.6498231859581484 -0.15703173915921165 1.6089619941498081 -0.010490072391997405 0.0004910476642376552 -0.04563437969401603 0.9989030086266356  738339.4355286717
-0.6477873192580844 -0.1517320985120658 1.573563632812751 -0.008684610574899124 0.0033361301921000404 -0.04724298823732837 0.9988401012358842  738339.4355299401
-0.6454993419787693 -0.14682081108461076 1.5472370877622306 -0.006204675421123493 0.006335908266083954 -0.04631316247978732 0.9988876059149414  738339.4355310187
-0.6416657481848241 -0.14216732450768246 1.5297630752739708 -0.002602830281352999 0.008527702977990563 -0.04410738693319805 0.9989870079106989  738339.435532283
-0.6370771958529156 -0.13944165179186252 1.525527467590211 -0.0007681647416894181 0.008670950072666843 -0.04135856354240853 0.9991064476668517  738339.4355333529
-0.6295029351855818 -0.13749780177147913 1.5316941613535173 -0.004219889233804188 0.011336402997746962 -0.03633635664255918 0.99926640476295  738339.4355346174
-0.622157919648902 -0.13682387312389055 1.543942666669054 -0.002945134556556746 0.006620777792805157 -0.03010379778723418 0.999520511466697  738339.4355356942
-0.6126948988437745 -0.13679598196353226 1.5628292826269525 -0.004157137627807887 0.0035365329750063615 -0.021458886718963722 0.9997548336077415  738339.4355367933
-0.6033673332281869 -0.1373488962209204 1.5854622509753136 -0.004527818849095333 -0.002094877751451944 -0.013351890229983749 0.9998984135255755  738339.4355380615
-0.5944795752864056 -0.13826632366430555 1.6094646227684786 -0.0040981037916926035 -0.0031928830285785025 -0.00603217476178484 0.9999683114533788  738339.435539155
-0.5870303711178577 -0.13929407878504754 1.6330766665261112 -0.004184472384205957 -0.0025642043926033704 -0.0005935737351285094 0.9999877812838114  738339.4355402426
-0.5788071154503776 -0.140618086781408 1.6633595307686 -0.005461250161292179 -0.0004179276498227516 0.003880742486535531 0.9999774697066471  738339.4355415058
-0.5714774163774857 -0.14189167786126716 1.690263348186538 -0.003805352020757314 0.0031801402419759173 0.006146869313931561 0.9999688105144465  738339.4355425832
-0.5637143975848052 -0.1433581679858257 1.71803790059775 -0.002718079420805554 0.0064844713343028 0.007469249702809356 0.9999473856081899  738339.4355438383
-0.5552846750088485 -0.14525782349778854 1.7471329533754092 -0.0019004446432456287 0.005015993598422864 0.00727016159317923 0.9999591856014862  738339.4355449107
-0.544752517953792 -0.14796794375698977 1.7787148614674333 -0.0007018560083166107 0.0076205044327334525 0.006651836319833728 0.9999485928706078  738339.4355461904
-0.5351912139775008 -0.15079048375050683 1.8041397030724227 -0.0003760833311846453 0.006558243193079709 0.005878770527132114 0.9999611432773965  738339.4355472657
-0.524955376337741 -0.154188035972205 1.8281542293724642 -0.000726366974140556 0.005520008688165341 0.0051164558914408844 0.9999714114784545  738339.4355483347
-0.5117472626556587 -0.15921044018892094 1.8560039908415253 -7.245609067989048e-05 0.004630512814488194 0.004947285157824291 0.9999770384717626  738339.4355495941
-0.5006720044030861 -0.1641745143574268 1.8787001701928199 -0.0006577172840685254 0.003678641758701308 0.004608079857999018 0.9999824001465264  738339.435550666
-0.48719526095596727 -0.17122827461503118 1.9063273878282319 -0.00033209282316966094 0.0037857349927699247 0.004278774998216705 0.9999836248706456  738339.4355519078
-0.4761345779948008 -0.17797923715400057 1.928885784210184 8.23965867358277e-05 0.0026991493776349373 0.004576473747768712 0.9999858817460753  738339.4355529909
-0.4629509084981269 -0.18687487830389085 1.9551009932163075 -0.004180939291109595 -0.0001523391702156246 0.0046058674117779265 0.9999806410750193  738339.4355542472
-0.45268441433398693 -0.1938460435412797 1.9728012457818638 -0.011485591438305652 -0.0001256015054028528 0.005021869442960817 0.9999214200330304  738339.4355553108
-0.4412494816811267 -0.20034463219249318 1.9873104522265834 -0.020828507359142396 -0.0025571912234857858 0.005394193685676524 0.9997652408084201  738339.4355565838
-0.43208153127593657 -0.20299939740773645 1.9924569796201903 -0.026131267783811144 -0.004528636163836583 0.005907796156165485 0.9996308049690563  738339.4355576403
-0.42388115732147447 -0.20155422054006408 1.987639193070973 -0.028781717806787982 -0.0067607742182581336 0.004918559894341679 0.9995507552999128  738339.4355589066
-0.4187903029893512 -0.1969041785752692 1.975890388667771 -0.025103745037088468 -0.007140715797737775 0.003399954494597723 0.9996535662280426  738339.4355599858
-0.41492518635906966 -0.1892562721308551 1.958796743198171 -0.02245691262618313 -0.004937377459074976 0.0015703147987030164 0.9997343864700061  738339.4355610728
-0.41158642639874077 -0.17712086818213552 1.931871972552629 -0.015355572148542782 -0.0021570151969278937 -0.00015541611136296016 0.999879757538507  738339.4355623475
-0.4092209740281769 -0.16471839974781205 1.9041091182485335 -0.007848706860129877 0.0012301717079162713 -0.00224916974728969 0.9999659122758339  738339.4355634253
-0.4068129517558245 -0.1525314544410792 1.8744877024639592 -0.0009438644727499561 0.0017624188315593853 -0.005084656430153116 0.9999850745229684  738339.4355646801
-0.4044640692836406 -0.14169225229246632 1.8430699071764993 0.00509026435337022 0.0034451562660196083 -0.007717077602908995 0.999951332225917  738339.4355657544
-0.40206643136125614 -0.13387093234498684 1.8145286155131695 0.0070802701969179035 0.00366387808215229 -0.01040130918517409 0.9999141255820783  738339.4355668465
-0.3992059315735057 -0.12716226638834502 1.7777517356538628 0.006320117991179066 0.0024023274394165085 -0.012761401958951622 0.9998957103375798  738339.4355681022
-0.39652748224485207 -0.12371372226943853 1.7462838026486034 0.0028402477873394174 0.002358527283904035 -0.012956935265060494 0.9999092399663555  738339.4355691766
-0.39333490963292395 -0.12091287603979733 1.7068455722415488 -0.004053881113765268 0.002967429485024756 -0.012121546109229034 0.9999139105593485  738339.4355704484
-0.3902158475419096 -0.11876273624548642 1.6718870206999794 -0.007840753741490403 0.0019749438341852034 -0.010296832471773109 0.9999142950366623  738339.4355715167
-0.3865304223318925 -0.11606009251148172 1.6423050277369646 -0.011458440270495376 0.009805677352875634 -0.007954956972444785 0.9998546251819739  738339.4355727838
-0.3812645463848293 -0.11265827360607261 1.621491653671446 -0.010363595884338798 0.01381896380508917 -0.004851628949085896 0.9998390339530859  738339.435573868
-0.37409230260862447 -0.10899463451029123 1.609004041596231 -0.009657511125625538 0.01994141582320951 -0.0023252484195770513 0.999751802015686  738339.4355749572
-0.3613790504013793 -0.10411446559081146 1.5983542164079414 -0.005675537121789251 0.023766688595130675 -0.0001153501893139212 0.9997014151665161  738339.4355762106
-0.34749433241558836 -0.100310325685295 1.5915203776691458 -0.0030540694021917625 0.023683316438188384 0.0012244317814881632 0.999714096104175  738339.4355773027
-0.32629024080756686 -0.09625390358414591 1.5842180448131873 -0.0029137188925952443 0.022214899544884033 0.0026868108926398604 0.9997453623436584  738339.4355785749
-0.30368645845154985 -0.09324667114146519 1.5781130584481378 -0.0017213895886741214 0.018513297587107465 0.0031685710266731943 0.9998221115718456  738339.4355796474
-0.27641904100663633 -0.09088636360517217 1.572658375150023 -0.001892025226218587 0.011295401453960033 0.0034417328993730264 0.9999284917538787  738339.4355809065
-0.2531408228304593 -0.08965510490282125 1.5693767266845005 -0.0017365476693998818 0.00692889399135983 0.003686709303506556 0.9999676909804436  738339.4355819998
-0.22817813710800613 -0.08889886857526699 1.5666942126982382 -0.0026537670786809255 -0.008387309735022198 0.0042577336810622705 0.9999522399892917  738339.4355831029
-0.2067672104061009 -0.08830012023216245 1.56354640978997 -0.005516720588626931 -0.025356209396752642 0.0044277679211227735 0.9996534516072116  738339.4355843489
-0.19223179964697099 -0.08756667600559315 1.559274087943557 -0.006360028562417625 -0.04250684380645669 0.004879941255559856 0.9990640141850977  738339.4355854143
-0.18693721035499264 -0.08625075475405439 1.554554691480965 -0.008314139541620011 -0.04933207031030211 0.005312997891407906 0.9987336952241012  738339.4355866677
-0.19181198274185654 -0.08431755761406023 1.550858809738762 -0.007239974229569647 -0.0500324128870002 0.006128734981518566 0.998702547829626  738339.4355877351
-0.2065369459697503 -0.08174578614324589 1.5490907742074573 -0.0057839196536677955 -0.03940024516553684 0.006820586470873558 0.9991834899329196  738339.4355889852
-0.22891665717766693 -0.07910438447950952 1.5501709784861792 -0.0018361930601791304 -0.0228700823433963 0.007970653453945483 0.9997049846890678  738339.4355900538
-0.2551364511975349 -0.07714015970579378 1.5548744956641665 0.0010297364084289771 -0.006967624984973677 0.009442444164721406 0.9999306136393635  738339.4355912972
-0.2813178667316265 -0.07628088302562133 1.564009960001763 0.002691979885644061 0.012912380672317727 0.009983423343389143 0.9998631681025235  738339.43559237
-0.306957470986889 -0.07720331400881303 1.5785983513217705 0.005628248520607813 0.024714413083648284 0.00893545466785265 0.9996387738850468  738339.4355936409
-0.3232673084282512 -0.07940360044467253 1.59435568048659 0.005060593922340972 0.0301394146775261 0.007868644970342998 0.9995019212079485  738339.4355947215
-0.33497778014849855 -0.08301570576115863 1.613166484282684 0.0038718939341834957 0.027738342229710316 0.007185888244935495 0.9995818905011441  738339.4355957967
-0.34318287184881346 -0.08891765039844539 1.6400131747974063 0.00031688105997501695 0.023423649975837745 0.007297419425523957 0.9996989446217953  738339.4355970524
-0.3459384461952132 -0.0948053719963803 1.6638319559683212 0.0007218628876500245 0.021566825231492413 0.0057540106449743425 0.9997505900597925  738339.4355981299
-0.34576709234842606 -0.10282065381842802 1.6942121035043773 -0.0006882496590019469 0.013477006495628219 0.005420730870337158 0.9998942505511046  738339.4355993933
-0.34300534245033854 -0.1108538892723778 1.7219304085019924 -0.0012852310992259653 0.013476717669266199 0.005307140436472002 0.9998942746722136  738339.4356004697
-0.3379677709517081 -0.12020819034811864 1.7518008466509882 -0.002411170784663647 0.007863655069021154 0.005630480680266911 0.999950322201914  738339.4356017467
-0.33227944665173814 -0.12786713268330308 1.7750631760846662 -0.00558064610533224 0.01409202483535286 0.006323084795654232 0.9998651358177031  738339.4356028307
-0.32523408413950117 -0.13514477064925814 1.7971240051305915 -0.007987994041619748 0.011226940373634269 0.0070243639756384845 0.9998803958833155  738339.4356039041
-0.31436502634227326 -0.1428701188950666 1.8216456917964292 -0.01094008020434103 0.018281251804912663 0.008036080499186348 0.999740732334028  738339.4356051595
-0.30222073918616826 -0.14839188180950472 1.8405623738925556 -0.011444029899763284 0.016407379840132456 0.007595259410147038 0.9997710458404602  738339.4356062374
-0.28589036269030144 -0.15285075214515423 1.8556452370001688 -0.011318055015880239 0.02140163078202462 0.006153541724539768 0.9996879541910925  738339.4356075195
-0.2703794815747844 -0.15515186693975086 1.8635694833124574 -0.010498412603078548 0.016337396144726953 0.004201936188115781 0.9998025887905556  738339.4356085735
-0.2509144196524731 -0.1565321932945444 1.8692260945677994 -0.010385804912401427 0.017549964347974064 0.002304431742545077 0.9997893895226386  738339.4356098241
-0.2299826912013372 -0.15709621951550373 1.8729160537323075 -0.006775733224261197 0.011744660716910224 0.00014078218428363555 0.9999080620558547  738339.4356108942
-0.20630583028881727 -0.15748139462868452 1.8764235170747499 -0.0007293619125780174 -6.210643696140459e-05 -0.0031400230734453475 0.9999948022010361  738339.435612152
-0.18871990508481817 -0.15861597633963243 1.8800263318448613 0.004083189418695085 -0.014733315989878462 -0.005725441447816854 0.9998667292616257  738339.43561324
-0.17503688924152255 -0.16114478115394656 1.8832856771234698 0.007247347306044351 -0.029724923526863498 -0.008009319950293081 0.9994997527124665  738339.4356143057
-0.16557320239897924 -0.1661470919630251 1.8831295324439712 0.005599537456882775 -0.03926998130318358 -0.009696511586042985 0.9991658978426847  738339.4356155698
-0.16487683965891956 -0.17179600537143272 1.8758197524704774 -0.0015183954764978916 -0.040771224313825544 -0.01016026135531428 0.999115694417979  738339.4356166578
-0.17194662264442262 -0.17785105858359362 1.8600149105603878 -0.010774352146696992 -0.02923423345559928 -0.009843071040448103 0.9994660508904618  738339.4356179319
-0.1827663114591648 -0.18149794213417245 1.8421413433632596 -0.017368814202458734 -0.017611102033612977 -0.008426034382069219 0.9996585293603784  738339.4356190142
-0.1952536389485815 -0.18304824916386456 1.8211999253752562 -0.02154165796111436 -0.0034924021273362808 -0.008014161650290612 0.9997297301334548  738339.4356201116
-0.21016614034591977 -0.18151760914540943 1.7931031178289123 -0.02336736780243787 0.016379358934292296 -0.009038203004216388 0.9995518964062555  738339.4356213835
-0.21999331923005536 -0.17692711016595297 1.7658638290898812 -0.019680028344088638 0.02679936002889353 -0.009552517747402456 0.9994014409590889  738339.4356224698
-0.22412803945595317 -0.17085512947498635 1.7411794747636877 -0.014744315801112948 0.03730155979868485 -0.010566917725653926 0.999139399202094  738339.4356235758
-0.2218055529458066 -0.16206510204357844 1.7116008661934985 -0.0073613685435375276 0.03745650652721122 -0.010535088457831191 0.999215608506557  738339.4356248436
-0.21250198999947953 -0.15402249643994226 1.6863060966571333 -0.0016291445858687865 0.0355005671762443 -0.010229518875216372 0.9993159723339085  738339.4356259333
-0.19591668595968226 -0.14629616322077432 1.6589813589330442 0.0030120154814254427 0.02535617808261756 -0.007824259918572076 0.9996433228669659  738339.4356271862
-0.17837402136688144 -0.14142669497586297 1.6380596508516478 0.0033026061863226388 0.02357020251974088 -0.0032459273525026595 0.999711459522786  738339.435628255
-0.15398892379918172 -0.13750294065771265 1.6173441891638018 0.00255694199131645 0.013527615647421174 0.002749984932722508 0.9999014467663394  738339.4356295231
-0.13267675951294042 -0.1356199057603284 1.6049640246384222 0.0004715215569863866 0.008535585624247097 0.00800539874511466 0.9999314151662624  738339.4356305924
-0.11163465763900624 -0.1345963396544386 1.5968849918877375 0.0015961964418336003 0.0003840912898414913 0.011624710617214767 0.9999310829921562  738339.4356316732
-0.08712843531942191 -0.13423349791311848 1.5918903902465518 0.0005700489995854491 -0.003762630253963172 0.014742436465048248 0.9998840823939463  738339.4356329166
-0.06855196916547687 -0.13473156070497772 1.5923206794054334 0.0032075187590232803 -0.002491577428446964 0.016022017984601292 0.9998633900713786  738339.4356340047
-0.04801301832737862 -0.13640183182664356 1.598683718658692 0.0027798347063072116 -0.004851038357591331 0.016354108782231383 0.9998506303802572  738339.4356352874
-0.03128060920899182 -0.139099299854591 1.6092070855670986 0.005126652834774631 -0.003500762272994643 0.016681029923698205 0.9998415901206072  738339.4356363735
-0.015343887573676548 -0.1433679543336285 1.6267872646895785 0.004555651125892526 -0.005423190614417404 0.016924209796902 0.9998316889202549  738339.4356376195
-0.004128842652368938 -0.14801931480817598 1.6444373582436294 0.00716806355788976 -0.00709618353579347 0.017508737173472056 0.9997958327411886  738339.4356386893
0.006882796327774558 -0.15510934903301643 1.6694336231973672 0.004422953174964952 -0.009763448218186872 0.018263799065592043 0.9997757479594084  738339.4356399245
0.013472372195576156 -0.16197700417670885 1.691989374739788 0.0015556125550424504 -0.010252227516403445 0.018481109291597065 0.9997754350352296  738339.4356409941
0.018224846909611188 -0.17109806604339284 1.7211842157373758 0.0008033369052376169 -0.01468616709293663 0.01903365689272179 0.9997106536649618  738339.4356422515
0.018963509074088114 -0.1788738861233744 1.7468592134115712 -0.0017573394396914249 -0.014938988648550356 0.01905010938335018 0.9997053724516712  738339.4356433563
0.017018688778636392 -0.1868026275395978 1.7730369249414248 -0.0020068510086199806 -0.013077516144111132 0.01829442052076754 0.9997451001622059  738339.4356444175
0.011240233513817012 -0.19652719187448303 1.8039778844748244 -0.003768810706541317 -0.014167308333370075 0.016001061207491694 0.9997644970095105  738339.4356456621
0.004041647772130428 -0.2046029613070087 1.827508248320405 -0.002487195772835404 -0.010114756212204883 0.014450228474274041 0.9998413356433092  738339.4356467255
-0.007355227868001826 -0.21445739676205386 1.852859077894815 -0.005184371771305842 -0.011996356900631134 0.01145778029694878 0.9998489530829726  738339.4356479901
-0.018672069736921156 -0.22231437438071303 1.8704970784891253 -0.00727459798060439 -0.013946017685359456 0.00889053113862793 0.9998367603119088  738339.4356490797
-0.03438013467435218 -0.23082178571900794 1.887060018111707 -0.013548097269136276 -0.011336832449852487 0.005794633256443333 0.9998271588208701  738339.4356503269
-0.0497072083448994 -0.2367927333343562 1.89640603220143 -0.015837931958229357 0.002300653553099472 0.0032433275067050914 0.9998666649764855  738339.4356514289
-0.062047442157366586 -0.2405257155079149 1.9009404497785545 -0.01566900995576242 0.020540080652189926 0.0018753038239212566 0.9996644789374962  738339.435652498
-0.07185975117317132 -0.24334261816754527 1.903588193156745 -0.013396595324789052 0.03914026261465375 0.0005973958439952803 0.999143740507023  738339.4356537822
-0.07317607920299499 -0.24471721092134666 1.9051825313094055 -0.01009986405116766 0.04603108277380665 0.00010270304522702457 0.9988889435852734  738339.4356548472
-0.06522077677022747 -0.24623230796449147 1.907545780601425 -0.0036585689041549055 0.04750409418302574 -0.00010119590716553964 0.9988643379702832  738339.43565611
-0.04852906085342231 -0.248651159359219 1.9107270168042945 0.00254122875884004 0.04043596107480822 -0.0003145717869633386 0.9991788509836178  738339.4356571732
-0.025502537914578845 -0.2527172277960551 1.914581890533999 0.005245095863607861 0.02428179041221334 0.0010736206985477643 0.9996908176843252  738339.4356584138
0.00045052650353460017 -0.2584422529860143 1.9169210749191992 0.00029310894216090803 0.0030457639978750846 0.0035489193630768704 0.9999890212298191  738339.4356595073
0.02757973412074714 -0.2653065016848859 1.9149128394068693 -0.007901065296586993 -0.01844940877215271 0.006793818257818256 0.9997754930566246  738339.4356607746
0.045810221837659086 -0.27007691390980887 1.9083320289881909 -0.015130364668638758 -0.030517281143524467 0.010248674804927886 0.9993671659011737  738339.4356618606
0.058992571178323294 -0.2728142503164097 1.8967220041710775 -0.022911697314517282 -0.035013414652796206 0.012945675284469526 0.9990403016955565  738339.435662937
0.06796957033246297 -0.2720512414695857 1.8752411842053724 -0.02781276077185617 -0.033777348555001196 0.016211330117392776 0.9989107737123804  738339.4356641931
0.06967275892687234 -0.2667011151396512 1.8505094374727722 -0.029714502767233288 -0.026086348833006864 0.0185324287423871 0.9990460949399518  738339.435665274
0.06671726393631397 -0.25708881891514385 1.8232006180521303 -0.02462489048486297 -0.013839272975773288 0.020739627806561887 0.999385789938278  738339.4356665211
0.061489324973362326 -0.24400044977037705 1.7947544019116626 -0.017164773862923595 -0.0021975761039747426 0.02272258736825415 0.9995920293903878  738339.435667606
0.056361865061574874 -0.22901599242283444 1.7662185125470915 -0.009616497680846029 0.008931432102021117 0.02542534449760256 0.999590568357935  738339.435668838
0.05296925890832962 -0.2139173211619757 1.7370591566671936 0.0009181259488239764 0.01593793673766511 0.027996395306903465 0.9994805356119287  738339.4356699017
0.052986369908538083 -0.20009526271348116 1.7072375742801291 0.004401122907380723 0.018581015063694466 0.03000355046761275 0.9993673813746846  738339.4356711573
0.056138843891796124 -0.188622983674236 1.6769758629506237 0.009881294725426516 0.014964128173552685 0.031019900303983064 0.9993578941839034  738339.4356722313
0.06280769789360265 -0.17929281489160317 1.645321727239233 0.010543961726125645 0.009686528612720706 0.03256858376505747 0.9993669413113941  738339.4356734981
0.06941005405023701 -0.17483682855758065 1.6248184440080755 0.013607979808508546 0.0029003308043363575 0.034061548020696414 0.9993228817120072  738339.4356745757
0.0764574204790794 -0.17332106611552328 1.6129344490910924 0.010854513983352151 -0.004803966713428531 0.03667141847281789 0.9992568781335424  738339.4356756769
0.08337067202105888 -0.17534265850793493 1.610557015014906 0.010003349560632131 -0.01058227050591331 0.03924238646597154 0.9991236077948328  738339.4356769307
0.08711626734703752 -0.18005696079238254 1.6196586470959646 0.004935777098437211 -0.015489974509590245 0.04034258463585193 0.9990536395304438  738339.4356780148
0.08745397749515729 -0.18664680122781016 1.6367783538730136 -0.0007914531684345624 -0.01685744398983474 0.03866337712148692 0.999109775476936  738339.4356792478
0.08423512131122307 -0.19355747681071003 1.6588606331659084 -0.006084653385937512 -0.014236187071775864 0.035629491277856466 0.9992451387533049  738339.4356803311
0.07744001085033216 -0.20003334307034018 1.6859187781504468 -0.008849333638274783 -0.008808293914571297 0.03267694470154472 0.9993879729801861  738339.4356815943
0.07051637436347873 -0.2038727941300366 1.7099133022952222 -0.009025046134384793 -0.0033909910106351875 0.03053240776848762 0.9994872794578713  738339.4356826723
0.061703651046757776 -0.206905842807389 1.740349557896125 -0.007900462780909456 0.0023808275975512197 0.027619534699856386 0.9995844514850967  738339.4356839091
0.055276135973816504 -0.20842206979212977 1.7657253007880194 -0.004222874941511158 0.007870351416892029 0.025912226413405716 0.9996243201413736  738339.4356849863
0.05040939591817589 -0.20959915469811202 1.7903456269372524 -0.001515420582056525 0.014294388193338961 0.023626911607674807 0.9996174983535057  738339.4356860725
0.047814643317590506 -0.21080586018157157 1.815697558452156 -0.0027187019837568737 0.020772903960438887 0.01853470374095402 0.9996087033823831  738339.4356873233
0.0491715130640991 -0.21133726328042826 1.8294123677487615 -0.006257078755436804 0.02697189451438378 0.013817916906834041 0.9995211008498566  738339.4356883913
0.05526701763187321 -0.21130688704754907 1.8365275620709167 -0.006656347710320755 0.024038501046854233 0.007907240794821016 0.9996576009042258  738339.4356896509
0.06374382027408183 -0.21039398618454186 1.8348932882158586 -0.008873527482333589 0.024653618372494884 0.003717431265603736 0.9996497588235338  738339.4356907139
0.07738306025369725 -0.20789009378223466 1.8231373153920254 -0.009279123585177101 0.015177694140876441 -0.0012361526566380594 0.9998409910544109  738339.4356919727
0.09027485510210191 -0.20447407195455283 1.8073914907835162 -0.009434377029145364 0.009260521646923446 -0.00354522483431565 0.9999063289377526  738339.435693043
0.10629601491902205 -0.19860460495596804 1.7827053803770838 -0.00987321341887379 0.002144074864615133 -0.003916586695704007 0.999941289750761  738339.4356943071
0.11993554496478259 -0.19182394099549102 1.7561425311221102 -0.005176105400909284 -0.004070154080528565 -0.0038336721747912984 0.9999709719468339  738339.4356953668
0.13274853838193168 -0.1837198504669392 1.7255988886293827 -0.0010106260870460994 -0.004721048788257598 -0.003033469991976967 0.9999837440644017  738339.4356966497
0.14165880709063589 -0.17722805981194442 1.7000345349499855 0.0025468834926789014 -0.003639526914352955 -0.0018888473878830017 0.9999883496740648  738339.4356977087
0.15116331755519433 -0.1701297747908259 1.6696294454969045 0.005091959551414066 -0.0006428710461644762 0.002284075685535492 0.9999842207070108  738339.4356989558
0.15818754702212323 -0.16544926230381155 1.6454294612168536 0.0068288415976129465 0.002058912703571163 0.005715320536760643 0.9999582305836959  738339.435700038
0.1670563838233628 -0.16115632579272757 1.6169932867027317 0.007463787466640641 0.005882821669534448 0.010248446988436707 0.9999023220395993  738339.4357012776
0.17483049775962675 -0.1589876688691842 1.597381951504449 0.007528445874027759 0.006114265971121847 0.014503527307399748 0.9998477813897473  738339.4357023671
0.1828941580196213 -0.15810322372033697 1.5841992469838084 0.007347089218866283 0.00407609456731355 0.019509478568005043 0.9997743675345417  738339.4357034487
0.19262956486798466 -0.15898575161651143 1.5798326800229596 0.007665233016800679 0.0015475003592711567 0.023637033953587527 0.999690021992474  738339.4357047116
0.20039250719823484 -0.16156211192388317 1.5866234145858635 0.009397728857627899 -0.002994737627727907 0.023755061580858248 0.9996691509135156  738339.4357057981
0.20701549247720333 -0.16633492287750073 1.6042806936337939 0.009882976478278372 -0.00682118009513179 0.0234406757544596 0.9996531063314984  738339.4357070463
0.21023083650851018 -0.1717556839994492 1.625168963137397 0.00946794743861792 -0.00825972971594452 0.020836816138622906 0.9997039371381531  738339.4357081164
0.21169498651427043 -0.1796408315629706 1.6534097000213255 0.006382681063569894 -0.005290467694673302 0.01547724673891716 0.9998458517028488  738339.4357093746
0.21125872218514297 -0.18694006727635246 1.6769825639094158 0.007095591783450467 -0.0033346403632328247 0.009884140222804613 0.9999204150945947  738339.4357104312
0.20979177244078306 -0.196917897046664 1.707442404232503 0.004707890829465042 0.0030701763649739026 0.004295699520669595 0.9999749780602782  738339.4357116928
0.2084676116866184 -0.20559098158165173 1.7330137532245566 0.0005713386545548811 0.006095396148923729 0.0002788060041370225 0.999981220816242  738339.4357127817
0.2075761105634364 -0.21406840338806102 1.7593838583956987 -0.0017052553716272727 0.007508374713690237 -0.0032892382787882953 0.9999649480480912  738339.4357138512
0.20791508585131524 -0.22325215452987435 1.791972210758867 -0.006896812343786021 0.012215765011967404 -0.0070234594259048376 0.9998769324683712  738339.4357151046
0.20977950238531182 -0.2297007468301552 1.8180394631753336 -0.009782116164810875 0.013251899172662847 -0.010707668588708929 0.9998070029785999  738339.4357161912
0.21324297618922847 -0.23379526256638242 1.8352230568368946 -0.012537784810687813 0.014640561082986323 -0.015455857690342597 0.9996947406014859  738339.4357174363
0.21862358142584934 -0.23545915778450513 1.8411599260073603 -0.013898287116221254 0.01473372085996605 -0.020323245467791795 0.9995882756307777  738339.4357185381
0.22669202396545124 -0.23445523947180308 1.835386535873254 -0.012163038771095185 0.011829479498516354 -0.02352506003268402 0.9995792592151488  738339.435719797
0.2349584857289893 -0.2315685316334658 1.8237830731115596 -0.010813937310582472 0.012841494218499725 -0.022820180891003076 0.9995986165107378  738339.4357208827
0.245593375273904 -0.22688567280056512 1.8050255463277107 -0.004900699950571451 0.011610889434800797 -0.01916369293917956 0.9997369270260353  738339.4357219782
0.25714748491449485 -0.2214866288119543 1.7822846575230453 -0.002282782848890559 0.006399686016030794 -0.014805434290680248 0.999867307214725  738339.4357232315
0.2687993780173243 -0.21582910163083044 1.7574780627190631 0.0012048999540508866 0.0035903927902277994 -0.0114506908127185 0.999927266842756  738339.4357243164
0.28026183747111333 -0.21013815617895634 1.7301764726815982 0.0028003320370218045 0.005042192060877584 -0.010588326234382196 0.9999273082515838  738339.4357255611
0.29164550471369743 -0.20463812723107314 1.6997137900245598 0.0037630140914585043 0.004026802790767737 -0.010223755483512433 0.999932547429098  738339.4357266424
0.3039899818878088 -0.19933083016408254 1.6656588061965465 0.007814646126053214 0.0021971422595189654 -0.009390613169311779 0.9999229571602606  738339.4357278949
0.3134801852651447 -0.19578576642835788 1.6403449495258402 0.006323761913236787 -2.8330778375329125e-05 -0.008347096278293761 0.9999451661047983  738339.4357289907
0.3221371382754137 -0.19316868897016867 1.6171055871886386 0.00652895010905485 0.002020261828255734 -0.007254813326629005 0.9999503282844676  738339.4357300685
0.33162426441805676 -0.1906847571941342 1.5878794104362166 0.0037299141931792655 0.0021599693620908663 -0.00751828182232238 0.9999624481503826  738339.4357313116
0.33851517012241933 -0.1889108004710784 1.5624671669395076 0.0008202544350177067 0.0011715216229401142 -0.009293257644827253 0.9999557940639655  738339.435732382
0.34585782912360374 -0.18662313144417642 1.5324655333963735 -0.0007121641118446356 0.0006022494110056724 -0.01267159792970676 0.9999192771038233  738339.4357336235
0.3515920468190746 -0.1843181180527848 1.5076440667378332 5.9304219991333594e-05 0.0033529543601592345 -0.019267563613170367 0.9998087392959119  738339.4357347217
0.3566881319854219 -0.1816805799750028 1.4814103578874487 7.172468660373781e-06 0.0060898867044999715 -0.026679313981050456 0.9996254935894655  738339.4357359658
0.3617556757263951 -0.17868489877671892 1.4494434790841946 -2.2829755587362454e-05 0.004727138502267851 -0.030637086614275298 0.9995193957918836  738339.435737041
0.3670962167572107 -0.17538854603697784 1.4122439027169094 -0.000940047663850755 0.005178572490199889 -0.03227494533751074 0.9994651702789918  738339.4357382983
0.37247813701421373 -0.17161943726654647 1.3749174689733168 -0.0019240278705578218 0.005998102003333645 -0.030920611753287697 0.9995019943241301  738339.4357393782
0.377492588693209 -0.16786314350627582 1.344909403505998 0.00010341047027625785 0.00664271865263663 -0.02904912701878102 0.9995559072981477  738339.4357404648
0.38363145347321614 -0.1638792086270095 1.3124418653047616 0.005032000246654982 0.00748771167717363 -0.026838215906559954 0.9995990812892487  738339.4357417225
0.38891109480374014 -0.1615493573993226 1.2811403699950261 0.006161521559418267 0.0005805584799459548 -0.02247032132856627 0.9997283547360829  738339.4357428103
0.3934859346519764 -0.16040804316833404 1.243653197884438 0.00457939377152192 -0.0023233448668588336 -0.018588987236818025 0.9998140230937074  738339.4357440664
0.3971490168542954 -0.15976766708580295 1.203478948607398 -2.5554800748408877e-05 -0.0026481677359132196 -0.01582056702456428 0.9998713398300884  738339.4357451499
0.3994834388374252 -0.1590975508775566 1.1642539162589518 -0.002988113474086041 -0.0016528843016666145 -0.011965863802615075 0.9999225756301378  738339.4357464019
0.3997777630397453 -0.15835293923537086 1.1393265639613788 -0.006769600624189999 -0.0028418536648804667 -0.009689641757930386 0.9999261008783297  738339.4357474955
0.3991333731569653 -0.15666353884061784 1.1186702503415127 -0.003862562661302578 -0.001023335595214929 -0.011533994230483367 0.9999254974102012  738339.4357485726
0.39690832843121543 -0.15408557318049015 1.092793570104421 -0.002674264395733547 -0.0016197942415156436 -0.018187049273543775 0.9998297134088777  738339.435749846
0.3934068288170067 -0.15123093212854138 1.0630099160410047 -0.0016306806837276331 -0.0046071088407013214 -0.022795939161060482 0.999728193353775  738339.4357509253
0.3883096974004038 -0.14804126614582105 1.0248482602645226 -0.0024736407202102994 -0.0011383952807722819 -0.02602057002064799 0.9996576989617859  738339.4357521903
0.38323096580867205 -0.14552716682822803 0.994824990919465 -0.0009277902408035078 0.0017430870707143904 -0.025275670520085114 0.999678569007305  738339.4357532824
0.3778934636720514 -0.1432992382188434 0.9694995544326108 -0.0019343366190226177 0.006732540659734141 -0.023729518589476594 0.9996938737361658  738339.4357543759
0.3712269828348625 -0.14115149029186394 0.9422494635651307 -0.00019019967635199676 0.004454461050368881 -0.021560875962132138 0.9997575957343757  738339.4357556471
0.3651612728395202 -0.13955023798115507 0.9143616932627295 -0.0008737253032442167 0.002058077932144073 -0.02079101928085787 0.999781343312918  738339.435756713
0.35899978396543936 -0.13807570471993225 0.88031110152825 -0.0016228687409784043 0.0019804263010073067 -0.020135466846295365 0.9997939823701669  738339.4357579601
0.35282935579850405 -0.13674769870300862 0.843856128343245 -0.0014565450969115012 0.0032485966011779875 -0.017092079533687573 0.999847581341135  738339.4357590487
0.3474001846618658 -0.13578662214537207 0.8145822552711085 -0.0036415554729474424 0.004306353294165877 -0.012892636001009159 0.9999009822637384  738339.4357601317
0.3413008073205965 -0.1346713086831077 0.7835155305847054 -0.004388667303412224 0.0031903155165166385 -0.008221135016660962 0.9999514860358191  738339.4357613915
0.33642433246621684 -0.13362569299976798 0.7585732045286998 -0.004177976156658632 -0.0009251235771137726 -0.005837122486073552 0.9999738079883314  738339.4357624736
0.3303739947342803 -0.13189699241202163 0.724307053586035 -0.004671604974664365 0.0007679947732179339 -0.003379858584411429 0.9999830812803477  738339.4357637204
0.32455946273538067 -0.1303246857501259 0.6916132898106326 -0.0023388766693129984 0.0006409799232187253 -0.0015306191755300126 0.9999958879943474  738339.435764822
0.3187374272377701 -0.1282818952848046 0.6591084941150617 -0.0044931822368675396 0.0035057851699999447 0.0039581422657832144 0.9999759266570031  738339.4357660728
0.3140036790277069 -0.12641255760683334 0.6356752853864082 -0.006979287909443846 0.00017451131445896293 0.008672688137409098 0.9999380198625061  738339.4357671554
0.3078342078494196 -0.12311460711701463 0.6061137189077058 -0.008074082260245667 -0.004135275019053167 0.013356558747112703 0.9998696470213538  738339.4357684121
0.3019376029690307 -0.11971071699651123 0.5793716173888336 -0.009777135174121529 -0.005580614122249651 0.01831976659421808 0.9997687985358109  738339.4357695105
0.2942802860533 -0.1147321140427447 0.5484936846968094 -0.007877346997423838 -0.0031397541785977237 0.024993644581915258 0.9996516428628991  738339.4357706044
0.28564714046083095 -0.10874825303522356 0.5204048408809958 -0.0047158855549609 -0.0016346461405871 0.032453668281485236 0.9994607785053413  738339.4357718446
0.27606994995708245 -0.10252144662918801 0.4956020705563137 -0.001784114335674057 -0.0006470531284020081 0.037287995552009096 0.9993027587503197  738339.4357729341
0.26478342771873153 -0.09555420928851967 0.467461607454682 -0.0005857743089294681 0.0016980219638554482 0.038589714946892714 0.9992535251327297  738339.435774188
0.2556569101308555 -0.08972672582352498 0.4421307985784974 -0.00019994888678173914 0.00688229476704487 0.039890838707808955 0.9991803215768262  738339.4357752877
0.24601804098563562 -0.08404040720610907 0.41385007296846504 0.0032001213662558917 0.0081346679002567 0.04217365456121482 0.9990720540893661  738339.4357763802
0.23679601004212167 -0.07858916457886468 0.38363033056660806 0.006758060461219158 0.006624693499628005 0.045327291153220546 0.9989273640918792  738339.4357776637
0.22994736740618876 -0.07554593785786 0.3582458852070788 0.003491170476175237 0.004402348485894956 0.04643358650099427 0.9989055776704672  738339.4357787424
0.2238511921825067 -0.07337813721172086 0.32945348706314553 0.004725824812996991 0.0029422681154805943 0.04733858088133429 0.9988633882560292  738339.435779819
0.21688158658687745 -0.07144780815559727 0.2924276777752328 -0.0009470822012571248 -0.0008311170472870513 0.05314107225015388 0.9985862199729485  738339.4357810945
0.21093993909681122 -0.06980936138904051 0.26400476912004145 -0.0050351946350053155 -0.0032075945604359995 0.061143648570422614 0.9981111222662635  738339.4357821522
0.20339287126825373 -0.06592437037108616 0.22995822141698416 -0.007267653714057387 -0.001580290253706125 0.07140267140438065 0.9974198425981532  738339.4357834182
0.19588092393259518 -0.060870843251892764 0.19888978452547026 -0.008612034007120826 -0.0008361360105860224 0.0748645952191007 0.9971561693784541  738339.4357844853
0.18782756597580855 -0.054846278394596666 0.169567082497828 -0.005820416709283441 -0.0006979608522699833 0.07585393484512898 0.997101708036091  738339.4357857342
0.1796866512765545 -0.04789296372628608 0.1409166937541055 -0.006198017744451252 0.004132755964181122 0.07204666734703934 0.9973734419104837  738339.435786828
0.17136732351138276 -0.03932912158521629 0.1094455674709713 0.0021550090951276404 0.012072533733969621 0.06791314384200105 0.9976158653302071  738339.4357880707
0.16596820528595044 -0.032619218552200464 0.08377282504636771 0.004385576252862883 0.018359517845025094 0.06553056676266754 0.9976720100540017  738339.4357891426
0.16274583120747832 -0.026372113325834206 0.059281305234294916 0.002295973786828024 0.014618185351852591 0.0624066885417168 0.9979411016621403  738339.4357902367
0.1616856085940036 -0.019989099706678806 0.03313218729625932 0.005544468143464553 0.010892681431090604 0.05736190541819809 0.998278628525644  738339.4357914929
0.16261140786728506 -0.015541064673632645 0.018213981179718064 0.001454744889914586 0.014304408097804684 0.04699056281912978 0.9987918474998774  738339.4357925555
0.16076464820537079 -0.019993039052176413 0.025898657789822734 0.019573367232659792 0.006400145086581211 0.04166363703804797 0.9989194475966559  738339.4357938156
