0.1608105830544864 -0.21592114258018055 0.02954450594461649 -0.0013373387007263602 -0.004040829131628751 0.009703225896910849 0.009703225896910849  738315.51064736
0.1607297044299331 -0.216041334868591 0.02954560586795467 -0.0011008627056533274 -0.0040727910759744195 0.009231859100696134 0.009231859100696134  738315.5106486008
0.16074330293067016 -0.2159576425251561 0.02953036140821884 -0.00112611365976496 -0.0045001781683664385 0.010201844605747459 0.010201844605747459  738315.5106497017
0.16081683390633733 -0.21592670644915765 0.029539227413668913 -0.0010631700283620287 -0.004099513309109115 0.009737533657220935 0.009737533657220935  738315.5106507834
0.16074813984939176 -0.21596188876269265 0.029541097173940035 -0.0012777526283126845 -0.004417744956812986 0.010143961197262004 0.010143961197262004  738315.510652097
0.1608104570394472 -0.2159211930272095 0.02954180198950111 -0.0009283676673837809 -0.003969770578842249 0.009711556513097101 0.009711556513097101  738315.5106531362
0.16081080680118565 -0.2159318122710466 0.02952604748872141 -0.0012492855589241903 -0.0038008256148599506 0.009853432717650063 0.009853432717650063  738315.510654227
0.16090695054579626 -0.21590509041638956 0.0296244907178434 -0.000678061816562696 -0.0054388609008240605 0.009428171544911905 0.009428171544911905  738315.5106554909
0.16077546172027024 -0.21591418543833507 0.029492540764170752 -0.0012696573391681126 -0.00279585787332577 0.009990897686717811 0.009990897686717811  738315.5106565814
0.16076169736016802 -0.21593814271570203 0.029490017195061266 -0.0012676423191166225 -0.0029921692980185745 0.009964343922175907 0.009964343922175907  738315.510657892
0.1607378510851203 -0.21595318540098227 0.02956917697735528 -0.001527296902731089 -0.00228759492322161 0.01046694277691652 0.01046694277691652  738315.5106589145
0.16068702482679548 -0.21599900972741348 0.02980409299247618 -0.002625616706854316 -3.5037783432956295e-06 0.011478713734384017 0.011478713734384017  738315.5106601643
0.16097344289488555 -0.2158591685315151 0.03011878341214607 -0.002901771131723975 -0.0007880523672807967 0.011858476511835463 0.011858476511835463  738315.5106612451
0.16097979296822543 -0.21571832897553753 0.0302295586824697 -0.0006513258732614112 -0.010652256891861936 0.009662135943686888 0.009662135943686888  738315.5106624113
0.16097546264954965 -0.21582013099667352 0.030509970303140316 -0.0024517651393265814 0.001206683083723963 0.012177419159600494 0.012177419159600494  738315.5106636031
0.1606195913490907 -0.21575251049977742 0.030794795637977334 -0.001620804814632698 -0.0025214846161851303 0.013341611876563027 0.013341611876563027  738315.510664714
0.1599101904264665 -0.21589282841963026 0.03234370980657313 0.00545481237947154 -0.009539590762087857 0.017611221648763706 0.017611221648763706  738315.5106659714
0.15675331382448748 -0.21629659517206715 0.038261649089408156 0.007787680413348711 -0.01849685271294955 0.02364576596636404 0.02364576596636404  738315.5106670739
0.1506334007040557 -0.21766487077110264 0.05330454569623705 -0.0021591241597381096 -0.0018058706353582912 0.034703944824765236 0.034703944824765236  738315.5106681823
0.14060078263004872 -0.22005901078910187 0.08231750502672644 -0.001944443628752823 -0.006066412138425569 0.04597443323091416 0.04597443323091416  738315.5106694646
0.13164816026987208 -0.22170493971393207 0.10856609034344113 -0.013376077959119322 0.003260942091007568 0.049366969110574845 0.049366969110574845  738315.5106704984
0.11674696552371305 -0.22443355695657158 0.1535576773766128 0.0021448557376046893 -0.00144515272143564 0.0529169516818506 0.0529169516818506  738315.5106717783
0.10501313562556465 -0.22728776831412653 0.19214667391476586 0.0018239553008800613 0.0009567857948141533 0.05406292429884309 0.05406292429884309  738315.5106728348
0.09221726393811971 -0.23209898874823912 0.23898423406961708 0.006282790810423616 0.0031065658466244 0.05240098207016714 0.05240098207016714  738315.5106739883
0.0793442990048106 -0.2392579951104562 0.2918797917084609 -0.0016506667849351207 0.014362391903992385 0.050063200914407704 0.050063200914407704  738315.5106752581
0.07236203187241456 -0.24459576174970005 0.32974736377019626 0.0011210801367129558 0.01912927634600985 0.042834972513168326 0.042834972513168326  738315.5106762376
0.06565285528359559 -0.2522214308092655 0.38362797947300353 -0.01567079444740069 0.02953349162361577 0.03873947957606694 0.03873947957606694  738315.5106776981
0.06372035568379804 -0.2547264775529648 0.412956317471043 -0.05273357034061806 -0.015889252019043867 0.03339113952938215 0.03339113952938215  738315.5106787286
0.05600243789857737 -0.24916410176357096 0.43285847344772904 -0.1351943877373401 -0.10561691129922435 0.02832254267629392 0.02832254267629392  738315.5106797987
0.030678739284429952 -0.22733448262224382 0.44774918472467873 -0.12539897245773407 -0.12915975356134327 0.027414921324824707 0.027414921324824707  738315.5106810154
-0.018702451912081707 -0.18785928164887924 0.45545648545226936 -0.0908135493066187 -0.12958017487393605 0.024733615958510417 0.024733615958510417  738315.5106821238
-0.09943370055232985 -0.13283554799481967 0.4619788283569109 -0.021031295715591838 -0.08411281751108804 0.02662392908464278 0.02662392908464278  738315.5106835559
-0.1867248497595857 -0.08332563105317489 0.4709786784725744 0.03602595264463442 -0.012185534940389937 0.02830228702941497 0.02830228702941497  738315.5106845031
-0.27397000011528144 -0.043815204186916375 0.482182493251112 0.06803606565617007 0.0420297248986318 0.03014703040998628 0.03014703040998628  738315.5106856897
-0.3416383153069723 -0.021259293202276992 0.4915846725261814 0.08665837682793565 0.08718176531605411 0.02158214530677408 0.02158214530677408  738315.5106867099
-0.40856674701175355 -0.010086033963648709 0.4976409568701504 0.059406847767868684 0.11115105195743194 0.027186297285155578 0.027186297285155578  738315.510688094
-0.43377441807744377 -0.012686785732025247 0.5000562377084167 0.043368357187048026 0.10627032498955351 0.02417312423952672 0.02417312423952672  738315.5106890519
-0.445695162320942 -0.02211694492814283 0.5009845485858813 0.01302992284531363 0.09244914753479189 0.023698503131364995 0.023698503131364995  738315.5106901946
-0.44011861050095863 -0.03270806387945514 0.5014479841713652 -0.025112712384779058 0.05831065122036951 0.032049523217463224 0.032049523217463224  738315.5106913346
-0.42142818578057584 -0.03965934701856259 0.5035479942572721 -0.04893545321831214 0.026520353906832664 0.03689130792498313 0.03689130792498313  738315.5106926066
-0.40199724523751246 -0.038735349571884264 0.5072808528627863 -0.05364224240228975 -0.0007445004067479494 0.034605213608912784 0.034605213608912784  738315.5106936685
-0.38303911814212244 -0.03055038125413865 0.5129033913647826 -0.044665254089699846 -0.028096129930960632 0.03060823847798817 0.03060823847798817  738315.5106948164
-0.3714583666904336 -0.01674358431779333 0.5186100544540524 -0.031539290822963834 -0.04060431592737546 0.02903284956564151 0.02903284956564151  738315.510696065
-0.3697072313722461 -0.0004242078607295093 0.5238830961798702 -0.009105159295994347 -0.05150531158367427 0.02198168376235374 0.02198168376235374  738315.510697239
-0.3765522130397305 0.013521790885069065 0.5271425416391006 0.006786381003885885 -0.04444602993646865 0.020310209387585182 0.020310209387585182  738315.5106982721
-0.3965870880786751 0.026745337279073668 0.5289961095183354 0.019873501353565932 -0.019425424579772765 0.016375402125753676 0.016375402125753676  738315.5106995621
-0.41576059448732905 0.031346657919148556 0.529293019524325 0.023051042490401307 -0.0063363205088916965 0.014300360193890414 0.014300360193890414  738315.5107006936
-0.43807323091045736 0.031059146115146794 0.5290934582956026 0.015877482575701846 0.015005996610015301 0.013591075798650888 0.013591075798650888  738315.5107017667
-0.45615944639934186 0.027101653274911288 0.5290994484067927 0.005187662010263001 0.02757018527876216 0.01476564776685609 0.01476564776685609  738315.5107028907
-0.47374315789544336 0.019325696743684184 0.5301481982620959 -0.013696984643705388 0.03608449419531401 0.01434064345139195 0.01434064345139195  738315.5107041837
-0.4808278964465118 0.014352565416170117 0.5321791731166696 -0.023214505285830318 0.03686153212301543 0.013378485778224657 0.013378485778224657  738315.5107053262
-0.4827172942868519 0.01155124301506148 0.535267160219599 -0.02904415176876599 0.0317784554192287 0.012609389571281805 0.012609389571281805  738315.5107063738
-0.4789134999608888 0.01286998624600016 0.5409902548375509 -0.03397382533491727 0.02433932486241437 0.010038590413990892 0.010038590413990892  738315.510707712
-0.4728339761458383 0.018111517967747456 0.5469066824890155 -0.030613263791568302 0.013005543488846767 0.011833781141514644 0.011833781141514644  738315.5107087971
-0.4622862101898032 0.029786391220005537 0.5587582020175287 -0.02443258038827285 0.01235720204267788 0.009625684567550393 0.009625684567550393  738315.5107100882
-0.4561307307020462 0.03829292819547908 0.5671858019105227 -0.018867554895809234 0.004645619405751936 0.009807925920790203 0.009807925920790203  738315.510710986
-0.4461551270225451 0.054100834068392355 0.5847332462046659 -0.008480571813023896 -0.004950117147825029 0.008570242288875573 0.008570242288875573  738315.5107123295
-0.44007659706357627 0.06533277501859285 0.5997503522995942 -0.0008769695116798876 -0.0019294672949779386 0.007474024195194702 0.007474024195194702  738315.5107133684
-0.43468188494559795 0.07575031165674725 0.6182034779886719 0.003418134921398114 0.001256938026392261 0.008291215596101988 0.008291215596101988  738315.5107144878
-0.43047084841564076 0.08264056145269548 0.6363539534548678 0.0032577530037001977 0.00569013925277538 0.010621729325756382 0.010621729325756382  738315.5107155796
-0.4253200065592112 0.08742287223429607 0.6608087218418444 0.003190937375907825 0.013060349955806783 0.009181770973454646 0.009181770973454646  738315.5107168718
-0.4197641271478347 0.0885396056298146 0.6865659202442475 0.0023882337792439238 0.010667149281331285 0.010637824481956548 0.010637824481956548  738315.5107179756
-0.4133941486847216 0.08766348577250906 0.7127518111207578 -0.00162953163338351 0.010794620628813641 0.010005853499328416 0.010005853499328416  738315.5107190866
-0.4043303630643566 0.08528341129469061 0.7479243557830793 -0.011354750098591715 0.013002327795918076 0.010980944641960621 0.010980944641960621  738315.5107203815
-0.39361410733432856 0.08306780413781377 0.7844511675104431 -0.016362729719263492 0.012691547373217694 0.009033938503398186 0.009033938503398186  738315.5107215482
-0.3850089232608598 0.0824893612994248 0.8101077962187341 -0.016791849728307575 0.010058291217628699 0.008657186114204761 0.008657186114204761  738315.5107225754
-0.37340042999864115 0.08342367969641991 0.8405595248584431 -0.022195094864282235 0.010462637072184084 0.007105151630138993 0.007105151630138993  738315.5107237066
-0.3600917746386867 0.08697188376000319 0.8719563599329154 -0.020365755539696398 0.006166380513357114 0.005928722387837867 0.005928722387837867  738315.5107249605
-0.34793206005125044 0.09232253049072423 0.8997953922394376 -0.01713713033112438 0.0011734968086392435 0.003999574325684867 0.003999574325684867  738315.5107260656
-0.3374278767168638 0.09811195370725967 0.924865529726963 -0.013293629083417068 0.004510332280588473 0.0020232759095766203 0.0020232759095766203  738315.5107271621
-0.32338137282510754 0.10652183312657769 0.9621360378707481 -0.007188672966020457 0.0029853545752651814 -0.0017876275842995098 -0.0017876275842995098  738315.5107286081
-0.3140755896625332 0.11168297077988959 0.9884902913674498 -0.005133686535020379 0.004755784179475183 -0.003383018695720584 -0.003383018695720584  738315.5107296441
-0.3060779457571533 0.11549453535578388 1.0102843709319307 -0.002993154435522316 0.006031026030941684 -0.004941818366344518 -0.004941818366344518  738315.5107306715
-0.2948352903455465 0.11940357236715325 1.0351235295085464 -0.003352221157560439 0.012043838914198536 -0.00641245679770486 -0.00641245679770486  738315.5107319324
-0.2825424906288684 0.12163607634718701 1.0547156479193625 -0.0024085713806938913 0.014354579293333409 -0.006054571707002532 -0.006054571707002532  738315.5107331197
-0.27271660804493475 0.12227608554363444 1.0677457989743813 -0.006104624570928159 0.016371019268737595 -0.0050562868092493924 -0.0050562868092493924  738315.5107341586
-0.25824268520720983 0.12206388980738776 1.0850449658439716 -0.00778181957491209 0.010778287412217858 -0.002817585559037848 -0.002817585559037848  738315.5107354283
-0.2426875484928439 0.1215419769399859 1.098842718979669 -0.010506047864674378 0.007494400685795353 -0.0020294731585558394 -0.0020294731585558394  738315.5107365929
-0.23111673667843652 0.1212139006380408 1.1059461292773254 -0.011352182702554007 0.008842371936637053 -0.0017354983825118477 -0.0017354983825118477  738315.5107376042
-0.21426909474058062 0.12120383200447805 1.1114424004827554 -0.013526180875104371 0.0008090946187488983 -0.002266317404502429 -0.002266317404502429  738315.5107391627
-0.20131095795502718 0.12164641519130934 1.1139564856266801 -0.01264149465598007 -0.0030471194341729884 -0.0021021495791656544 -0.0021021495791656544  738315.5107400717
-0.19200233968644062 0.1223114722257888 1.1165165224213427 -0.014694781113900438 -0.0015866516095325068 -0.0014627997936027014 -0.0014627997936027014  738315.510741099
-0.18191545106019608 0.1234221276287781 1.1206807789597042 -0.012244813288218146 -0.0018539924035037517 -0.000703215834678216 -0.000703215834678216  738315.5107422417
-0.17205528118252947 0.12482420423643723 1.1251443988420942 -0.008143825721959257 -0.0011752890452870384 -0.0002265950249585187 -0.0002265950249585187  738315.5107435347
-0.16632711707847347 0.12531831227483636 1.1269292233052903 -0.003629161398251529 -0.0020129802660429066 0.00019133004063798237 0.00019133004063798237  738315.510744585
-0.16181516697034026 0.12489120753663113 1.1265138525957528 -0.00042484849442636207 0.0008266345984757866 -0.0002939807598774808 -0.0002939807598774808  738315.5107456716
-0.15723881839013096 0.12216987103907244 1.1229589200770271 0.0011368733470752657 0.001756325102309805 -0.001106589089753907 -0.001106589089753907  738315.5107470126
-0.1541546987339677 0.11764646732656327 1.1189224431103257 0.0012681827276732037 0.0030499228140361974 -0.0017579474113613104 -0.0017579474113613104  738315.5107481668
-0.1516356562266765 0.11154682208722781 1.1156508725754333 0.0034223076429217587 0.0075150154130789225 -0.0019156089247761652 -0.0019156089247761652  738315.5107492057
-0.14865325730756215 0.10286048327712131 1.112613224500761 0.0006192141605882983 0.00866815111034625 -0.0027871759851995893 -0.0027871759851995893  738315.5107504728
-0.145303452726747 0.09228697370406322 1.1082559510195582 -0.0004864383290791953 0.009546446477862966 -0.0037784026631258417 -0.0037784026631258417  738315.5107515462
-0.1416496069644585 0.08040053776247638 1.1023990191166129 -0.0031078776251385687 0.008017766288099267 -0.0040179990049177714 -0.0040179990049177714  738315.5107526819
-0.13753585139654814 0.0678032653893284 1.0976249006682075 -0.007984206499753899 0.009174579952237782 -0.004748835761829492 -0.004748835761829492  738315.5107538828
-0.13377707704774014 0.05610998699906227 1.0954577157624417 -0.006793937285033547 0.005605112631107181 -0.004384455400733757 -0.004384455400733757  738315.510754951
-0.12895170735791453 0.04185037459273794 1.0958604372034728 -0.008160865417849935 0.00882396294590836 -0.00315538984012002 -0.00315538984012002  738315.510756249
-0.12422662892970825 0.027269016498849587 1.097602511685936 -0.0049478795092364365 0.0032530348736693614 -0.003403299270768867 -0.003403299270768867  738315.5107574263
-0.12069550284452113 0.0162074164933221 1.097913877017046 -0.002526455396653397 0.007805655580005242 -0.003935148880600746 -0.003935148880600746  738315.5107584536
-0.11551635068334146 -0.0015226778887381153 1.0960187979607643 -6.4952017909350575e-06 0.006523771194997583 -0.005486435726422337 -0.005486435726422337  738315.5107598103
-0.11160561732764246 -0.016159125386362074 1.0934032266520766 0.001714948308341906 0.005070611109090874 -0.005971677363258741 -0.005971677363258741  738315.5107608722
-0.10734005006704965 -0.032020035876202675 1.0908709666469922 0.0004832228881038691 0.009585480417215266 -0.005546051980807344 -0.005546051980807344  738315.5107619264
-0.10162799080394162 -0.05282240007403479 1.0875502666532875 -0.0007288690662322595 0.010602556133919444 -0.005861924119587463 -0.005861924119587463  738315.5107631228
-0.09516573847478257 -0.07494495563419391 1.0831865076921139 -0.003688886059294471 0.008527805565346783 -0.006395721026291693 -0.006395721026291693  738315.5107643717
-0.08890414485541201 -0.09576933178985449 1.0778462183235398 -0.0047901051382762605 0.0046741910022853085 -0.00702601475282925 -0.00702601475282925  738315.5107655578
-0.08325432492991079 -0.11465118046632031 1.0730402109388955 -0.009234887761995055 0.002232255504046825 -0.006615982811575311 -0.006615982811575311  738315.5107665681
-0.07708240741744368 -0.1375990710548752 1.0688746624594863 -0.008769033996351512 0.0026105797350810386 -0.005713215142046938 -0.005713215142046938  738315.5107678357
-0.07250213032435075 -0.15789156825890102 1.066795439678702 -0.012867508335658872 -0.0009218023453747157 -0.005208788851063402 -0.005208788851063402  738315.5107690253
-0.06982574885548844 -0.17391927535837381 1.0677052412382655 -0.010093993421820848 -0.0033643710444903815 -0.004916075891229261 -0.004916075891229261  738315.5107700065
-0.06763688677303002 -0.19524938498371958 1.071780419539689 -0.008024216722728301 -0.0006241959050445442 -0.004307766740455355 -0.004307766740455355  738315.5107712992
-0.06715474034584322 -0.21466851182083352 1.075841842646702 -0.005768792063982833 -0.0006638847463079165 -0.004120792487044634 -0.004120792487044634  738315.5107724066
-0.06747849691431028 -0.23429054630065005 1.0781432489027425 -0.004153897953601899 0.0034509553768966245 -0.005668653269351019 -0.005668653269351019  738315.5107735133
-0.06851286681591519 -0.25648426812917025 1.076990719537897 -0.005336529688538554 0.0053871037751811795 -0.006743203678972046 -0.006743203678972046  738315.5107747981
-0.06961525874469658 -0.2750324213759261 1.0738326300178895 -0.004909798938931236 0.0028270076832899744 -0.007274160784016962 -0.007274160784016962  738315.5107758937
-0.07061791151385996 -0.2936310087032719 1.0700068225483497 -0.007818184381020605 0.004166809604621384 -0.008337229995913882 -0.008337229995913882  738315.5107769611
-0.07161182245142211 -0.3182795575157977 1.0657534494903844 -0.004699560664581578 0.006121257059060108 -0.011759559432615196 -0.011759559432615196  738315.5107782687
-0.0725398625426023 -0.33835703726919897 1.0625492371903709 -0.004129146382910474 0.004020919439977051 -0.010512648976946365 -0.010512648976946365  738315.5107796037
-0.0728030241791957 -0.35586755912256574 1.0597851702474836 -0.0035669799946713657 0.0024410653983562266 -0.011338512543210498 -0.011338512543210498  738315.5107804579
-0.0727769280119207 -0.3744320662913835 1.0559920614743015 -0.010889900701399073 0.0067817682412841885 -0.00909593568307551 -0.00909593568307551  738315.5107816147
-0.07176750398518485 -0.3934640179154717 1.050227146003465 -0.013369234874092906 0.005675960362805972 -0.00819151213288536 -0.00819151213288536  738315.5107828854
-0.07024519543443966 -0.40569115483597085 1.0454564148700478 -0.016888887980174138 0.008102509954129991 -0.009430573730388091 -0.009430573730388091  738315.510783911
-0.06685282930200073 -0.42095733683608955 1.0395527836906695 -0.016862784294978343 0.0030529435807768466 -0.009216728092512446 -0.009216728092512446  738315.5107852039
-0.06408870825332141 -0.43027419628672353 1.037425766863081 -0.012075681661497707 -8.60562245875969e-05 -0.008031901736335775 -0.008031901736335775  738315.5107863006
-0.061292018499572366 -0.4379654150449888 1.0374893965126872 -0.007919438868487455 -0.0010878379995962544 -0.0072415628207686735 -0.0072415628207686735  738315.5107873941
-0.058731326484425146 -0.4463481778287269 1.0386951707471368 -0.002534005773709264 0.0013111036489082196 -0.004426001970254141 -0.004426001970254141  738315.5107885601
-0.05702189217381617 -0.45532687127237825 1.0391161530337047 0.0014206180701985167 -0.002592250958846236 -0.007099576607636767 -0.007099576607636767  738315.5107900491
-0.056760551909375366 -0.4615453588830303 1.0388898237566107 0.003654017025727718 -0.004310973920355269 -0.006035259391755794 -0.006035259391755794  738315.5107909495
-0.05738723888073809 -0.4703507699140037 1.0375949635181925 0.0068620423773285396 -0.0005075324223479091 -0.005280532718902384 -0.005280532718902384  738315.5107920398
-0.05913641805470154 -0.48170574546622585 1.03477399243545 0.008052772857739905 0.00512670475137594 -0.006427559220549047 -0.006427559220549047  738315.5107933345
-0.06107658137244433 -0.4923058623057065 1.031742126037897 0.007807955873801699 -1.40314724578206e-05 -0.007724226967421316 -0.007724226967421316  738315.5107943632
-0.0636620627775577 -0.5041686337242978 1.0298347662602076 0.005284798279218385 0.0018143524012976507 -0.007353719084499332 -0.007353719084499332  738315.5107954505
-0.06767439415931562 -0.5226698891608604 1.0300993073512188 -0.0008444876514504336 0.0028896313123561446 -0.0069015993491608274 -0.0069015993491608274  738315.5107969741
-0.07035954445453768 -0.5356715106699093 1.0312570822614404 -0.002256653168593769 0.00305593874052891 -0.006845957471375654 -0.006845957471375654  738315.5107979426
-0.07228812990889195 -0.5482957430144397 1.0322845647077237 -0.006716371320327984 0.006962841199649449 -0.007002230598089455 -0.007002230598089455  738315.5107989765
-0.07325925999090752 -0.5616797948035956 1.032962305593549 -0.005347593924330831 0.010752695657087285 -0.007730475782807224 -0.007730475782807224  738315.5108002096
-0.07277473227103265 -0.5741734409801051 1.0332127998010818 -0.006679987676254399 0.011302988391427918 -0.007713276759883717 -0.007713276759883717  738315.5108013175
-0.07085066125306058 -0.5857403020007491 1.0338744423949204 -0.004192605354113095 0.008979640549943829 -0.008326738707184153 -0.008326738707184153  738315.5108024469
-0.06801117106909248 -0.5967709246949118 1.0357738407118455 0.00029073883414635005 0.002229762192572207 -0.008354990160317995 -0.008354990160317995  738315.5108037051
-0.06464289302622725 -0.6076684279511718 1.038108231655842 0.0007756876403702804 0.0012823618986804355 -0.007865309793629642 -0.007865309793629642  738315.5108048248
-0.06081359559840233 -0.6204848117794416 1.0397482102349171 0.00403510923728081 0.002413228584949086 -0.008268534212397675 -0.008268534212397675  738315.5108060673
-0.0573882460009747 -0.6332754194435716 1.0394872842011202 0.007353962841687545 0.0004958857479319582 -0.007892604484535682 -0.007892604484535682  738315.5108072219
-0.05450197251423303 -0.6457594347538748 1.0384790504328423 0.004140881411329193 0.0020292400694337715 -0.007611478430350756 -0.007611478430350756  738315.5108082959
-0.05151416070284894 -0.6606830210923862 1.0375699829748788 0.0013673721573437875 0.0004785468153964066 -0.006512569254106401 -0.006512569254106401  738315.5108093922
-0.048821957648765575 -0.6760594368351133 1.0381930931361922 -0.0019288928725825004 -0.00040912986734238795 -0.0051424080181134355 -0.0051424080181134355  738315.5108105462
-0.04609955885429376 -0.6925731008666367 1.0410100475489383 -0.002335605825746213 -0.0007297081359068818 -0.003350806307110235 -0.003350806307110235  738315.5108118275
-0.043927277334924936 -0.7066789689163132 1.0436590568861726 -0.01212751726845318 0.002234979723168912 -0.003471661182105101 -0.003471661182105101  738315.5108129819
-0.042039631247098495 -0.7175542225639793 1.0453243700919441 -0.014691971176483637 0.0008266227319879265 -0.0031128535523148168 -0.0031128535523148168  738315.5108141019
-0.039595983164981495 -0.7278666760185158 1.0464742996320453 -0.018448616768051828 0.0007627493222247256 -0.003586693780308932 -0.003586693780308932  738315.5108153222
-0.03772551237723226 -0.733981241852105 1.0475387342072662 -0.019169529675841058 0.0008900190679576322 -0.002744294310807821 -0.002744294310807821  738315.5108164839
-0.03645157760755871 -0.736461804041408 1.0486271166251422 -0.016378165722528263 -0.0002600772577882962 -0.0021044718615093622 -0.0021044718615093622  738315.5108174882
-0.03516394781952522 -0.7364358684018353 1.051182472233347 -0.02077668385608351 0.0010301983575278896 -0.0029797290332005434 -0.0029797290332005434  738315.510818766
-0.034603745454902246 -0.7333760417608196 1.0532366813228329 -0.018022539301619345 -0.0018470087088313276 -0.0041384001845599224 -0.0041384001845599224  738315.5108198164
-0.03464638539781336 -0.7282532044104386 1.0552361793247413 -0.017366949861443878 -0.005870492822098042 -0.0059058819940475855 -0.0059058819940475855  738315.5108209471
-0.03517293448339886 -0.7192502560610166 1.0569619911963835 -0.014429560329146832 0.001630265638223461 -0.005120102431767291 -0.005120102431767291  738315.5108222167
-0.03625130900589443 -0.7089696748143711 1.057631475361853 -0.013893304720112095 0.0007998112982688651 -0.005377687261481124 -0.005377687261481124  738315.510823305
-0.037492995093407144 -0.696922650058551 1.058349163042986 -0.011212197369229683 0.003299591380431221 -0.004979705320597393 -0.004979705320597393  738315.5108244354
-0.03931164766399076 -0.6821590635034168 1.0580654381447132 -0.012986484323111664 0.0008007132524969556 -0.006646376655907564 -0.006646376655907564  738315.510825751
-0.04106835940644942 -0.6674544851238089 1.0561412414240992 -0.009008340153461879 0.0008731492968885907 -0.007557426627666085 -0.007557426627666085  738315.5108268706
-0.04299942454067123 -0.6520779014513878 1.0540497180182133 -0.012051311853801618 -0.004031346402511924 -0.007922502026950712 -0.007922502026950712  738315.5108280249
-0.044923478773523644 -0.6379972011756828 1.0532690218522711 -0.009765330425579852 -0.0010685651566902604 -0.007006952802285332 -0.007006952802285332  738315.5108290716
-0.04747632704250839 -0.6184416062946209 1.0530601480862016 -0.011908661109696461 0.005756014072062309 -0.005013498001891657 -0.005013498001891657  738315.510830458
-0.048907727391552865 -0.6049699156906795 1.053256051974346 -0.012022912805491013 0.005136101564963261 -0.0037826045047416497 -0.0037826045047416497  738315.5108314394
-0.05035600842483917 -0.5892563177624239 1.0542574204256967 -0.014331647454935264 0.0011965143517544247 -0.005038068803942077 -0.005038068803942077  738315.5108325147
-0.05147924845099029 -0.5661848643701057 1.0565234618016905 -0.0186266224447845 0.0034426151334451863 -0.003481596733524959 -0.003481596733524959  738315.5108338882
-0.05211890473939919 -0.5451488129455047 1.0584974750359555 -0.018729994622893088 0.002790556519562492 -0.0036981357510201484 -0.0036981357510201484  738315.5108349965
-0.052665811398014566 -0.5267313373383413 1.0603260035242705 -0.024407060169160246 0.006150319921618679 -0.0020485490956625185 -0.0020485490956625185  738315.5108359663
-0.05214694539667265 -0.49695381977975106 1.0639159690113658 -0.016759045242290212 0.003355193015453398 -0.007236435158963028 -0.007236435158963028  738315.5108372793
-0.05165309819421 -0.47322860984995646 1.0653360133923024 -0.013848868867416493 0.004808016979082798 -0.011127700673902475 -0.011127700673902475  738315.5108383527
-0.05132239828286439 -0.4457160345963301 1.0655311739073268 -0.01922861360093298 0.002939053945725144 -0.009990986327691393 -0.009990986327691393  738315.5108397097
-0.050569275543314786 -0.4144922522173917 1.0652607070731535 -0.011701841107157045 -0.0017283860284051285 -0.017872984743256395 -0.017872984743256395  738315.5108407601
-0.050595354497676 -0.3854791149746784 1.0632471029774098 -0.013580030941704018 0.0015253235463618742 -0.021698206887784347 -0.021698206887784347  738315.5108419134
-0.05083937285982589 -0.35874200192681266 1.060564011456804 -0.014274243817989574 0.001131399357690628 -0.021265330510640144 -0.021265330510640144  738315.510842952
-0.051431721674207946 -0.32553556562401625 1.0602314741206265 -0.013863870018046218 0.002201970603656523 -0.02002173578433803 -0.02002173578433803  738315.5108442333
-0.05185554031159621 -0.2981704847157453 1.0638905638181873 -0.011054630342451806 0.0014812729833088335 -0.020243852175007945 -0.020243852175007945  738315.510845376
-0.051702706801657214 -0.2645575260973388 1.0717935561808047 -0.009588770503788181 0.006190610575018446 -0.01941985796713989 -0.01941985796713989  738315.5108465521
-0.05072831167387992 -0.23739047849237815 1.0791062974348729 -0.009191833036694507 0.009011858392984856 -0.016792262851951095 -0.016792262851951095  738315.5108477296
-0.04756470432416315 -0.20142083808055244 1.0886270544137735 -0.010597599372628925 0.00863028881725293 -0.01448292508441215 -0.01448292508441215  738315.51084898
-0.04427489017399021 -0.17770146573332 1.0930218130350402 -0.008527343169406959 0.01149619364291067 -0.012379781198408045 -0.012379781198408045  738315.5108499385
-0.03951873247835455 -0.15138698090654193 1.0954118447130836 -0.0070015889534327715 0.008776648344302883 -0.011499770048649674 -0.011499770048649674  738315.5108510307
-0.03190637697376981 -0.11699930767730302 1.0982227110850522 -0.01040190436435937 0.005690862323056304 -0.009830134244625685 -0.009830134244625685  738315.5108523814
-0.02553584737238695 -0.09165931248481725 1.1021172918345892 -0.008410317492648601 0.002882718667606334 -0.009237176265123534 -0.009237176265123534  738315.5108534725
-0.018329341078586563 -0.06411221943184453 1.1066512627254075 -0.008666596291870082 0.0021015240497568696 -0.009030226299132065 -0.009030226299132065  738315.5108545268
-0.009779548099341754 -0.03170552813666814 1.11001543796295 -0.00900856954408495 -0.0003037682587700393 -0.009157054788152132 -0.009157054788152132  738315.5108559354
-0.004541729700911889 -0.010528468174495096 1.1104717703630687 -0.012385799042265234 0.0034961759095344905 -0.006254525096665271 -0.006254525096665271  738315.5108569509
0.0017909899582743143 0.01510662860568003 1.1104761507184597 -0.009287136137167069 0.0003788180641055271 -0.00648414449873957 -0.00648414449873957  738315.5108580244
0.007983732275533029 0.04182540894890306 1.111010640628416 -0.007423353372698616 0.0006539083639063347 -0.005073081331002259 -0.005073081331002259  738315.5108592716
0.012506866240215127 0.064415714603263 1.1124258533888594 -0.005466870628555013 0.0004109539244912064 -0.002846417337895958 -0.002846417337895958  738315.5108604375
0.01626538166421996 0.08518683006305007 1.113763411574269 -0.004682703902021232 -0.0018679872651138265 -0.0016507707074531288 -0.0016507707074531288  738315.51086159
0.01872862324159742 0.10034479002017122 1.1145001706326536 -0.002762991052916254 1.667133279262108e-05 -0.0010058010146362306 -0.0010058010146362306  738315.5108626058
0.021425843129721733 0.11897693270266899 1.1164276362454872 -0.0016981995591873614 0.004327160578318882 -0.0004195224845445904 -0.0004195224845445904  738315.5108638477
0.02351202390785221 0.1348793496129325 1.1184143719789408 -0.001329753343721889 0.00605508004314075 -0.001023257117281143 -0.001023257117281143  738315.5108650613
0.02470506957278144 0.14471067317403738 1.118378886139405 -8.286575707910465e-07 0.002001392031326446 -0.0007881694404290199 -0.0007881694404290199  738315.5108660887
0.026172770815697747 0.15649312278065539 1.115502306458914 0.003065001021019089 0.0008570307555756103 -0.0018719428839552897 -0.0018719428839552897  738315.5108673824
0.026843713920291883 0.16316870138797057 1.1111810500055206 0.005031354258355167 0.0017574672177440435 -0.0019861934377948527 -0.0019861934377948527  738315.5108685325
0.027234870627112856 0.16653528097276307 1.1068733625986624 0.004393367306990651 0.004118970042492872 -0.0013946984905723132 -0.0013946984905723132  738315.5108696899
0.02734058530465238 0.16723651759206815 1.101549344732505 0.005492828285315184 0.004152035293219952 -0.0011490302920352346 -0.0011490302920352346  738315.5108708558
0.027621274767546767 0.16549941971413748 1.096858320792 0.0010387288815241597 0.005710332130610993 -0.002025646573072607 -0.002025646573072607  738315.5108719297
0.028034877512478174 0.16133276726637866 1.092697646788341 -0.000988803164802027 0.004481170225138541 -0.0011270784977300279 -0.0011270784977300279  738315.5108731507
0.02866637260862199 0.15562031649285507 1.0887079244380882 -0.004995495969316392 0.004676616560558498 -0.0005548823991114462 -0.0005548823991114462  738315.510874209
0.03001328967244076 0.1483506976536063 1.0841964098072367 -0.00535595323413869 0.007438613212860137 -0.001517984794757182 -0.001517984794757182  738315.5108754865
0.03119716263177478 0.14176630477117197 1.0805077128504943 -0.0049391887688393 0.005781046399835085 -0.0020929417259751585 -0.0020929417259751585  738315.5108765467
0.032464427880335454 0.13375411129376388 1.0750509340317478 -0.006108030761733116 0.0029724195850755033 -0.002521372759885484 -0.002521372759885484  738315.5108776827
0.03355522547126387 0.12355133201252468 1.0665893688764958 -0.005795978927450485 0.001268314372413557 -0.002731196162217706 -0.002731196162217706  738315.5108790946
0.033872556272035045 0.11526237563823417 1.0589373851407204 -0.005628121734904795 0.0021920273793802703 -0.003562385771055247 -0.003562385771055247  738315.5108801426
0.03365833782589198 0.10744179644091614 1.0516778661847914 -0.00374360266165834 -0.0006450819617763807 -0.003969396577781119 -0.003969396577781119  738315.5108811237
0.032641328879907304 0.09335717332515735 1.04112545292439 -0.0030010058784242927 0.0011803368262564222 -0.0029192516285546787 -0.0029192516285546787  738315.5108825446
0.03167697401602156 0.08370841111768694 1.0361152683678867 -0.0022330709059562278 0.005805750407017554 -0.0026784107475157966 -0.0026784107475157966  738315.5108834765
0.030172282264144795 0.06921963494950531 1.030411243240518 -0.00010642932888418484 0.005241882946014522 -0.0011278440631728621 -0.0011278440631728621  738315.5108847345
0.02865699906173573 0.05463217637941005 1.0251821991178955 0.0007726553887851858 0.0009017886088751451 -0.00019532539101637983 -0.00019532539101637983  738315.5108859462
0.026913319420250548 0.03868193998035414 1.0190191717282935 0.0014501946691013016 -0.0002064599230056816 0.00036876107420065913 0.00036876107420065913  738315.5108871813
0.025120734169663237 0.024865935777634855 1.0134078626182765 -4.8934932873673555e-05 0.001995933700303236 0.00042833478580065474 0.00042833478580065474  738315.5108880815
0.021963958550771143 0.0028499905169714454 1.0044191866902907 -0.002810152326826424 0.0032749738043943094 0.0010975140727847816 0.0010975140727847816  738315.5108893744
0.019113237990734628 -0.014336999240787466 0.9978251423752914 -0.003278614312210798 -0.0008334835342943598 0.002124991289427993 0.002124991289427993  738315.5108905166
0.015925953905347505 -0.0318069311452454 0.9916935332135648 -0.005414869755540801 0.0009745423123160054 0.0032600018862503862 0.0032600018862503862  738315.5108915643
0.010781944070859095 -0.05540645008401628 0.9850225470171434 -0.0036679968465507832 -0.0006231464783303758 0.00448038717758993 0.00448038717758993  738315.5108929568
0.006309079571090684 -0.07335780255663749 0.980744280264239 -0.0027418060963116837 -0.0001634000419303075 0.00544642618799369 0.00544642618799369  738315.5108939487
0.0010175934749725023 -0.09366387935588039 0.9761781237062782 -0.005711061847151636 0.0038903537463664227 0.005446864769396234 0.005446864769396234  738315.5108950383
-0.0041081579377243325 -0.11418127274827083 0.9708488654359284 -0.004018101934290583 0.005276606075653559 0.005941292295044178 0.005941292295044178  738315.5108962021
-0.008979795619859711 -0.13708454303211665 0.9611486760882652 -0.002009171280103421 0.005517921601807566 0.004829360508708662 0.004829360508708662  738315.5108974718
-0.012653047218218343 -0.15832828472872912 0.9504796998290007 -0.004560188400534262 0.00955315739345186 0.0063989165804425 0.0063989165804425  738315.5108987418
-0.015203659675542564 -0.17772161320281518 0.9416799069986157 -0.0055089149940330965 0.009048293483750209 0.006980197268837477 0.006980197268837477  738315.5108996651
-0.017292828722512414 -0.20116559871336887 0.9323303247020269 -0.00688176468068659 0.0061014163880763585 0.00883356244286634 0.00883356244286634  738315.5109009463
-0.018609190714659732 -0.22037073577228727 0.9257576835514657 -0.0021128550514426655 -2.814712204020737e-05 0.004111289775513758 0.004111289775513758  738315.510902043
-0.020423413023082277 -0.2410299024448118 0.9194509494437371 -0.010054193448573463 0.0019814344277744515 0.0063886693092328525 0.0063886693092328525  738315.5109031465
-0.022773104066036897 -0.26492528060462567 0.9151433448944404 -0.008270938981333516 0.0011540082715553732 0.005689897492420333 0.005689897492420333  738315.5109045318
-0.024691576873704265 -0.2803890796987494 0.9135565486213113 -0.009822413404358096 0.002550857128122264 0.0049209823272817485 0.0049209823272817485  738315.5109055592
-0.027351608045487107 -0.29908671344059634 0.9119157935689114 -0.007320540765533987 0.005372088265605125 0.004037377689968563 0.004037377689968563  738315.5109066096
-0.03021652826495679 -0.31563162360620267 0.9097239348629875 -0.0025488681894308934 0.00017461504408785235 0.004270413981790173 0.004270413981790173  738315.5109077062
-0.03480087929870753 -0.33792356961523834 0.9066670690005905 -0.004297058843645315 0.00030048384205738616 0.0017874357143592176 0.0017874357143592176  738315.5109090494
-0.03892364823483973 -0.3550665611781424 0.9045640337668024 -0.0008416454697425427 -0.0011645970215367492 0.0033359074238784652 0.0033359074238784652  738315.5109101348
-0.04351337739966557 -0.37285445100143977 0.9026494386074134 0.0005752582839860735 -0.0004196010438533155 0.002860874012672057 0.002860874012672057  738315.5109112195
-0.04929508165868205 -0.39536054525838865 0.8995692414324434 -0.0018238678340510754 0.004549530033504904 0.0016391286912785686 0.0016391286912785686  738315.5109125094
-0.053870229100860784 -0.41661216802892326 0.8967539856433961 0.002466515453315446 0.0017097515734778546 -0.0029149715307545234 -0.0029149715307545234  738315.5109135931
-0.057606637823689105 -0.4360192132438115 0.8950604516874822 -0.00068867046177873 0.007954647482231684 -0.0029790919626134036 -0.0029790919626134036  738315.5109146902
-0.06083621098933692 -0.4612041800657158 0.8948395391177563 -0.007474673172204243 0.011514013652436777 -0.002791530652460262 -0.002791530652460262  738315.5109159913
-0.061748116591453364 -0.4787029941992115 0.8964394398924213 -0.011646059331516133 0.009779811581831194 -0.0019314300315482265 -0.0019314300315482265  738315.5109170657
-0.061323826103029624 -0.4958533223669036 0.8990035289860653 -0.01651741479934912 0.010986777486025976 -0.0023825648691163295 -0.0023825648691163295  738315.5109181863
-0.05952198178731627 -0.5102333413497582 0.9022784799128722 -0.016664053851037794 0.006766067828174247 -0.0016893908836325166 -0.0016893908836325166  738315.510919364
-0.056545784575504084 -0.521683159043198 0.9067469266972956 -0.013517375750106303 0.008288166404504839 -0.0019088212127409679 -0.0019088212127409679  738315.5109205903
-0.0528175021690071 -0.5308602177827341 0.9120899256658681 -0.006800853362603105 0.0070053085909629 -0.001809099143894776 -0.001809099143894776  738315.5109216766
-0.04812720022642811 -0.5394265439924976 0.9164232549022784 0.00036038521230882114 0.005674773700400431 -0.0025808864070628874 -0.0025808864070628874  738315.5109229317
-0.04378087342567853 -0.5462271807346908 0.9163942582196588 0.005909737001953336 0.005737469753659771 -0.003662577185533962 -0.003662577185533962  738315.5109240861
-0.03868736220618948 -0.5544029293521441 0.9104111049993056 0.004663366334629506 0.007075047864436935 -0.004879463913833767 -0.004879463913833767  738315.5109251365
-0.032039494207580156 -0.5651258523720206 0.8953757081621285 0.0036896709683639163 0.005350913813635294 -0.006298287804620146 -0.006298287804620146  738315.510926684
-0.027389013703340476 -0.5725535646950655 0.8808764838560238 0.0008515529615525495 0.004746051952119684 -0.0073590082062961176 -0.0073590082062961176  738315.5109274925
-0.02202903655069234 -0.5807213080755719 0.8610819783001792 -0.004170164868861692 0.0050498224129620125 -0.0070911912770123195 -0.0070911912770123195  738315.5109285673
-0.01589436022934389 -0.5893016425559001 0.8344307661325248 -0.01410284683700995 -0.0022560333800749764 -0.007705837776550692 -0.007705837776550692  738315.510929833
-0.010403046439320279 -0.5950290635268949 0.807898759294078 -0.016799991034602477 -0.0012403960298239365 -0.006729206376124567 -0.006729206376124567  738315.5109310544
-0.006878977062558072 -0.5967714448283108 0.7899514229462332 -0.02011898927921024 -0.0007332206800115789 -0.006703606930889858 -0.006703606930889858  738315.5109320587
-0.0026680865156050075 -0.5959062826779099 0.7691689297851392 -0.016391665761951307 -0.0014514263327974465 -0.006080126327736883 -0.006080126327736883  738315.5109333519
0.0004419325781136809 -0.5921003301298012 0.7538665473592276 -0.016483973954099063 0.0014843143286120033 -0.002096664873722606 -0.002096664873722606  738315.5109345049
0.0032766464620940993 -0.587864785399192 0.7446061081362655 -0.004056072369869037 0.00024108079861314538 -0.006594875519431897 -0.006594875519431897  738315.5109356134
0.005301055859132381 -0.5830767506293982 0.7344205020159674 -0.002424224211943639 -0.0010937683026770665 -0.0046336041243227 -0.0046336041243227  738315.5109366981
0.0072927254288464435 -0.5794034762651213 0.7254931981130595 0.001801753348269304 0.0002676147202750017 -0.005024126458718288 -0.005024126458718288  738315.5109379407
0.00889863269748134 -0.577458473023064 0.7188977857628598 -0.0010319783561186266 -0.0012640819872466954 -0.005219529643554914 -0.005219529643554914  738315.5109390374
0.010090312479847414 -0.5775758676732144 0.7170689672877848 -6.952994171038252e-06 0.001714154039194607 -0.004246248337902814 -0.004246248337902814  738315.5109401752
0.010530343447233005 -0.5796451508702278 0.7232557802279146 -0.0009756140353248805 -0.0011554945566968722 -0.0016009986581520686 -0.0016009986581520686  738315.5109414564
0.010118288327253769 -0.5827660596554526 0.734365180593023 -0.0006559957345097705 -0.0035637160852266016 0.00021385572758214258 0.00021385572758214258  738315.5109425584
0.008293550715563414 -0.5879061004751998 0.7512131240135415 0.00041688542291046113 -0.005826276130070058 0.0028389942779193894 0.0028389942779193894  738315.5109437156
0.0048969846217178205 -0.5945407574831832 0.7714563361589847 -2.9819773944316072e-05 -0.007482055156414198 0.005714122239131026 0.005714122239131026  738315.5109449079
-0.00038571395686558767 -0.6035130361680761 0.7971390584435796 0.005394536557704786 -0.006108775149481448 0.0034798635947671046 0.0034798635947671046  738315.5109461199
-0.005430159687806705 -0.6108349628814563 0.8168982883448368 0.006887737435678449 -0.005072926248475036 0.004443886856089023 0.004443886856089023  738315.5109471086
-0.013629055789011316 -0.6223035088370171 0.8472423988666713 -0.00029562846215968957 0.002049168090741089 0.005582565553544861 0.005582565553544861  738315.5109484134
-0.019716172079507495 -0.6307234406475021 0.8694287565806584 -0.005067170279018573 0.002948814794257445 0.005432675170389816 0.005432675170389816  738315.5109495289
-0.025965386475812507 -0.6392564122725063 0.8927954847388708 -0.0093667190679188 0.008169409280649843 0.006817396477471377 0.006817396477471377  738315.5109506398
-0.03036617126546818 -0.6455357860884073 0.9130325433880221 -0.005939916771913561 0.007550506602374926 0.007463978707865392 0.007463978707865392  738315.5109516786
-0.034385669953745736 -0.651534446240901 0.9382506557067511 -0.010491648023125952 0.006500411703585106 0.006192549973828531 0.006192549973828531  738315.5109529485
-0.03686511637367599 -0.6552783769638505 0.9618456669902403 -0.008538908010544043 0.0035090642189156956 0.007292404354005142 0.007292404354005142  738315.5109540793
-0.03831765471110301 -0.6576174387627534 0.9869367705395063 -0.008892298473075676 0.004033860604368665 0.006152363984653758 0.006152363984653758  738315.5109553372
-0.0392658873873098 -0.6589687916968322 1.0145651785522625 -0.0024110800922636936 0.0010762203367488017 0.006289570877956591 0.006289570877956591  738315.5109564454
-0.03989660529282906 -0.6601775431376772 1.0449231200303577 0.0006604285647079754 0.0012277839426384884 0.007006902030562131 0.007006902030562131  738315.5109575553
-0.04019608377758718 -0.6617291455124917 1.073155417923454 0.0057281839396613665 -4.230854744875475e-05 0.008076502718340612 0.008076502718340612  738315.5109586691
-0.040528569659686625 -0.6656178632521424 1.1104272389700773 0.006763952155889095 0.0032619536967316717 0.008160773704201527 0.008160773704201527  738315.510959974
-0.040375596328200716 -0.669443188300448 1.1344219462998435 0.004789479900843031 0.004758637245856501 0.005434627690618011 0.005434627690618011  738315.5109610043
-0.03966239636195291 -0.6758611119307927 1.1627426436987893 0.0022154800676570698 0.005373961435646803 0.004847309372707021 0.004847309372707021  738315.5109621676
-0.037850210213404185 -0.6819705280519224 1.181469114505992 -0.004012217189197051 0.009160727930713514 0.003813075843990144 0.003813075843990144  738315.5109634208
-0.034885559477437524 -0.6883378213071544 1.1931955010305981 -0.009607692269760599 0.009703912960257141 0.002127814200284869 0.002127814200284869  738315.5109645984
-0.03234952145945191 -0.6920143595439416 1.1972055978367695 -0.01533812709071226 0.005173113563078134 0.0014155551129801781 0.0014155551129801781  738315.510965591
-0.027846539256457862 -0.6946784542719064 1.1988975336724146 -0.01784381557821966 0.003684738597485001 0.00255120024750559 0.00255120024750559  738315.5109668665
-0.023577861709995603 -0.6944332798523956 1.1964918044677113 -0.018599962339935185 2.2545739040346656e-05 -0.0005864713139833041 -0.0005864713139833041  738315.510967999
-0.01958291544922122 -0.6906984037775588 1.1883234595244483 -0.021826566565445696 -0.004253472464177604 0.0006225902381927976 0.0006225902381927976  738315.5109692574
-0.01776647422381826 -0.6857333985181053 1.1796850787353321 -0.022184942915626924 -0.009479239789107724 0.0002552964533742705 0.0002552964533742705  738315.5109702037
-0.01722824972419558 -0.6758300370256586 1.1658030158414745 -0.020684253373203575 -0.013086974130517369 0.0006176904180794365 0.0006176904180794365  738315.5109714838
-0.020294176605678112 -0.6623804058763917 1.152882912122672 -0.020307900792849887 -0.01595976282572058 0.002337970360155957 0.002337970360155957  738315.5109727263
-0.024707330544913267 -0.6508309260806493 1.1458734255382583 -0.01809606117069194 -0.01766123618670202 0.001359363688291751 0.001359363688291751  738315.5109737074
-0.03507796234456066 -0.6329826850953104 1.1384329988510036 -0.014160401765708272 -0.019023975555146722 0.0015306323258733768 0.0015306323258733768  738315.5109750003
-0.04856915205237944 -0.6154871187661938 1.132560815796167 -0.010705453065614427 -0.02033194544774993 0.001692339229302357 0.001692339229302357  738315.5109760647
-0.06941142649192433 -0.5942751464112486 1.1273769170729944 -0.004791816988651685 -0.019418881011296473 0.001811140323721836 0.001811140323721836  738315.5109774461
-0.0856145283087102 -0.5805519051135339 1.1252624666127176 -0.0018993008225846458 -0.012376150157801668 0.001378218732206413 0.001378218732206413  738315.5109784494
-0.110155433429615 -0.5631116709676772 1.1229513254895453 0.0026213491432486202 -0.009912757338316121 0.0013697946294615663 0.0013697946294615663  738315.510979644
-0.13319838898432942 -0.548916122446872 1.119944149880118 0.0019486077919317311 -0.0017902306998833666 0.000408856942178684 0.000408856942178684  738315.5109809601
-0.1541221436585167 -0.5377644928915915 1.1151862404373902 0.004466082461023145 -0.00014449304747499056 -0.00022848335559928664 -0.00022848335559928664  738315.5109819066
-0.1746159113675569 -0.5278854075290474 1.1089927705855849 0.001198841918516095 -0.0008788023693800987 6.975108643578747e-05 6.975108643578747e-05  738315.5109829913
-0.1968586283847348 -0.5185642113463154 1.10161566971236 -0.0003029042334754813 -0.0004380484702186239 -0.00032914711588351764 -0.00032914711588351764  738315.5109840995
-0.22066661417009203 -0.5094503386885492 1.093758411032319 -0.002149977437498202 0.0020346055261349708 0.0009139933036625465 0.0009139933036625465  738315.5109853816
-0.24199982909742407 -0.5019879698101167 1.0878328837464322 -0.00405940966190602 -0.0021424774173744313 0.0019978661308609567 0.0019978661308609567  738315.5109864998
-0.26062638509062847 -0.4953254768254988 1.0849738802504143 -0.006160207014747073 0.0004091219082751182 0.0024149064468285534 0.0024149064468285534  738315.5109876271
-0.28517564404935236 -0.48638254924454777 1.0853130177521744 -0.006351139795415535 -0.0028825672024710906 0.0018845738362518604 0.0018845738362518604  738315.5109889095
-0.30585940867086825 -0.47864088693448326 1.085973733119053 -0.012807359250103267 0.002842752184389355 0.006841067353607881 0.006841067353607881  738315.5109900542
-0.3238388052176451 -0.4716516691147977 1.0855218808763034 -0.008409806660168348 0.0004484271972166451 0.0010528656254090555 0.0010528656254090555  738315.5109911046
-0.3419575076753527 -0.46465375798243425 1.0834037887268073 -0.006347293735053849 0.004217419215705682 0.003842170707476141 0.003842170707476141  738315.5109922339
-0.3632562572181069 -0.45675569507492475 1.0805591215337365 -0.005245514795863438 0.0008319261295355258 0.0029629268025682756 0.0029629268025682756  738315.5109935135
-0.38218316508262296 -0.45089022007685753 1.0784305912980563 -0.003394456797842549 0.002927879813197758 0.002570436212237804 0.002570436212237804  738315.510994622
-0.39865224598446847 -0.4468578024555293 1.0774571487941331 -0.0013366294752186474 0.003336110745754174 0.002690655861373831 0.002690655861373831  738315.5109957185
-0.4166126186776232 -0.4436974110296975 1.0778052170212424 -0.005194106011222573 0.0021591029657954215 0.004043062394568208 0.004043062394568208  738315.5109968729
-0.43803235212150454 -0.4416316074864517 1.0806740791367104 -0.006151832758049869 0.0007209356620853856 0.004162203276462522 0.004162203276462522  738315.510998162
-0.4539849579751693 -0.44075078592092953 1.0841685638485241 -0.007835618925228762 0.0013175926446417645 0.005783106357680872 0.005783106357680872  738315.5109992714
-0.4741312279041128 -0.44026872953961144 1.087501460886112 -0.010229982358772252 -0.0030790273839519616 0.001704585082262692 0.001704585082262692  738315.5110004746
-0.49335013843086 -0.43989540520890136 1.0870983822162108 -0.012480526491166235 -0.004779498613396035 0.0008504757408921499 0.0008504757408921499  738315.5110016725
-0.5115021024009119 -0.43908898502138494 1.0840821703431958 -0.012960769585046819 -0.007094378917113045 0.0006573940673523784 0.0006573940673523784  738315.5110027777
-0.5329550321298102 -0.43776700319769807 1.0797585859787042 -0.013603118607250234 -0.007284298601791433 -0.0002263362983058791 -0.0002263362983058791  738315.5110039078
-0.5578887084423064 -0.4353305132705192 1.0739576235446577 -0.013803658241927613 -0.004895350294874567 -0.0025101919390429824 -0.0025101919390429824  738315.5110051387
-0.5794938762060774 -0.43282166531484334 1.0683797569143514 -0.014270406049251692 -0.0027075773065228003 -0.001896750564636636 -0.001896750564636636  738315.5110061863
-0.6013436489015127 -0.43003815399792994 1.0616493052706997 -0.011558209834257382 0.0018678137136379032 -0.0018550942460044554 -0.0018550942460044554  738315.5110073045
-0.6279137180523865 -0.42664715517534074 1.0517303841992347 -0.010117295015436175 0.0021319724564127815 -0.0023483810257570277 -0.0023483810257570277  738315.5110085427
-0.656483167372438 -0.4233535741092077 1.0412260489262375 -0.00809008302447665 0.0023613315184142173 -0.0008491104703204493 -0.0008491104703204493  738315.5110100205
-0.6730775926840402 -0.42215428087433765 1.036973084903233 -0.0051253014347229925 0.0020604105271877626 -0.0009553823071919975 -0.0009553823071919975  738315.5110107706
-0.696536273628411 -0.42156400370320274 1.034313440061059 -0.004564597057458153 0.004304563546533668 0.001857336900014239 0.001857336900014239  738315.5110118672
-0.7216142710287248 -0.4227955051527412 1.035419254975492 0.0006106051896852495 0.008353863654190202 0.002312376440800216 0.002312376440800216  738315.5110131517
-0.740837549212608 -0.425106655507935 1.0370729477299747 -0.0028137370334584207 0.010510514347896118 0.001838746910287879 0.001838746910287879  738315.5110142366
-0.7599266998252436 -0.42888356758446117 1.0372099336685559 -0.005399522155965052 0.02321280393427472 0.0012795653917921119 0.0012795653917921119  738315.5110153682
-0.7779688394325059 -0.4342822512590231 1.0339775140594916 -0.008598315500622514 0.028512109925463172 0.0005281319308239466 0.0005281319308239466  738315.5110166825
-0.7875081070287856 -0.438613600248605 1.0301254982625878 -0.009323853927644302 0.02968375273124648 0.00034078020454044654 0.00034078020454044654  738315.5110177444
-0.7932656466141472 -0.4429672021389991 1.0258879710901567 -0.010213931581602784 0.025303387964510166 0.001952856202950575 0.001952856202950575  738315.5110188214
-0.7974565422785059 -0.44880201892036553 1.0202898014274033 -0.011045432191602993 0.019295755199996482 -1.4335556703301388e-05 -1.4335556703301388e-05  738315.5110201394
-0.7978541786299953 -0.45443493235711335 1.0153645888949099 -0.00938522782446136 0.01710670179377389 6.787846220367224e-05 6.787846220367224e-05  738315.511021317
-0.7966722109228346 -0.4591740627046871 1.0125626570095307 -0.010122454921213069 0.013732903810409806 0.0005703105018192673 0.0005703105018192673  738315.5110224253
-0.7939692950893341 -0.46416502664396503 1.0108525462858444 -0.013519573228595792 0.010521859980756052 0.002174485061099956 0.002174485061099956  738315.5110235999
-0.7895071095226113 -0.47029987227261 1.0104770688677918 -0.008086654606093329 0.016095979265530594 -0.00046609937820012116 -0.00046609937820012116  738315.511024897
-0.7861449802715199 -0.47397129359585 1.0103611934488546 -0.00744730886989977 0.016000616398435332 -0.0005048248835219565 -0.0005048248835219565  738315.5110258091
-0.7794096826216833 -0.4801905524213524 1.0099254541723681 -0.006997427118367273 0.01797476658859204 0.002962487222599845 0.002962487222599845  738315.5110270724
-0.7693533430623298 -0.4863387962934064 1.0081538850938927 -0.004785842137327991 0.022912680891639475 -0.0015021519324953992 -0.0015021519324953992  738315.5110284691
-0.7589544512270675 -0.49207074415994556 1.0059539313946049 -0.006574433833854734 0.02426882293719992 -0.0016178111787007968 -0.0016178111787007968  738315.5110293118
-0.7455960262409789 -0.498007967503234 1.003354367976672 -0.00913612575534098 0.02602363475904904 -0.002438357346388527 -0.002438357346388527  738315.5110304428
-0.723901416033542 -0.5058034082587683 0.9993548320267842 -0.013849551802964705 0.029029118269619465 -0.0010453186764497323 -0.0010453186764497323  738315.5110317356
-0.7020676586713436 -0.5114027414628449 0.9951426554617137 -0.016290417185153467 0.025411916378868953 0.0010304662572300325 0.0010304662572300325  738315.511032943
-0.6826424180758225 -0.5149616402752465 0.9916518749393677 -0.01923812674538827 0.018692467494827187 0.0038268300821156604 0.0038268300821156604  738315.5110339026
-0.6523431361743606 -0.5184749161415163 0.9863997687718166 -0.019978045468226725 0.009162183899872613 0.002965110026264883 0.002965110026264883  738315.5110352086
-0.6297707975362957 -0.5194537309189874 0.981316272076177 -0.020714416962754178 0.0019636085107263665 0.005711213957379942 0.005711213957379942  738315.5110362965
-0.6084189128566913 -0.519278649672642 0.9746930432734034 -0.01844812419043262 0.0002846481432841464 0.0030250795379367875 0.0030250795379367875  738315.5110373723
-0.5826298573858333 -0.5173366489889124 0.9611357406728134 -0.017880946428321526 -0.003950305407265294 0.002561750709392767 0.002561750709392767  738315.5110389612
-0.5641393640488873 -0.5147702161604627 0.9452825565424988 -0.014183875508593933 -0.006779633521974486 -0.0007049292849974504 -0.0007049292849974504  738315.5110398403
-0.549465775435575 -0.5117563737145155 0.9283483809623052 -0.013882937599313404 -0.003960197475200082 -0.0030190926313684867 -0.0030190926313684867  738315.5110408758
-0.5352252078428877 -0.5080654677792608 0.9079846083521417 -0.013916624248225958 0.002358895076193308 -0.0017238792271372322 -0.0017238792271372322  738315.5110420297
-0.5215841021044145 -0.5036504459416205 0.886259530995431 -0.019469011399680693 0.012521638171484356 -0.0019194409301465634 -0.0019194409301465634  738315.511043289
-0.5076690105054092 -0.4984920654720017 0.8637772325313641 -0.01700763161775243 0.013665086868990248 -0.0005914462679953525 -0.0005914462679953525  738315.5110443621
-0.4941509766852214 -0.4929166133311733 0.8431431356455219 -0.018129925791003865 0.015319256459824024 -0.002291749849024734 -0.002291749849024734  738315.5110454756
-0.4716228082885426 -0.48370311286550594 0.8133810246896368 -0.006803889713352079 0.01663602188139136 -0.002895979776324297 -0.002895979776324297  738315.5110470578
-0.45444377564806854 -0.47711075860081015 0.7928414578729204 -0.003519937412609778 0.012259124394648008 -0.0024140109695748083 -0.0024140109695748083  738315.5110479355
-0.4357414832863996 -0.4706061084704154 0.772621057062263 -0.007743697354350856 0.018197419183363064 0.00023624592906686774 0.00023624592906686774  738315.5110490428
-0.4132742714159238 -0.46327132185405223 0.7507124401417721 -0.00864462383540675 0.016839732574405658 0.0013649215940535276 0.0013649215940535276  738315.5110502205
-0.38716691669245473 -0.4544780742841881 0.7273327533709241 -0.017135247460120247 0.015416743329620822 0.006087882513443508 0.006087882513443508  738315.5110514086
-0.36454572044294475 -0.44631392743487114 0.7105314065197783 -0.015720566566294666 0.011904534663458012 0.00817096758514619 0.00817096758514619  738315.5110525332
-0.3385994580830617 -0.4363075891113694 0.6933960595216122 -0.016490425854247204 0.011389232801599624 0.00783132297251135 0.00783132297251135  738315.5110536128
-0.31263961002105733 -0.42579118187038434 0.6779197126588478 -0.01040181255761287 0.0071444278789930035 0.008851887541985565 0.008851887541985565  738315.511054825
-0.2867963437834614 -0.4152632988534561 0.6631619065910808 -0.004650831118604277 0.003526152647793811 0.008469270476243039 0.008469270476243039  738315.5110559644
-0.2641302493211989 -0.40669322125237434 0.6503724084190939 -0.001498335896095067 0.003401267735395569 0.00602761335209677 0.00602761335209677  738315.5110570617
-0.23750901432348898 -0.39809996913972145 0.6363332363653681 0.0009401580738589114 -0.0003602501699504336 0.00533189326954179 0.00533189326954179  738315.511058343
-0.2146350279371814 -0.3925108864626041 0.6264095004987617 0.0008007833612859066 0.0013335918363754629 0.004875243724389832 0.004875243724389832  738315.5110594511
-0.19294339632241464 -0.3889799781179419 0.6187524742559258 -0.0019643871675704737 0.002209794507889874 0.004427628890787928 0.004427628890787928  738315.5110605478
-0.17437091874736965 -0.3870224179173336 0.6121116004698667 -0.004939437253473401 0.0036095942061377772 0.003600449194846314 0.003600449194846314  738315.5110616559
-0.1512491901515864 -0.3851855686520078 0.6020243973370828 -0.00988702416352813 0.0007560362400379767 0.002342321379075567 0.002342321379075567  738315.5110629834
-0.13542584301805635 -0.3833946077091708 0.5938735608586605 -0.01429470945185157 -0.0007006203729823221 0.0022285349227382776 0.0022285349227382776  738315.51106408
-0.12109644886107894 -0.3808409158133941 0.585636688354914 -0.01467398712098138 0.0024606835595436297 0.0026480895371843983 0.0026480895371843983  738315.5110651635
-0.10557827892019912 -0.3760350981829457 0.5764666348330145 -0.01564276345029656 -0.002370372148572177 -0.0014659282210904277 -0.0014659282210904277  738315.5110663293
-0.09115472145924035 -0.36964061309671425 0.5697677183783544 -0.013368978739002424 0.0001480963764887798 0.0005814499953388773 0.0005814499953388773  738315.5110676107
-0.07958807905461916 -0.36385911433098594 0.5661653434142183 -0.007207644946922639 0.008374426954523348 0.0009364025547821317 0.0009364025547821317  738315.5110686845
-0.0657905452774834 -0.3575892033450113 0.5633206371366182 -0.003207228567568469 0.012223779692642529 0.0007142008968487359 0.0007142008968487359  738315.511069803
-0.04803140870466448 -0.3518746070852316 0.5624873259260159 0.0009350660744979817 0.019266086804079416 0.0014426923720918354 0.0014426923720918354  738315.5110710958
-0.03068298053748867 -0.3492085543096601 0.5649476242221099 0.007763682044527225 0.0227660870142987 0.002538534751301894 0.002538534751301894  738315.5110722256
-0.006113795777364934 -0.3486415836522841 0.5719310252455752 0.007334612115199864 0.02100329627796998 0.002134009426582852 0.002134009426582852  738315.5110733917
0.014226641076205401 -0.35031666094781866 0.5793181707177439 0.0067608795758300234 0.02087234404469589 0.0018163292935681077 0.0018163292935681077  738315.5110744078
0.04446909585388194 -0.35528552503513566 0.5933855777994032 0.002623653599296723 0.014266183704563656 0.0009353624934548945 0.0009353624934548945  738315.5110756777
0.07341045325424325 -0.3617797632112064 0.6104926112946842 -0.0009081324937017672 0.010003995909553358 0.0008062144882784111 0.0008062144882784111  738315.5110768087
0.10229134581881047 -0.3694981053730664 0.6318030437600902 -0.0023306593509210775 0.003280610216497464 -0.0007140449813649486 -0.0007140449813649486  738315.5110779154
0.12745959494587364 -0.3768085874170041 0.6534455085237258 -0.004904426502144311 0.0007749095119824147 0.0007898718996154255 0.0007898718996154255  738315.5110790326
0.15927701988932894 -0.3867773303039374 0.6845592655868741 -0.006185221416698532 -0.002292411515557188 0.00045016350794064864 0.00045016350794064864  738315.5110804435
0.18148213277421119 -0.39428345532545783 0.7087334753891796 -0.003878923355027358 -0.0008164443042955156 -0.00026596360490891774 -0.00026596360490891774  738315.5110813786
0.20516128152629623 -0.4028992942076042 0.7349200821812645 0.0016589547692027185 0.003068229477619538 -0.00474679598432076 -0.00474679598432076  738315.511082579
0.2294266067501391 -0.4127277609473152 0.7615183174249666 0.0030419755770614934 -0.002676637449308748 -0.003989921354184736 -0.003989921354184736  738315.5110838928
0.24840489616096753 -0.4208191281804158 0.7827150677464892 -0.004400439173173554 0.0007228853439520547 -0.0037796604215764064 -0.0037796604215764064  738315.5110849319
0.2692311299201508 -0.42948322517814286 0.8072316924815246 -0.005375543189645072 0.013812227269457307 -0.0015249931308901395 -0.0015249931308901395  738315.5110861204
0.2928636208766834 -0.4379072544515336 0.8360651903934588 -0.007587356636524363 0.01236975978850342 0.00035464495612000244 0.00035464495612000244  738315.5110872748
0.3134831017281917 -0.44379257629098834 0.8608017537949877 -0.005741134850801931 0.01415906910610601 0.0021062780501602163 0.0021062780501602163  738315.5110883833
0.3377153245215864 -0.44935912294507707 0.8886558638675651 -0.007876899717428998 0.014924280220834382 0.004374450063742088 0.004374450063742088  738315.5110894789
0.3606529811825309 -0.45322279616636263 0.9137911618104806 -0.011481002539851324 0.01137409777128736 0.004722786676723788 0.004722786676723788  738315.5110905855
0.3925523711239278 -0.4568194815795087 0.9468330043897246 -0.012282400076363822 0.013199589092247777 0.006998130122817172 0.006998130122817172  738315.5110919119
0.4173770816127827 -0.45832138429017166 0.9706747042927684 -0.01096393960593612 0.007847480683937116 0.006370516969055369 0.006370516969055369  738315.511092997
0.4451740755943496 -0.4589224285358823 0.9971818068748356 -0.006816178942317986 0.008294768120839771 0.009536454338366992 0.009536454338366992  738315.5110941081
0.4725260340349641 -0.45899014340534644 1.0248959843162906 -0.004165408095586784 0.0037638683675504598 0.007908998671266267 0.007908998671266267  738315.5110953674
0.49827475035670843 -0.4589152368667495 1.0535333957076871 -0.0016433371191727883 -0.00256302329378352 0.010549312046936021 0.010549312046936021  738315.511096487
0.5243145735018394 -0.45908358407293803 1.0838118127346816 -0.0025573991727448372 -0.005416867611149742 0.0148997135569148 0.0148997135569148  738315.5110976967
0.5433785798009496 -0.459478565034671 1.1068333467478284 -0.004648317327504961 -0.0047566072760669405 0.018667172018514533 0.018667172018514533  738315.5110988514
0.5627279603172669 -0.45984085019692905 1.1321678537745916 -0.004067848829648073 -0.0017985822449129237 0.020017215356747435 0.020017215356747435  738315.5110999481
0.5785920646674548 -0.45992908280727995 1.154172888437239 -0.0032023249994394916 0.001230810584446626 0.02110175271391299 0.02110175271391299  738315.511101056
0.5964092912749862 -0.4599040987799377 1.1780874779750365 -0.00613064583066773 0.0031494005590432137 0.019962082179505538 0.019962082179505538  738315.5111023142
0.6117965748116835 -0.4594297231147586 1.1946710831334622 -0.007465416065475495 0.0017886677622387169 0.01738949180091778 0.01738949180091778  738315.5111034147
0.624944481727709 -0.45816165785272234 1.2048560782629572 -0.014120912847309578 0.003742158989179446 0.014966902203020294 0.014966902203020294  738315.5111045113
0.6380559256014771 -0.45534686017186715 1.2123912353352253 -0.018563356340110818 -0.006010325949770932 0.015031283832683807 0.015031283832683807  738315.5111056544
0.6514653066735435 -0.44884946483752014 1.2161154943338424 -0.02061531654475869 -0.008690938185336661 0.013312329923312426 0.013312329923312426  738315.5111069587
0.658958876245813 -0.4413643388247581 1.2139325516775912 -0.02241191749878634 -0.0107378670981951 0.016564848102769918 0.016564848102769918  738315.5111080094
0.6640666443772691 -0.4320414530191973 1.208091493518341 -0.018905951468402273 -0.012117252999776033 0.01744842847244695 0.01744842847244695  738315.5111091308
0.6674712309808036 -0.41764402433572195 1.1958484163307366 -0.02359851392373285 -0.0070943783848558505 0.021258963108434736 0.021258963108434736  738315.5111104089
0.6684557596980848 -0.40174646157673055 1.180569346833765 -0.020892919583704404 -0.003980683448523768 0.022555310647339958 0.022555310647339958  738315.5111115864
0.6684040962848239 -0.38535194976818915 1.16445054819077 -0.017577828907843315 -0.0006803507110314997 0.020847169848879545 0.020847169848879545  738315.5111126136
0.667798055089291 -0.36513337350037217 1.1449352227333727 -0.018450192230439984 0.002698114432966813 0.018838199768816555 0.018838199768816555  738315.5111137102
0.6666767862124423 -0.33826332851313695 1.1184709220577325 -0.020645361965084298 0.0008548842756226578 0.016186322980527742 0.016186322980527742  738315.5111150597
0.6655492301353454 -0.3135567286776399 1.0943249652699738 -0.018487389329685147 -0.0010154450565299166 0.010633943386130277 0.010633943386130277  738315.5111163295
0.6641491319480317 -0.2923629729500157 1.073785470132002 -0.019672915223655347 -0.0006432465214096547 0.006606238064631939 0.006606238064631939  738315.5111172413
0.6615797564356706 -0.2580814512168525 1.0408640135702183 -0.022652417061814638 -0.0032514760088863492 0.001493934540449299 0.001493934540449299  738315.5111185346
0.6591789229227488 -0.22724871695112572 1.0122646868981637 -0.017419327996767903 0.003952096130103937 -0.000429814831286035 -0.000429814831286035  738315.5111198016
0.6574407459910765 -0.20137800968358716 0.9883566631191493 -0.01456446551676355 0.004726406132284493 0.0004404230633419346 0.0004404230633419346  738315.5111207021
0.6554521299977412 -0.16440088409431763 0.955639340716061 -0.01890151078549005 0.0032264702009435443 0.001054105470508172 0.001054105470508172  738315.5111219883
0.6543884908103428 -0.1295907210363335 0.9277273905544569 -0.014561877105928111 0.000984875819100038 -0.001145818774276462 -0.001145818774276462  738315.5111231541
0.6542197928934739 -0.09035225922822657 0.8976251757622686 -0.01524299909937565 0.006457348880635212 -0.0022632982865151367 -0.0022632982865151367  738315.511124319
0.6550997952116495 -0.057665320260967774 0.8738808635900785 -0.008791588285852312 0.0007380685455188699 -0.0006556560954792204 -0.0006556560954792204  738315.5111253579
0.6565910001605482 -0.021053417405183197 0.8502746805638729 -0.009908023583955853 0.0037175839464798836 -0.0010575634571984682 -0.0010575634571984682  738315.5111266149
0.6590368288381934 0.018770831597481944 0.8272578108463446 -0.005998560530640608 -0.0006322772315422659 -0.004166283522141157 -0.004166283522141157  738315.5111277909
0.660920385997166 0.04727265823596364 0.8124431098247404 -0.0036735749982033257 -0.0015264846194036183 -0.005310734932340364 -0.005310734932340364  738315.5111287953
0.6635636767603318 0.08597709616472742 0.794861189991464 -0.00801945765637404 -0.0009463964677981212 -0.004779198144072677 -0.004779198144072677  738315.5111300834
0.6657410549618069 0.12090744038012734 0.7811839380561298 -0.008897756042544808 -0.0022983393906908624 -0.004005915161902582 -0.004005915161902582  738315.5111311685
0.6677531803075497 0.15979506492482096 0.7661936617098228 -0.01164617425459916 -0.002918240585367877 -0.003962154672226064 -0.003962154672226064  738315.5111327895
0.6692107174720716 0.1920983048508333 0.7537063697131182 -0.010709541857964416 -0.0036144321915255193 -0.00426485280984195 -0.00426485280984195  738315.5111335629
0.6702033647679145 0.22874586096300442 0.7412895884988192 -0.015245249238459367 -0.002088880006120544 -0.004777214437163786 -0.004777214437163786  738315.511134669
0.6706767643741522 0.262340683274243 0.7328555721776769 -0.010978739743221437 -0.004080789732046232 -0.004412683701181297 -0.004412683701181297  738315.5111357655
0.6704767224148055 0.3033096189997443 0.7271315520832609 -0.008448077236537788 -8.161351719063015e-05 -0.000635650675406525 -0.000635650675406525  738315.5111369396
0.6702190195971549 0.33870598168191335 0.7271840830402528 0.003807464291951332 0.001200423972142288 -0.0003414226567407916 -0.0003414226567407916  738315.5111381587
0.6696947849905786 0.37040652216170256 0.7300061049824741 0.013343120295479885 0.0003146550366883174 0.0005045331934640631 0.0005045331934640631  738315.5111392736
0.6689001109389323 0.3940332594487038 0.7352174817914247 0.02033438741230727 0.00011494958463734433 0.004517182364738076 0.004517182364738076  738315.5111403917
0.6678972551685289 0.41912409144084767 0.7495178973963778 0.009536572576905995 0.009218939137368114 0.01119582840054663 0.01119582840054663  738315.5111418325
0.6678726272151203 0.4303051441396973 0.7636161470141021 0.004949335204779835 0.010180459309182155 0.015240653672822067 0.015240653672822067  738315.5111428251
0.6685798600344992 0.4401867939572408 0.7821558458584168 -0.007862440528201474 0.01180625725338963 0.01617415555151593 0.01617415555151593  738315.5111438645
0.6703868988324557 0.45132309325195413 0.8060846300393947 -0.024475887155438317 0.008860584455853367 0.016475495016380428 0.016475495016380428  738315.5111450354
0.6731644840432928 0.46352710875084424 0.8269350812491998 -0.03581374388195942 0.0064201691770691864 0.013934320331954414 0.013934320331954414  738315.5111462593
0.6765927145192919 0.4793982815659492 0.8464941723747288 -0.03533877336365949 0.004093358516909452 0.011848216316894757 0.011848216316894757  738315.511147402
0.6799695521954634 0.49919546329406184 0.864588648707692 -0.03215647747661347 0.0015832709687035069 0.01018899139349316 0.01018899139349316  738315.5111485056
0.6827867550935295 0.5217203267310393 0.8817702908756117 -0.024244512231303608 0.003282932995000299 0.009447695377455708 0.009447695377455708  738315.5111497517
0.6848389472194754 0.5457254045102131 0.8983623685646204 -0.013373363252358817 -0.000993274067087351 0.008266081432670195 0.008266081432670195  738315.5111508827
0.6857348828226865 0.5668973447430911 0.9119695622085431 -0.007461809857422325 0.0005390601595212808 0.007314649562783389 0.007314649562783389  738315.5111519571
0.6860697612418 0.5913466173798244 0.9269304670891519 -0.008353021225497392 0.0016915079727030976 0.0040203499703343635 0.0040203499703343635  738315.5111531363
0.686000557546835 0.6142980052451492 0.9416359386013267 -0.011770124960880568 0.008631586506333945 0.003979036951845764 0.003979036951845764  738315.5111544095
0.68632871190155 0.6341548941770271 0.9566315990616768 -0.011226170156886513 0.0098768869557293 0.0015775198806329115 0.0015775198806329115  738315.5111555649
0.6867208107953041 0.6497532134665256 0.9685131872430183 -0.01594278142785078 0.0034537195212892913 0.0010934743509084437 0.0010934743509084437  738315.511156569
0.6878111016586291 0.6749961444026359 0.9847440057862593 -0.017872673593634744 0.00930732058696143 0.0003449352021303817 0.0003449352021303817  738315.5111583468
0.6885514895798267 0.6924792981282993 0.9926165507080577 -0.009523635788423062 0.0032956259573821796 0.0003764116833226657 0.0003764116833226657  738315.5111590395
0.6892795326028361 0.7079168317965676 0.9970552711071815 -0.012413318299580086 0.006804069029094966 -0.0007946345707186295 -0.0007946345707186295  738315.5111600667
0.6898777513179677 0.7279494972245083 1.000311412342699 -0.006558976968601797 0.005156795558604817 -0.0009599507174706663 -0.0009599507174706663  738315.5111612441
0.6902415104785113 0.7447316653280763 1.0031255276862077 -0.0038008080168796692 0.007773636916209259 0.00030199551710925044 0.00030199551710925044  738315.5111624629
0.6903198810390405 0.7603546095298793 1.0074666005800477 0.0037110589250640017 0.002063760950974771 0.0020003177474038933 0.0020003177474038933  738315.5111636668
0.6898365629015217 0.7690493623833073 1.0110803170680156 0.005864604374035795 0.0008123312743309203 0.003599487879868172 0.003599487879868172  738315.5111646598
0.6888132614051294 0.7773643430625454 1.0134777081818773 0.01117013138156364 0.004207947444657347 0.0019741921603490427 0.0019741921603490427  738315.5111659802
0.6877711600681394 0.7808570254960592 1.0097387642107378 0.01242931847427683 0.006275028620605273 0.0008912807614199673 0.0008912807614199673  738315.5111670599
0.6871718751840057 0.7804650046943251 1.000648526416893 0.012304765728642017 0.009970589042349454 0.0008407511636071588 0.0008407511636071588  738315.511168182
0.6875110695017183 0.7763020827010666 0.9889083479360671 0.006965869541974033 0.01138898746963334 0.0010408599779446503 0.0010408599779446503  738315.5111694295
0.689138383337988 0.7692196008859871 0.9778680850689415 0.000340942331862294 0.013449598025525398 0.0027908484036326038 0.0027908484036326038  738315.5111705724
0.6923931582257723 0.7589983849456401 0.9708765537801012 -0.0021482082788810367 0.014508495178609155 0.0054919312645144765 0.0054919312645144765  738315.5111720684
0.6962659571839279 0.7481022440071221 0.9707861409473884 -0.0019059079310047484 0.005980509647209604 0.007827836288220166 0.007827836288220166  738315.5111729276
0.7001589640505039 0.7374351945331161 0.9745390975088444 -0.007616695995127732 0.008675223146528311 0.010711807525598508 0.010711807525598508  738315.5111739895
0.703917812758091 0.726265334767626 0.9789395405092312 -0.006815485530277162 0.004960659116312686 0.010491862416356624 0.010491862416356624  738315.5111750758
0.7085822447827639 0.7126426944368363 0.9812507990953457 -0.008346137482252157 0.0073076233336190665 0.00815170910988333 0.00815170910988333  738315.5111763665
0.7130184571088161 0.6988364294317486 0.9783562357962075 -0.0038159413412736615 0.00308824178025063 0.004858177711708769 0.004858177711708769  738315.5111775574
0.7165026739415634 0.6872166975771454 0.9727516723141875 -0.005731079281501068 0.007127406325597404 0.0033746233924382713 0.0033746233924382713  738315.5111785963
0.7203980711981179 0.670775946182438 0.9630062118440008 -0.0008308785382794567 0.0005146890861552914 0.00224942936928049 0.00224942936928049  738315.5111800018
0.7226251049970651 0.6573401001573661 0.9554241648676001 0.002581713281727342 -0.001697235267585925 0.0025211580629594032 0.0025211580629594032  738315.5111810407
0.7239896201210143 0.6441995532648311 0.9489172204224668 0.005144324852122795 0.0035064961340474598 0.0033330998829209477 0.0033330998829209477  738315.5111820535
0.7252753315549768 0.6239943884363385 0.939912914374424 0.006957158203001677 0.0019185245468512986 0.002627340408484117 0.002627340408484117  738315.511183338
0.7266373622340192 0.6035813400514769 0.9304121615870136 0.0030741751491329627 0.009166397662898645 0.0010312246504435188 0.0010312246504435188  738315.5111844934
0.7286747415099881 0.5814531169730695 0.9202907347392012 0.0026029377245309336 0.008154018980291576 -0.0007959583536028063 -0.0007959583536028063  738315.5111855585
0.7313184602643246 0.560338199187572 0.9117406224038695 0.0015838901117062151 0.008958036653635313 -0.0023562950676919033 -0.0023562950676919033  738315.5111866323
0.7360091012638076 0.5334126578385915 0.9025733335305153 -0.0019742522794180717 0.01199580836886685 -0.004733682227365043 -0.004733682227365043  738315.5111879125
0.741519140034351 0.5082848360502458 0.8941876557130434 -0.00042878355587353103 0.007390198843097977 -0.005180578015354551 -0.005180578015354551  738315.5111890322
0.7474002762892767 0.48544738482264854 0.8854749323960202 -0.004919282208104827 0.007760568659678178 -0.0063731883782344985 -0.0063731883782344985  738315.511190125
0.7552645336427097 0.4571738373259553 0.8722283827382952 -0.0009300435675976896 0.005450331978082228 -0.006424533565010206 -0.006424533565010206  738315.5111914465
0.7628716952495949 0.42832747309400493 0.8562354986407467 0.0020077356194242173 -0.0014429988820709493 -0.004083142184570593 -0.004083142184570593  738315.5111926007
0.7689640812246221 0.40138613594448974 0.841690562994549 0.002256929658896705 -0.004021016274182121 0.00017244038035361213 0.00017244038035361213  738315.5111937561
0.7732878745034352 0.37685662769614986 0.8307042158404185 -0.0016579398658950752 -0.0012607648630388966 0.004382902957690596 0.004382902957690596  738315.5111949105
0.7770671034508457 0.3493679928660527 0.821599895818177 -0.0015551195467088403 -0.0008615652716886039 0.0097292851790884 0.0097292851790884  738315.5111960304
0.7803917479481889 0.32473929048131717 0.8153800982129811 -0.002540554482347482 0.00880209710811388 0.009367498043304475 0.009367498043304475  738315.5111971038
0.7841432492592313 0.2947399106634631 0.8063323094106142 -0.0006654236602562302 0.004872862727772938 0.007767087077242465 0.007767087077242465  738315.511198282
0.7882495035514349 0.26809830274526264 0.7941182554862226 -0.004767883267066253 0.005511721312370367 0.0053562650140717705 0.0053562650140717705  738315.5111995521
0.7924992221404888 0.24173564453276916 0.7779350150934696 -0.006259858249272273 0.005285838627603024 0.0036063664161369727 0.0036063664161369727  738315.5112006487
0.796844137844317 0.21881695685694505 0.7629950011904248 -0.008018087162979358 0.003598038732086772 0.00027893999812246274 0.00027893999812246274  738315.5112017271
0.8028968767443287 0.18924974877509118 0.7474940772539279 0.0003013117358750512 0.0013935011973745266 -0.00421983501257319 -0.00421983501257319  738315.5112031922
0.8068973406938935 0.16811397335369413 0.740206416100227 0.00013872602137775968 -0.001700622542479155 -0.00525829192823703 -0.00525829192823703  738315.5112041272
0.810645703836441 0.14733454524362483 0.7356390761848354 0.004954506340037064 -0.006398821615409232 -0.005800998359417989 -0.005800998359417989  738315.5112052099
0.8141250252042981 0.1245279807809298 0.7311384501936697 0.0028181830182111164 -0.0022251887522527184 -0.007538976277358859 -0.007538976277358859  738315.5112063191
0.8175893275959718 0.1000713653347992 0.7245233395986895 0.0014916762597584122 0.0023054995979735465 -0.007496542490727797 -0.007496542490727797  738315.5112076234
0.8209072299107478 0.07866146305458845 0.7157794225574823 -0.002736570941940822 -0.0007148270067851135 -0.006397567606699002 -0.006397567606699002  738315.51120872
0.8247415897991593 0.0588551808322258 0.705523766714019 -0.006643360200009368 0.000940227021750132 -0.004126738424909785 -0.004126738424909785  738315.5112098509
0.8280436836788065 0.04269873843492073 0.6911346110342771 -0.034524583946273696 0.02985285581274707 0.017936680093740987 0.017936680093740987  738315.5112111323
0.8324282675925134 0.02420162060037324 0.6816858088167852 -0.0012642563523046636 -0.011350221446866563 -0.004737727107711388 -0.004737727107711388  738315.5112121752
0.8339564928177691 0.009944203466580866 0.671117726966659 0.005142727961272378 -0.020492737812857986 -0.0054271460358031355 -0.0054271460358031355  738315.5112133072
0.8325045075773087 -0.008901815614279053 0.6585514243398682 0.007318239815192727 -0.01685470014252284 -0.004248710064091903 -0.004248710064091903  738315.5112146235
0.8282239237407408 -0.02513600638754875 0.6496381008308053 0.004313055425547937 -0.010975050692113396 -0.003128914050859877 -0.003128914050859877  738315.5112157546
0.8224980991459745 -0.04141923576280861 0.6412166523991252 0.0024606509538091987 -0.005773789287613159 -0.0009472988491009462 -0.0009472988491009462  738315.5112169144
0.8162302273425891 -0.056720583494691536 0.631526334350624 -0.011410692479923136 0.005126260048360392 0.005172454418170686 0.005172454418170686  738315.5112180689
0.8112405423283695 -0.06949090540261849 0.6221959922311115 -0.015323896193514966 0.00350833998606823 0.0069476884038117085 0.0069476884038117085  738315.5112191609
0.8064687801812864 -0.0827400654255527 0.6095077521697628 -0.008131676667275736 0.0010863158464880208 0.0029954023433131204 0.0029954023433131204  738315.5112203872
0.8023100668724602 -0.09226994129347862 0.595966366253186 -0.007685668914579524 -0.005421344728398224 0.0056437180385032785 0.0056437180385032785  738315.5112215414
0.7978029521933241 -0.09962945418299758 0.5835058933477127 -0.00923539024508762 -0.009621256942624827 0.0071737975729721445 0.0071737975729721445  738315.5112227257
0.7936870177888246 -0.10410739186851932 0.5751450687149018 -0.006323770882492631 -0.010982151374341427 0.007498159285787677 0.007498159285787677  738315.511223707
0.7862037193021861 -0.10863122019517932 0.5649317698409466 -0.001567816386238759 -0.013173890345778773 0.008943411368256982 0.008943411368256982  738315.5112250027
0.776104831760958 -0.11207903303395367 0.5554624379745166 0.000384777966383292 -0.019916033089584045 0.010013088838786752 0.010013088838786752  738315.5112261656
0.7666235198259777 -0.11463453073436045 0.5491276408402918 0.00510290315680911 -0.014241644563440391 0.01000888064892143 0.01000888064892143  738315.5112272041
0.7507834577614081 -0.11803557845111638 0.5399198149746427 0.004913179149811382 -0.021694328093235443 0.010785922702299208 0.010785922702299208  738315.5112283699
0.7307170333882474 -0.12208216328370586 0.5307503776618876 0.0033035039957179254 -0.021304804886614705 0.010613196875603833 0.010613196875603833  738315.5112296436
0.7110008767153213 -0.12581442849254054 0.5241446205787769 0.0030673801660914646 -0.020714071691247962 0.011080705584332837 0.011080705584332837  738315.5112307516
0.6861907828602231 -0.13026624183827057 0.5177619328816343 0.0028494704438510213 -0.021630809573303877 0.009488844198806475 0.009488844198806475  738315.5112319348
0.6567573785894448 -0.1352600894142256 0.5117639007907244 -7.111916965885743e-05 -0.01327778813567003 0.008491873377375113 0.008491873377375113  738315.5112331477
0.6344923457078684 -0.13899658256344552 0.5073443786793981 -0.0019924660925755306 -0.009094136241813875 0.0072832881805156785 0.0072832881805156785  738315.5112341295
0.6036018921340812 -0.1437389179106233 0.49971079457021117 -0.005413428054373137 -0.008303013101544675 0.005457003110553357 0.005457003110553357  738315.5112354071
0.5732164238053551 -0.14764336272800957 0.4907940011540823 -0.004339078366440545 -0.006695668696331988 0.003035513220737799 0.003035513220737799  738315.5112365927
0.551412660803516 -0.1497245592436796 0.48406184046032774 -0.003245013661796007 -0.005322696338931489 0.0028498808750860565 0.0028498808750860565  738315.5112376162
0.5198040237022853 -0.15237345303209668 0.4748302012405215 -0.00016523185116318792 -0.0065898366758510305 8.175568963825676e-05 8.175568963825676e-05  738315.5112388975
0.49591145080854027 -0.15382052768841178 0.4689118700955873 0.0006652664828491221 -0.00993891401274798 -0.001330643190570499 -0.001330643190570499  738315.511240052
0.46668990004685446 -0.15579068286536288 0.46302971984569535 -0.0011158953053762655 -0.009975189881329019 -0.0029284994956645 -0.0029284994956645  738315.5112412515
0.4446830095438872 -0.15698173496958512 0.45819230631445323 -0.00529737933634832 -0.00612785550233254 0.00043788744809946826 0.00043788744809946826  738315.5112422098
0.414297408974284 -0.15916943217479965 0.4505015688390492 -0.006246915501399735 -0.008344638276839065 -0.0024914347686857473 -0.0024914347686857473  738315.5112435254
0.38244173136481896 -0.16199356750284769 0.44177793106946117 -0.0015084279842506837 -0.007330995844769312 -0.0008110470995056017 -0.0008110470995056017  738315.5112446892
0.3559052337210852 -0.1652890502423034 0.4345508712848417 0.0037745561463899454 -0.006610872738241912 -0.0012563894697106075 -0.0012563894697106075  738315.5112457251
0.32524902568875386 -0.1709076328651556 0.42579069944357556 0.00501839671192902 -0.0029461845212461492 -0.0016137856168936854 -0.0016137856168936854  738315.5112469833
0.2943847497683937 -0.1784511638155276 0.41813503350275727 0.0022159413543438285 0.0008475520077393069 -0.0024142312005785253 -0.0024142312005785253  738315.5112481149
0.2605642805542219 -0.1886355535725728 0.4113690952484293 -0.0012597602154744074 0.008578303086568746 -0.00338284897034797 -0.00338284897034797  738315.5112493228
0.23682455988353912 -0.19654874304509215 0.4064540972682613 -0.007792061387302331 0.004355792036041751 -0.004537551873288762 -0.004537551873288762  738315.5112503043
0.20605190107434787 -0.20753914903368784 0.40060047390405684 -0.010022284627911451 0.008323446336365998 -0.0063475316117012955 -0.0063475316117012955  738315.5112516135
0.18055406044067085 -0.21690843086918038 0.39630675069181215 -0.010329685019405541 0.011244977703919733 -0.007046723394399824 -0.007046723394399824  738315.5112527094
0.1577069114474384 -0.22597266696971047 0.39414209593792954 -0.010630350152285528 0.010456609262201159 -0.006640011369227794 -0.006640011369227794  738315.5112538305
0.13970178009306958 -0.23390780678212295 0.39434720572529547 -0.005378059713049545 0.012952851222312278 -0.0068632061470930514 -0.0068632061470930514  738315.5112549505
0.11954074770049271 -0.2440963094764413 0.39685492226157515 -0.005659550858963472 0.016006417025613676 -0.003774930899614515 -0.003774930899614515  738315.5112562663
0.10655869502171743 -0.2519682213070713 0.3996059662579558 -0.004719100227341806 0.009624361197231507 -0.004684925279320995 -0.004684925279320995  738315.5112573629
0.09381569749707803 -0.26076485683238987 0.4012051861112489 -0.003992380868214679 0.004691680460063023 -0.005006058995134783 -0.005006058995134783  738315.5112584595
0.08047126812627083 -0.27080039976098425 0.40062849047612226 -0.005232130077941039 -0.0008527227276999545 -0.006108633220348205 -0.006108633220348205  738315.5112597408
0.06953518003828411 -0.27928440980269253 0.3985461676469864 -0.004288667666842676 -0.0012437304631921027 -0.005452608871987499 -0.005452608871987499  738315.5112608222
0.05710353204544848 -0.2888919076295847 0.3957335303241721 -0.0034978403298303617 0.0013566954948037873 -0.005400013797643237 -0.005400013797643237  738315.5112619373
0.04309109817050729 -0.29982937253564756 0.3924084430276644 -0.005190503756998589 0.0067663562266659805 -0.004760824943113771 -0.004760824943113771  738315.5112632305
0.030228687304666935 -0.3099276897124828 0.3887843118454579 -0.005499978786367923 0.005618962270917174 -0.003749916872399447 -0.003749916872399447  738315.5112643649
0.020177245879213674 -0.31802540535279317 0.3854784983255152 -0.0033910425118398183 -0.00012372275067510047 -0.006381114932021269 -0.006381114932021269  738315.5112653924
0.005897438136314383 -0.3299556436437959 0.3767240855857732 -0.00803470321028445 0.004509004560960496 -0.0075947961108890055 -0.0075947961108890055  738315.511266682
-0.005096808428918266 -0.33943023813160855 0.3658703182853685 -0.009524458210940199 0.006850677466456969 -0.009809566883070893 -0.009809566883070893  738315.5112678392
-0.014085647481818312 -0.3474497019288623 0.35421241857413927 -0.008366689103975446 0.007954173698502352 -0.011426661821737568 -0.011426661821737568  738315.5112689591
-0.022863198175911034 -0.3552846041793661 0.3391094296394028 -0.012207273967873439 0.006646641593570222 -0.011932395840984725 -0.011932395840984725  738315.511270125
-0.03102735640070575 -0.3623582135847776 0.32097973911825656 -0.011079763490693876 0.006683726038239905 -0.009808686652564314 -0.009808686652564314  738315.5112713139
-0.03717756793830247 -0.3675531858556103 0.3044888417162606 -0.009784409310509331 0.006127148770554623 -0.00788214811674309 -0.00788214811674309  738315.5112725958
-0.04185302030204592 -0.37109541993226963 0.2919056578068209 -0.010321593801630148 0.0029351872467425575 -0.007529093211945204 -0.007529093211945204  738315.5112734502
-0.04828609006087898 -0.375695095787725 0.27504775782897906 -0.006472205181127453 0.002627643487870738 -0.006724922843886036 -0.006724922843886036  738315.5112747299
-0.05397995860165105 -0.37972461334036894 0.2595584210196223 -0.0033062752089621783 -0.0006750054294271822 -0.004500142570843332 -0.004500142570843332  738315.511275822
-0.060429423767017466 -0.3842064202683686 0.24183335575128778 -0.006736317127695949 0.003924247772752125 -0.002391765490811529 -0.002391765490811529  738315.511277094
-0.06617351482116843 -0.3883747388982352 0.22445210183312872 -0.005386233883412245 0.003347679446688071 -0.0014954206250382496 -0.0014954206250382496  738315.5112783423
-0.07076782505541959 -0.39177968213635816 0.20748938326868832 -0.0059112317530030595 0.007262926753893887 -0.0019835064998752635 -0.0019835064998752635  738315.5112792889
-0.07496009469224846 -0.3948739227307938 0.1898898766904119 -0.0075127377454066065 0.008085557178602548 -0.0020553394093931732 -0.0020553394093931732  738315.5112804547
-0.07909991237247078 -0.39785257140576447 0.16644940921829257 -0.007771214040604777 0.0026875182190532836 -0.006889335515615186 -0.006889335515615186  738315.5112817256
-0.08203191532622459 -0.3984412419521265 0.1484792471517666 -0.017798752555834362 0.0074411955972000735 7.885453486868094e-05 7.885453486868094e-05  738315.5112827877
-0.0840978866436293 -0.39766076440883413 0.13165011129140045 -0.020449633254727654 0.009869507526585882 0.0003066575217590147 0.0003066575217590147  738315.5112838817
-0.0861888186298609 -0.39386207702389636 0.11062534629438679 -0.020465250212733047 0.007404287792277405 -0.0012228423023583764 -0.0012228423023583764  738315.5112851975
-0.08731822748176386 -0.38908006121226707 0.09473764009332986 -0.017484785823386285 0.0007018606415031258 -0.0030073392589514596 -0.0030073392589514596  738315.5112862862
-0.08913688944285576 -0.3824669428862954 0.07799110124799961 -0.00721031545458542 0.00045302817864031534 -0.003995265776764987 -0.003995265776764987  738315.511287408
-0.09269495577000106 -0.37477164505501676 0.06413864613477512 -0.008240892218853166 -0.0029334601764485053 -0.003065462729544034 -0.003065462729544034  738315.5112886715
-0.09676585284024837 -0.3686215359617094 0.05830386503817861 -0.0057756089681791955 -0.0003236661776837067 0.0002687550166850863 0.0002687550166850863  738315.5112898144
-0.10203856731754592 -0.36270091251595166 0.0543294281861926 -0.0029066647070525534 0.009775240088019175 0.002049961095308063 0.002049961095308063  738315.5112909225
-0.10718606661004432 -0.35824075045869785 0.05036752681177868 -0.004364704407830883 0.008006842413990153 0.0021643825833946415 0.0021643825833946415  738315.5112919715
-0.1124139640996308 -0.35332419446349955 0.04437283738098928 -0.012666831970570554 0.01260667903521665 0.0029169814156245247 0.0029169814156245247  738315.5112933103
-0.1145648092094867 -0.3508818751798016 0.03976821774723919 0.0020651277416973176 0.02616146221064666 0.0015828138021434669 0.0015828138021434669  738315.5112944415
-0.11475533183482951 -0.34787740839419684 0.03420689568106929 -0.022474702576121088 0.024229978461788846 -0.0032710595166027985 -0.0032710595166027985  738315.511295492
-0.11352413250601029 -0.34522898502511973 0.030215901008563695 -0.013846592616998766 3.3236596949904437e-05 -0.022066848474063542 -0.022066848474063542  738315.5112966046
-0.11228166138270447 -0.3451042670814162 0.03223888200961057 -0.0008388923903546053 0.008137910174317281 -0.024619856535614874 -0.024619856535614874  738315.5112979318
-0.11156173131385864 -0.3450033077388711 0.030585924070471393 -0.010008606832472337 0.003329820463405808 -0.026908440956173178 -0.026908440956173178  738315.5112991156
-0.1116413514827637 -0.34535904483339724 0.03071075843171773 -0.006929736143967134 0.0013432995683072147 -0.025509598979481928 -0.025509598979481928  738315.5113001261
-0.1124921481721481 -0.34578229832511065 0.030508834522924574 -0.009377722275059877 0.0008230775215781678 -0.01767165585679255 -0.01767165585679255  738315.5113015132
-0.11218890508006607 -0.3460292859943776 0.031156521554565133 -0.007673222295161485 0.007233739862569802 -0.015357399104619576 -0.015357399104619576  738315.5113025559
-0.11119691913730745 -0.3462894440095795 0.03213876212413252 -0.005997089467080241 0.021928412871246382 -0.01435326366846506 -0.01435326366846506  738315.5113035718
-0.11067676786162275 -0.3457047397780876 0.031508630329969214 -0.005352971002829481 0.011811072565753521 -0.022391029759960695 -0.022391029759960695  738315.5113048585
-0.1116346500519261 -0.34544928162391175 0.03046812066463714 -0.007070938386196469 -0.0009926192440066438 -0.025502587518706103 -0.025502587518706103  738315.5113060345
-0.11104243325494023 -0.34560615263067396 0.030978850373748982 -0.006886069172339659 0.0048762488538753096 -0.024500948605232005 -0.024500948605232005  738315.5113070555
-0.11142548843814407 -0.3456898333156881 0.030580195935493878 -0.005657912196729295 0.001343696502157817 -0.025771653214779013 -0.025771653214779013  738315.5113083252
-0.11082130571896646 -0.3456724303847015 0.031105583394772738 -0.004966199694836521 0.00903225279442479 -0.02247422555158763 -0.02247422555158763  738315.5113094565
-0.10982147805296943 -0.3458599103765711 0.03224268713731021 -0.002527084578868448 0.02242582127676079 -0.021676014263232388 -0.021676014263232388  738315.5113107883
-0.10860588470638102 -0.34567247906165016 0.03311643561049002 -0.0021600389038162475 0.03303198727537677 -0.026434667359233426 -0.026434667359233426  738315.5113117005
-0.10729225549905032 -0.34511663115539465 0.03316990266775068 -0.00016875366315925166 0.03736968506265701 -0.03566371954412037 -0.03566371954412037  738315.511312971
-0.10651496618600635 -0.3436563025531872 0.03162905735756864 -0.0021710740854018087 0.024950786561497233 -0.05243871173020141 -0.05243871173020141  738315.5113140607
-0.10622471833624586 -0.3429267036120951 0.03084863114517724 -0.004602862416557666 0.018162389992352795 -0.06474641554858061 -0.06474641554858061  738315.5113151316
-0.10636744528377641 -0.34226568939225444 0.02997656593423131 -0.002814034833485635 0.008229693377620213 -0.06908368728561685 -0.06908368728561685  738315.5113165906
-0.10641111639977976 -0.34238923089623613 0.030220544859505084 -0.0021646924216421116 0.005647456544737825 -0.06910839632679268 -0.06910839632679268  738315.5113175024
-0.10637417437241849 -0.3424162892239564 0.030305546295214102 -0.0074726304287706415 0.004665152137807155 -0.07062122940552364 -0.07062122940552364  738315.5113188779
-0.1060018475463121 -0.3426771637343644 0.030791077468431936 -0.00495517405843254 0.012442492029195413 -0.06910743371546764 -0.06910743371546764  738315.5113200671
-0.10601170956501814 -0.34257619785996285 0.030665992448889096 -0.004312708709826236 0.00818797119542653 -0.0704094398902483 -0.0704094398902483  738315.5113211059
-0.10627282846234501 -0.3425700471103448 0.030428665452997338 -0.004672337941305111 0.006714934845420359 -0.06955049345521785 -0.06955049345521785  738315.5113220682
-0.10636654842446255 -0.3424786524397447 0.030180211905051095 -0.005747604132950782 0.006249540312756027 -0.06956466240559622 -0.06956466240559622  738315.5113234883
-0.10638047225455968 -0.34241343488325976 0.030033417630046282 -0.0032227838110675893 0.0070425807213103705 -0.06866105646512374 -0.06866105646512374  738315.5113245931
-0.10641185323792507 -0.3424467990689546 0.02987397341228088 -0.0026893756408232442 0.0018209679133862947 -0.06927190819658789 -0.06927190819658789  738315.5113257065
-0.10665663279832437 -0.34243222057665207 0.029447011205792777 -0.004812138838247109 0.0009150435941317297 -0.06688764147433425 -0.06688764147433425  738315.5113268492
-0.1066746267439488 -0.3422367338543355 0.02915961556727832 -0.005478587314980685 -0.005266473523760835 -0.06958490520240718 -0.06958490520240718  738315.5113279572
-0.10674381817124613 -0.3420375862133237 0.02868888667672453 -0.00038401410390126965 -0.007419892654871203 -0.06911090346108217 -0.06911090346108217  738315.5113290764
-0.10691244069159105 -0.341986385090756 0.028686029420461737 -0.0013457272284408863 -0.009271897004266566 -0.06797064432273382 -0.06797064432273382  738315.5113303931
-0.10723004552060902 -0.3421065744153686 0.028693265011114345 -0.0019308122869809228 -0.009418792929480587 -0.0658089478729166 -0.0658089478729166  738315.5113315011
-0.10727716783216316 -0.3420967148749138 0.028636039685407875 -0.0020512467421382264 -0.011715398252606367 -0.06643249820931163 -0.06643249820931163  738315.5113325112
-0.10722706899759453 -0.3419439511908641 0.028733096335912638 -0.0043802848358858535 -0.014695132109707142 -0.06716429974907397 -0.06716429974907397  738315.5113339223
-0.10737051392751448 -0.34211814872045176 0.02913981930454416 -0.0021132079668557285 -0.005071487021595525 -0.06473248137164933 -0.06473248137164933  738315.5113348779