-0.19232851351552727 -0.20959942736078624 0.051444303437104294 -0.0021917495125147284 -0.004389183904094988 0.950014365907491 -0.31216764064860786  738339.3783994688
-0.19232070722043748 -0.20960033458715038 0.05144869194199947 -0.0023621927540635815 -0.004279413224394833 0.9500208769409425 -0.3121481059436533  738339.378400706
-0.19230852682544697 -0.20959363228086 0.05147047311989572 -0.0023121125001049144 -0.004160657625226241 0.9500430137623752 -0.31208270548881106  738339.3784017867
-0.1923067098250922 -0.2095883607911233 0.05146657570974265 -0.0022986311230298808 -0.004467009381888748 0.9500307190032287 -0.3121159961814688  738339.3784030648
-0.19231198724936324 -0.20958913125455325 0.051465897461728576 -0.002088420367263237 -0.004535154338572918 0.950010343001093 -0.31217850513198503  738339.378404122
-0.19232097242317656 -0.20959572737156493 0.05145679503304129 -0.0021801827313841387 -0.004303093327550847 0.9500245151073304 -0.3121380317842633  738339.3784051836
-0.19231458265333973 -0.20959175807632277 0.05146623943966736 -0.00224472909545047 -0.00420690083257179 0.9500185427411811 -0.3121570624294692  738339.3784065346
-0.19231697395224956 -0.20959230398084475 0.051449595445655874 -0.00222400160496183 -0.004357757851715819 0.9500456280745511 -0.3120726972033902  738339.3784075803
-0.19232238464164148 -0.2095960288115482 0.05144853455483357 -0.0023112649303430608 -0.004379045902956864 0.9500348143269655 -0.31210468368502564  738339.3784088554
-0.19230562072814114 -0.20958556603811612 0.05145559164105821 -0.002262883484626926 -0.004369104598404752 0.9500204029382066 -0.3121490417804784  738339.3784098385
-0.19237281921016613 -0.2095921099973645 0.05160902474904211 -0.0029219042924939183 -0.0036806951060576695 0.9499121249441422 -0.31248179121821795  738339.3784110999
-0.19405401374453016 -0.2094978931917301 0.053657814239795994 -0.017795894130846337 0.003728733047205308 0.9495612493234752 -0.31305404722697217  738339.3784122091
-0.21052627412717814 -0.1995175646591021 0.06642252959120569 -0.11392936690658448 0.12525411971465686 0.9332252982730718 -0.316894379113779  738339.3784134499
-0.26695913543587446 -0.08760718567302332 -0.01828428084450514 -0.4107276861517072 0.3035274557343452 0.7787549780187253 -0.3643000626612005  738339.378414535
0.0 0.0 0.0 0.0 0.0 0.0 0.0  738339.3784156162
-0.39243610808013113 -0.0763023364366799 0.03653202631045715 0.6067370199116511 -0.5025660968539535 0.6155298591626547 0.02050608302221396  738339.378416958
-0.34629057514995176 0.005827109404239769 -0.031948451688031676 0.6898080078563287 -0.468861015137224 0.16767470060930795 0.525565843217911  738339.3784179533
0.6392031978664348 0.3706137197625516 0.41018542318842527 0.27261267438147163 0.8828767027020958 0.10626339352109473 0.3673134203780714  738339.3784192572
-0.3831495273143381 -0.11691704523044015 -0.0029867448160856855 -0.5412139868643044 0.8326395690009059 -0.11737364094984687 -0.004711365683816972  738339.3784202912
-0.3688130593512823 -0.12353430021603945 0.027971565475240844 -0.31586903806246813 0.8919951385208456 0.20667257246752768 -0.24871242718916017  738339.3784215343
-0.38999643902230774 -0.09194470849544081 0.023597716891941366 0.21035547940456653 -0.3185651511389243 0.8916009742115756 -0.24354572373432987  738339.378422616
-0.3925640289548798 -0.09392431996692267 0.02254086544756307 0.06400417710185174 -0.19542951925500038 0.9531426115222188 -0.22187818824273603  738339.3784237028
0.7684099692754889 0.2701895228902625 0.5021193584897305 0.8274117341605358 0.08045511916076942 -0.30062456029023515 0.4674844058624674  738339.3784250576
0.772422598282034 0.2585101271783222 0.4908920068544326 0.9500120691231067 0.11777580141785522 -0.13267863687092454 0.25690914432711237  738339.3784260207
-0.3825072354605708 -0.02555207109964854 -0.072620590848473 -0.3541167467314703 0.9312364461319406 0.0016690672461367893 0.08600712350963155  738339.3784272684
-0.3829797961513129 -0.024042676438783484 -0.07431907197548299 -0.32079026102528113 0.9396012147728506 -0.045107110960557265 0.11049214528421215  738339.3784284117
-0.3834088509970908 -0.023332096194979605 -0.07525619078586579 -0.3225379539122485 0.9389082847805379 -0.04857148918259181 0.10982400236357213  738339.3784296842
-0.3830176902053271 -0.023928093685510906 -0.07434789885932233 -0.321724903168953 0.9392081982176309 -0.04756778662487368 0.11008339001561407  738339.3784307253
-0.38268160837078574 -0.024684170045872696 -0.07363061479800552 -0.3214448330848276 0.9391587343823882 -0.049324411749298795 0.1105495062038901  738339.3784320037
-0.41502567509565086 -0.1288519781344028 -0.02163696993024904 0.8337704772199047 -0.37684222749629287 0.1782230743118004 0.3620127935238962  738339.3784330203
-0.3918367789986535 -0.0904271033587941 0.003198695723162316 0.42229533998252433 0.4577843147918744 0.28062773425118404 0.7303069503493892  738339.3784341108
-0.4155196476182337 -0.12813742985358095 -0.02156593090143418 0.8467248687035696 0.0003593753057714177 0.18940241713605308 0.4971756147995726  738339.378435476
-0.4155814463615111 -0.12817501328112552 -0.021614505683481038 0.8473350765172613 0.0008240751671406846 0.1895492740739556 0.4960782818282235  738339.3784364669
-0.40846208688171987 -0.11674242725294072 -0.014473172598950305 0.4916416334750099 0.40937714848614887 0.2725718837835745 0.7186121503996764  738339.3784377819
-0.4155153744057926 -0.12813522838358923 -0.021575764931059938 0.8036126869762703 0.0769479317918119 0.21002582469477027 0.5515204602596566  738339.3784388065
-0.4154823006101196 -0.12821804822457297 -0.021544105275865286 0.7481565503931633 0.15831898807485792 0.23020254819580702 0.6018335824153654  738339.3784400673
-0.38981653331468846 -0.08707373609002221 0.005308652143887924 0.07427237944144495 0.6331053674299222 0.2754104807047029 0.7195903518680151  738339.3784411395
-0.3893808501233434 -0.08591558869454173 0.004825206006261261 0.1318867372715029 0.6205277999111757 0.27330568871212624 0.7230872275091462  738339.3784422962
-0.4113551396352827 -0.12307351952209408 -0.017620403653634695 0.28245318737171393 0.5484041916822674 0.2823790445430529 0.7346666691036357  738339.378443509
-0.4113318666836638 -0.1231143709171875 -0.017674541922743117 0.3121303643432247 0.5294507283646359 0.2840249267033565 0.7359255416822243  738339.3784446138
-0.414610353817732 -0.12816418570565086 -0.021178933829620057 0.5796243875894416 0.3408792744101152 0.26495223738183665 0.6911130164419979  738339.3784458868
-0.41500680064013223 -0.12891520490602815 -0.021528153024956 0.8465653661377903 0.009077124341030429 0.19145992011582355 0.4965760623096215  738339.378446905
-0.39663512972214404 -0.11460608311862164 -0.03523495232334479 -0.6535783751745163 0.38550585472718885 -0.017394459361894384 0.6510898373180203  738339.378448162
-0.3898710487390994 -0.08726205105036683 0.0050766587962067285 0.6865350835307855 -0.6496734698073844 -0.11037369542838436 -0.30726472148180856  738339.3784492352
-0.41553042148640446 -0.12821024822279975 -0.02158460966085387 0.8667932998983943 -0.03401711893330311 0.17791182272151243 0.4646069244066851  738339.378450399
-0.41546706674942113 -0.12829718780347776 -0.021641628918475063 0.8483172904650347 0.002538204601436191 0.18905769034533845 0.494579136172109  738339.3784515625
-0.41558376599567104 -0.12816286149914152 -0.021662457610049174 0.8465617289330142 -0.0012917316582404022 0.18895001299063408 0.4976238168798879  738339.3784526266
-0.3756574954983469 -0.11299720157689293 0.019742729916382495 0.8402549113850856 -0.42217333442072313 0.3089794641067019 0.14238346237420046  738339.3784538908
-0.37466199575039283 -0.11616596544164359 0.021970938358135236 -0.3284960384962542 0.9388120452850827 -0.044638738776915446 0.09343275293125826  738339.3784549674
-0.37475626523366745 -0.11628537205863945 0.02202916776332771 -0.32442660324540595 0.9401788197304157 -0.0448344182404426 0.09381386346383731  738339.3784562999
-0.37547063297146477 -0.11657958497039485 0.02186857580877323 -0.3225217152987687 0.9401946974248667 -0.05356507071237753 0.09562665577380228  738339.3784573388
-0.37584893942505415 -0.11594050913314902 0.022150038455582326 -0.3184996650682274 0.9434626372857382 -0.04592248739548796 0.07954458214534724  738339.3784585724
-0.3755165634111478 -0.11709351200110485 0.023172480546741356 -0.3069657232477222 0.9473430097194872 -0.03276202471272425 0.08508769842550346  738339.3784596556
0.0 0.0 0.0 0.0 0.0 0.0 0.0  738339.3784607378
0.0 0.0 0.0 0.0 0.0 0.0 0.0  738339.3784619868
0.0 0.0 0.0 0.0 0.0 0.0 0.0  738339.3784631242
-0.3318714418045362 -0.06317771702137662 0.07936406062853538 -0.22667510905681715 0.2889017317189413 0.4302154401703153 0.8246628762002924  738339.3784643377
-0.22386435018827391 -0.05907916182509815 0.10261674397107744 0.416693477842133 -0.6670571972910754 0.018543308246253776 0.6172984584342389  738339.3784654369
-0.13729514585368077 -0.0999998575160119 0.10434980466527315 -0.494801163788778 0.403865900612558 0.7404086301730787 0.20942588904169326  738339.3784666781
-0.09581384573305117 -0.12482881307834631 0.07979936031610178 0.238646401884966 0.3073502704568296 -0.6342627471380018 0.66805274770068  738339.378467745
-0.08610365223960414 -0.17084312837470508 0.0557194676522611 -0.3042526589397213 -0.5698756666897338 0.668538441542733 -0.3684133496802944  738339.3784688326
-0.10548079892439388 -0.1765867922364956 0.044422391240743174 -0.6047912410744004 0.44609174692791037 0.08930126900582828 0.6536474519161231  738339.3784702438
-0.10025717336505102 -0.1685915096517936 0.01533655237840392 0.43323205836732154 0.4224967255477509 0.0021297446534845506 0.7961168034226844  738339.378471172
-0.1006619447230014 -0.16845385260819626 0.014923234414913422 0.4459829209267745 0.4181597225774863 0.001803950841977203 0.7913522770655947  738339.3784724314
-0.10070347845076284 -0.16848146403939532 0.014857535703821928 0.447023096584521 0.4176423502007593 0.002705091536005568 0.7910359668931333  738339.3784735415
-0.100685836150102 -0.16847980564686793 0.014873666923137916 0.4466658033861785 0.4177822351030734 0.0029426306613966 0.7911630710810829  738339.3784748092
-0.10069384922493939 -0.16850588013383277 0.014855397505491112 0.4469286577624492 0.4177188367534872 0.002908579294092935 0.7910482213231119  738339.3784758572
-0.10062745427774436 -0.1685191497703465 0.014861362025776486 0.4467455923709429 0.41757849540471026 0.00323547871919586 0.7912244356376585  738339.3784771279
-0.1006025152912173 -0.16851145982640514 0.014876041994951327 0.446726366766362 0.4175669628328793 0.0031930573824716455 0.7912415491939253  738339.378478177
-0.10060394744177861 -0.16855282680386915 0.014857561149297701 0.4468031115062233 0.41767286142813514 0.003166826246481602 0.7911424218093199  738339.3784793295
-0.10061433756511053 -0.16856652557524224 0.014873507698893835 0.4467507114790128 0.4175410345441503 0.003230554019432565 0.7912413347301341  738339.3784805186
-0.10060229993434022 -0.16858231501371665 0.014861507891372404 0.4465719075514817 0.4173957958577883 0.003296025663969538 0.7914186105980178  738339.3784815839
-0.10059942134713588 -0.16857293195635895 0.014882519588448226 0.44681925729664057 0.41754857856862054 0.0032826805613533974 0.7911984326656211  738339.3784828406
-0.10058862376259847 -0.16851798392587655 0.014847651115372954 0.4467956419726651 0.4175951311176252 0.003265603801171653 0.7911872702545847  738339.3784839702
-0.1003572297635452 -0.16831791532022633 0.01485308387370787 0.44644798559230664 0.41776662088025285 0.00379889506022625 0.7912906008763076  738339.3784851594
-0.10053994789307995 -0.16710430067330725 0.014841474592131624 0.44682955638920474 0.4172828143009154 0.0019288408712202338 0.7913372732274323  738339.3784862782
-0.10164040906620914 -0.1688132509068758 0.015003197945775421 0.44480658688711194 0.41855352652547295 0.0023912146646816986 0.7918044757308182  738339.3784875106
-0.10164143478330384 -0.16862670809389563 0.014906082003605957 0.4449424730136577 0.4188965419511604 0.002303233824728947 0.791546952469529  738339.3784885835
-0.1016668652070618 -0.16864301151270214 0.014908858228413827 0.4450398671841874 0.4186209052542132 0.0024135630882139527 0.7916376879697196  738339.3784898632
-0.10591123682372854 -0.15712279223689837 0.04177586486141213 0.005221011009876628 0.001446324067666775 -0.012674357814165047 0.9999050004099013  738339.3784909043
-0.105885549531148 -0.15710001012876806 0.041782964186782866 -0.002482988515968159 -0.00562738032711172 -0.012921461333368937 0.9998975963545936  738339.3784921796
-0.10588055794375859 -0.1571024373736549 0.04179619169305602 -0.002585652424718701 -0.005738373689696072 -0.012893793885222205 0.9998970624760238  738339.3784933345
-0.08589398242384567 -0.09392037636011229 -0.03919634934298051 0.017184009798567452 -0.005993798662212236 -0.015759573587180036 0.9997101680113041  738339.3784942924
-0.08594948204796594 -0.09399982345445877 -0.03910474893648009 0.020292295040415322 -0.0056685430884283435 -0.01568162259476416 0.9996550290445414  738339.3784955745
-0.08590866310691184 -0.0939139600012892 -0.03920005777954756 0.0202047597497635 -0.006359012767488444 -0.016827570059281795 0.9996340147904018  738339.3784966689
-0.08590298908508669 -0.09393363976693002 -0.039165355543487566 0.020571546206909437 -0.006259992034694278 -0.0167240697437271 0.9996288958796608  738339.3784979678
-0.10586558731222637 -0.157109373421595 0.041800682020769434 0.0006551454911766095 -0.005786738053732018 -0.013452617850047338 0.9998925499872792  738339.378498993
-0.10587464548991246 -0.15710916860094376 0.04181519454139442 -0.002567756565154318 -0.0057949632203527605 -0.012906960233682114 0.9998966123580092  738339.378500276
-0.10587162748867317 -0.15711206149554816 0.04182474216331461 -0.002328378338468112 -0.005778458493373672 -0.012998875117822767 0.9998961032614462  738339.3785013534
-0.10587768264425383 -0.15710105092055943 0.041802987215101985 -0.002504603568560309 -0.00569546202687279 -0.012908231839355893 0.9998973278412371  738339.3785024789
-0.1058701857684008 -0.1571092379505854 0.04181438835663385 -0.002244578353250179 -0.005776365374634855 -0.012982679491216755 0.9998965173978271  738339.378503694
-0.10587682611004376 -0.1571170898212271 0.04181414706999513 -0.002460264042432537 -0.0055760972293552955 -0.012967626245943146 0.9998973421857246  738339.3785048021
-0.08589354443435289 -0.09397818726871061 -0.03908977648229759 0.017158873197919217 -0.0058262455649139505 -0.015505762032352674 0.999715559185207  738339.3785060471
-0.10426640562750046 -0.1520330321030972 0.03529965692484379 0.00995704742304304 -0.005843790610672474 -0.014260243991221179 0.9998316622108068  738339.3785072227
-0.10588403307809043 -0.15712096232831793 0.04181500042285385 -0.0021378639569365494 -0.005813696440498252 -0.012960580093267816 0.999896821594631  738339.3785082384
-0.10562580227702033 -0.15631848471543114 0.040798550471517446 0.0033334839089032404 -0.005961812246297266 -0.013898507056234112 0.9998800809003932  738339.378509428
-0.10587572563944506 -0.15712343760142194 0.041814106426546614 -0.0023665366982727988 -0.005619971390859444 -0.012995763833183722 0.999896957465125  738339.3785106299
-0.10588275316264839 -0.15712116072063637 0.041782653537105356 -0.002357115332202666 -0.005591768062040253 -0.012991987973843438 0.9998971869076033  738339.3785117271
-0.10588358676997099 -0.15712736328841426 0.04177889975575634 -0.002397675583866797 -0.005680285386861617 -0.01304882691984435 0.9998958513894006  738339.3785128259
-0.10588906400811479 -0.15711710861613973 0.04180596053811071 -0.0024036191495555143 -0.005631134386357931 -0.012940969711032833 0.9998975168703265  738339.3785141662
-0.10588091230531262 -0.1571299952354016 0.04179117200205176 -0.0023431317605064252 -0.005646882703163114 -0.013009414983663554 0.9998966834483813  738339.378515148
-0.10587571208777018 -0.15712969564752768 0.04179442096423967 -0.0023785681192669368 -0.005639495703895025 -0.012989753884451545 0.9998968970828589  738339.3785164867
-0.10588114958632855 -0.15711683770308216 0.04179257468392263 -0.0024031395797290485 -0.005641666645244454 -0.013050160644896882 0.9998960395084915  738339.3785175256
-0.10587244904998665 -0.15711545277657574 0.04179589212068287 -0.002315716719120022 -0.005405097558199588 -0.013012607489982701 0.9998980420136719  738339.37851868
-0.1058847032611965 -0.15712580530176287 0.04179328895745247 -0.0026236366950245014 -0.0053977736696785685 -0.013004723193822176 0.99989742361132  738339.3785199035
-0.1058745612939824 -0.15712693949562365 0.04179493585513066 -0.002314320908251715 -0.005465861278261387 -0.013018865219927466 0.9998976334743501  738339.3785209996
-0.10552712601640511 -0.15748050351686646 0.04156695513018642 -0.006322420692521088 -0.00724244955840218 -0.013239681726249059 0.9998661334142528  738339.3785222629
