-0.21477889760807672 -0.03892098546295953 0.01992855676545494 0.015408736488643372 -0.007872854188723428 0.9995557135243004 0.02426859220625438  738339.4017793337
-0.21477928826350853 -0.03891791920710426 0.0199327929319151 0.015301098852898957 -0.007931562258535568 0.9995579073657155 0.02422718548871485  738339.4017803689
-0.21478079797889654 -0.03892753483664704 0.019918165767228296 0.01557896324947779 -0.007885320109262395 0.9995504461113655 0.024372593407681713  738339.4017815716
-0.21478779217966973 -0.03893846271724911 0.019915217897799452 0.0157937412990108 -0.007624605488267637 0.9995452969155247 0.02452799504614864  738339.4017826547
-0.2147659717250702 -0.03893373288954358 0.0199255003635773 0.015184552717897338 -0.007860123573135609 0.9995638767668578 0.02407704464801615  738339.4017839545
-0.21476695490862927 -0.0389414351038409 0.01992138823733348 0.015467736011050922 -0.007779715835169668 0.9995567680606184 0.024217609056790296  738339.4017849965
-0.21476227553275085 -0.038930895237083964 0.019925971491944815 0.015498998863146983 -0.007839162239560838 0.9995574868940916 0.02414868451054801  738339.4017862777
-0.21476312319124846 -0.03894769798940167 0.019920683150265277 0.015455892585162419 -0.007852226952896299 0.9995552748048656 0.024263357682849433  738339.401787341
-0.21477098960234337 -0.038933797750363965 0.01992727653910319 0.01535208423971584 -0.007811000277459528 0.9995615281610349 0.02408429373136872  738339.401788593
-0.2147711340241774 -0.03895596358731865 0.0199020323702737 0.015656223689972163 -0.007738847191519623 0.9995516366752134 0.02432115383402042  738339.4017897554
-0.21478885621685234 -0.03891267307015637 0.01997065950697412 0.01456180688432526 -0.007459940371047195 0.9995818727566156 0.023840778642932166  738339.4017907341
-0.21520363082420937 -0.03881600197965878 0.02027633637328038 0.007665747743340164 -0.006751966776011264 0.9996711166931055 0.023522451099973574  738339.4017919918
-0.21573715313450828 -0.03895684168828873 0.020671641818656303 0.0033851137512487793 -0.0067667975419485795 0.9996869482661026 0.023848625166330035  738339.401793079
-0.2195502455986221 -0.03958621920987452 0.023869558491521885 -0.03562662507764474 -0.012533014632901155 0.999005097116735 0.02371672541839009  738339.4017943362
-0.2301703083640766 -0.041206738280511815 0.030871735799052072 -0.12669936062408355 -0.0405069936783766 0.991061812419023 0.010145907811017686  738339.401795407
-0.2589884009432327 -0.05144554412423522 0.040486915533031576 -0.25575953287875536 -0.17195384418570345 0.9413707920919051 -0.13725876513964036  738339.4017966815
-0.2932356336209581 -0.06637091488165392 0.0444150010296687 -0.4620656511076292 -0.26235894688628847 0.8141290244265794 -0.23421581637760167  738339.4017977186
-0.35986080540703425 -0.11142716779719715 0.022476184938762942 0.8409235577346302 0.3508424477992193 -0.3701627505365078 0.18093281898105557  738339.4017989974
-0.3816366608513263 -0.1454030849696385 0.013888171733061677 0.8991100385150226 0.3876911983948118 0.15117195513341028 -0.13580763347415853  738339.4018000573
-0.36974449039663554 -0.17987167372738985 0.04382881728226387 -0.7430139245938611 -0.31155080211749286 -0.12893015709556438 0.5781378902570632  738339.4018011488
-0.32701342494705926 -0.23154879840981682 0.03332427543900122 -0.21562069601772332 -0.2223707009727223 0.2879904275867528 0.9061569954572619  738339.4018024824
-0.3021472088096974 -0.232442909238063 0.03124414460650456 0.06870688859933932 0.03046498413528376 0.3613841326925674 0.9293829979285589  738339.4018035197
-0.31162731357926715 -0.2263602320965217 0.01830300268197764 0.025693331261477523 -0.018082300853754372 0.3102140214651945 0.9501474327760479  738339.4018047949
-0.3150494709258312 -0.22111612748558854 0.01775741352061215 0.0008598172379577345 -0.013812568825428105 0.32451825458907546 0.945778185461697  738339.4018058239
-0.31502270052089704 -0.2209469210035831 0.017409123566121905 -0.0012038290551246878 -0.014134202857479369 0.3248415823822644 0.945662054573713  738339.4018071044
-0.3149700217029398 -0.2209761527924839 0.017479560025832046 -0.002550900126518273 -0.014155153623053212 0.32544358113294014 0.9454520612034328  738339.4018081465
-0.31497284995841285 -0.22096919973997906 0.01742658318538912 -0.0028312293557577065 -0.01435446806759374 0.32545324386686186 0.9454449319994097  738339.4018094087
-0.3149592421117627 -0.2209854805903297 0.01742396331395335 -0.0027027785344239668 -0.01438306263990785 0.3255414308531694 0.9454145118916684  738339.401810575
-0.3149432941880316 -0.2209674958870993 0.017489777019762513 -0.003004052121683234 -0.014795937640148325 0.32562222699545895 0.9453794059459498  738339.4018115667
-0.31492972774773237 -0.22096443903836127 0.017450567077143493 -0.002738836540585613 -0.014316517503746235 0.3255758281251133 0.9454035732117875  738339.4018128183
-0.31493715528171595 -0.22096115767860364 0.017463682283992442 -0.003336250558866216 -0.014694403317122316 0.3255650229433327 0.9453995767818333  738339.4018138874
-0.31491167444579343 -0.2209582735113737 0.017498389653421462 -0.00278783220387265 -0.014553849880928475 0.32531635296027134 0.9454891241795829  738339.4018152092
-0.31495639412003634 -0.22096645094783823 0.01742710463632184 -0.0034167410943898953 -0.014770397198417625 0.32550844975349197 0.9454175851897263  738339.4018162455
-0.31493987849990085 -0.2209727041065233 0.017467155957398704 -0.0032715549995222426 -0.014580255081053525 0.32559213432007905 0.9453922334981139  738339.4018175222
-0.3149258214087397 -0.22095245231095145 0.017472038356958992 -0.003591098189558299 -0.01462334581850462 0.325618380935369 0.9453813684264644  738339.4018185688
-0.3149498986734022 -0.22097847469040194 0.01742792806835472 -0.00292331616845799 -0.014702658308505508 0.32568904357524564 0.9453580977366642  738339.4018198327
-0.31492173142981816 -0.22096358421716195 0.017463475458545034 -0.0029242307086346842 -0.014504041013590797 0.32531042541427624 0.9454915170353574  738339.4018210015
-0.31493995832316296 -0.22097168683107868 0.017451052654248435 -0.0029848245169379456 -0.014656699216451756 0.3255936675405208 0.9453914721681143  738339.4018221529
