-0.25477809313032274 -0.18021557492784712 0.03407917209035336 9.854234061429668e-05 -0.007920782668519281 0.3745251768568883 0.9271829071934199  738338.7424798376
-0.25475944945825896 -0.18020300917085716 0.03404462153982159 9.441678634036271e-05 -0.008243251271790127 0.3746908180245547 0.9271131704285247  738338.742480936
-0.2547784080711931 -0.18020132802389316 0.034073820220808765 -0.00010044937620574237 -0.007887469064978756 0.37456044650028925 0.927168943428961  738338.7424821893
-0.25482263381440834 -0.18032676803637548 0.034232544139853806 0.001003421080399739 -0.009361849890498663 0.37428229973576205 0.9272670106378595  738338.7424832783
-0.2547892655906437 -0.1802493068699058 0.03412731409022493 0.00025819550579215335 -0.008359219030117807 0.37435442907898453 0.927247980974472  738338.7424845382
-0.254818098469707 -0.18032148948606544 0.03421748690863443 0.0009484051125632577 -0.009382961623688704 0.3742937029806816 0.9272622522608801  738338.7424856322
-0.2547934857351979 -0.18022365830494919 0.03411553367786408 -0.00015721048278749756 -0.008126086062859543 0.37442758129284437 0.9272205392339805  738338.7424867242
-0.2547688015462654 -0.18032746580775574 0.03409073195274409 0.001538304067118439 -0.011638451625857051 0.37476202174831086 0.9270467124797264  738338.7424879852
-0.2547905041389979 -0.18031959863209585 0.03414301802850459 0.0009511671165108974 -0.010479813634967989 0.3745059879330728 0.9271647824359843  738338.7424890662
-0.25482980420615664 -0.18032693919372117 0.03423190621830703 0.00098083023325168 -0.00930343952805828 0.3743026562731414 0.9272594057176622  738338.7424903212
-0.25482824833849493 -0.1803380650753105 0.034295235870138455 0.0011683145714100585 -0.009356470434309943 0.37431732647751426 0.9272527328624058  738338.7424914051
-0.25482383112839047 -0.18025326396252533 0.03447902258551085 0.0015573272803834821 -0.009363870779289197 0.3742910444931353 0.9272626956089673  738338.7424924747
-0.25487511177803446 -0.18021493234736416 0.03472851761345577 -0.0003943549338806893 -0.008803157026958263 0.3739306945926273 0.9274147856013619  738338.7424937391
-0.25492393565652266 -0.18004800992143738 0.034709649023566776 -0.006221320102084975 -0.003650375647272263 0.374286971732317 0.9272848713988991  738338.7424948197
-0.25458940777674566 -0.17989206150711254 0.035545280140456444 -0.007680011501741039 -0.0008547090418178617 0.37345748772367426 0.9276151097081746  738338.742496069
-0.25503411999376346 -0.17751902934793207 0.03826789921978834 -0.02148989529793655 0.018331581918343817 0.3681281241573205 0.9293459106860412  738338.7424971479
-0.25295479304892926 -0.1728385531377924 0.041409501645021066 -0.04585938022681446 0.046437587812780595 0.37882539652163744 0.9231640085237113  738338.7424984126
-0.2449293234922203 -0.16351754487812495 0.04649220771778618 -0.015353943207568208 0.03897075942012008 0.3526474115207735 0.9348183457153032  738338.742499511
-0.23146490342502274 -0.14629989179563743 0.055316356873078315 -0.012276024635940385 0.016508154945707607 0.306325254244745 0.9517045858097557  738338.7425007469
-0.21548650489269558 -0.12739311089102273 0.06992011534571098 0.02241268110581909 0.01161712372400485 0.2477361301886707 0.968498592648008  738338.7425018349
-0.19861202255662513 -0.11462288136971936 0.09229684923447982 0.03697238617004163 -0.021910265362219666 0.19020096988901208 0.98080404464191  738338.742502933
-0.18094828405149002 -0.1095999175189365 0.12665355004882167 0.0581767197702323 -0.03421567865807738 0.12212500217961647 0.9902172693168766  738338.7425041725
-0.16857008148125993 -0.1163813132309185 0.1606305373566832 0.035830622130148065 -0.031607158615379535 0.07967075283301801 0.9956755119942686  738338.7425052753
-0.16276113856188543 -0.13176981426085743 0.20320066270017995 0.022013934825476523 -0.058723656706192076 0.028829275475289348 0.9976150518572396  738338.7425065252
-0.16710744882157047 -0.15091142861153647 0.24627707633505497 0.010067087215347863 -0.04122324501728417 0.01073200238254932 0.9990416017114125  738338.7425076156
-0.17096259909696532 -0.17149479152205716 0.28603579240219035 -0.011350014409872518 -0.046788008314204425 -0.008049858327121039 0.9988079190874485  738338.7425086949
-0.1815052531214301 -0.19449945062308854 0.3313601599138322 -0.0038128623656404487 -0.02486405498880634 -0.00892099580306608 0.9996437648902613  738338.7425099552
-0.19190726753574333 -0.20968564370756 0.36665398133184673 -0.04196670986783115 -0.016336314009897313 -0.013926664961493161 0.9988883661903816  738338.7425110295
-0.20082164952489662 -0.2229615613430909 0.40548787882162235 -0.03675301067477866 0.015814332061981826 -0.007104311454434522 0.9991739847826961  738338.7425122854
-0.20302508806469086 -0.22663642515353538 0.4276969636504301 -0.043866770283261976 0.01673410954034166 -0.012917747069521169 0.9988137002732067  738338.7425133747
-0.19888128503561905 -0.22554559833964524 0.4487816892978429 -0.020092577382442856 0.020866777400218542 -0.011001471178425152 0.99951980148818  738338.7425146347
-0.18844701251801718 -0.22119571714436165 0.4637097643018677 -0.03215457973868597 0.012690995562048167 -0.01309306672659597 0.9993165630755679  738338.7425157328
-0.17502707415195862 -0.21601298727682114 0.47322897877419035 -0.01974008259422539 0.00727152312904677 -0.013670556706915478 0.999685235446578  738338.7425168166
-0.15450142506139344 -0.21184222346033796 0.4818516201993269 0.006016007019037507 0.007272504941060489 -0.013871514859116208 0.9998592397967538  738338.7425180842
-0.13785106992192578 -0.21284296250044704 0.4908406046712497 0.023408106102235635 -0.003497694587314373 -0.013982783600988823 0.9996220828213271  738338.7425191614
-0.11685606056838996 -0.22261426126941372 0.4991028756983084 0.019929758338474872 -0.021618985941305385 -0.012961788566001968 0.9994835747607911  738338.742520432
-0.10018686985194833 -0.2397862641347155 0.5068094908192131 0.021397376963055815 -0.020174007906923443 -0.007474764028418761 0.9995395387711242  738338.7425215179
-0.08807833284024928 -0.2621713311108134 0.5145262477070506 0.024678988309847872 -0.013138998179816456 -0.005417399279156289 0.9995944007685734  738338.7425226074
-0.07346521751298603 -0.29626998902848567 0.5232683026639023 0.00326164126325471 -0.01250634584352614 -0.003166883750189083 0.9999114580087702  738338.7425238815
-0.06076662159715439 -0.32723497888936337 0.5316439362923318 -0.0011439039516976353 0.011964236640956555 0.0023605461624555514 0.9999249853599836  738338.7425249594
-0.04598350664088979 -0.3592478305712893 0.5427507927847313 -0.005585134435305049 0.021119020209362297 0.0058609798505651544 0.9997441883671679  738338.7425260462
-0.018957826291335828 -0.40069785128519825 0.5591789254484832 -0.02037879235340494 0.03584768692991332 0.00843785923169595 0.9991138327015485  738338.7425273075
0.008411053026776739 -0.42876262621615274 0.5719024263968941 -0.023860862406114926 0.03935606738114818 0.008652895206640457 0.9989028414265674  738338.7425283921
0.050331381549305235 -0.45858194202036046 0.5888182909357074 -0.025698930111982758 0.03725916672996362 0.0068062880037360685 0.9989519477578982  738338.742529652
0.0913058520178474 -0.4789998320552958 0.602459684205092 -0.0243606308016127 0.034034723200688025 0.005196658726466766 0.999110200138944  738338.7425307309
0.14682290875324336 -0.5006631994417331 0.6202620915432474 -0.013131210316687188 0.02104447236723001 0.002379576056459594 0.9996894713440746  738338.7425319809
0.19582279802247204 -0.5163573363208279 0.6354061149307609 -0.012339968388740012 0.013473901741039754 0.001161291517520345 0.9998324012323511  738338.7425330592
0.25044184422295956 -0.533609462980565 0.6521790551719806 -0.011892589428135552 0.0044165418212884075 -0.00048514235920421215 0.9999194093085332  738338.7425341535
0.30766996037825356 -0.5539510031972547 0.6708176829306253 0.004977677067501777 -0.01932340641892249 -0.003976996808776875 0.9997929846682081  738338.742535418
0.3565244102057384 -0.572738055509034 0.6823945406985608 0.005866571514183481 -0.024509713451288353 -0.00034244432019388856 0.9996823195481114  738338.7425364914
0.4039293617083581 -0.59635101830402 0.6993774002968964 0.00012751159014142972 -0.025948892317538698 -0.0015267058666481924 0.9996620968594758  738338.7425377568
0.4373584655262249 -0.6156654870874607 0.7107647903290485 -0.007014528752973423 -0.02705228820928373 -0.00040955990683383116 0.9996093248613172  738338.7425388272
0.4715115514284158 -0.6378708279383001 0.7228303904571154 -0.02243634755485749 -0.024918475453663155 -0.00019380098448059787 0.9994376630539001  738338.7425400804
0.4892759577095376 -0.6541119671035903 0.7343450151781977 -0.028587374324148207 -0.020191192126837083 0.00036201205975631273 0.9993872856590766  738338.7425411476
0.5141183658491739 -0.6700519575122574 0.740350005141434 -0.023700472432032223 -0.016760797630649908 0.0005752349740051739 0.9995784273252437  738338.7425423913
0.5324890117709362 -0.6797656392702582 0.7427001539670897 -0.028826485420233455 -0.017056948136909958 -0.00016680887891913062 0.9994388757864934  738338.7425434771
0.5496747655453416 -0.6888169876768578 0.7452298458225509 -0.021941587983508197 -0.012512116015075448 -0.0006953902667639987 0.9996807140792325  738338.7425445587
0.5694864742444748 -0.6952153088396666 0.7433411205098641 -0.025769478889468938 -0.0034549067891908305 -4.636852825688731e-06 0.9996619416359427  738338.7425458154
0.5888725701783146 -0.7013087778335565 0.7392978983951006 -0.012767545413493281 -0.006505744904377072 -0.002013290780191962 0.9998953003827891  738338.7425468839
0.6068022472524437 -0.7061466015093193 0.737497551084608 -0.015869844925437766 -0.0005329271602815451 -0.004521004448982436 0.999863702976289  738338.7425481541
0.6219056556722563 -0.7084915274125926 0.7366395774116983 -0.020990985804490554 0.0026856166267440595 -0.004584143747143507 0.9997655483184021  738338.7425492292
0.6407906672760872 -0.7085219496875066 0.7377441346607115 -0.024417168253649934 -0.00773489676775893 -0.0011805700600119784 0.9996712357174224  738338.7425505137
0.6565779500549696 -0.7055514862779212 0.7401466927506712 -0.034371753630500816 -0.0016841566141171675 -0.0014985508718011154 0.999406574179972  738338.7425515901
0.6754838314713214 -0.6966829557835037 0.7437848803760857 -0.04096081847192818 -0.003570606079451942 -0.0027175891730214373 0.9991506777415616  738338.7425528291
0.6921587833698365 -0.6834569188587766 0.7478822734346925 -0.03832746877544083 -0.007012642797245983 -0.0034568322911842967 0.9992346462612155  738338.742553916
0.7064481127516461 -0.6677070576545969 0.7515053123003674 -0.031224903399369154 -0.010332946095469342 -0.003971212895496185 0.9994510818948703  738338.7425549752
0.7219883619442212 -0.64515642580581 0.756777804780409 -0.02318725526550149 -0.014305240630887813 -0.005877751434684243 0.9996115061971911  738338.7425562504
0.7332024478901626 -0.624694237201668 0.7607752612309879 -0.02484928969656647 -0.011852214523205342 -0.007439954698189213 0.9995932597244546  738338.7425573302
0.744895034243638 -0.598670594819229 0.7657860933317571 -0.01624787869890527 -0.009836055885084185 -0.0088294921421135 0.9997806251928087  738338.7425586056
0.7538427514874925 -0.5749910022707133 0.7701338081719019 -0.010667080797176893 -0.011752798030163925 -0.01015400559770033 0.9998224748904431  738338.742559703
0.7607599333646223 -0.5539345163264869 0.7731614173232179 -0.014768461006149154 -0.011236377880248054 -0.01024213502626944 0.9997753422853285  738338.7425607948
0.7680606629042223 -0.5289391477166524 0.776478468740915 -0.012540561898122733 -0.009260032632800532 -0.00991086608429533 0.9998293658601842  738338.7425620551
0.7735360867035698 -0.5087655873498881 0.7781441837656204 -0.015559626407213275 -0.005578677044715884 -0.009677706236410082 0.9998165423668988  738338.7425631302
0.7802014333611004 -0.48379075711164254 0.7782972464747501 -0.021287905647804896 -0.0021435771338244804 -0.01120747180980143 0.9997082688093732  738338.7425643982
0.7859041881617062 -0.46237256141069216 0.7764913259233766 -0.02558330084142192 -5.73687365478453e-05 -0.012589303917150912 0.9995934177723296  738338.7425654666
0.793179328128189 -0.43418171509848313 0.7718653396634877 -0.024638307328846882 -0.005546331806186733 -0.013944461070831572 0.9995837853931551  738338.7425667273
0.7999246621927636 -0.4062837589641534 0.7665736761065997 -0.026809857109784972 -0.004721702604273278 -0.016486889989821053 0.9994934314665271  738338.7425678113
0.805254286274021 -0.3801138913864926 0.7626695537779209 -0.020551851841074838 -0.011772218509726895 -0.017303925337594936 0.9995697126389799  738338.7425688806
0.810306216360461 -0.34741572227352646 0.7585513523911458 -0.013076545936067567 -0.011560258832804659 -0.01750907730712846 0.9996943515764974  738338.7425701397
0.812988117743093 -0.3209576721385894 0.7562031968627058 -0.011693696334849242 -0.013876212541597446 -0.017889290058883543 0.9996752880274264  738338.7425712199
0.8143718539765532 -0.2898930110736418 0.7529929607095052 -0.012707835840581345 -0.016661065326489293 -0.016843872660761355 0.9996385365542004  738338.742572493
0.8133540328542251 -0.2628555250036344 0.74932611627753 -0.007396461970506506 -0.015135177629844085 -0.013896831457932511 0.9997615199755698  738338.7425735847
0.8109807182263595 -0.23940616829650263 0.7465609016366177 -0.013299706162802741 -0.012610254824027636 -0.010662542700938735 0.9997751794640668  738338.7425746759
0.8066016488088892 -0.2116789875680521 0.7427939164140461 -0.01836376961412105 -0.00790205620507906 -0.008429220837504693 0.9997646111507268  738338.742575928
0.8027594134923262 -0.18906628575226242 0.7393723325327555 -0.016896399696280796 -0.007266737195695283 -0.0077318650055182014 0.999800942423725  738338.7425770066
0.7980345200144543 -0.16063275378020003 0.7351344286538187 -0.024237759274915695 -0.002561463171911953 -0.006871618291711307 0.9996793239803469  738338.7425782674
0.7945713325348518 -0.1366450825222984 0.7308925176132139 -0.015536488914750205 -0.003925583691702331 -0.006445589343627744 0.9998508197140685  738338.7425793499
0.7908337329256719 -0.10648446544691847 0.7272120450922614 -0.017218197968536977 -0.0042626917044544825 -0.005350236879662927 0.999828354310619  738338.7425806163
0.7882276596648619 -0.08115385362487926 0.7249780915303872 -0.01905700120931842 -0.0014981185127923738 -0.004065771901611563 0.9998090096836865  738338.7425816822
0.7858678145961531 -0.05245042602073353 0.7230318963213243 -0.020426468913515603 -0.003373049934026694 -0.0031676426469440613 0.9997806499137344  738338.742582775
0.7835202263119015 -0.019443276355440738 0.71935943343265 -0.02254278185912035 -0.0045318564639480275 -0.004157481549955923 0.9997269630305087  738338.7425840177
0.781852464256683 0.007772567826020073 0.7157578368065656 -0.01768603941645584 -0.006563061707446809 -0.003757204913580303 0.9998149897066063  738338.7425851134
0.7791671278237502 0.041644148700229866 0.708965701942888 -0.014659495308560826 -0.005715609255402644 -0.006587503222200155 0.9998545073206578  738338.7425863636
0.7767835970661235 0.06865953286199651 0.7028108141353785 -0.01032041815480917 -0.007557225874157665 -0.006008118800265688 0.9999001349208224  738338.742587423
0.7728173725527513 0.1004872876495836 0.6941064212702277 -0.005632402070598162 -0.007702448157133819 -0.00654227223263273 0.9999330712669403  738338.7425886918
0.7692976018783602 0.12508584913348844 0.6882401089302341 -0.010887515976411811 -0.006115633702563529 -0.005564512783623295 0.9999065442418908  738338.742589762
0.7644106176547757 0.15387110551303973 0.6817392094183644 -0.012423427253704928 -0.003942393954581114 -0.006980004188910946 0.9998906917892083  738338.7425910239
0.7600807583207883 0.17983065663295114 0.6773237178166551 -0.015208137044977225 -0.004196805696439189 -0.007346020245425105 0.9998485562204515  738338.7425921166
0.7566128035425899 0.20355173996325857 0.6735383734464252 -0.01690511038318534 -0.0010709542542070506 -0.00868610585670265 0.999818794514768  738338.7425931887
0.7527585518188283 0.23369621906889515 0.6691581413141963 -0.022759101012898988 -0.005313053138847226 -0.0076594469316234185 0.9996975180824098  738338.7425944624
0.7498953304000484 0.25928717100563403 0.6656969766271332 -0.015973478106934922 -0.007028767034210348 -0.005802373421432228 0.9998308741451348  738338.7425955406
0.7460427477746832 0.29148799722026403 0.6631981823472596 -0.021097404408505705 -0.009148658673768338 -0.0035781647047636992 0.9997291624780387  738338.7425968082
0.7422070171562387 0.3212538645637596 0.6626615749833568 -0.01494602566129686 -0.0076796928919596 -0.0026917690446982665 0.9998551860211693  738338.7425978857
0.7381384286678006 0.34843585790520126 0.6634321498630479 -0.012152356666346203 -0.013239559750821842 -0.0015006318895326935 0.9998373779715332  738338.742598973
0.7317007721251656 0.3813408716857544 0.6677859662299157 -0.007502463217194169 -0.019159842624909166 0.0033544656900526305 0.9997826568990871  738338.7426002405
0.7247439730623342 0.407365208592096 0.6721273768700637 -0.0004509990696032468 -0.019636673041861414 0.003912286152782167 0.9997994257293535  738338.7426013161
0.7144783089400586 0.4384477262496125 0.6779446836042343 0.0007510497733517393 -0.018810978545190087 0.0013745911513036665 0.9998218308826714  738338.7426025859
0.7050845714434683 0.4635902068035407 0.6822876057374339 -0.005401308556819707 -0.012630639090930445 -0.0002156288026778565 0.9999056187092101  738338.7426036735
0.6934465423843366 0.4911648916409589 0.6864321931483837 -0.00729877075013384 -0.017502139786425664 -0.0008435314506332194 0.9998198295208618  738338.7426047605
0.6764930485570554 0.5213486468054012 0.6931199861684478 -0.008745025454201511 -0.018823937170291308 -0.005751708277303629 0.9997680239791165  738338.7426060123
0.6638856392109995 0.5440959162111094 0.6974952718310969 -0.006212494592043006 -0.020459524577766883 -0.005563226415966617 0.9997559018464659  738338.7426071004
0.6470394971515127 0.5697869960681243 0.7022350274086134 -0.0013228507596303278 -0.015322888582955727 -0.005604583049052995 0.9998660149240939  738338.7426083614
0.6320224623396574 0.5874723409894119 0.7062609596334884 0.005912267710049014 -0.016273459863015934 -0.004906964364357643 0.9998380575349883  738338.742609442
0.6121968728347483 0.6040781932854797 0.7112643087755326 0.0076543746076049805 -0.016603326761186872 -0.006485386131524867 0.9998118222228385  738338.7426107031
0.5946226163367402 0.6130557774825333 0.7147826794946646 0.009959683055330277 -0.018652129833958888 -0.007282820520051786 0.9997499003707714  738338.7426117638
0.5734463480689836 0.6185348489184755 0.7177682500486262 0.008160978591809821 -0.01786130472485578 -0.00813321540256985 0.999774085996014  738338.7426128549
0.5477889465465425 0.6192277566221415 0.7193354953973592 0.008593179840095506 -0.030417810542784543 -0.006130749333099468 0.9994815295815295  738338.7426141246
0.5246052739301003 0.6163678275794665 0.7215572017281545 0.009233806010612093 -0.024195646661652772 -0.005814013198519739 0.9996476903187994  738338.7426152107
0.49360283267920924 0.6114772247006772 0.7229886529232188 0.018586218904505243 -0.02536644975537956 -0.006648508318253836 0.9994833130326808  738338.7426164722
0.4680850682994106 0.607106868311048 0.7253502539539031 0.005868219015412613 -0.020480674934071724 -0.004519411808679493 0.9997628123093676  738338.7426175511
0.4419236246625072 0.6032657225324684 0.7266341594246551 -0.02685361867963691 -0.01423098046863362 -0.0051301035129100786 0.9995249093427622  738338.7426186436
0.41204703637333073 0.604735677836493 0.7286650300327984 -0.03187906367429772 -0.0055327841999826405 -0.00506308486376708 0.9994635955200714  738338.7426199052
0.38930672259230475 0.6097000757141112 0.7304364658415641 -0.024666639766203067 -0.005028543247556454 -0.004199020161058818 0.9996742663813744  738338.7426210112
0.35977492011284 0.6190683439330251 0.7353385224076362 -0.006941584757744216 0.0015291892248245008 -0.004299459960650597 0.999965494717399  738338.7426222615
0.3372324472564084 0.6269087954528118 0.7365913770093323 0.0007191277025914233 0.0012497237772068235 -0.00781857701452988 0.9999683949502084  738338.7426233572
0.3180957071580341 0.6319309887307278 0.7370628621243422 0.0063371074625409645 -0.001983266278052451 -0.009618718473737216 0.999931691656386  738338.7426244374
0.2932153763191239 0.6331523002136377 0.7368261898702284 0.01803007366978467 -0.0137574678977134 -0.01043034858533654 0.9996883796208166  738338.7426256996
0.2709463915656578 0.6288652922041309 0.7355885232603994 0.019725870806660484 -0.02497598032641155 -0.011438240126238789 0.9994279649331753  738338.7426267945
0.240971971007551 0.616789378565064 0.732349196416494 0.023369400310168428 -0.026606978047344434 -0.010084657586302708 0.9993218898481602  738338.7426280564
0.2118658009031206 0.5994744026213829 0.7289587687394307 0.016439898579878078 -0.012123185772133605 -0.008702520166427048 0.9997534817364582  738338.7426291367
0.18475487052910344 0.5793965649930454 0.7261362493056358 0.014221236563435472 -0.01210892420599769 -0.006161010154622008 0.999806567461454  738338.7426302102
0.15336103379414287 0.5509321910221437 0.7235764952507988 0.004554224125147005 0.0005639227410028353 -0.002693353336357651 0.9999858433405774  738338.7426314676
0.13004346192626345 0.5254357180011622 0.722084789427041 0.0011465492628701225 0.003609801327079843 2.6562785303109278e-05 0.9999928270010667  738338.742632552
0.1048432879115183 0.49341025309716263 0.7191416884270339 -0.007441752100899525 0.013623955683537714 0.001535948215483217 0.9998783171067773  738338.7426337969
0.08914071808481785 0.467317281216126 0.7174790078647264 -0.01592498667831944 0.015620061524276654 0.0048992317428724905 0.9997391689863926  738338.7426348797
0.07412129462724008 0.4365177644573788 0.7142362460409704 -0.022387170602608766 0.013705819458207869 0.0045743901231688365 0.9996449570024298  738338.7426361387
0.06459334310472795 0.41178300122720485 0.7111148819887927 -0.01275129603658932 0.006859925730653505 0.003384284624108298 0.9998894401312278  738338.7426372186
0.0554358611863028 0.38204273682534096 0.7062861235202644 -0.011768887409517351 -0.0023888953349697505 0.002525195580137038 0.999924702092864  738338.7426384627
0.04785890332043709 0.35662935029481874 0.7022674061286505 0.00015305029132008945 -0.008286268388585356 -0.0005223384087240871 0.9999655201527637  738338.7426395322
0.03870913649188644 0.3246528103510699 0.6977725613404305 -0.0011716309521359973 -0.01112596645843436 -0.002963319765500223 0.9999330272009447  738338.7426407894
0.029553291785744583 0.2942992499798882 0.6939885454176294 0.0014106273299714519 -0.011383994130731203 -0.004376627422067114 0.9999246271297532  738338.7426418775
0.02066952951227206 0.2662341171295697 0.6910608177827879 -0.005947902607052416 -0.009554823486499222 -0.00444278173449784 0.9999267920668885  738338.742642988
0.009412853490472542 0.23199678110705582 0.6870039582307799 -0.008429340674605643 -0.005736360215246107 -0.0051643935159546425 0.9999346825802597  738338.7426442389
0.0008425291610491541 0.20512977628441212 0.6833271416055878 -0.013369005203917568 -0.001940035098340625 -0.005911414462019027 0.9998912746607669  738338.74264534
-0.007694612539164615 0.17595158241460176 0.6789647030194755 -0.011031594662191243 0.0020184413411412686 -0.006965455384924391 0.9999128523251625  738338.7426464126
-0.014907810846777754 0.14602066247356985 0.6738559138258176 -0.018275479838466013 0.004727353038836974 -0.0072842126047624215 0.9997952786529094  738338.7426476895
-0.01878729950811517 0.12262379224421073 0.6698402919483707 -0.012040833978150978 0.006737667290056645 -0.00788235305265716 0.9998737373623494  738338.7426487776
-0.021174488125354274 0.09558359578172367 0.6646763893611022 -0.01048076400553174 0.004103014010018623 -0.008472023059635327 0.9999007669199834  738338.7426500223
-0.021354612298882473 0.07390471424741249 0.6601952644928075 -0.0060283729709086995 0.0009328169604491411 -0.008438740005896445 0.9999457866499337  738338.7426511154
-0.02047621190895153 0.04696604725762289 0.6547375357979508 -0.0013040538864235664 -0.003796901820291271 -0.005987726494653382 0.9999740147181094  738338.7426523649
-0.01949403911483728 0.024071519439061637 0.6497724923997088 -0.0037050698675901803 -0.005022155547105813 -0.003704417303074357 0.9999736635048854  738338.7426534413
-0.01888202732126856 -0.0028689138185402463 0.6434157751359857 0.0032065332118500485 -0.009856643812442398 -0.0011109203132931551 0.999945663810576  738338.7426545215
-0.019002462278557095 -0.03406822607952043 0.6352710332551159 -0.0038182898605780818 -0.008495949600173311 0.0009506137157818262 0.9999561669575798  738338.7426558024
-0.019553056712156153 -0.060541214546163395 0.6283287682581213 -0.004171094209689047 -0.0070536714160157315 0.0023139937615394633 0.9999637459055805  738338.7426568931
-0.02065843045959052 -0.09331602924678976 0.6187471288079825 -0.006087196853103579 -0.00850775798295667 0.0027824489914096504 0.9999414093166585  738338.7426581611
-0.021629668507111174 -0.12333780565869916 0.6094673572205594 -0.010463308656490264 -0.006948615603250187 0.005205941619021432 0.9999075627701877  738338.7426592334
-0.021444344055495577 -0.15003249106034103 0.6000738926506464 -0.01279703293691003 -0.00551634573223779 0.005906546382761432 0.999885452733263  738338.7426603186
-0.02243288540966684 -0.18237965403173234 0.5903500359185032 -0.013508697165996036 -0.002994142554522626 0.004658722840807352 0.9998934175764601  738338.7426615831
-0.021242329808607092 -0.20829078729395226 0.5808814152613325 -0.015742163442546673 -0.007323414493975668 0.00560275319914099 0.9998335666734175  738338.7426626699
-0.019648371112206253 -0.2402783134784073 0.5733744189902908 -0.011325453133670041 -0.004412269575925436 0.006980001626953309 0.99990176795813  738338.7426639489
-0.01745426229365555 -0.2702452315341747 0.5656730804414943 0.0005877583647259417 -0.004133520613493961 0.006283598416192432 0.9999715420642663  738338.742665047
-0.014551055702854967 -0.2988986957208204 0.5604862784463936 0.004690067558046486 -0.004290781983080359 0.006953533575748234 0.9999556194287252  738338.7426661217
-0.010172851743124186 -0.33464723643500266 0.5532248174636258 -0.004157154335554738 -0.0007836536214321604 0.007108693296823342 0.9999657846318761  738338.7426673993
-0.006782230504051883 -0.3648890157261472 0.5479850165447018 -0.00010784829666491879 -0.013069512684849922 0.0044787640149902075 0.9999045538849314  738338.7426684673
-0.003990134276609549 -0.40157048333709794 0.5428596723924285 -0.010580308315099572 -0.015755898872745696 0.0043014212263588125 0.9998106353215607  738338.7426697367
-0.0035855014290831076 -0.43049471839616854 0.5389547420284408 -0.017240120746896865 -0.014570613907147588 0.00109627304052936 0.9997446042027044  738338.7426707888
-0.006759056614508069 -0.46373225188153844 0.5366820186577606 -0.01362671390224329 -0.02380929627429444 -0.0016519560787233367 0.9996222792236392  738338.7426720402
-0.01146100008472072 -0.48879322604042563 0.53552108904643 -0.014540105277685105 -0.02286166165057783 -0.003320548773927353 0.9996273824385407  738338.7426731049
-0.019778018269385612 -0.5169122760348797 0.5352994017085704 -0.013505133764277755 -0.01743762766453505 -0.0038398684314899525 0.9997493665483719  738338.7426743552
-0.028944326599521147 -0.5407217280903118 0.5374821692843732 -0.014025372592733036 -0.009196414502827495 -0.003472066045320501 0.9998533190630035  738338.7426754619
-0.037262587334485196 -0.5613662695098502 0.5410699258372993 -0.005202884966459915 -0.006466195414162903 -0.004627720050451412 0.9999548502367626  738338.7426765327
-0.04694106066209679 -0.5854607662247203 0.54713516594842 -0.009501898602359608 -0.003963726628564773 -0.004436978532376668 0.9999371560331518  738338.7426778257
-0.05406152803567843 -0.6047950704881935 0.5529535704562696 -0.0015377780598391732 -0.005739547207504689 -0.0025705477443054574 0.9999790423407812  738338.7426788991
-0.06181753683145892 -0.6264235533369008 0.561119488777051 -0.002219093287030332 -0.008359747039859637 -0.0006940541159316349 0.9999623535630215  738338.7426799919
-0.0706547361948647 -0.6508237007666445 0.5710719736764848 -0.0009169053571729946 -0.013978671780987344 0.000543524349453322 0.999901725471602  738338.742681257
-0.07862857283703963 -0.6709524574023311 0.5789853355493997 -0.008645524294681241 -0.014496120061129462 0.0002523460101234728 0.9998575167164243  738338.7426823422
-0.08984491898946305 -0.6957183892736944 0.588450336968661 -0.005971456273430057 -0.017927336666523006 0.0008050657095705892 0.999821136093463  738338.7426836139
-0.1006322361725826 -0.7155709693739973 0.5957292573696641 -0.008618337462757102 -0.021253751214900904 -0.0004617988665373854 0.9997368599088863  738338.7426846796
-0.11465776312897916 -0.7366427540673431 0.6040654541282666 -0.012401704246638555 -0.02087600854134884 -0.00021346134830668625 0.9997051287421773  738338.7426857767
-0.13256090642266438 -0.7577074944655517 0.6131049162727478 -0.01746902706972093 -0.02586003304871625 -0.0022327497201383778 0.9995104334686277  738338.7426870399
-0.1494985238333816 -0.7725564702411188 0.6216800847287222 -0.02443728996892002 -0.02050082973854259 -0.0031735944273076017 0.9994860995218579  738338.7426881413
-0.17211205897507859 -0.7867563648303747 0.6316824051988873 -0.024794659681114876 -0.019657133818406024 -0.0025872068003994202 0.9994959371114597  738338.7426894037
-0.19182602367544999 -0.7948801030311662 0.6400718345878524 -0.027063668053792064 -0.01532710773289425 -0.0024458349175178907 0.9995132092831863  738338.7426904748
-0.2149247592893662 -0.8004747219132594 0.6500847392350536 -0.025634875317568893 -0.015159297766777834 -0.002822035992413553 0.999552442331831  738338.7426915523
-0.24068030280118727 -0.8024915827437374 0.6611572362304556 -0.023687170520412255 -0.011875237681773364 -0.003515571045354527 0.9996427048915845  738338.7426928035
-0.26155231101761856 -0.8016468553010334 0.6701591197618025 -0.031475738625663094 -0.021087891183555852 -0.004829054734668266 0.9992703632920217  738338.7426939039
-0.287227577878806 -0.7984193078356593 0.6831810644368597 -0.025283836866850835 -0.008035146555543177 -0.005571332584316287 0.9996324946030698  738338.7426951834
-0.30995160828631224 -0.7945230116809189 0.6956294694124021 -0.014909026893397018 -0.006667570950201507 -0.00454068090706588 0.9998563129928301  738338.7426962765
-0.3299595477163782 -0.7910218840188562 0.7069703371882811 -0.014250611232114407 -0.009610013651959189 -0.004926433712265938 0.9998401362057832  738338.7426973762
-0.3535849237830337 -0.7876861930516132 0.7190836447467477 -0.018688055162147107 -0.011221811937593817 -0.0052153822954538 0.9997487821040875  738338.7426986432
-0.37310973350837984 -0.7850761186880327 0.7276050336155216 -0.022399834259267167 -0.019684488007444295 -0.007882699015297452 0.9995242025150148  738338.7426997256
-0.39329914597130367 -0.7836408258402503 0.7347651608265304 -0.01881449459620042 -0.010476089137641711 -0.004873848973000472 0.9997562262600109  738338.7427008052
-0.4174823973114743 -0.7814011579333942 0.7441909453392042 -0.015103738489064192 -0.01136850853156555 -0.002606316367332722 0.9998179040267359  738338.7427020726
-0.4358100368192787 -0.7798314279218512 0.749913298801771 -0.016884913021336344 -0.008396660809199482 -0.003156004577209064 0.9998172010095775  738338.7427031447
-0.4583137194940829 -0.7762446062207481 0.7571085185419592 -0.02700158012346195 -0.015210844282270226 -0.003577546719880102 0.9995132545627016  738338.7427044184
-0.47647541681978084 -0.7711799847017864 0.7619352474653458 -0.02908969748337549 -0.012892236191964617 -0.0036246127527256645 0.999487089425716  738338.7427055016
-0.49879362447464054 -0.7613899379415294 0.7667463557894589 -0.03570135920999903 -0.010875154808064577 -0.00046272945141303043 0.9993032221702851  738338.7427067505
-0.5155458837951491 -0.7507028613349923 0.7679945019640253 -0.031341096193212875 -0.005877761030038878 -0.0017382488545387702 0.9994899529788187  738338.7427078407
-0.5369459171862332 -0.7338633667494869 0.7726641527498725 -0.04240880329551079 -0.014408207095547045 -0.004852719425835598 0.9989846585836585  738338.7427089182
-0.5595419499944103 -0.7102046794692408 0.7759923992358274 -0.033747638868442925 -0.005720519222953932 -0.0056988935452367655 0.9993977662287349  738338.7427102014
-0.5760196987295727 -0.6883294856424045 0.7765369885482578 -0.04858745532163775 0.000374359399600974 -0.01226216394471357 0.9987435899047367  738338.7427112742
-0.5974769326572555 -0.6582962115411776 0.7804613285913751 -0.026871934333143565 -0.003970125481274401 -0.009517228773562364 0.999585693977925  738338.7427125311
-0.6143869420656247 -0.6298224939931175 0.7827247070871446 -0.013618936045071606 -0.0036359379956321172 -0.009665722234014107 0.9998539285063529  738338.742713632