-0.41004676145271174 -0.19464652448856834 0.029033316001290704 -0.007834609907909506 -0.017578097022549626 0.529194354628845 0.529194354628845  738318.7125717741
-0.41003893147318715 -0.1946273228055419 0.02901692262629591 -0.007966333595950757 -0.017589660190181784 0.5291654378228163 0.5291654378228163  738318.7125728423
-0.40996286237411744 -0.19459514954559323 0.028922398676582615 -0.00936997116602068 -0.01637374185478244 0.5286733754004951 0.5286733754004951  738318.7125741141
-0.41002413044688507 -0.19462654571967364 0.029017337611522864 -0.007749740843530714 -0.017419231336184927 0.5289542244288052 0.5289542244288052  738318.7125751664
-0.4100380886970853 -0.19463081536713242 0.029012668124820593 -0.007916046640789475 -0.017341016329353563 0.5291403422237932 0.5291403422237932  738318.7125765495
-0.409971279801463 -0.19457911659747854 0.02889369818735449 -0.009292855096912656 -0.016518412484261724 0.5285604675004456 0.5285604675004456  738318.7125775119
-0.41005054944111724 -0.19462842079825535 0.029009457114848095 -0.007779696761347595 -0.017800598018882424 0.5290747511227207 0.5290747511227207  738318.7125788612
-0.41004680296295837 -0.19464117982952317 0.029013237841271553 -0.007978724583280503 -0.017362442728110113 0.5291296716700437 0.5291296716700437  738318.712579945
-0.40998691200607973 -0.19458731925771672 0.028891942833547464 -0.009319081941134627 -0.01648270390214892 0.5286914032282767 0.5286914032282767  738318.7125811756
-0.4099815184170682 -0.1945930578806432 0.02890806927114673 -0.009476183650923687 -0.016569890656745058 0.5286921468366605 0.5286921468366605  738318.7125822158
-0.41002718935872323 -0.19465269152555947 0.029089956125893192 -0.007512697648173072 -0.01769508340912443 0.5291781473236556 0.5291781473236556  738318.7125832493
-0.4100276720748254 -0.19458760890880275 0.029357922352358363 -0.00943893559948087 -0.015152881488473055 0.5295709745200329 0.5295709745200329  738318.7125845351
-0.40999284111854434 -0.19448743489133863 0.029629718085851804 -0.010760689690363914 -0.0139727178982538 0.5295966556793482 0.5295966556793482  738318.7125855713
-0.4099808584299505 -0.19433095558801236 0.02985248883217317 -0.012900059845026492 -0.01137366732588791 0.5296312962649384 0.5296312962649384  738318.7125868439
-0.41012070152662644 -0.19442136346094235 0.030003129859223092 -0.01633545784432067 -0.017306554176381623 0.5285685825567454 0.5285685825567454  738318.7125880491
-0.4103138952584766 -0.19409951850155513 0.029879504113086566 -0.023499082366654624 -0.027665528730649286 0.5216908899549616 0.5216908899549616  738318.7125892849
-0.40991612564419194 -0.1932252215766635 0.02861847711373455 -0.03027785046906854 -0.00772174445562343 0.525348168288022 0.525348168288022  738318.7125903235
-0.4094066797480904 -0.1931381961170795 0.029676135651159598 -0.028187447351156525 -0.0003004584263924653 0.5263092531969902 0.5263092531969902  738318.7125914859
-0.406973712973715 -0.19285324992941105 0.03237547016774247 -0.004164574274026826 0.019731758413564067 0.5215313116844139 0.5215313116844139  738318.7125925681
-0.40403555105563804 -0.19062349760819053 0.03774308754854279 -0.009979728498992552 0.039918620643273485 0.5094736520763121 0.5094736520763121  738318.7125938124
-0.3959239171653262 -0.18595730631113114 0.04193779179284591 -0.0101729813527013 0.038093747705203566 0.47386786110866147 0.47386786110866147  738318.7125948983
-0.3829480260546957 -0.18014127905930286 0.04893551436939462 0.002735933518061675 0.0014705966173958645 0.42845610381411 0.42845610381411  738318.7125959677
-0.36418686750273793 -0.17320892077886973 0.06407677561878557 0.014867986146227441 -0.0021989089043112655 0.39094119151209533 0.39094119151209533  738318.7125972095
-0.34623882932998046 -0.16945999328896227 0.08305523064935187 0.01283366129745137 -0.022591361965056993 0.33810805064250227 0.33810805064250227  738318.712598305
-0.32774917163478184 -0.17101338207570807 0.10938556540450182 0.00738183190089227 -0.019496770825298628 0.27490522780299087 0.27490522780299087  738318.7125995768
-0.31552515614517423 -0.1754085528459297 0.13533483479887407 0.004233952660473165 -0.025908282211268754 0.2289415241827593 0.2289415241827593  738318.7126006671
-0.30361984969083816 -0.18392708059193827 0.17532376687704948 0.0005493913383434275 -0.018940222677079458 0.17020369269258406 0.17020369269258406  738318.7126020117
-0.29846532701905304 -0.1908304069398882 0.205458260466981 0.0031026370934770643 -0.01797798967927162 0.13552221965910896 0.13552221965910896  738318.7126030135
-0.2949988453356137 -0.19897130046079872 0.2408857131118817 -0.0001985332194552986 -0.015318576983503732 0.09915844602779104 0.09915844602779104  738318.7126040906
-0.2937343184177209 -0.20930475674820392 0.28539970255345615 -0.002682135839058457 -0.016432933094538745 0.06242392979662877 0.06242392979662877  738318.712605343
-0.2955518066780158 -0.2196575299036396 0.33109355629479625 -0.0029812091776635213 -0.015931339648494577 0.03544126581743064 0.03544126581743064  738318.7126065214
-0.29952896570707954 -0.22746047944018405 0.3673295023084289 -0.007030239482706422 -0.016884660683586277 0.020156011272689418 0.020156011272689418  738318.7126076764
-0.3069253414820696 -0.23563261007856934 0.4077881434312745 -0.008836545499309617 -0.019976747505905168 0.00792876902825192 0.00792876902825192  738318.7126088369
-0.31708282603232035 -0.24157109129470336 0.4421015993883095 -0.01149505366461135 -0.01669365629570683 -0.0020116576576030346 -0.0020116576576030346  738318.7126101108
-0.3254869314584188 -0.24450566383176758 0.4625009216395019 -0.01496953711381775 -0.00961574244329204 -0.002013599039472712 -0.002013599039472712  738318.7126111102
-0.3369822116443473 -0.2457106312807857 0.484518209571247 -0.02901215245543396 0.03126466818740422 -0.0009510832838066697 -0.0009510832838066697  738318.712612307
-0.33044709301248026 -0.23731578186069788 0.5192678525444883 -0.051156325612887056 0.14847327234405494 -0.004376748778785463 -0.004376748778785463  738318.7126137348
-0.30963479963871005 -0.22599284714237747 0.5469427482601927 -0.029414796504837238 0.11640942789080973 -0.0022322915208426155 -0.0022322915208426155  738318.7126146007
-0.25824427642643255 -0.20208184805595014 0.5939291830256003 -0.023803677309594647 0.08048548242673553 0.004077174585182512 0.004077174585182512  738318.7126156744
-0.1846450970145142 -0.16945644172005522 0.6490937472372057 -0.018125316369634537 0.019667700616614842 0.0073593532519142645 0.0073593532519142645  738318.7126169341
-0.12170991921156932 -0.14033270682261398 0.695033982914122 -0.0072527082340987144 -0.02982039211891452 0.006835485325312157 0.006835485325312157  738318.7126180546
-0.054171875399279534 -0.10551369905390136 0.7470939705629638 0.014530694132218115 -0.08167945335332119 0.004334381929368865 0.004334381929368865  738318.7126193092
-0.009037926281637989 -0.07728137447740416 0.7864370137227592 0.024515229174112082 -0.09985216359972601 0.003517514031667271 0.003517514031667271  738318.7126204973
0.017769248594176126 -0.054192044675501184 0.8160438250880763 0.028954493973406752 -0.09768710859264783 0.0031579484741091663 0.0031579484741091663  738318.7126215709
0.027389867401298253 -0.037308365833820585 0.8355861781385694 0.03196393238945302 -0.07867701334141788 0.005220761986805731 0.005220761986805731  738318.7126228291
0.02425847789035452 -0.027390239006665214 0.8465555283347092 0.02632424541595505 -0.050258312558951704 0.0041933577953098605 0.0041933577953098605  738318.712623852
0.012802005420169606 -0.022181183441668088 0.8543001655684986 0.02129879007434432 -0.013428847722340867 0.0037411121699126213 0.0037411121699126213  738318.7126249417
-0.0023681748313234764 -0.02200801562223838 0.8595088180948339 0.011592207188618297 0.02061868215261476 0.0030729400633595604 0.0030729400633595604  738318.7126262198
-0.013088073180202827 -0.02518941488760413 0.8622113172448754 0.001057758727117054 0.03539575273159206 0.0031051333561976134 0.0031051333561976134  738318.7126273533
-0.017144902947981173 -0.029870448923206838 0.8633481720926999 -0.007611145543138786 0.04324360703951135 0.0006639752539261962 0.0006639752539261962  738318.7126285656
-0.015039747243636756 -0.034086325989763674 0.8647829339403104 -0.014997461429139828 0.035548353183531 0.0007383082897479145 0.0007383082897479145  738318.7126296343
-0.005698789947050427 -0.0378347840020129 0.867326846698057 -0.015181559378792004 0.023178274312829573 -0.0014329805443997997 -0.0014329805443997997  738318.712630822
0.00671965652538903 -0.039258656674195175 0.8699678680991695 -0.0187082604632811 0.008798824287166588 -0.0034405503800941013 -0.0034405503800941013  738318.7126319879
0.018087964610554372 -0.03892098075902309 0.8729985521798977 -0.007647402520807144 -0.009770480786561609 -0.0013374247566553417 -0.0013374247566553417  738318.7126331168
0.030711298711305797 -0.03691923840844825 0.8773681629586774 -0.006071460185149977 -0.020016104120811062 -0.00382052563702826 -0.00382052563702826  738318.71263439
0.03824858328437138 -0.03435731673793838 0.8825263997145731 -0.0045242674951554655 -0.018720017637111067 -0.005419740362517193 -0.005419740362517193  738318.7126354399
0.04376162691887004 -0.03055719497400327 0.8898821903339814 -0.004208546123375528 -0.012137150450946129 -0.007281933528074866 -0.007281933528074866  738318.7126365253
0.04704835855111617 -0.025521601137543346 0.8992535479347724 -0.0060716979119162144 -0.007483940685072599 -0.008979462164573371 -0.008979462164573371  738318.7126377857
0.04867037070439582 -0.02062710736541777 0.9067959297334265 -0.007724751080157209 -0.004039328714122464 -0.011138633183095244 -0.011138633183095244  738318.7126388926
0.050417518969421225 -0.014028326030746833 0.9132312221714067 -0.009215035293155016 0.001086378148479951 -0.013101073288491102 -0.013101073288491102  738318.7126399677
0.05322726730570569 -0.005059632119084356 0.9169463306406074 -0.012832907791132315 0.006416238755253495 -0.013226529972866488 -0.013226529972866488  738318.7126412605
0.05673659583810311 0.0036535792020744385 0.9184983082220695 -0.011953572070174391 0.01125993547012887 -0.014467255045776457 -0.014467255045776457  738318.7126423694
0.06184087087231631 0.014840987019254962 0.9194825106876299 -0.01019464793010669 0.0027565920552710104 -0.014457641567641198 -0.014457641567641198  738318.7126434438
0.06907927591169537 0.028879108286452508 0.9207073703046083 -0.013906552259993783 0.0011863971316589312 -0.014497764747910178 -0.014497764747910178  738318.7126449217
0.07533518766952205 0.04191695698931354 0.9229342056950869 -0.013014597666586128 -0.002676289670858913 -0.013827387314999405 -0.013827387314999405  738318.712645868
0.08259907457082025 0.05978770449920341 0.9279663101023636 -0.012844098556779782 -0.011000639443779303 -0.011501036784675135 -0.011501036784675135  738318.7126470688
0.08750438976954007 0.07584779023567942 0.9327626472667195 -0.01280439462040765 -0.010332643525318548 -0.010172428542587713 -0.010172428542587713  738318.7126481703
0.09143683224438413 0.09704627460882186 0.9382911365339283 -0.013601305917960228 -0.01222831158659793 -0.010395064756625992 -0.010395064756625992  738318.7126493938
0.09315609420200169 0.11791440498134875 0.9424777262161084 -0.011699390575075878 -0.013020417890661206 -0.011263809838270843 -0.011263809838270843  738318.7126505156
0.0932952527007624 0.13741662592341478 0.945855471951232 -0.007610603896793047 -0.0077796902135201336 -0.010650590912159353 -0.010650590912159353  738318.7126515913
0.09273675678697667 0.15739643000585582 0.9497943992902018 -0.004329511974407856 -0.0038062240930083428 -0.010603802380376875 -0.010603802380376875  738318.7126526994
0.09195840284891252 0.18585841136902193 0.9593591807258868 -0.0032870972616641596 0.004567059286849992 -0.011119838882756621 -0.011119838882756621  738318.7126540864
0.09201376594045892 0.20500998035145188 0.9695659787370609 -0.001567898360785348 0.0043296683641667446 -0.011748115423436468 -0.011748115423436468  738318.7126552367
0.09278086599722501 0.22739268635950421 0.982722828400301 0.000154813193454173 -0.0005036336048676519 -0.009317408020345867 -0.009317408020345867  738318.7126564047
0.09393989518272605 0.24657961081767066 0.9921581179429502 -0.003907980801319419 0.0005160198721805226 -0.007884493994501739 -0.007884493994501739  738318.7126575651
0.09459051662736323 0.2616761766946638 0.99808645618364 -0.006941813067925426 -0.0024908561641710718 -0.007232529307963728 -0.007232529307963728  738318.7126585927
0.09508592585169147 0.28466634770315663 1.0033662537173307 -0.009693412049142066 -0.004352876493056341 -0.006963472045334462 -0.006963472045334462  738318.712659875
0.09470646589734129 0.3005006581437583 1.0043237025344172 -0.01172988662865868 -0.007878681132944505 -0.0065381485458567085 -0.0065381485458567085  738318.7126609024
0.09285730898522676 0.32310587416602404 1.0033847675842955 -0.006659277781169797 -0.010449913227855306 -0.007216766509022233 -0.007216766509022233  738318.712662149
0.08931764322818697 0.34369445309074426 1.0028089792409056 0.004061525177310055 -0.011731205245955625 -0.007482306897719617 -0.007482306897719617  738318.7126632341
0.08458397465709253 0.3609516718737462 1.0037418964497418 0.00837763707089385 -0.011931770848575442 -0.0076056190850402414 -0.0076056190850402414  738318.7126643929
0.07618216475146769 0.38080852776113266 1.0065527141275714 0.010819517575913934 -0.009073463935877187 -0.009036308532331021 -0.009036308532331021  738318.7126656972
0.06985067499551595 0.3919605682011033 1.007384561493717 0.009332291689723717 -0.0017027448750334656 -0.01046276853798657 -0.01046276853798657  738318.7126667019
0.0620333660913292 0.4039467376835753 1.0055880201930785 0.003864542004839211 0.008678140545774827 -0.013399790327898523 -0.013399790327898523  738318.7126677872
0.0547651600394562 0.4166359361030715 0.9972431353114468 -0.0035945029690102066 0.016349331694914288 -0.014773583690854894 -0.014773583690854894  738318.7126691344
0.05170358348922561 0.4259175336516428 0.9878156597786981 -0.005112447230633892 0.01454462235247658 -0.01437554031723794 -0.01437554031723794  738318.7126701756
0.051256290407415465 0.437711628496501 0.9750652666931491 -0.007998867345641841 0.013675765727856445 -0.012612255428308138 -0.012612255428308138  738318.7126714453
0.053213551692233664 0.4488947996395401 0.9624972257009772 -0.005831876231618429 0.011894069434520736 -0.010244943439341717 -0.010244943439341717  738318.7126727151
0.05663991861446775 0.45949326443333444 0.9527391706442481 -0.006330764805868302 0.009026415733945246 -0.0067387072921585925 -0.0067387072921585925  738318.7126736732
0.06186073547719903 0.4718267216939854 0.9457230541854943 -0.004384715237193714 0.0034310640715304102 -0.003809127308292248 -0.003809127308292248  738318.7126748337
0.06764711184067343 0.48575140499093156 0.9426511660846147 -0.007966152459321264 0.00023367510242829266 0.003075063491762578 0.003075063491762578  738318.7126760803
0.07212062731961458 0.49694654169888547 0.9422007057214478 -0.004212684350092467 -0.0004856250311827555 0.00610833512604102 0.00610833512604102  738318.7126771192
0.07578421757150292 0.5076161283062163 0.941718099366805 -9.942735637151946e-05 -0.0056294833352290834 0.006518473523425198 0.006518473523425198  738318.712678193
0.07906151511191761 0.5201642256666872 0.9393279141338772 0.003409519131287699 -0.001098737477660533 0.005066184499272648 0.005066184499272648  738318.7126795575
0.0805307486620627 0.527897794082841 0.9343886127647717 0.005350527299518613 -0.002123864148079315 0.003588352598703579 0.003588352598703579  738318.7126805965
0.08168525723207641 0.5339375903342168 0.9269419833100524 0.004913970405368532 0.0034895343499323894 0.0021293457408131772 0.0021293457408131772  738318.7126816354
0.08330297978418781 0.5386240394623256 0.9176595019467498 0.0035659767835238046 0.006225221548804371 0.0008090403931492405 0.0008090403931492405  738318.712682903
0.08570651599056879 0.541423269112683 0.9094423486402377 0.0029854787930519064 0.006291298859209601 0.00012959705543075735 0.00012959705543075735  738318.7126839766
0.08955273609856663 0.5422696934908845 0.9035767089709423 0.0037369862600289327 0.0078121433752459 0.001730113371986673 0.001730113371986673  738318.7126852706
0.09363612816860958 0.5415836484802736 0.9020790131548744 -0.0012656586156807993 0.008691321380987074 0.0005159380256000823 0.0005159380256000823  738318.7126863565
0.0993941718801462 0.5397302537094448 0.904155225367928 -0.0010417238490825918 0.006832359221656908 0.0015586016062310688 0.0015586016062310688  738318.7126875338
0.10663304913947327 0.5369628889564826 0.9078791435840096 -0.002183292220271931 0.003181724347035318 7.132762781708932e-05 7.132762781708932e-05  738318.7126887346
0.11373993012637829 0.5338290156901336 0.909063299114128 0.0003440948762962823 0.004801841500611373 -0.00177275810824545 -0.00177275810824545  738318.7126900271
0.12059525226974345 0.5300980886309035 0.9073516242981274 -0.0038607852589236115 0.0021896945517929293 -0.004892997534837706 -0.004892997534837706  738318.7126910118
0.12638658848276457 0.5260308670480269 0.9044475841800301 -0.0005749120228166836 -0.003956231256541434 -0.006608650513272606 -0.006608650513272606  738318.7126921546
0.13250821973918772 0.5199952608581843 0.8999023485358368 0.0032395530810344327 -0.002765354400859741 -0.006831252266138711 -0.006831252266138711  738318.7126933296
0.13619687461753036 0.5140683562434761 0.8959080670622692 0.001604491830312186 -0.003262461482621461 -0.007117133277256763 -0.007117133277256763  738318.7126943918
0.13939254752160804 0.5053670622195444 0.891426182205635 0.002762475760936743 -0.004150676662814606 -0.00782775099640922 -0.00782775099640922  738318.7126956373
0.14123854326711494 0.49604655924906255 0.8879411226427426 0.002368141357705333 -0.0027701970696286634 -0.00942495248502225 -0.00942495248502225  738318.712696803
0.14209389989425433 0.4867458188467694 0.8850131902033795 -0.0016167443078170063 -0.004389941430141222 -0.010242136854411634 -0.010242136854411634  738318.7126978394
0.14268837353139885 0.4744893933033012 0.8813598049580221 -0.0035392712392113375 0.0024686868132585585 -0.011396702291602697 -0.011396702291602697  738318.712699121
0.14298812531416333 0.46441439588115074 0.8799545441856447 -0.009839858953607462 0.0030825816715534704 -0.012545667455759656 -0.012545667455759656  738318.7127001619
0.14371442798354242 0.45273344665054027 0.8808928446656602 -0.009879186927801814 0.0006510695495349496 -0.01248110333305898 -0.01248110333305898  738318.7127014557
0.14448291293882412 0.4438664297658968 0.8813267723557118 -0.007761129395434658 0.0055077997404104975 -0.011826529424945243 -0.011826529424945243  738318.7127025498
0.14555906463740706 0.4340399974656465 0.8786066647462486 -0.007015352096206631 0.0016418319294936345 -0.013627396934458778 -0.013627396934458778  738318.7127040224
0.14625959573646877 0.4246032283910287 0.873364235014311 -0.004794753131443364 -0.0021224091096709963 -0.01433313179218461 -0.01433313179218461  738318.712705011
0.1463259202604169 0.4167119759241034 0.8685797677600113 -0.00023841507224928244 -0.002159011141516885 -0.014178019213601683 -0.014178019213601683  738318.7127060615
0.14553795910193962 0.4074999843328504 0.8633908006884611 -0.0027112417260463624 -0.003760986435937016 -0.015728202775657937 -0.015728202775657937  738318.7127072158
0.14393458519137695 0.39779514101106966 0.8594749847153162 -0.0018383967691214089 -0.0033693669776998243 -0.01584415223116625 -0.01584415223116625  738318.7127084164
0.1415113062867232 0.385550756516939 0.8557655983973491 -0.0032488959246104723 0.00041400335328061117 -0.016200243491645862 -0.016200243491645862  738318.7127097966
0.1395274473678609 0.37812111503056334 0.8532968418913287 -0.0008910731854336969 -0.006679908939385547 -0.016181329228226144 -0.016181329228226144  738318.7127106161
0.13607106688874374 0.3650859667841595 0.8475519106685403 -0.0033186521368434156 0.0006424547681526415 -0.016068569368374582 -0.016068569368374582  738318.7127120144
0.1335232864493087 0.35627111805081585 0.8426805081615456 -0.003253687392714722 -0.00016118620361326181 -0.014637952308535755 -0.014637952308535755  738318.7127130051
0.13037534720147637 0.34444472371708656 0.8362336125551268 -0.009037290193034895 0.001431134941603748 -0.014694904871268713 -0.014694904871268713  738318.7127141595
0.1277569427994915 0.3331121351831838 0.8321750023772805 -0.00782150121850056 0.0037352521596049917 -0.012104479663019325 -0.012104479663019325  738318.7127155771
0.12677732074338846 0.3246036158021165 0.8295323698540827 -0.007526557924516854 0.006361517219232172 -0.013073771827268023 -0.013073771827268023  738318.7127164773
0.1264042516564608 0.31689945725907864 0.8271634309404866 -0.011492260115215808 0.004400313398478284 -0.01357536489152749 -0.01357536489152749  738318.7127175393
0.1266133669618364 0.3084892931191764 0.8246615255976617 -0.010341732468899118 0.0018023837344566676 -0.014127999693214073 -0.014127999693214073  738318.7127188684
0.12699092539016987 0.30249000701798473 0.8225365820834438 -0.007176668405930055 -0.002947790504356347 -0.014106777009083166 -0.014106777009083166  738318.7127199429
0.127093984410827 0.2962720936208097 0.8199051666161854 -0.0033761558330482303 -0.004124614073963353 -0.013925775771358201 -0.013925775771358201  738318.7127210386
0.12655550035497273 0.28869542555016353 0.8152712444391341 -0.001008815964834373 -0.002678041824602306 -0.01244023307910294 -0.01244023307910294  738318.7127223774
0.12616525288365416 0.2829906241959976 0.811255004103945 -0.004755529755574288 0.004053150530109513 -0.013898322031432786 -0.013898322031432786  738318.7127234046
0.1254690582097202 0.27524860191860095 0.8055733228837768 -0.005180956173025046 0.0022241626373244888 -0.013977906977441782 -0.013977906977441782  738318.7127244669
0.12473328286925113 0.26562601615602194 0.7988872260156137 -0.0045179050397704925 0.0007805819634535782 -0.013300997706905397 -0.013300997706905397  738318.7127258116
0.12389130488009999 0.2567635435793331 0.7943918297420013 -0.003558821472285745 0.002724101185090085 -0.012697632081744896 -0.012697632081744896  738318.7127268718
0.12251295299874734 0.24637808481388895 0.7915890968561426 -0.008628260899476464 -0.00013044117261500995 -0.011826510196910221 -0.011826510196910221  738318.7127280129
0.11996314144872337 0.23462438588030035 0.7912873267233673 -0.010011494791617424 -0.0038060707914546383 -0.011599798322047552 -0.011599798322047552  738318.7127292334
0.11583677710765931 0.2246427918867248 0.7916842361472703 -0.009038052513214418 -0.008127098179642871 -0.00895952345697512 -0.00895952345697512  738318.712730367
0.11038758270268735 0.21595196020156326 0.7906104698568279 -0.015346605010610224 -0.013724099971985431 -0.012898933171751581 -0.012898933171751581  738318.7127316514
0.10250855352588124 0.20901464928548738 0.788682026600424 -0.015070553590367542 -0.01604488112425117 -0.014749733105503917 -0.014749733105503917  738318.7127327132
0.09376260428971935 0.20453482917963176 0.7861425261794748 -0.015841364334322747 -0.01021517391798596 -0.014402390157643134 -0.014402390157643134  738318.7127337864
0.08288357490356486 0.20175943933995796 0.7829236715853276 -0.015452886850898392 -0.004983127498191786 -0.015398287231894667 -0.015398287231894667  738318.7127348855
0.06992617687657268 0.20074213517522277 0.7803540866526018 -0.00969448702669336 -0.0023724174582959506 -0.014905173460449598 -0.014905173460449598  738318.7127362886
0.05758515904037133 0.20089637960425352 0.7797365369334185 -0.00351394766022749 -0.004826950616166685 -0.014296177030190515 -0.014296177030190515  738318.7127373159
0.045043849597335754 0.20104260129409485 0.7803768071658171 -0.00121287960619507 -0.004383688087362677 -0.012114377096636849 -0.012114377096636849  738318.7127385125
0.033721840608197835 0.20053056994339039 0.782058801539804 0.0039036486010316316 -0.0042340311165563384 -0.010716572990676885 -0.010716572990676885  738318.7127395977
0.021484496868354144 0.1987616320552779 0.783202351800846 -0.0007591743486603909 0.0013353228353651075 -0.011366091846223164 -0.011366091846223164  738318.7127407633
0.00688364860469892 0.19501978323578695 0.784240406793697 -0.0021973646598897503 0.0030971318572594743 -0.009456813239339846 -0.009456813239339846  738318.7127420448
-0.002539109414444004 0.19172960338895578 0.7845886669200237 -0.005574121274459189 0.0013571227920148852 -0.008878801003362151 -0.008878801003362151  738318.7127430721
-0.014052850829645875 0.18698528817138627 0.785108663973917 -0.00582721989067845 0.0018509285939412978 -0.008138544662896355 -0.008138544662896355  738318.7127442386
-0.02554330335641989 0.18226959287831532 0.7852598436724183 -0.009813401784985378 -0.002947123057890984 -0.0070501042757756755 -0.0070501042757756755  738318.7127453927
-0.038756554786798895 0.17769810095077454 0.786207607876469 -0.005966226312007131 -0.011122293092480378 -0.004326212292988192 -0.004326212292988192  738318.71274657
-0.051780074824781454 0.17431842901727387 0.7874032319939982 -0.008655683816687902 -0.007343400748854383 -0.001644852057772418 -0.001644852057772418  738318.7127478167
-0.06513912112361937 0.1725203238167603 0.7882660360113217 -0.012185300270980045 -0.006076370258655754 -0.002454004861017352 -0.002454004861017352  738318.7127488788
-0.08100502778367928 0.17243902331946118 0.7884581556159397 -0.012720941545920059 -0.006777278140812341 -0.00043095972365010107 -0.00043095972365010107  738318.7127502481
-0.09243911664646243 0.17380320379472816 0.7881284375090046 -0.010954520781676998 -0.005888049768325632 -0.0006371925196528125 -0.0006371925196528125  738318.7127510792
-0.10835794654180667 0.17726535070912416 0.7871025161793986 -0.008917573951871023 -0.005860660691509237 -0.0008283111046192326 -0.0008283111046192326  738318.7127523605
-0.1210262831735087 0.1811097585332757 0.7851098896853344 -0.004962941369902433 0.0001380368147814848 -0.0005885159150849988 -0.0005885159150849988  738318.7127534951
-0.1373254609942985 0.18662460882207926 0.7824478086416107 -0.002114279720923618 -0.002848838730102705 -0.0005970584714249684 -0.0005970584714249684  738318.7127547764
-0.14870306730482832 0.19015277733896693 0.7819360541087325 0.005001658812232587 -0.003814563809125106 -0.002843718206661564 -0.002843718206661564  738318.7127558268
-0.1615747544959995 0.1938722842466166 0.7818848560754666 -0.0065256759083173865 -0.003663646408404282 -0.00028921438871909905 -0.00028921438871909905  738318.7127569813
-0.1761865489924393 0.19744722344607277 0.7824681626963838 -0.009125988195176545 -0.009175084704167356 0.00040073837567246675 0.00040073837567246675  738318.7127582523
-0.18793542425765355 0.2002042760484551 0.7829919474859012 -0.004859173330454839 -0.012710480766812195 0.002929114620387577 0.002929114620387577  738318.7127592912
-0.20596078435988682 0.20408398831102298 0.7835646691879352 -0.0028529155246857867 -0.014584017423448205 0.0029991931337432095 0.0029991931337432095  738318.712760503
-0.22378947977530933 0.20757950670948694 0.785102064105348 -0.00026657630389431935 -0.010314285969303193 0.001977697977418112 0.001977697977418112  738318.7127617032
-0.24204596258805108 0.21083202366515089 0.7870910477747692 -0.0011950010508779702 -0.0003300758674773571 0.001964727087845067 0.001964727087845067  738318.7127627649
-0.2579250061483248 0.21324301229018222 0.7889007363456231 0.0022214517670859336 0.0057652811203628305 0.000967197017724504 0.000967197017724504  738318.7127638385
-0.27538696643857946 0.2149580436906159 0.7903979535416882 0.00034438711935370203 0.00730333408625089 -0.004276528235031968 -0.004276528235031968  738318.7127651523
-0.2900750190146829 0.21579001784215884 0.7906554235407339 -0.0002870176190323484 0.0029825597837846813 -0.004687406329065736 -0.004687406329065736  738318.7127662365
-0.3020595406427667 0.21576678575107153 0.7899392116368589 0.001379795861761052 0.0017980831186567045 -0.0007088997329649782 -0.0007088997329649782  738318.7127673564
-0.31708476859981066 0.21444552805193437 0.7890135199624541 -0.00018684277379797757 0.0008254234440924727 0.0011855199761577914 0.0011855199761577914  738318.7127686663
-0.32687326348901863 0.21294158764021076 0.7889645370839388 -0.0012211095640095476 0.0004845368347659499 0.0037561084523823358 0.0037561084523823358  738318.712769675
-0.3407022831841817 0.21047430468138145 0.7899605369012405 0.000987608577176306 -0.0033281588093351665 0.011668273932765734 0.011668273932765734  738318.7127708775
-0.3528141520927068 0.20789230043768725 0.7908400768812925 -0.00492253289721194 -0.005337811979104684 0.010901610500581598 0.010901610500581598  738318.7127720433
-0.3642278623062763 0.20575928911962432 0.7920012935140834 -0.00335510001847904 -0.004052921369833528 0.01151705177093814 0.01151705177093814  738318.712773153
-0.3770390658150719 0.20415286733085597 0.7939871245358325 -0.007683146578135566 -0.005129641623587103 0.009966115685821078 0.009966115685821078  738318.7127743076
-0.39076032231426944 0.20366643652908534 0.7964022371596146 -0.006332109354247679 0.002588376015783534 0.007911434042460745 0.007911434042460745  738318.7127755194
-0.4019153486928165 0.20410841345688094 0.7984804470261166 -0.006579713277389325 -0.0004238839160322722 0.005550475785210415 0.005550475785210415  738318.7127766091
-0.41458572138978994 0.2055821201933419 0.8001481392548924 -0.0020966408326684406 -0.00142064269418019 0.002038346003652979 0.002038346003652979  738318.712777818
-0.4270847587234217 0.2073396985134142 0.8005969194308691 -0.00022092863792375913 -0.0051798311614676615 0.003197247417408774 0.003197247417408774  738318.7127790834
-0.4368926340393931 0.208405229095204 0.8001837292351448 0.0009599558244207942 -0.00579781289629873 0.000682152630324479 0.000682152630324479  738318.7127801223
-0.44642379024635226 0.2092332755691011 0.7998941080873634 0.0011436795952183966 -0.0011971137806862596 -0.0007244245515505017 -0.0007244245515505017  738318.7127812096
-0.45763000460342307 0.20905324246564805 0.8007713548858938 0.006076641618471433 -0.002208740099877284 -0.006767018851944764 -0.006767018851944764  738318.7127825378
-0.4678211276753788 0.20754909328294804 0.8016993898092099 0.008602369319877942 -0.0014866210981001142 -0.005155582788755148 -0.005155582788755148  738318.7127837127
-0.47519573879395605 0.20493800797266956 0.8017571321263947 0.012641017860241088 0.0018900919832793002 -0.006266111942494547 -0.006266111942494547  738318.7127848093
-0.48173888030475687 0.20050396422114994 0.801739111131595 0.009749403472018489 0.009610606008131746 -0.0039918626968996635 -0.0039918626968996635  738318.7127860329
-0.4857068028174851 0.19479754580479797 0.8025512286432657 0.00494308005106593 0.010815347070850002 -0.004466384226659837 -0.004466384226659837  738318.7127871757
-0.4873569837047151 0.18863907197757354 0.8040804022588431 0.0007198548338763069 0.011002146580389173 -0.002275284114595953 -0.002275284114595953  738318.7127882376
-0.48683276332136466 0.18309325531041326 0.8054756934617856 -0.004704865735729591 0.0067550040936316755 -0.0023560673239707078 -0.0023560673239707078  738318.7127894065
-0.48434467159477546 0.17861585757686962 0.8066514173254304 -0.006331346711011 0.002514373544252995 0.0008890452865749252 0.0008890452865749252  738318.7127905454
-0.48086787501312406 0.17599932427618595 0.8072900576900266 -0.009504146448255113 -0.000233350254844089 -0.0013499924895781523 -0.0013499924895781523  738318.7127916189
-0.4757836823381138 0.17471599141775415 0.8072858725707148 -0.008752605779171302 -0.0017904907130230478 -0.0005451001468474064 -0.0005451001468474064  738318.7127928736
-0.47053270202200614 0.1749920184177162 0.8052375499115388 -0.004785383604583557 -0.0025599590293793398 0.0009672969675027731 0.0009672969675027731  738318.7127940166
-0.46484920233193033 0.1759433522864823 0.8014555709512778 0.0027615037400939854 -0.0025911319118645517 -0.00011512550971304939 -0.00011512550971304939  738318.7127952748
-0.45871956324165153 0.17659910861552808 0.7971657594675126 0.006822210176843862 -0.0018284188647053432 0.0008497561856199315 0.0008497561856199315  738318.7127963484
-0.45197833745237365 0.1763118834957688 0.7935321525979739 0.006397656783950309 -0.0018131877673611585 0.0001249103282052693 0.0001249103282052693  738318.7127974894
-0.4459312613675405 0.17512713542479474 0.7909511191537034 0.0024456774850388574 0.007132470861100328 -0.0021664847904136818 -0.0021664847904136818  738318.7127985283
-0.43684485366652326 0.17248775387504986 0.7896088825789084 0.002718404457194796 -0.002569941460792557 0.00335807906453217 0.00335807906453217  738318.7127998444
-0.4285271813158203 0.16878875004699032 0.7906845890969757 0.0036568847282616957 -0.0035342668624547186 0.004049552841880043 0.004049552841880043  738318.7128010009
-0.4199536147409555 0.1640172596112202 0.7937863551963179 0.003784532617698233 -0.0018373420729041617 0.0018450856071030872 0.0018450856071030872  738318.7128021811
-0.4113810483361149 0.15907929330246537 0.7981082261042555 -0.0005240214234252639 -0.001239796021325221 0.0011977132556305482 0.0011977132556305482  738318.7128032787
-0.4035916642771906 0.15492264054968077 0.8020281088668376 -0.0035251171895169303 -0.0024297240969516115 0.0001652242656267659 0.0001652242656267659  738318.7128044291
-0.39402565752578567 0.15086173274237136 0.8044525241157247 -0.006935848519933255 -0.0017714687099070728 -0.002206323999281218 -0.002206323999281218  738318.7128056762
-0.38559175765873 0.1484882406144137 0.8032457469354153 -0.0076692584618021295 -0.004592191655300478 -0.0034765353922645696 -0.0034765353922645696  738318.7128067502
-0.3783495398194881 0.14739329717051902 0.8000985842531917 -0.0064101169203905845 -0.004852021699192361 -0.003984390059101791 -0.003984390059101791  738318.7128078352
-0.37019000015766784 0.14727054337527956 0.7938994166004755 -0.0034611690199200986 -0.004846587918390347 -0.0033519730097129265 -0.0033519730097129265  738318.7128090872
-0.3639658953744428 0.14791831273098957 0.7871915938823306 -0.0034302329990387884 -0.004187938316364803 -0.004356403378730165 -0.004356403378730165  738318.7128101673
-0.35778042353357675 0.14882038676157477 0.7789520494193556 -0.0022241262178458528 -0.004746147251478508 -0.004621622833558171 -0.004621622833558171  738318.7128112759
-0.352105610893556 0.14950765052059004 0.7695275654773199 0.002666532495168113 -0.006588387466685511 -0.0028754212127100405 -0.0028754212127100405  738318.7128125441
-0.3483756233104263 0.14964748649654744 0.7624582780555523 0.0016036210113160988 -0.009852462480136649 -0.0032037839799228893 -0.0032037839799228893  738318.7128136535
-0.3453985249133204 0.14873587388796516 0.7535231596463542 0.003950960837283996 -0.010037553059578156 -0.0024911709045143406 -0.0024911709045143406  738318.712814968
-0.3442923496484674 0.14744360448368907 0.7464537243318375 0.0012157530722610927 -0.00627790587243169 -0.001669145883539312 -0.001669145883539312  738318.7128159722
-0.343833669268461 0.14482501525853503 0.7354383613692598 0.0010311463026041875 -0.00401885313946078 -0.0016125960846472458 -0.0016125960846472458  738318.7128171634
-0.34393704194260216 0.14172168682159958 0.7234911173503323 -0.00365726636028157 -6.808593236507002e-05 -0.004468906855592752 -0.004468906855592752  738318.7128183526
-0.34421366837187417 0.1386141567980764 0.7109468218659316 -0.0028108309768402136 0.005574397066657272 -0.004078714339272617 -0.004078714339272617  738318.7128194483
-0.3444725237165971 0.13405405949270577 0.6933539905107879 -0.003244367752445919 0.003334090937423594 -0.004679849002950914 -0.004679849002950914  738318.7128206838
-0.3446877956704737 0.12955665172456712 0.6799845521374809 -0.003822571472008684 0.0002290728572780049 -0.005967182461317192 -0.005967182461317192  738318.7128217916
-0.3448005654817302 0.12386619899329236 0.6680522241922373 -0.0004462434272620542 0.001555049246020861 -0.003054910126270291 -0.003054910126270291  738318.712822946
-0.3447211545596621 0.11666497813260678 0.6581275417814207 -0.0010180063015802299 0.00017479165711747752 -0.003743418107319298 -0.003743418107319298  738318.7128241699
-0.3448932265562535 0.11001686596264043 0.650989356968595 -0.002548765276785263 -0.003945497541872937 -0.0024582060175498644 -0.0024582060175498644  738318.7128252706
-0.34559298850004433 0.10030505528072207 0.6406041638749405 -0.005019197980504558 -0.0020312116590261668 -0.0032381946551740433 -0.0032381946551740433  738318.7128266216
-0.34654890814283806 0.09350474700472018 0.6330315426638886 -0.005519948821868769 -0.0049246417859865575 -0.0021405421085241363 -0.0021405421085241363  738318.7128275431
-0.3477687257753657 0.08488054356050968 0.6234072287735842 -0.005770471981127175 -0.0007829531214446233 -0.0026365474361091925 -0.0026365474361091925  738318.712828743
-0.3489860240309844 0.07590890140595205 0.6143799501806673 -0.0032865480850152225 -0.00036166149889354723 -0.004470894371697915 -0.004470894371697915  738318.7128298396
-0.3498488333310263 0.06616297760337356 0.6047503976863268 -0.004040276639480168 0.004519522318724952 -0.007738373607893448 -0.007738373607893448  738318.7128310525
-0.35047378476162316 0.05797890742858797 0.5972466036377461 -0.0020727437317194643 0.0037695403085005992 -0.005492615611525535 -0.005492615611525535  738318.7128321836
-0.3501736106991056 0.0478124487477418 0.588888338410443 -0.004791455446564656 0.001305061729762639 -0.007516880894701897 -0.007516880894701897  738318.7128333736
-0.3488967746788135 0.03834722670575151 0.581769678750375 -0.003752580181764572 0.009381239994938563 -0.007281590003684851 -0.007281590003684851  738318.7128345937
-0.3472220540837705 0.030055228625897174 0.5743130892543621 -0.007218981328886048 0.004051702238471131 -0.008705979169293821 -0.008705979169293821  738318.7128356802
-0.3451424290193515 0.021489579296281477 0.5642021092607311 -0.009142703131196897 0.003119823029955614 -0.007820751981212022 -0.007820751981212022  738318.712836791
-0.3423598197581364 0.013639383108623084 0.5506195728434563 -0.013908960994645898 -0.0030006006892522113 -0.010420268396471893 -0.010420268396471893  738318.7128380723
-0.33994061843948736 0.008059608795257595 0.5371738573742729 -0.014413730998582699 -0.0009467531658100748 -0.010587553782843094 -0.010587553782843094  738318.7128393534
-0.3377514155020636 0.004838710998952211 0.5245256563579708 -0.017138564870797904 0.0017021536716171502 -0.010873208965719916 -0.010873208965719916  738318.7128402888
-0.3349715997120758 0.0032649077314128795 0.5078340395123618 -0.01834590805373006 0.004971148596277893 -0.009523099573013921 -0.009523099573013921  738318.7128416525
-0.33315014362026857 0.0037960777315344334 0.49570725619831324 -0.014294649269855205 0.002859297082664094 -0.009962720471931932 -0.009962720471931932  738318.712842633
-0.3322578352125761 0.005468584017844593 0.4845037583502853 -0.0074140186290464335 -0.005792575330051403 -0.012734495915538541 -0.012734495915538541  738318.712843695
-0.33253598945131113 0.00818360366332604 0.4719130195657613 -0.0032450100413722533 -0.00625509679507698 -0.011722470495257563 -0.011722470495257563  738318.712844954
-0.33399419430980226 0.010644353365038219 0.4609932267391445 -0.0037734568866616336 -0.008331805110146091 -0.011724450961628255 -0.011724450961628255  738318.7128463034
-0.33691190252791664 0.012260090193697623 0.4490760742884056 0.0015480280183240898 -0.0164308839843099 -0.012901896853721158 -0.012901896853721158  738318.7128471805
-0.3411831902886778 0.013373167320980848 0.43288261530069 -0.00024180574776462056 -0.00038014425543073224 -0.009776624527749305 -0.009776624527749305  738318.712848438
-0.3451515384103895 0.013109020108086422 0.41807378109275184 0.003532589910218238 0.004558494511995626 -0.013115484580710001 -0.013115484580710001  738318.7128495488
-0.34916153403802863 0.01146419315456753 0.3983933825936116 0.0006681547982185851 0.0036944746892542267 -0.013761642205749724 -0.013761642205749724  738318.7128509925
-0.35031873793340257 0.009854175984702325 0.38880052237558793 -0.006716693829673906 0.0030678419713326445 -0.011212088009793307 -0.011212088009793307  738318.7128518696
-0.3511533524654884 0.0066161039181599325 0.3741556577213512 -0.005644777838690858 0.011986535843111712 -0.013388852977429696 -0.013388852977429696  738318.7128530471
-0.35037057696770346 0.00285362989391481 0.35993100384683213 -0.008249128166204683 0.008213044241844127 -0.008914138824764217 -0.008914138824764217  738318.7128543204
-0.3485455250138526 -0.00042286145523421736 0.34775757832035614 -0.009309977590911416 0.005862245035383674 -0.01283623655124938 -0.01283623655124938  738318.7128553607
-0.3451926860025169 -0.003598215965569212 0.33476725869915297 -0.014103010674567078 0.0040003667673781315 -0.01016179780891293 -0.01016179780891293  738318.7128566704
-0.34070145319375417 -0.0064554133280581025 0.31954081554566716 -0.013927392264897332 0.006694784856583089 -0.013151208471614644 -0.013151208471614644  738318.7128577912
-0.3374822210513388 -0.008382799432572625 0.30774647234825603 -0.012271399997448832 0.003534387711064692 -0.008072582375348478 -0.008072582375348478  738318.7128587959
-0.33189671771222373 -0.009479468572549317 0.2922919668030148 -0.015032525202374128 0.004206927429958859 -0.011130773570266702 -0.011130773570266702  738318.7128598741
-0.32642572330385533 -0.009834726119321555 0.27513707594863496 -0.006297216394623527 0.0013996471451560909 -0.011298971211939832 -0.011298971211939832  738318.7128612478
-0.32160658263791825 -0.009533215577218635 0.25938916283548763 -0.0024559794028605527 -0.004006734494816783 -0.010626290692451051 -0.010626290692451051  738318.7128623099
-0.31725651220254397 -0.00862878270535911 0.24700494714683285 -0.00643801951998439 -0.004000275525393693 -0.011016410609249813 -0.011016410609249813  738318.7128633693
-0.31275937149810445 -0.006468395156321873 0.23263406328999728 -0.006775630020152584 -0.006222085367531819 -0.01166591526125517 -0.01166591526125517  738318.7128646345
-0.3087444304016511 -0.002748160702257405 0.22005089899905686 -0.005346623869122981 -0.012583671264220877 -0.02056444464207108 -0.02056444464207108  738318.7128657809
-0.3052943207081822 0.0027199275598679207 0.20561050043463514 -0.006363132857388578 -0.002900957160902947 -0.017778268992324004 -0.017778268992324004  738318.7128669835
-0.3016166679178774 0.009001319235069064 0.19254040209178022 -0.008809550763285143 -0.00840500131727582 -0.019878735599110714 -0.019878735599110714  738318.7128680804
-0.29801359441535213 0.017207669347042574 0.17697717802418303 -0.011628028814847268 -0.00466029721670595 -0.02059523427415638 -0.02059523427415638  738318.7128692114
-0.2933141576933071 0.027473964953220482 0.1590706552759928 -0.007058109366763926 0.00023972783908953369 -0.02323656914619408 -0.02323656914619408  738318.7128705066
-0.288000211987794 0.03761724007536274 0.14420343608318542 0.010759088321666757 -0.009657956314038577 -0.030654069781178222 -0.030654069781178222  738318.7128715803
-0.28245140178302275 0.04734696470534183 0.1311880753882251 -0.00045839702417264954 0.0006470301968538809 -0.024669086766203205 -0.024669086766203205  738318.7128726551
-0.2736345877466055 0.05991698076360126 0.11755919228532218 0.0007426244243070648 0.009833251923356146 -0.023506488234486502 -0.023506488234486502  738318.7128739969
-0.26556819909289603 0.06967724524740182 0.1099089017165495 -0.008131220861240244 -0.0045034556219454005 -0.022059443635269228 -0.022059443635269228  738318.7128750358
-0.2566512521192136 0.0799295336147284 0.1059175751710019 -0.005368322009278675 0.0003870373673619822 -0.018157812158260702 -0.018157812158260702  738318.7128761093
-0.24501944060375164 0.09324142084896338 0.10801170048586843 -0.015122717834083347 0.003422905908006284 -0.018896055521812127 -0.018896055521812127  738318.7128773914
-0.23495271476987512 0.10627163304988356 0.11923550236452186 -0.010341938994222918 -0.004077284690940755 -0.013744368426610648 -0.013744368426610648  738318.712878506
-0.22625371479680287 0.1195769183789869 0.13492890257283546 -0.017734290657005356 -0.0024817812762789157 -0.009230579013400854 -0.009230579013400854  738318.7128795795
-0.21894733338617775 0.13867325991632948 0.1617055985989559 -0.013693649780392073 -0.008772317921500935 -0.0042585765392114065 -0.0042585765392114065  738318.7128809409
-0.21670921056093007 0.15345581879218229 0.18420163131813622 -0.006736321287700142 -0.01783716572230486 0.0007481649640409063 0.0007481649640409063  738318.7128819798
-0.2166214225659526 0.16717540047515395 0.20587544055929274 0.009080185587428194 -0.021658358815337637 0.0006093792622491838 0.0006093792622491838  738318.7128830187
-0.21967802054273894 0.17962151910093202 0.2274400080294395 0.021442417111026082 -0.016434701477977095 0.005962496180381169 0.005962496180381169  738318.7128842884
-0.22636467669940358 0.18736007387500925 0.24502125342689018 0.02978557198824225 -0.01533804385596402 0.007818785047395848 0.007818785047395848  738318.7128854502
-0.23591635763010257 0.1885254207204462 0.26218689818075597 0.030657244022545483 -0.013673808446064839 0.014870513739338809 0.014870513739338809  738318.712886651
-0.2455505292654051 0.1840780745759989 0.2755577654332564 0.022816426610622362 -0.0069808569954004545 0.01859334408424505 0.01859334408424505  738318.7128877555
-0.2567576967172514 0.17468911877113164 0.29278530420974896 0.01668243602329283 -0.00360901096152873 0.019919687647501776 0.019919687647501776  738318.7128888293
-0.2677836415027927 0.16083648595553696 0.3172475088541219 -0.003602075787517305 0.007718237954829789 0.0233375941926151 0.0233375941926151  738318.7128901132
-0.2748020343713792 0.14937345806435923 0.340904324695722 -0.011349159157464248 0.008291737912147766 0.021098505044451345 0.021098505044451345  738318.7128912424
-0.2806515102911998 0.13809535077035062 0.3682810814527392 -0.014806513141451977 0.013526595173325363 0.014504002262669445 0.014504002262669445  738318.7128922929
-0.284840726159145 0.1282704917751261 0.3964085548653899 -0.012900934944143492 0.00948296518021874 0.009250058419242209 0.009250058419242209  738318.7128936144
-0.28646215940485414 0.12264959796911142 0.4164195777635869 -0.013100927898703164 0.004108730002223868 0.0013714565263367496 0.0013714565263367496  738318.7128946765
-0.28767322473772045 0.11811840769059936 0.4366541184215344 -0.009435730975923269 -0.0042779492486257195 -0.002212577037692355 -0.002212577037692355  738318.7128960221
-0.28839039771803604 0.11578869505470593 0.45119365522352844 -0.006751606384191423 -1.365491574469205e-05 -0.001549361129395884 -0.001549361129395884  738318.7128970609
-0.2894341694507164 0.11482847370868357 0.46202650805268536 -0.00668254444000336 -0.0026318450701464614 -0.001146404208202029 -0.001146404208202029  738318.7128982842
-0.2903144295467478 0.11451220070031629 0.4704310461568391 -0.0021608654650842997 0.004070500948455467 0.00022360285753551866 0.00022360285753551866  738318.7128994097
-0.2914364424751188 0.11423528914527356 0.47775246084795747 -0.001179492258854828 -0.00339652937667296 7.267709698686412e-05 7.267709698686412e-05  738318.7129006588
-0.29254569905934724 0.11370719460336683 0.4828293377356485 3.674092468602618e-05 -0.0023274208343437063 -0.003567491087610958 -0.003567491087610958  738318.7129016162
-0.29412390699290775 0.11190109180491116 0.48884823873936245 0.0007736150928215976 -0.004306203154959858 -0.00035935389980118584 -0.00035935389980118584  738318.712902909
-0.2954886424596715 0.10934598848456091 0.4948276998044866 -0.00021032390326615564 0.0001522217145992983 -0.0003346855299884636 -0.0003346855299884636  738318.7129039733
-0.2966510867964553 0.10633158773652818 0.5022662452550558 -0.0022217330563200576 0.006054416632362295 0.0014542006491855494 0.0014542006491855494  738318.7129051754
-0.29803240932124475 0.10322445449776983 0.5098896141955449 -0.005800586773572666 -0.004509887377360883 0.0009339428684170416 0.0009339428684170416  738318.7129063987
-0.29902930061824096 0.10119886312344867 0.5138676603240165 -0.006121774220037365 -0.0014390540743080978 0.0007513477302929144 0.0007513477302929144  738318.712907461
-0.30028394563036503 0.09992503324591853 0.5138766653556268 -0.009078479158096056 0.0014242458131859008 -0.0012574689927075105 -0.0012574689927075105  738318.7129085835
-0.3016395523230923 0.09897280712950866 0.5085554617893351 -0.006354999048794227 0.0018293227331245723 -0.005223475961392954 -0.005223475961392954  738318.7129097723
-0.3034936919316917 0.09859802650496752 0.5000218034932984 -0.0029565778676491636 -0.00489624467344215 -0.009237422465374819 -0.009237422465374819  738318.7129109171
-0.30555766792656336 0.09782462368680622 0.48913584719756487 0.003995978049573038 -0.0015333032106525915 -0.01200860408531708 -0.01200860408531708  738318.7129121181
-0.3078063357182904 0.09681744805757206 0.47737772969889253 0.00019779900395757995 -0.0024567798391864526 -0.013989578336433082 -0.013989578336433082  738318.7129132106
-0.31086785567633624 0.09402552456143845 0.46345838884038737 0.0056448658518697716 0.0008132933105756585 -0.021358223867090097 -0.021358223867090097  738318.7129143187
-0.31405772842668456 0.08882026229875327 0.44391536768497697 0.007427261358757286 0.018741889851781365 -0.027141061360315487 -0.027141061360315487  738318.7129156885
-0.31497722569840136 0.08419174819365467 0.4266937614280784 -0.00445965465331591 0.0052316728073246044 -0.0361369147778708 -0.0361369147778708  738318.7129167045
-0.3167099054590704 0.07839905100062118 0.40901275583992286 -0.008753993286468425 -0.0022449882831458794 -0.04165909639075151 -0.04165909639075151  738318.7129179164
-0.3186558642645053 0.07350195798748656 0.3946341297950211 -0.011153985887721742 0.004144338349027929 -0.04149359846725637 -0.04149359846725637  738318.7129190105
-0.32093927020198154 0.06905821810902119 0.38199153098676203 -0.01397820531387164 0.0014579715953237972 -0.04515026841293129 -0.04515026841293129  738318.712920061
-0.3237163826752975 0.06533346224035323 0.3722965366654573 -0.00838413934627269 -0.0037920421953731463 -0.04840159562331704 -0.04840159562331704  738318.7129214202
-0.32622007535382724 0.06343031810584532 0.36728663569973763 -0.009571116334693507 0.002985788777233319 -0.04586048826164737 -0.04586048826164737  738318.7129224323
-0.32778052881378017 0.062143657023783896 0.3632218680220871 -0.0030416049634280893 -0.0022951514974358074 -0.045668643213067 -0.045668643213067  738318.7129235286
-0.3291331420008799 0.061137712325953594 0.35407373129385444 -0.0026155869729353317 0.003245962321872207 -0.03749820058113459 -0.03749820058113459  738318.7129247986
-0.3288958858647207 0.059730406499961135 0.3411579336274719 0.0035741162360576665 0.0076216994148483675 -0.03634961098914169 -0.03634961098914169  738318.7129259645
-0.32749981253246957 0.05785218668905101 0.3271890442588883 -0.00041815782108480545 0.005030576504788264 -0.03226670352779487 -0.03226670352779487  738318.7129272111
-0.32517786078666205 0.05508063351795945 0.31453875976239376 0.00010501726867610898 0.005156877960775927 -0.03177027678462361 -0.03177027678462361  738318.7129282388
-0.32183108490928747 0.05098939940584358 0.30002001339446344 -0.007830695369973606 0.006618553181868865 -0.03417174341415259 -0.03417174341415259  738318.712929481
-0.3182864946385381 0.04734834037700375 0.2872958009784745 -0.01800798661083158 0.0032134668509764424 -0.03554932327112694 -0.03554932327112694  738318.7129307046
-0.3152175352487301 0.04521111511326154 0.27738949576107735 -0.014517633626535131 0.0019483402261699797 -0.04203151662056228 -0.04203151662056228  738318.712931928
-0.3118707482977213 0.04414647294594832 0.2671389504064317 -0.015297129051756033 -0.00027878024835361573 -0.04259568904673814 -0.04259568904673814  738318.7129329204
-0.30955153868633845 0.043936151282387974 0.25611769671591006 -0.014098563105440555 -0.006739450157150693 -0.04512236253634749 -0.04512236253634749  738318.7129341115
-0.30853729144542114 0.04423800715166546 0.2437292350069629 -0.011472488869213886 -0.0007676658706349562 -0.04538081658259475 -0.04538081658259475  738318.7129352668
-0.3090017794954772 0.04498482004109126 0.2291404333786309 -0.011755468202538004 0.0025097992749266405 -0.04912661489589003 -0.04912661489589003  738318.7129363857
-0.3103687523106405 0.046025231088641476 0.21570225540791446 -0.0009612371043126881 -0.006147581845636079 -0.048471363771483846 -0.048471363771483846  738318.7129374454
-0.31225295077806664 0.04749743415285222 0.19800194467115662 0.00027883257283268533 -0.0036381397732834124 -0.04507822993648206 -0.04507822993648206  738318.7129388106
-0.3134422371437227 0.04849308872747786 0.18600821656952057 -0.0008921118524079991 0.000304132478608005 -0.04462813593839509 -0.04462813593839509  738318.7129398494
-0.31407053626251474 0.04954447077448754 0.17462598239790436 0.00046475121532507614 0.004237902738882894 -0.042100293365728104 -0.042100293365728104  738318.7129410037
-0.31278545940675917 0.05170295791519398 0.1603164279370098 -0.003978932096054555 -0.00014701754193653915 -0.04077880278180202 -0.04077880278180202  738318.7129423773
-0.31094257784872115 0.05406888127134744 0.15106107266575386 -0.00776782272652934 0.003907889664449783 -0.03809685852214775 -0.03809685852214775  738318.7129433008
-0.30735082867121466 0.05810969398244569 0.14031730170725953 -0.0072465253482027325 0.004302553884490859 -0.03006229207871271 -0.03006229207871271  738318.7129443975
-0.30221890422163883 0.06361800361229224 0.1293009698680646 -0.0035087843104102674 0.0009793475447670529 -0.028827770113158586 -0.028827770113158586  738318.712945719
-0.2972192091919306 0.06954931345411346 0.12003309616327283 -0.005109592893735371 -0.007893125157927065 -0.02197605729082096 -0.02197605729082096  738318.7129468105
-0.2919732177255745 0.07687513420597748 0.11007090390133223 -0.01094437070855487 0.004110925145649921 -0.015372171221715816 -0.015372171221715816  738318.7129479524
-0.2865753982972211 0.08537000058068796 0.09979921387680124 -0.01252966576368929 -0.010415132326045717 -0.009558339915392917 -0.009558339915392917  738318.7129491529
-0.2808999006056292 0.0956465545346521 0.09040166224632809 -0.007881015776780425 -0.0015021098036119584 -0.007702084648425821 -0.007702084648425821  738318.7129502636
-0.2742189561089349 0.1063981400876116 0.08169166250084794 -0.0007686145608033681 -0.0038009698451999443 0.0022377090878685285 0.0022377090878685285  738318.7129514473
-0.26554065145582034 0.11828610562676763 0.07330559507625643 -0.004259516887581192 0.012811772107623515 0.017541468532047483 0.017541468532047483  738318.7129527009
-0.25670097502409583 0.12850528407649825 0.06670112461282914 0.009592376467718258 0.00025991476193066687 0.026127828556120992 0.026127828556120992  738318.7129538492
-0.2492939972157279 0.13564081257271238 0.062378407806544744 0.010761708993681639 -0.01047826753269234 0.02913140576327382 0.02913140576327382  738318.7129548307
-0.2402975967997619 0.1430561437183079 0.05812018697732235 0.0048353843039936105 0.00116857274648472 0.032861545447724724 0.032861545447724724  738318.7129560437
-0.23260878629322293 0.14860811665795778 0.05455532230041182 0.009365042441697901 -0.004094237849381381 0.03206528003703745 0.03206528003703745  738318.7129571903
-0.2246925096627609 0.1529068511729466 0.05127024786421493 -0.0027421149498993674 -0.004169660292043359 0.03415156025103391 0.03415156025103391  738318.7129584023
-0.22016145000733328 0.15485956817909136 0.04906938555299969 0.009424848657182478 -0.02101432495202185 0.031793152868313704 0.031793152868313704  738318.7129595065
-0.21884132702378606 0.1558025025952523 0.046141671309195276 -0.005404684219410599 -0.027873656243146954 0.03087352323258309 0.03087352323258309  738318.7129606147
-0.2232668209821589 0.15445960412417678 0.04289984343944107 0.006740025695481093 -0.029072750243132914 0.027054915705845565 0.027054915705845565  738318.7129619293
-0.23272760426291106 0.15194122353064765 0.040524811767528646 0.008203391876032412 -0.023407222289433864 0.026019752479802292 0.026019752479802292  738318.712962976
-0.24660494514367745 0.14802162322767107 0.04073902523412432 0.005599317232724058 0.002613542719494061 0.025296659711702325 0.025296659711702325  738318.7129641533
-0.26192222834239043 0.1434993441564687 0.04085772225325899 -0.0028782931867751527 0.006818194692466655 0.016546365480984176 0.016546365480984176  738318.7129654584
-0.27089358121071566 0.14053815579609957 0.04070809663170673 0.003526957916837162 0.005357001909493594 0.012573147994185024 0.012573147994185024  738318.7129664054
-0.2786436937996429 0.13732952479118096 0.03893308499463389 -0.007318328178047872 0.04677134046281324 0.016004413311656033 0.016004413311656033  738318.7129677214
-0.27602977203484547 0.13643854776847616 0.041097956750882216 -0.019264399797393 0.058352012357341325 0.02136745810071757 0.02136745810071757  738318.712968783
-0.266459257435432 0.13750419019718876 0.04205931486328535 -0.030906223798735366 0.06631819184356791 0.02896759932063356 0.02896759932063356  738318.7129698683
-0.2458204495198929 0.14159535449626007 0.038646888057369586 -0.008174051632032235 0.02680340527196863 0.03165988762142116 0.03165988762142116  738318.7129711811
-0.23001525578660384 0.145825813651157 0.03678409607370219 -0.01928723450156079 0.006221967908802064 0.02991459394917823 0.02991459394917823  738318.7129722637