-0.23471714708773617 0.12368905906731054 0.021386619683561304 0.004741055076383527 -0.015748343673900614 -0.028500932814924544 0.9994584578145159  738339.4145592527
-0.23469186859080315 0.12372966222786815 0.02142687575996636 0.004932590844170846 -0.014938536627746362 -0.028837159197390126 0.9994603183320536  738339.4145603274
-0.23472692314775442 0.12374557617928682 0.021408799332757276 0.0055201295078703425 -0.015741471326942782 -0.029069703836182834 0.9994381854669933  738339.41456158
-0.23468494168006768 0.12374325901452204 0.02146141386728397 0.004961603274860397 -0.015290627208091276 -0.02881168835615565 0.9994555847192981  738339.4145626698
-0.23472793256690602 0.12371540412673741 0.021399701964328416 0.005209708683001568 -0.015806690206290195 -0.028765140492127656 0.9994476345325096  738339.414563928
-0.2347246947514514 0.12373083159145214 0.02141258522360008 0.005412685812467713 -0.015577326946994631 -0.028945234225148126 0.9994449575304952  738339.4145650169
-0.23472566331184558 0.1237198330308062 0.021403986203412644 0.005315823366623836 -0.015548094183152613 -0.028938294876763686 0.9994461335553969  738339.4145662882
-0.23470548804590194 0.1237303751232807 0.021393541339771126 0.005037083382696942 -0.01596658216531381 -0.028824633099614163 0.9994442638644871  738339.4145673787
-0.23473157913719547 0.12370141595116613 0.021391485896391168 0.005147346222498259 -0.015999138213889666 -0.028589144329965788 0.9994499453348121  738339.4145684537
-0.23472811058012238 0.12373886183685581 0.021410347738287115 0.005462887488413369 -0.015618076409194753 -0.028941245949750467 0.9994441639393576  738339.4145697048
-0.23465448984581821 0.12378535010885722 0.021492340520255112 0.0051138139605108116 -0.015402048860496065 -0.029199621004633587 0.9994418481987144  738339.4145707856
-0.23461737604534763 0.12381258325163963 0.021742554974116337 0.003122462936032879 -0.011898772242949858 -0.028420481586107625 0.999520357807052  738339.4145720224
-0.23466787969407357 0.12386945175238691 0.021957523095966238 0.0033138665196411985 -0.011679653583501308 -0.028727652000291683 0.9995135446763138  738339.4145731042
-0.2345607878017666 0.12401095519006221 0.022205621097403535 0.0019822044823741176 -0.010416834243319847 -0.029078960482032207 0.999520872461912  738339.4145743428
-0.23366042492827535 0.12409614310712908 0.023179848208897645 9.656280790845432e-05 -0.0008976266279851267 -0.02879684602982718 0.9995848771369019  738339.4145754318
-0.23137916199597164 0.12440868053882206 0.02537359277374785 -0.006378893526730468 0.02244185943285431 -0.027229444849889574 0.9993569082143464  738339.4145766726
-0.2275482093553578 0.12508323017071232 0.028531070547791845 -0.022503988387252608 0.04822523585667347 -0.014044009938410968 0.9984841826078591  738339.4145777604
-0.2169512359429233 0.1271889441427951 0.035156115392573496 -0.005498869238884553 0.032779120114117447 -0.001709978220056511 0.9994460304069074  738339.4145790177
-0.20091333124146898 0.13128334269437253 0.047251634891364504 -0.007806303536415187 0.02217039824793003 0.004266069883130193 0.9997146271383538  738339.4145800963
-0.18299290703906707 0.13535552870735365 0.06702124934197905 0.007651564837465265 -0.013456651633282026 0.010862033892672948 0.9998211781624118  738339.414581187
-0.16441358022926642 0.13865928456555043 0.1001966294713882 0.012346927799127796 -0.03805095292194454 0.016698292090215533 0.99905998088049  738339.414582432
-0.15703775886506074 0.13837144974407484 0.1372264982621002 0.015732078594774983 -0.05558494584885112 0.02129229816551858 0.9981029273260843  738339.4145835107
-0.1593502638297587 0.1353806587275628 0.17871085446311225 0.013077511477637981 -0.048589465338205844 0.02675129595214407 0.998374884858679  738339.4145847729
-0.17018252133527384 0.12989805836012405 0.22391627289100627 0.010798239752059784 -0.04185264315240588 0.03001037054514449 0.998614606311743  738339.4145858659
-0.18523084569127346 0.12452254332898212 0.2664018597478331 -0.0008477270593380087 -0.02155975486676709 0.030307853724137253 0.9993077065306533  738339.4145869525
-0.20500030157421673 0.1192814285119762 0.31686013715996114 -0.008068440011691632 0.0024170940355857278 0.026860681513725084 0.9996037023344898  738339.4145882184
-0.22102141517046137 0.11697451384401798 0.3581196859861472 -0.012366413812781706 0.01682555184344849 0.02157641499529541 0.9995491138160872  738339.4145893108
-0.23381059373725988 0.11778705110447284 0.3955026201791968 -0.012074736487102396 0.02730182194617847 0.016402618618403014 0.9994197143140842  738339.4145905805
-0.2391132722927887 0.12062837489320201 0.4197504450073521 -0.005870154485745003 0.024623717780639282 0.014071774448774749 0.9995805115011176  738339.4145916778
-0.23887942481473512 0.1250612530935435 0.44070157391169007 -0.001956223299695752 0.025049701487587242 0.013092722481655984 0.9995985525518747  738339.414592763
-0.23305488710657862 0.12995429987978957 0.4587529013597999 0.004129906803838343 0.014154721315089047 0.014238972990274323 0.9997898976197279  738339.4145940442
-0.22509704931622662 0.13307837919552232 0.4709023526872426 0.006607756915994879 0.007039625792355026 0.016362329578874457 0.9998195114059313  738339.4145951527
-0.21510936178536297 0.13476270558734957 0.48220378662202407 0.010472770458970975 -0.007428882102463934 0.0194242352969955 0.9997288791831256  738339.414596226
-0.20577907704459114 0.13436305880173857 0.49146304172175226 0.00870778324233465 -0.015350942009199842 0.022228988122732937 0.999597116431152  738339.414597495
-0.19849657140217858 0.13183280997419106 0.49882239719446786 0.006068540584351041 -0.020733878111000085 0.023750592700119595 0.9994844613399687  738339.41459858
-0.19468090478920375 0.12828419265799668 0.5039609213623261 0.0022546864720004206 -0.02093219711851899 0.02482717202877062 0.9994700450947783  738339.4145996881
-0.19407673412424178 0.12259068924185496 0.5097991523879868 0.0012377644460682396 -0.020608589445189417 0.025524050906214405 0.999460993138598  738339.4146009581
-0.19634614715606002 0.11700110892427897 0.5152256660063769 -0.0035255431026077473 -0.013841173025268393 0.025236813701207447 0.9995794594274768  738339.4146020545
-0.19993427723628626 0.11205931074015141 0.5202907009030695 -0.005565955387094261 -0.007809699395511745 0.024026243914712503 0.9996653281670478  738339.4146031626
-0.20526947707892765 0.1066347711595212 0.5263253506025947 -0.005532660100296055 -0.0038869654296781464 0.022138633398372725 0.9997320451417048  738339.4146044323
-0.2095666344945044 0.10257925438426438 0.5312268843725034 -0.0062959574780820995 8.399439594515981e-06 0.019954077565634935 0.9997810738543655  738339.4146055174
-0.2132401176957575 0.09909214948627028 0.5359190879413501 -0.006545091521651997 0.003114591856233465 0.017298319470800277 0.9998240991484595  738339.4146067755
-0.21530264191990234 0.09686527359126723 0.5393819966418946 -0.004673072938022154 0.004332099770033291 0.014826744480380051 0.9998697729949696  738339.41460786
-0.2162330614406676 0.0947790829219765 0.5433155069641905 -0.003150522986222832 1.145753665009691e-05 0.013557863257659444 0.9999031245163328  738339.4146089682
-0.2159717536868463 0.09282989740985718 0.5470296279287888 -0.0038011144848590205 -0.0007361072112385868 0.012725834988011256 0.9999115274856594  738339.4146102264
-0.21581072775019247 0.09078572546022334 0.550120129063581 -0.002057129370375207 -0.00490723697687809 0.01202108918659978 0.9999135865957489  738339.414611337
-0.21587926403786167 0.08884215202474233 0.5524646010664255 -0.001279338159081868 -0.007515835982647088 0.012000803032931 0.9998989230066815  738339.4146124214
-0.216314963278498 0.08631063277677904 0.5546441330355533 -0.0049859003412224025 -0.006554329438675671 0.012045388926765967 0.9998935394175721  738339.4146137147
-0.21740900094258317 0.08441597696532852 0.554858764828741 -0.004984942555721026 -0.0065897956431268 0.012201234538868752 0.999891421513769  738339.414614788
-0.2184194838822442 0.08298478288485522 0.5539040442360013 -0.005708471360858835 -0.004244400010357058 0.011998249448988994 0.9999027154845787  738339.4146158949
-0.2201597406221711 0.08180854651243293 0.5517637152175787 -0.005863692680929355 -0.005399323210095784 0.012948363071766557 0.9998843954731859  738339.4146171701
-0.22132986410817407 0.08162243472134031 0.5498058379397596 -0.007989101699086348 -7.469326096613641e-05 0.013815369608338913 0.9998726440089974  738339.4146182517
-0.22222379116472046 0.08179842023654597 0.5486464721304994 -0.004838345650249058 -0.002265971973041083 0.013950310961535456 0.9998884160777455  738339.4146193599
-0.22229891989086487 0.08270922327902762 0.5484498300346172 -0.005515161015585548 0.0013151425615288098 0.015255820438247553 0.999867547899106  738339.4146206268
-0.22208154205312675 0.08349582194398439 0.548482168032939 -0.0017014831246034202 -0.0018177545130970787 0.01704809103791931 0.9998515706421978  738339.4146217349
-0.22132699897363498 0.08409375757258868 0.5485052383208379 -0.002910686381489249 -0.0023481674048158306 0.01934423636482136 0.9998058884273935  738339.414622822
-0.2199380931529938 0.08453335611776183 0.548492434227071 -0.002571794459834011 -0.00355415848491314 0.020791257492741785 0.9997742132314631  738339.414624109
-0.2186487998552466 0.08460365898972791 0.5483594616926397 -0.0014301813020711261 -0.0023281737155456147 0.02270321696391838 0.9997385148768065  738339.414625194
-0.21721826031115 0.08453861470160536 0.5475740430778042 -0.002769357082287371 -0.004595554326421465 0.0239465502602731 0.9996988417880737  738339.4146264622
-0.21582734079720173 0.08462909824552178 0.5465790481275994 -0.0049831746098444926 -0.004230766532095307 0.023788116818561016 0.9996956507275528  738339.4146275675
-0.21463053915562927 0.08491932156769633 0.5452039294440326 -0.00342026048326731 -0.005531318154482779 0.024045829608882123 0.9996897040662773  738339.4146286518
-0.21339526389715757 0.08559616094739181 0.5434114003917301 -0.0024876523748970838 -0.00799491523919482 0.025250612894176575 0.9996460871050555  738339.4146299209
-0.2126594693302674 0.08657901371048596 0.5422297769888982 -0.004826438152068576 -0.006518212027505364 0.02520058501960778 0.9996495130401446  738339.4146310175
-0.21226249998783653 0.08797140866860992 0.5414769229747279 -0.005489351495784146 -0.00581834301233144 0.025428851963899296 0.9996446305525503  738339.414632091
-0.2125400283287316 0.09057308862479264 0.5411430386111472 -0.003290576239747827 -0.006578765589288029 0.027182720932206812 0.9996034171780593  738339.4146333854
-0.21260831284719564 0.09292856939339027 0.5410708327985042 -0.0006435935965148403 -0.005746565087643467 0.028206150197736018 0.9995854019882437  738339.4146344578
-0.21271591490538927 0.0955193930210017 0.5412741243462951 -0.0033799298186732506 -0.0027466277963215896 0.02948476405189669 0.9995557417167755  738339.4146355559
-0.21276926363275175 0.09872587362976906 0.5420988362214805 5.994516969510372e-05 -0.003856362778506522 0.030871038965010547 0.9995159347533775  738339.4146368258
-0.21235881086819303 0.10154191956779561 0.5436715667806691 0.001289689995313995 -0.0018043864505487238 0.03172485796437403 0.9994941792108614  738339.4146379244
-0.21157238758394573 0.10401415937397229 0.5456419798838787 0.0025868101120877173 -0.0036857908474067515 0.03219377073925848 0.9994715025876733  738339.4146391875
-0.21066972915761062 0.10535085864561408 0.5468678894569441 0.003124595623175162 -0.0016637704150674203 0.030727913871917884 0.9995215175669194  738339.4146402719
-0.20914268280729514 0.10597563981172434 0.5476448134821139 0.0036446251454387434 -0.0048755737429222986 0.02951476479717473 0.9995458089288325  738339.4146413734
-0.20695787681764352 0.10565682820421998 0.5479028059530943 0.001019678296003999 -0.0038345300102601517 0.027182590426800497 0.9996226104953119  738339.4146426389
-0.20463077859037931 0.10458376953052993 0.5476515039434018 0.0008225833839503569 -0.006870293404634544 0.026696613913561568 0.9996196342762886  738339.4146437469
-0.20264645354923846 0.1031784086552971 0.5470456173071676 -0.0004135046051865392 -0.006464531086379808 0.026117340242131457 0.9996378961356215  738339.4146448314
-0.20053005416158523 0.10110350438223162 0.54594601118463 -0.0008384064109445342 -0.005827237114048514 0.025871026994476045 0.9996479532038056  738339.4146461012
-0.1986160827296145 0.09918040410502071 0.5443188227471331 -0.0015248066281346717 -0.004613663253388106 0.026683751444154212 0.9996321155730231  738339.4146471863
-0.19681147054574263 0.09732868859647076 0.5422320921826189 -0.004128413766098277 -0.0073224784448553985 0.028150708837248725 0.9995683443872966  738339.414648456
-0.1954539039174349 0.09651138614394754 0.5403414414305885 -0.005239113886423218 -0.009487168114719256 0.03001212702713022 0.9994907791261286  738339.4146495642
-0.19478067877741062 0.09657008620364434 0.5382754565923906 -0.005109045030754519 -0.01263576712722488 0.03139618568714756 0.9994140856383196  738339.4146506493
-0.19454020035326375 0.09767258128797424 0.5362225799135386 -0.0037935822315886634 -0.011322731748637243 0.03236289763600891 0.999404846564295  738339.4146518982
-0.19493619037853968 0.09940437030824614 0.534787867037957 -0.004799654041235424 -0.0074913218704134345 0.03171283712955141 0.9994574224942816  738339.4146529601
-0.19546268915046378 0.10146875067824505 0.5339486957586167 -0.0014256580268180046 -0.005043020111944839 0.030907210076038076 0.9995085191296055  738339.4146542107
-0.19538867265452706 0.1035111475473878 0.5335211954561169 0.0017808542398317358 -0.003432322051475822 0.03028463081940059 0.9995338357752799  738339.4146553188
-0.1947893762311865 0.10489010296769949 0.5334269843322165 0.0032435082782506374 -0.002060476487568645 0.0281639631018791 0.9995959310006665  738339.4146563979
-0.1925530431434424 0.1053488371150383 0.5331762120249505 0.0027293751368216673 -0.002915389211652119 0.02241577332738333 0.9997407584585328  738339.4146576907
-0.19021713615186936 0.10497542119422003 0.5330454106012635 -0.0010004126513995769 -0.0061109956009769775 0.0178437550295498 0.999821611745684  738339.4146587758
-0.18763607276421904 0.10444728684764715 0.5335660142781967 -0.0037708675854543666 -0.008502591480499396 0.01274948456422857 0.9998754608145533  738339.4146598838
-0.1842389791596209 0.1046169822998861 0.5343599219688772 -0.003371272178357507 -0.012557981567749989 0.00839402580406294 0.9998802288042525  738339.4146611607
-0.18159901793816227 0.10515611079085409 0.5348051047478145 -0.003826627622965289 -0.007553032858420784 0.00018918117110038843 0.9999641357699581  738339.4146622586
-0.17996857204246466 0.10553409844206009 0.5349947437882964 0.00018400384022734207 -0.011592553465362043 -0.007707563050273153 0.9999030814626814  738339.4146633473
-0.1785753706565105 0.10579425338962262 0.535548850409727 0.0008154018683634447 -0.011982193761447725 -0.015388161218307073 0.9998094651716274  738339.4146645924
-0.17836814312328875 0.10542990866459818 0.5356218149500499 0.0023623344173274853 -0.011404407691602262 -0.020483175500222658 0.9997223606495613  738339.4146656889
-0.17880222589254766 0.10447491109317718 0.5353771842465622 0.00016275913697976009 -0.008697193086003245 -0.02511196100007826 0.9996467985026605  738339.4146669356
-0.17905969611631972 0.10284138214813288 0.5356847706267813 0.0011554220393533233 -0.00813642410606495 -0.026481150436911936 0.9996155322293742  738339.4146680322
-0.17961150662502146 0.10090195005903087 0.5361149492452421 0.001075601774270478 -0.01159593043912634 -0.02518484530324449 0.999614976400977  738339.4146691288
-0.17994289839037828 0.09781365337850272 0.5354221099366298 0.0007627206587211022 -0.01038886089348165 -0.023360431120917305 0.9996728365242189  738339.4146704101
-0.1801870886819036 0.09443133199082547 0.5325297640144719 0.0003226381718232897 -0.008746207852887582 -0.02255047544848527 0.9997073950961108  738339.4146715183
-0.18013842807670874 0.09135523334104911 0.5290264588866929 -0.0002353331248771885 -0.006346872256374789 -0.019096067649650682 0.9997974805085286  738339.4146726034
-0.17910460112975138 0.08754355255278742 0.525155540367456 -0.008764218734130838 -0.0008973078348360408 -0.01747036570294009 0.9998085664920238  738339.4146738977
-0.17753334133651752 0.085512036993673 0.5241672299467288 -0.009551059868737175 -0.004225476814281227 -0.015265547182071246 0.9998289282023739  738339.4146749827
-0.17578065556775543 0.08463287837361501 0.5244736528120015 -0.010583919359624525 -0.006691098821218814 -0.01392514268943013 0.9998246347478306  738339.4146760853
-0.17373741068357607 0.08465344254594868 0.5251325950840225 -0.005620946269589431 -0.010786344195312231 -0.012241985673249252 0.9998510856766175  738339.4146773455
-0.17266666965930008 0.0853445993755793 0.5255776500569648 -0.0020170111249192134 -0.015407624661815014 -0.010444386532623725 0.9998247104159608  738339.4146784422
-0.1723827561256205 0.08654559769104327 0.5258286952421675 0.0004280123030016493 -0.0148618815737435 -0.013242388476102011 0.9998017705670482  738339.4146797119
-0.17324813912746287 0.08724325397593517 0.5260871794802977 0.0014735273067827178 -0.012993554980877807 -0.017156667810938383 0.9997672954222199  738339.4146807969
-0.1753510983007547 0.08771764018556584 0.5269863476055865 0.000651485248987828 -0.01111070816446808 -0.020064080684714696 0.9997367455472124  738339.4146819061
-0.1779311340677119 0.08745216892560498 0.5289885981460187 -0.001266588257377435 -0.010906180441148916 -0.02111603466171317 0.9997167419136966  738339.4146831748
-0.1801917285045243 0.08691306572986449 0.5312205262676012 -0.0013294971113154482 -0.009414454473134614 -0.021061444446884434 0.9997329723692298  738339.414684283
-0.1825871827231262 0.08601745284455925 0.5329938768079314 -0.0019599603145640247 -0.007155176089861872 -0.021879190709658637 0.9997330958933883  738339.4146853846
-0.18441725962510302 0.0852021654329042 0.532296869601091 -0.0052058405161807065 -0.004308943159819666 -0.025110637786141563 0.9996618368745197  738339.4146866428
-0.1855744030378869 0.08494157208244613 0.5298464131945685 -0.006247789583647678 -0.003970009790853891 -0.028610253834683498 0.9995632333790064  738339.4146877395
-0.18580446284079388 0.08566986397165723 0.5258770248228487 -0.008258154997261796 -0.003478828022693982 -0.030043679695352297 0.9995084181446362  738339.4146888244
-0.1855155890008484 0.08731231127145785 0.5216527808285902 -0.004943506939412141 -0.003883268915970507 -0.030431903140564837 0.9995170740076977  738339.4146900942
-0.18450795064713263 0.08880782973944494 0.518832700928335 -0.0017675030779002738 -0.005690020755689561 -0.02775835320204505 0.9995969054694898  738339.4146911793
-0.1835036360419471 0.09006897471627343 0.5163647859307766 0.0019755578658174925 -0.008556695851884984 -0.026520115843895544 0.9996097056265728  738339.4146922874
-0.18226000535638873 0.09084087691860909 0.5130217520350763 0.0020705201820773443 -0.011866873080993094 -0.024373501857772005 0.9996303430151791  738339.4146935802
-0.18176663138603777 0.09064300413859767 0.5099261834265773 0.0013811198559056748 -0.013430141750353734 -0.02305965816058176 0.9996429242314608  738339.4146946653
-0.18270979820704422 0.08973754546155842 0.5064063384618832 -0.0013510379673814432 -0.007943469408556902 -0.024026534678009876 0.9996788492418616  738339.4146957505
-0.18412280446164603 0.08814583968456427 0.5027968557735369 -0.001990408872589924 -0.008592050465135852 -0.02396514484906141 0.9996738902130474  738339.4146970169
-0.18512917856415145 0.08642394782199873 0.5005059099459082 -0.0016510155877557404 -0.009454445606863265 -0.024146666250159845 0.9996623560556831  738339.4146981251
-0.18618330235375846 0.08456018396689668 0.499273478220248 -0.003915942186348469 -0.006234113447823999 -0.024066065951211458 0.9996832626867096  738339.4146993718
-0.18695745980160944 0.08326817252386243 0.4989344705596914 -0.005146054220039948 -0.003828798830314674 -0.022415288720852453 0.9997281696826604  738339.41470048
-0.18773963165412028 0.082154604764007 0.4989845173714038 -0.006672460812089519 -0.004323019995217485 -0.021777692828371664 0.9997312248099012  738339.4147015881
-0.18810021142249633 0.08172951893256751 0.49900727186431154 -0.00603907046923692 -0.0038943657067315863 -0.020293876087016945 0.9997682342107969  738339.414702851
-0.1882077092631709 0.08187382590680721 0.49874894661592695 -0.004331931004124769 -0.006213512902684976 -0.018581541193617355 0.9997986562093658  738339.4147039476
-0.1881670473825294 0.08268286466871512 0.49910421514602404 -0.004555769631916847 -0.007677061680898477 -0.016500587725750672 0.9998240036585007  738339.4147050327
-0.1889388124731549 0.08404866000412557 0.5004817938436724 -0.004962239467372521 -0.0095824414018939 -0.014835439382193024 0.9998317172077434  738339.4147063025
-0.1899429417720881 0.08551427409001933 0.5019737502259348 -0.0024664321200427216 -0.009422866307483999 -0.014701162545635294 0.9998444889696374  738339.4147073991
-0.19145985460275772 0.08687288524845035 0.5033164114825069 -0.0022040121180069545 -0.007677996250796306 -0.013764861207152309 0.9998733516301473  738339.4147084727
-0.19370341499211133 0.08857207864587222 0.5046072225692181 -0.0016109988507275485 -0.0068576394937747 -0.013727620971221845 0.9998809578573576  738339.4147097655
-0.19589511123024975 0.09003893870518397 0.5053313647066338 -0.00037254411283946216 -0.006395039554961323 -0.01326712222961443 0.999891468184282  738339.4147108505
-0.19781838137887253 0.09138992042581794 0.5056691509594559 -0.0037605655561627465 -0.0033861748534992886 -0.013207889238120045 0.999899966810897  738339.4147119586
-0.1999064010969969 0.09324111144010538 0.5059968459807409 -0.0040984736064409045 -0.002294069083478688 -0.013059616024129882 0.9999036884572633  738339.4147132295
-0.20120394850364925 0.09523976020301572 0.5062769994819913 -0.0033552778975591735 -0.0015444801675033291 -0.012875123575114828 0.9999102899181346  738339.4147143377
-0.2021630708507416 0.0975796236444753 0.5066964111513657 -0.00227091920486963 -0.0028805934417627027 -0.013270017789843616 0.9999052213761289  738339.414715446
-0.20264219774431302 0.09991753850969459 0.5068325143823078 0.0009839371516431807 -0.0035880278517161435 -0.01519579186537074 0.9998776154277089  738339.4147167118
-0.20340382647216262 0.10164137394862388 0.5074359790382101 0.0031354707010418145 -0.005992604548032079 -0.015720194823385856 0.9998535557715084  738339.4147178165
-0.2041290929111064 0.10273612779368506 0.5078062071270582 0.002384722255989963 -0.007009129182718896 -0.014717379793174784 0.999864282760358  738339.4147189016
-0.20561971077708524 0.10319703014516014 0.5078199245527857 0.0022239048928197986 -0.007392259140032178 -0.015306733361953189 0.9998530455350029  738339.4147201963
-0.20700726171740558 0.1029717657606814 0.5075401614143147 0.0011738877723332943 -0.006854927508787106 -0.016858386559934272 0.999833699551552  738339.4147212747
-0.20859724800966825 0.10264570927595622 0.5070976476677496 -0.0013546287155975795 -0.005699801878181054 -0.01587391006743844 0.9998568378616828  738339.4147223547
