-0.09071067165576285 -0.039281046316903295 0.031591441029167756 -0.002834567179497321 -0.01755800512001217 0.9067966379018075 0.9067966379018075  738315.5266737101
-0.09079804998681851 -0.03925223077104522 0.031483630358129615 -0.0011349568309329918 -0.019272023980912503 0.9064772588332418 0.9064772588332418  738315.5266746865
-0.09087114563108983 -0.03908862257079746 0.03144080195435166 -0.0014384060554918539 -0.019172699375671304 0.9053992577610643 0.9053992577610643  738315.5266759311
-0.090971664804941 -0.03923621216713896 0.0314864720757188 -0.0031019041184555188 -0.019694932684512348 0.9059442230303169 0.9059442230303169  738315.5266771313
-0.09080144488208755 -0.03927130367858229 0.031475922679061796 -0.0010987910693109457 -0.01933630462355045 0.906445260389612 0.906445260389612  738315.526678267
-0.09088995455417904 -0.03909345448296068 0.031448873011013415 -0.0009868639912139286 -0.01923300225239584 0.9054433814155929 0.9054433814155929  738315.5266793617
-0.09071573627436577 -0.039269444265363836 0.03158297054656087 -0.0026749754607099272 -0.017478890568726573 0.9067711983187748 0.9067711983187748  738315.5266804814
-0.09079604131925928 -0.0392668169804468 0.03149881500884633 -0.0007448955466716208 -0.019447946901653808 0.9064734981305991 0.9064734981305991  738315.5266817142
-0.09081078254100806 -0.039103913682208453 0.03152810454231709 -0.0026702863661726534 -0.017627469728083586 0.9056946208060744 0.9056946208060744  738315.5266827894
-0.09087183344069504 -0.039091027333201314 0.03143115521144504 -0.001305334846953823 -0.01908526064034682 0.9054223493794777 0.9054223493794777  738315.5266840775
-0.0909691933868939 -0.03908622212581312 0.03163419322680098 -0.0023039404767631077 -0.019189004086335327 0.9054952716652455 0.9054952716652455  738315.5266852246
-0.09104566113796532 -0.03919655640170672 0.032168546325935105 -0.0036115011296758634 -0.01895584811800325 0.9067795301383743 0.9067795301383743  738315.5266862095
-0.09464607701083759 -0.040117627461732405 0.03573435055224663 -0.043343975777104284 -0.04918729430962039 0.9060954392379222 0.9060954392379222  738315.5266874587
-0.10184276181273215 -0.036382773281972855 0.043812287490892755 -0.13258377527774529 0.021987076904856524 0.8782743807651087 0.8782743807651087  738315.5266885845
-0.10313654660838294 -0.027109129724982146 0.0482211547309223 -0.1802729254619664 0.11049349939926964 0.8644470243282383 0.8644470243282383  738315.5266898273
-0.11234980104783274 -0.009017596256644732 0.052456778340543644 -0.3228998934938942 0.20292071976487935 0.8125168797419211 0.8125168797419211  738315.5266910114
-0.12712890136838675 0.019337114354963488 0.05553258980533739 -0.49829036209696514 0.338891380984531 0.7161178119270988 0.7161178119270988  738315.5266920055
-0.1447495211776531 0.07899135553988756 0.023923229733622178 0.7117558911158939 -0.6445228969179662 -0.23121535597757906 -0.23121535597757906  738315.5266933192
0.0 0.0 0.0 0.0 0.0 0.0 0.0  738315.526694365
0.0 0.0 0.0 0.0 0.0 0.0 0.0  738315.5266956232
-0.1405322240749209 0.09331062068378382 -0.00252636884735631 0.7098948886763911 -0.7033551523860014 -0.03296944603443612 -0.03296944603443612  738315.52669673
-0.1403641747568029 0.09689441332120016 -0.004258534732490156 -0.678587274965774 0.7265585553687569 0.08443795467167449 0.08443795467167449  738315.5266977842
-0.14036187917575466 0.09699957040543077 -0.004162667641415708 -0.6785014365777821 0.7266211874248467 0.08372864281586659 0.08372864281586659  738315.5266990532
-0.1403749186552408 0.09704097532438684 -0.004172606256140905 -0.6786646386734612 0.7268850015009457 0.08170211119360944 0.08170211119360944  738315.5267001248
-0.14037718473102812 0.09705179453760382 -0.004196642306059695 -0.6785932908773539 0.7268726184179348 0.08199074374306403 0.08199074374306403  738315.5267014221
-0.14042112681761396 0.09700510649731012 -0.004171189579869526 -0.6790379404669658 0.7265912048999128 0.08142030846994433 0.08142030846994433  738315.5267024628
-0.14038078742320603 0.09705872670458916 -0.004167463532847358 -0.6787467153194174 0.7267528168629478 0.08196449610445715 0.08196449610445715  738315.5267037428
-0.14042079788635928 0.09704889134386513 -0.004174828565594287 -0.6787989325424362 0.7267456847293552 0.08163724192146651 0.08163724192146651  738315.5267048312
-0.14039768005286438 0.09703841965718875 -0.004189369175067113 -0.6785454089995013 0.7268620432928801 0.08233489812459469 0.08233489812459469  738315.5267059157
-0.14060128692078266 0.09730406569983444 -0.004021090327027693 -0.6773314459997289 0.7284146243592773 0.08059337171277174 0.08059337171277174  738315.526707212
-0.14038250154270115 0.09708972574940339 -0.004212792365165637 -0.6785306026421518 0.7268593703231216 0.08209382940148283 0.08209382940148283  738315.5267083722
-0.14039557988389842 0.09703279208022887 -0.004179878556777703 -0.6789838786947405 0.7265744661066061 0.08188581041257081 0.08188581041257081  738315.5267095591
-0.14038334833975205 0.09703818809893966 -0.004195935687932484 -0.6790414151817684 0.7265139258194084 0.08176630681984937 0.08176630681984937  738315.5267105288
-0.1403999704988126 0.09705468720180319 -0.0042073686220865485 -0.6787054298598532 0.7268080028196984 0.08187681480703778 0.08187681480703778  738315.5267118446
-0.14038942705902213 0.09703261005553229 -0.004193750794025657 -0.6788498929225221 0.7265750687212762 0.08239268386591872 0.08239268386591872  738315.5267129225
-0.1403830340398101 0.09706622107455505 -0.004212675247346073 -0.6786389252095292 0.7267503942795245 0.08227118154575337 0.08227118154575337  738315.5267139992
-0.14058007665893776 0.09733121992378553 -0.004044372171130358 -0.6770652941791631 0.7284514774875741 0.08157511737338423 0.08157511737338423  738315.5267153116
-0.14040924526018728 0.09702147191356089 -0.004149047561322761 -0.6789583630040316 0.7265380682148105 0.08216382529692547 0.08216382529692547  738315.5267164749
-0.1404058726326555 0.09706567841704448 -0.004213400812741651 -0.6785415902554537 0.7267422036181368 0.08274585606009625 0.08274585606009625  738315.5267177915
-0.14037312485873701 0.09706241911344834 -0.0042236704410138735 -0.6786495960974024 0.7267674495972063 0.0820883885966967 0.0820883885966967  738315.526718784
-0.1403827840125536 0.09705861276929832 -0.004181305371213276 -0.6785758895884649 0.7267967668980688 0.08223561927606136 0.08223561927606136  738315.5267199383
-0.14040981783953116 0.0970372597716107 -0.004170268085416472 -0.6786787922672859 0.7267966402169003 0.08206478695424713 0.08206478695424713  738315.5267210118
-0.14039236609873845 0.09706554356365855 -0.004183433663661413 -0.6786601773409296 0.7267331519408681 0.0823025369777445 0.0823025369777445  738315.5267221417
-0.14039675128603518 0.097057929455125 -0.004197165826890375 -0.6787144482546934 0.7267917104309213 0.08171057903705242 0.08171057903705242  738315.5267234226
-0.140400722256423 0.09702710482801616 -0.004176188082587679 -0.6787943310234429 0.7267179392018548 0.08205461926767034 0.08205461926767034  738315.5267245192
-0.1403880676523272 0.09708032855939742 -0.004246169135449477 -0.6785123725810349 0.726945778587475 0.08178916653207509 0.08178916653207509  738315.5267256143
-0.14038673690254674 0.0970529344502397 -0.004225473330663298 -0.6787059062390551 0.7266875991730058 0.08241110474892553 0.08241110474892553  738315.5267270291
-0.14039873713166298 0.09707188813077881 -0.004212220700272306 -0.6788340187097219 0.7266607542581738 0.08170320692751876 0.08170320692751876  738315.5267279943
-0.1404069758768836 0.09703452514477567 -0.004216847032135161 -0.67886806482786 0.7266421753871912 0.08183496169479347 0.08183496169479347  738315.526729312
-0.140404346750573 0.09704705855678232 -0.004221207456326631 -0.6786524732690086 0.7267342356105153 0.08251442711545443 0.08251442711545443  738315.5267302012
-0.1404029411670461 0.09702992684720324 -0.004191039760166387 -0.6789851018862575 0.7265140588877089 0.08216627117400635 0.08216627117400635  738315.526731504
-0.1403879875568883 0.09716739937209345 -0.004422363017586862 -0.6803168263554884 0.724733566571006 0.0881337167549205 0.0881337167549205  738315.5267327067
-0.14035839618093768 0.0971456387714719 -0.004395953348666926 -0.6802514676515213 0.7248208263189103 0.08831510073235573 0.08831510073235573  738315.5267336763
-0.14023200039198178 0.09665758572253216 -0.004456109276388291 -0.6746954767007644 0.7286625397640818 0.09741917066676024 0.09741917066676024  738315.5267349931
0.0 0.0 0.0 0.0 0.0 0.0 0.0  738315.5267361015
-0.13035382314468344 0.10229961627878348 0.03396134183920977 0.7147831400329113 -0.5983852654003725 -0.2860366497043311 -0.2860366497043311  738315.5267371858
-0.08446462443469646 0.1075560262293744 0.08358469837905122 0.7111590701290517 -0.4643217008345992 -0.3346183172857135 -0.3346183172857135  738315.526738467
-0.03583595763650904 0.10667190681461415 0.13238433385238052 0.6520178678176348 -0.36144937290498375 -0.49976767627661717 -0.49976767627661717  738315.5267396186
0.028988968550380887 0.09826611793003587 0.16446381289308656 0.7147113048713465 -0.2427834212825029 -0.5614848567677874 -0.5614848567677874  738315.5267406807
0.10606873128325921 0.09096988925728348 0.1739571836548393 0.7672825962729022 -0.14542104078277776 -0.5157870813806842 -0.5157870813806842  738315.5267419445
0.13080071253122746 0.08971772883053797 0.1455628694602903 0.7001441597485771 -0.19445577918348642 -0.5962376277127416 -0.5962376277127416  738315.5267430712
0.17347912651921488 0.09159955845975884 0.08967697207566179 -0.5454771296781461 0.11519087832265772 0.6864819431235525 0.6864819431235525  738315.5267442492
0.22406340567054117 0.05889853891933801 0.0594994307253488 -0.4601139898110461 0.005882190610156599 0.8119884176257487 0.8119884176257487  738315.5267454092
0.2554050559079944 0.05294792115440523 0.0539137499793661 -0.27547999642115256 0.06817909126752318 0.8763060693738138 0.8763060693738138  738315.5267465747
0.285172763826826 0.04563148795807488 0.046303401524814276 -0.12739084058729286 -0.09676591077944116 0.9547223530895823 0.9547223530895823  738315.5267478912
0.30315619506438396 0.05512679411458342 0.040255631593025164 -0.042717115267180715 -0.15474262036283673 0.9765644520688411 0.9765644520688411  738315.526748908
0.3047358564413859 0.06698354496624695 0.039736711478277155 -0.035310499015907604 -0.1337576343186591 0.9893488340842697 0.9893488340842697  738315.5267500392
0.3081122257777622 0.0772031021106931 0.03282041849685937 0.015341056827828794 -0.0016092968078490692 0.9990935854920201 0.9990935854920201  738315.5267511981
0.30765294954916306 0.07690674485362455 0.032542740362833666 0.01122056846805734 -0.015684687071148045 0.9992920019921719 0.9992920019921719  738315.5267523297
0.30765221116382147 0.07682171171831202 0.032854688674971794 0.007071987838774495 -0.01466800530771817 0.9993320754093489 0.9993320754093489  738315.5267535002
0.3076904782891713 0.07683027009025227 0.032829061828436805 0.006849823778557845 -0.014484564339216363 0.9993370355773208 0.9993370355773208  738315.5267548128
0.30769102635169293 0.07684568899431801 0.03281365304999247 0.007187477362867889 -0.014522960751140469 0.9993303455641747 0.9993303455641747  738315.5267557129
0.30771669171511445 0.07683256026626929 0.032823636605590394 0.007276063911056968 -0.014338839348383866 0.9993359420986396 0.9993359420986396  738315.5267568141
0.3078308364759383 0.07664209445482617 0.03233087492387821 0.010886454741813741 -0.019015022675486184 0.9992069293872567 0.9992069293872567  738315.5267584434
0.3078789181041902 0.07673127568575919 0.032473590821911744 0.011083122068942368 -0.0168601012543373 0.999245727887299 0.999245727887299  738315.526759228
0.3079669546266203 0.07962430667554114 0.036356906236260714 -0.01371539765181249 0.01460780432917216 0.9995743675380736 0.9995743675380736  738315.52676034
0.30074324304216443 0.08621674356499047 0.05027115061140271 -0.17396444076048892 0.03897861171405285 0.9823286675466582 0.9823286675466582  738315.526761728
0.30390299798133924 0.08447560362124173 0.055625239224339706 -0.28721925281067917 0.023469370840490264 0.9535189652492678 0.9535189652492678  738315.5267627648
0.31174503851428215 0.0857671914237768 0.06549390535941375 -0.4010324788198903 -0.04140296047943528 0.9111712736045551 0.9111712736045551  738315.5267638271
0.3164672679635051 0.08924697472180992 0.07329066689483997 -0.4231574621278124 -0.0596539660900723 0.8997497478325059 0.8997497478325059  738315.5267649576
0.3218858138301938 0.09429150760687882 0.09006070442188331 -0.3013083537487094 -0.02541410324553548 0.95120395715426 0.95120395715426  738315.5267662276
0.32558614788607015 0.10105856024842355 0.0982680053633167 -0.2258262964696052 0.030455321128675935 0.9723631260659301 0.9723631260659301  738315.5267673361
0.32673120170750786 0.09874235361220801 0.10217702247856544 -0.24815224554761092 0.013736146400783095 0.9656691002438749 0.9656691002438749  738315.5267684673
0.32671754441898226 0.09933542869313045 0.10857521817362545 -0.23773809612674576 0.015245064527259721 0.9690158595362419 0.9690158595362419  738315.5267695826
0.3252213826604997 0.10368207281661898 0.11411300348065943 -0.25436759257986147 0.01696795631408229 0.9659774319378066 0.9659774319378066  738315.5267708753
0.3250696445078417 0.10008335891164331 0.11577668050069805 -0.27416465029954157 -0.025551356057522453 0.9599752771169263 0.9599752771169263  738315.5267719182
0.32823134684780214 0.09690347565693665 0.11879331855134209 -0.24443539979787027 0.033652435880166524 0.9635954302093923 0.9635954302093923  738315.5267731765
0.3298846824807566 0.09256369519279109 0.11992525397561297 -0.20046301554881357 0.02634989100548396 0.9719861366485951 0.9719861366485951  738315.5267744592
0.33160017901779953 0.09039833468602729 0.12104707983997981 -0.1913134589810855 0.02122834483053204 0.9716845335877302 0.9716845335877302  738315.5267753944
0.3328254114388136 0.08961619238725821 0.11531051540394882 -0.22858581089219907 0.043345135682964483 0.9624780138741009 0.9624780138741009  738315.5267767739
0.330394842963236 0.09096953879380926 0.11559094427049608 -0.21455202815456856 0.07971192986534661 0.9652508807211952 0.9652508807211952  738315.5267777547
0.3259813270415929 0.08894809766429135 0.11886435073965379 -0.21870010661636094 0.0705467680372893 0.9646658500415564 0.9646658500415564  738315.5267822458
0.3163929005932918 0.0941224287757665 0.1275892182258695 -0.23805551208602752 0.09345495360824299 0.9594877140539424 0.9594877140539424  738315.5267823847
0.3160504459559417 0.09427346102157695 0.12823144509405174 -0.23350726722181905 0.09166746658503495 0.9609513385899344 0.9609513385899344  738315.5267825115
0.31570407169348025 0.09434182801983484 0.12847494063290574 -0.23456415266248343 0.08929948956526684 0.9611670349069316 0.9611670349069316  738315.5267825592
0.3132715236464415 0.0960725925940632 0.128677108183133 -0.2438199837859589 0.08259721347743913 0.9604759698593526 0.9604759698593526  738315.5267834943
0.30937102895350665 0.09847446390683838 0.13140268895878396 -0.2537128925153018 0.08616878984872539 0.958213131142485 0.958213131142485  738315.5267848823
0.30756290806805486 0.09791349827203735 0.13389532029808035 -0.25915847667497327 0.07550823270917709 0.9578766429185213 0.9578766429185213  738315.5267859212
0.30651830609509306 0.09659204085550537 0.13587612291127762 -0.26310489950846183 0.057516282775664396 0.9588714608236272 0.9588714608236272  738315.5267871794
0.30667080761835847 0.09641986369868753 0.13783582412822853 -0.25478982682245305 0.06270343763444677 0.9608639563648329 0.9608639563648329  738315.5267880686
0.30762461064467894 0.09406072204008493 0.13971005459376656 -0.24992709274027897 0.052031834913983055 0.9638094196207889 0.9638094196207889  738315.5267893842
0.30851719778406217 0.09244025367457344 0.13996941072235922 -0.25189912248425017 0.05122289048152008 0.9639613696363353 0.9639613696363353  738315.526790423
0.30969969918550266 0.09029030655965048 0.14009331061613847 -0.24783872962874542 0.04214305101152792 0.9659706401632216 0.9659706401632216  738315.5267918309
0.3102040585646664 0.0915670945856287 0.1417194670682241 -0.2328086754186073 0.06695527412615745 0.9681899376722667 0.9681899376722667  738315.526792893
0.3094672360182123 0.08988515864740462 0.14340797523167148 -0.2373239772865861 0.05404322507811762 0.9678785935528254 0.9678785935528254  738315.5267939212
0.3087809753254249 0.08779646426933904 0.14423416247084167 -0.2401099625213647 0.04649541055844499 0.966961550540559 0.966961550540559  738315.5267950679
0.3088768713824521 0.08570352532613906 0.14559729232430013 -0.2378154341217323 0.04448037859656357 0.9674383707869287 0.9674383707869287  738315.52679632
0.3094399578725578 0.0830070539142087 0.14660369083306002 -0.2413785136121393 0.041216035616867853 0.9658596999773538 0.9658596999773538  738315.526797499
0.31012552110338676 0.0819612945617427 0.1482103029026401 -0.23790446697865883 0.043685952925363744 0.9666719765023881 0.9666719765023881  738315.5267985265
0.31039764415569177 0.08049221872929718 0.14834669947086682 -0.24811320094600894 0.05363838854836496 0.9627386244729815 0.9627386244729815  738315.5267998077
0.31125647322022293 0.07830277364778078 0.14784857891809933 -0.24264565630342194 0.04620106034112682 0.9642977772562047 0.9642977772562047  738315.5268009505
0.3118398203067618 0.07708128304045972 0.14896782964788957 -0.23485930428813714 0.0531847541199332 0.9659708607874872 0.9659708607874872  738315.5268021039
0.31261162623783134 0.07694407862986478 0.14956752851033453 -0.22580932951485327 0.054992027642148264 0.9689648346417974 0.9689648346417974  738315.5268031394
0.31384272052335455 0.0770612257893981 0.15081195268473363 -0.19458102728478896 0.05768070170409432 0.9773860820899388 0.9773860820899388  738315.5268044423
0.31310950562708145 0.07969495580685358 0.15423480007554802 -0.18009339103965524 0.10372580424910274 0.9766832790728145 0.9766832790728145  738315.5268055389
0.31383731854709773 0.07877818619583564 0.15067752990924935 -0.1625328849681665 0.05962757948779966 0.9832319077588777 0.9832319077588777  738315.5268066485
0.31406857139850236 0.08240522446571573 0.14446976757380925 -0.1914078802323686 0.08630129047713596 0.9761384316665482 0.9761384316665482  738315.5268077893
0.3133268350807143 0.08531155262853145 0.14471787529506833 -0.18107577635557254 0.0930626206943289 0.9788829819726824 0.9788829819726824  738315.5268090592
0.31079746131501385 0.08191693216720995 0.1524697997775421 -0.13332003139801382 0.045447592421252785 0.9900155540275266 0.9900155540275266  738315.5268102215
0.30828353304570344 0.06725572060079577 0.1505687662999619 -0.15985495815655426 -0.005002185068901692 0.9870461558116306 0.9870461558116306  738315.526811382
0.29992185508607905 0.04914064084488697 0.15144007257793696 -0.24406356423662967 0.03608209287736098 0.9654382619143927 0.9654382619143927  738315.5268125595
0.2970053775228195 0.030538935011682467 0.1548598674834405 -0.25154740514648105 -0.04799988480105803 0.9603135408786205 0.9603135408786205  738315.5268136987
0.2984733615998314 0.03674955966783345 0.15152708223511496 -0.2703314250092524 0.0036591993376537796 0.9435303246906062 0.9435303246906062  738315.5268148525
0.2953948328227948 0.03229060387876478 0.14621596833426137 -0.27459032844436165 -0.037065791064468806 0.9322001283147866 0.9322001283147866  738315.5268158797
0.28630475844991404 0.03258725969892957 0.1419026647256972 -0.2952771996743558 0.031830728015498716 0.9173566180820661 0.9173566180820661  738315.5268172072
0.27167321155999147 0.03301963641176181 0.13905601370281565 -0.29394708099115247 0.07795270115266309 0.9070187206654218 0.9070187206654218  738315.5268182993
0.25116415072802484 0.0348902960764275 0.13929961180406392 -0.29344847456957074 0.14351736671743937 0.9029616333135638 0.9029616333135638  738315.5268193609
0.19871154497512583 0.022190189799475537 0.10831375162622207 -0.16049751164114617 -0.04492735190097842 0.9418367785765827 0.9418367785765827  738315.5268206423
0.12929895380979495 0.03117323726680845 0.08819293601536596 -0.10952415807633062 -0.05516293596238255 0.9284749330817659 0.9284749330817659  738315.526821761
0.056533626043478745 0.025195259715182636 0.07456967414130658 -0.079769199222482 -0.08488984020441759 0.9228704243461641 0.9228704243461641  738315.5268229616
0.011213359601530765 0.015439469232735271 0.07088434830953698 -0.057188188278438405 -0.07447535387947259 0.931716589832356 0.931716589832356  738315.5268239775
-0.05248977773350985 -1.1591471045102165e-05 0.0654490086258573 -0.03369432292988808 -0.07697082189523596 0.9275050132107373 0.9275050132107373  738315.5268252472
-0.10460040057786509 -0.01943892104133812 0.061432115712656145 -0.012588842391821993 -0.09377884023323477 0.9367422982051252 0.9367422982051252  738315.5268265287
-0.13990902953433387 -0.036173884682660376 0.059091921669492495 -0.014676195226254475 -0.09461374013154214 0.949873469388297 0.949873469388297  738315.526827487
-0.1812217701903135 -0.05369003199426313 0.050463658049161655 0.006477119803563128 -0.09619946351110488 0.9472462402899476 0.9472462402899476  738315.5268288084
-0.1973376132190905 -0.051293476718201926 0.033001628964549196 -0.010539571525263611 -0.020311752702883216 0.9584875129280368 0.9584875129280368  738315.5268298703
-0.19511234906434538 -0.05206650776697928 0.033132293234703736 -0.002133772368461599 -0.016464145200056044 0.9544302982159039 0.9544302982159039  738315.52683096
-0.19449203412582838 -0.05198668923367687 0.03252277095276252 0.011557969730988913 -0.014163560050005783 0.9547940649650686 0.9547940649650686  738315.5268320956
-0.19440093383145632 -0.051798556745353816 0.032531340823227 0.00989604649496146 -0.01217412911713254 0.9545194902037759 0.9545194902037759  738315.5268333539
-0.1946130542212504 -0.051956326956260936 0.03249260931449994 0.00906134967941343 -0.014380740122541053 0.9548300784889483 0.9548300784889483  738315.5268344636
-0.19455691378664905 -0.05190999722875004 0.03247894761618713 0.00957573549935947 -0.01405947909690859 0.9549805607217358 0.9549805607217358  738315.5268355575
-0.19457976402409843 -0.05191836590818695 0.03246770549548389 0.009198678394702349 -0.014199442866592544 0.9549848703476003 0.9549848703476003  738315.5268369428
-0.1945566566952423 -0.05192298290632033 0.03247862587643417 0.009603897112498896 -0.014114119365394672 0.9550087933326535 0.9550087933326535  738315.52683797
-0.1945312351138102 -0.05189536789492433 0.03245184415479901 0.0100884173794279 -0.014458577488970396 0.9551090777380116 0.9551090777380116  738315.5268390636
-0.194528935215176 -0.051894325100510265 0.03245083677620446 0.010426388924732882 -0.014580816351473406 0.95505260547785 0.95505260547785  738315.5268401729
-0.1945320236106976 -0.051901485634222824 0.03242862749217504 0.01025709967904344 -0.014433660896697693 0.9551158120676895 0.9551158120676895  738315.5268414746
-0.19453345667248073 -0.05189230883800358 0.03242007456511674 0.010085597238584446 -0.014384089907955915 0.9550694774248455 0.9550694774248455  738315.5268426301
-0.19434020640742486 -0.051725052652136665 0.03242906903480864 0.010766527572644142 -0.012435216650435767 0.9547850782140744 0.9547850782140744  738315.5268436805
-0.19453705099087806 -0.05190081483697524 0.03242453265933916 0.010073051148641056 -0.014469280915988455 0.9550796309898697 0.9550796309898697  738315.5268449622
-0.194520663301404 -0.05190058855240596 0.03242211250281477 0.010184279096974112 -0.014202655627158422 0.9550953709650085 0.9550953709650085  738315.5268461038
-0.1945309115672217 -0.051898736325636984 0.03241776051460113 0.010225712250554 -0.014384008952275085 0.9551087691155955 0.9551087691155955  738315.5268471312
-0.1945284410696248 -0.0518918692437034 0.03241412118793909 0.010122230943937377 -0.014360030722506757 0.9550767611244713 0.9550767611244713  738315.5268484878
-0.19453646248252449 -0.051896685925550204 0.03240652839280038 0.010066721999801357 -0.014302821966048587 0.9550756552190303 0.9550756552190303  738315.5268496921
-0.1945292830299976 -0.05189852595815988 0.03241766598916789 0.010044129928611974 -0.01418033685385795 0.9550729540851459 0.9550729540851459  738315.526850732
-0.19450139995966698 -0.051837199418402896 0.032381282747856614 0.009706094966578883 -0.01415789030962225 0.9549846083563631 0.9549846083563631  738315.5268520045
-0.19446866149240494 -0.05184733708150955 0.032386191851064554 0.00953397475056613 -0.014224789971745342 0.9549321660561606 0.9549321660561606  738315.5268532974
-0.19438988068624605 -0.05176284913745029 0.03234261364181308 0.010634484275245172 -0.011132079106578591 0.95469627174467 0.95469627174467  738315.5268541054
-0.19438580201350406 -0.05177639700920225 0.03234075709187043 0.010491475898321877 -0.011219044121116965 0.9546947302267881 0.9546947302267881  738315.5268554363
-0.19440253505659189 -0.05177268346953509 0.03233002678518059 0.01039149885738793 -0.011385017017905895 0.9547375228806854 0.9547375228806854  738315.5268566363
-0.19439480229907766 -0.05177001820885861 0.03234558193310417 0.010674235105185661 -0.011273077523181754 0.9547340439841502 0.9547340439841502  738315.5268575712
-0.19439117772103778 -0.05176940992478486 0.03234308631179358 0.01065247147451911 -0.011267966137293934 0.9547281440101353 0.9547281440101353  738315.5268586755
-0.19439116961204234 -0.051768318389259604 0.03232536205521872 0.010639485315114479 -0.011424289741766463 0.9547470708459329 0.9547470708459329  738315.5268599801
-0.1943900655872482 -0.05177781771846721 0.03234193018627653 0.011134448024132252 -0.011312052906686984 0.9547509683762153 0.9547509683762153  738315.5268611477
-0.19439091506905326 -0.051766905167533316 0.03233861294199654 0.010558209255198176 -0.011324651633361188 0.9546847088589641 0.9546847088589641  738315.5268622331
-0.19437998983322152 -0.0517676193927684 0.032325719129616744 0.010866220726430825 -0.011623284798742807 0.9547457679866898 0.9547457679866898  738315.5268635881
-0.1943905267404988 -0.051774782084787155 0.03232546487133484 0.011049462524066845 -0.011439182413285814 0.9547524407684126 0.9547524407684126  738315.526864604
-0.19438822921637522 -0.05176589807178893 0.03231774756106653 0.010821662088608854 -0.011316781431734388 0.9547018655684419 0.9547018655684419  738315.5268656544
-0.19438078731875114 -0.05177678646874599 0.03233396102224266 0.011084862019441458 -0.011318430365953758 0.9547623274204691 0.9547623274204691  738315.5268669241
-0.194384765286348 -0.05178189987062992 0.03232736639597731 0.010980434482153025 -0.011546058556922487 0.9547373776884919 0.9547373776884919  738315.5268680326
-0.19438151623987512 -0.051764643933917984 0.03230889913735545 0.01066002978494393 -0.011357451232598213 0.954763458425278 0.954763458425278  738315.5268692477
-0.19437785542787123 -0.05176064148417936 0.032319346196034805 0.010719349439366544 -0.011381202471522611 0.9547233774426107 0.9547233774426107  738315.5268704715
-0.19438514472150056 -0.05177483443176878 0.032315916076154805 0.010740975177830512 -0.011477125254022943 0.9547474808224603 0.9547474808224603  738315.5268716371
-0.19439403583942233 -0.0517759457427451 0.03232350852803658 0.010556559015259053 -0.011404920455909497 0.9547382133982838 0.9547382133982838  738315.5268726937
-0.19438107731651952 -0.05175579846300718 0.03232223403002324 0.010848379618493349 -0.011349935654188358 0.9547295532771196 0.9547295532771196  738315.5268737506
-0.19439344961442664 -0.05177844072726253 0.032309355280122694 0.010707279596787056 -0.011354500795642701 0.9547286032454028 0.9547286032454028  738315.5268751536
-0.19438274540037742 -0.051772489731131785 0.0323254337899286 0.010733165502209941 -0.011539113876328149 0.9547543257574014 0.9547543257574014  738315.5268761925
-0.19438993016642933 -0.05176761806835346 0.03230285891299605 0.010898578718825625 -0.01144059283270921 0.9547060903737347 0.9547060903737347  738315.5268772164
-0.19438327200382713 -0.05177659448363005 0.03231110147562023 0.010672906788274945 -0.011379956020318879 0.9547298483072411 0.9547298483072411  738315.5268786479
-0.1943878907564765 -0.05177882982125415 0.03230923197405235 0.010905117581573365 -0.011526263102458469 0.9547562867812682 0.9547562867812682  738315.526879629
-0.19438202718468683 -0.05176758707439336 0.0323169720188474 0.010642117727274848 -0.011499789967155248 0.9547265739651473 0.9547265739651473  738315.5268808241
-0.19438240769444642 -0.05177819188992418 0.03230707094188779 0.010701540714736413 -0.011480430758727785 0.9547454400639873 0.9547454400639873  738315.5268818168
-0.19437964167768015 -0.05177288583962188 0.032331633503932075 0.010907221200831554 -0.011329574419969428 0.9546892224733646 0.9546892224733646  738315.5268830754
-0.19438985918957014 -0.05176695992455674 0.032299428090507024 0.010775551031800551 -0.011397533046242527 0.9547336854997682 0.9547336854997682  738315.5268841967
-0.19439706686591385 -0.05178439860475219 0.03232491454744935 0.010469876778907256 -0.011214685205998946 0.9547632991816177 0.9547632991816177  738315.5268855654
-0.19439186134823846 -0.05177492039636552 0.03231307831773144 0.01062782677003749 -0.011453628012507724 0.9547238062238508 0.9547238062238508  738315.526886512
-0.19439879443247676 -0.051775478235687906 0.03231579423014546 0.01065744043886681 -0.01143138411403979 0.9547276985833816 0.9547276985833816  738315.5268878902
-0.19438136580305707 -0.051776277149670855 0.032319923765092344 0.010828228964203941 -0.011405911959842448 0.9547272409943903 0.9547272409943903  738315.5268888713
-0.19439603182963835 -0.05178497738198081 0.032317927161278306 0.010703546777503138 -0.011558050477159446 0.9546996169361314 0.9546996169361314  738315.5268900902
-0.19439070862710997 -0.05178132170877035 0.032314747363597594 0.010937707798631423 -0.01136510547524669 0.9547180942238868 0.9547180942238868  738315.5268912907
-0.19438986970203728 -0.0517710904751279 0.03231745270442972 0.010608240349329764 -0.011218591217890731 0.9547109621264724 0.9547109621264724  738315.5268923772
-0.1943950870198778 -0.05177903234679617 0.03229577509340922 0.010580042314964669 -0.01144187552146221 0.9547429411464416 0.9547429411464416  738315.5268935557
-0.19438111278364356 -0.05176067624069094 0.03231051854289133 0.010883887903403588 -0.011433873582679535 0.9547214198910287 0.9547214198910287  738315.5268947907
-0.1943915017982978 -0.051763532620915355 0.03231831591039075 0.010629979640425552 -0.011284032721408564 0.954697060822427 0.954697060822427  738315.5268958759
-0.19438865976852676 -0.05177135137512447 0.032312131001844976 0.010805850598354717 -0.011471496040624194 0.9546885200306847 0.9546885200306847  738315.5268970322
-0.1943943284949577 -0.05177301964444284 0.03230591364794938 0.010746242433886158 -0.011401862014676472 0.954748165733533 0.954748165733533  738315.5268981864
-0.194395733724517 -0.0517777614672622 0.03230178506113632 0.010533448691623436 -0.011350159244135863 0.9547138743842308 0.9547138743842308  738315.5268993293
-0.19438272875134893 -0.05178002098393924 0.032300534727894646 0.010483078989318755 -0.011254260636876233 0.9547449892431155 0.9547449892431155  738315.5269005059
-0.19439375054602762 -0.051779258013602024 0.032310036124004196 0.010575791961028123 -0.011270042119460285 0.9547112534482832 0.9547112534482832  738315.5269015566
-0.19438612263908123 -0.051778019362435375 0.03230557732214933 0.010898847710962589 -0.011728932236041305 0.9547244913329505 0.9547244913329505  738315.5269028202
-0.19439890539248225 -0.0517816776730394 0.03231906951805625 0.010714031915255532 -0.011336038828413405 0.9547320624162048 0.9547320624162048  738315.5269039685
-0.19438876437159983 -0.05178671053686173 0.032295646979163296 0.010557224634548853 -0.011400521722768063 0.954723287200366 0.954723287200366  738315.5269049844
-0.19440263520891699 -0.05177118673733594 0.032304754128444364 0.010512284321266866 -0.011335117969381348 0.9546837651368368 0.9546837651368368  738315.526906289
-0.19438617468661482 -0.05177836778387145 0.03230972599737356 0.011011035523840406 -0.011580247908644736 0.9547136457119096 0.9547136457119096  738315.5269073972
-0.1943871237002502 -0.05177368934912557 0.03229794562639727 0.01058406527950037 -0.011298909495257727 0.9547166496176579 0.9547166496176579  738315.526908604
-0.1943964057323917 -0.051785952976391894 0.03231211712854365 0.010417597814006202 -0.011222548230079375 0.9547691119783658 0.9547691119783658  738315.5269097583
-0.1943867727537453 -0.05177833838220714 0.03227825381164746 0.010781980805988372 -0.011603731703938946 0.9547428464022605 0.9547428464022605  738315.5269109126
-0.19439752168057495 -0.05178630616170349 0.0322939239773662 0.010518201690657585 -0.011438600383844616 0.954738616149515 0.954738616149515  738315.52691209
-0.19439482395744986 -0.05178317893900477 0.032303677134936135 0.010983758413789443 -0.011729369118534028 0.9547161713633754 0.9547161713633754  738315.5269131713
-0.1943847574193657 -0.05179462973823912 0.032294212716959564 0.010552549479903639 -0.011676205377613194 0.954716022938433 0.954716022938433  738315.5269143862