-0.11537043619160786 -0.3168602049731926 0.03489561305164799 0.008622034825559266 -0.03456021971249685 0.15297963978161985 0.9875872019934122  738338.7236973722
-0.11544735852844508 -0.3168385284214777 0.034816390462338045 0.008871462062922122 -0.03608173483108576 0.15221878154509202 0.9876481398339051  738338.7236984351
-0.11551278748505837 -0.31680368218739113 0.0347403940459185 0.008997026907992827 -0.03712895447669195 0.15176911670347087 0.9876773913891786  738338.723699701
-0.1154685219295697 -0.31683262822505065 0.03479587255741666 0.008963416970141552 -0.036197281176188915 0.152189444577452 0.9876476026148588  738338.7237007588
-0.11545155371455897 -0.31684998478195164 0.034824250471814665 0.009244541937119573 -0.03582732462602115 0.15218175338657075 0.9876596859195497  738338.7237020464
-0.11546862147968122 -0.31683840363496957 0.03480289547970572 0.009150840375686751 -0.03669064471275689 0.15208754194282054 0.9876433760709236  738338.7237031233
-0.11549165883662042 -0.31682788112995036 0.03478683357663445 0.009283039149559696 -0.037114103984113106 0.15185695863967869 0.9876618007102994  738338.7237043672
-0.1155088598769461 -0.3168134232824445 0.034747972033170836 0.009368767708857124 -0.03732641641134302 0.15177208196981973 0.9876660366561416  738338.7237054486
-0.11537837073903848 -0.3168564583766355 0.034933893395791726 0.008647799441544837 -0.034417196649197075 0.1530983896156487 0.9875735695312651  738338.7237065383
-0.11547527700926387 -0.31681800242368774 0.03479554602672605 0.008978022894227371 -0.03640875458312632 0.15207272895813465 0.9876576749065651  738338.7237077999
-0.1154008427764206 -0.3168346905948383 0.03494080983796562 0.00872409404941195 -0.034786242238955364 0.15267774265342707 0.9876250879924849  738338.723708876
-0.11515090730781924 -0.31671425501388 0.03536411379256819 0.008032892320822896 -0.02913988956951751 0.15319850553687994 0.9877330395294596  738338.723710131
-0.11402048723569286 -0.3161181237296062 0.03674151024954248 0.005259827195458549 -0.017066478683169205 0.15141883317256372 0.9883083559719053  738338.7237112137
-0.10883511073795472 -0.31401073442404875 0.04240570015663212 -0.01991955265985566 0.0556133768250619 0.15196486925655736 0.9866189954849757  738338.7237124756
-0.10334164341359811 -0.3114262383303839 0.04585762599419314 -0.03953145202599379 0.10341522957207475 0.1694192275023894 0.9793057132202208  738338.7237135757
-0.09536818779755689 -0.31107568162364785 0.04705929894735626 -0.060778077481085484 0.10950810656081138 0.23596602700311864 0.9636565954714016  738338.723714659
-0.07544132043750737 -0.30727683838939046 0.04794683602140066 0.008980039143316075 0.04233813959682324 0.3133728534885927 0.9486433974517935  738338.723715923
-0.051614394598874326 -0.3014587849621846 0.04887776040555403 0.04745464551020022 -0.04215125568611659 0.2865398979536709 0.9559635009477531  738338.7237169859
-0.022572888010833427 -0.30121152489926095 0.05306840617409303 0.01309813317102178 -0.07760004553886668 0.22759315617351775 0.970570979940559  738338.7237182459
-0.020393339162900346 -0.30528976441401484 0.06904479413807955 0.04264729573898193 -0.09590501638944798 0.17126907118469972 0.9796174463804848  738338.7237193282
-0.020955214734387804 -0.32097358704088413 0.0917193229133833 0.013538571128137023 -0.0680520903449031 0.11855326087262404 0.9905204411964273  738338.7237204149
-0.04633005310952907 -0.34159743627834327 0.1322878043120377 0.01604338377624017 -0.052361893536630184 0.060089181208507196 0.9966895867038835  738338.7237216866
-0.06721701452575182 -0.3600581674685694 0.1699103784652771 -0.011008560990624625 -0.014664308003888805 0.022189663013426158 0.9995856083953157  738338.7237227662
-0.089919738494323 -0.3784079638299546 0.22319287030941273 -0.0313278383950017 0.013208362142284621 -0.010852980230869332 0.9993629563532578  738338.7237240381
-0.10176363832483598 -0.3859336524912098 0.26769489037026867 -0.03685608982881357 0.028347884324742945 -0.02576695778411619 0.9985860453578315  738338.7237251126
-0.10478255582696627 -0.38748815095085 0.3219906544228314 -0.020797385952352233 0.036867867928655276 -0.029691233051584505 0.9986624353262822  738338.7237263608
-0.09847201577115693 -0.3822446456537554 0.3663510537033303 -0.025353455788721963 0.04309355553656586 -0.026837656627327674 0.9983886457374903  738338.7237274575
-0.08374579039683186 -0.3732734713704257 0.3963633446700698 -0.01696498357006456 0.02339189289826954 -0.02163562618396055 0.9993482417849803  738338.723728523
-0.06314453446714642 -0.35980184543163884 0.4301576730478944 -0.0065644472533150375 -0.0015124464803150381 -0.014822247798757892 0.9998674519695573  738338.7237297855
-0.04464580480762867 -0.349160887619346 0.45061076148533025 -0.015772654482472642 -0.026608296215534854 -0.008693749592226649 0.9994836870410195  738338.7237308545
-0.02638768775901978 -0.3380232538493074 0.4696077980252166 -0.0014120019194133555 -0.031171188586748576 -0.006317726651093516 0.9994930963156429  738338.7237321307
-0.016990282348005183 -0.33264718667024806 0.4848262572080286 0.01345391839142925 -0.035047155337292205 7.330970670286413e-05 0.9992950933574964  738338.7237331906
-0.0110784300248123 -0.3331720724034176 0.4965864608339659 0.008917719081638763 -0.04055000206853697 -0.0013203853716828571 0.9991368415793169  738338.7237344555
-0.010703155491072858 -0.34118051575731806 0.5052409961878201 0.013192152027443352 -0.01658320326437558 -0.00041839544819974973 0.9997753694903802  738338.7237355527
-0.01231526839786842 -0.35458655712498777 0.5130882076367461 0.017167096422949356 -0.010350352793563517 -0.0013281033260124798 0.9997981782034859  738338.7237366227
-0.011652319848071233 -0.37799016208225705 0.5209469460653833 0.0007341000712374758 0.022973455077472282 -0.0019809234447449235 0.9997338432808979  738338.7237378921
-0.007351264487614653 -0.4014946990499411 0.5281183528174377 0.0075225638202504755 0.03739805806028855 -0.004885531656540406 0.9992601902744462  738338.72373896
0.009413845857805664 -0.43313158691093107 0.5352217664240414 -0.006352828771974726 0.04855875348199337 -0.0013493897301989218 0.998799213142574  738338.7237402315
0.031031300686471773 -0.4601034508263114 0.542271608258856 -0.013550899370092802 0.05230349973553148 0.00022724602145998202 0.9985392658283012  738338.7237413004
0.06826340919075945 -0.4908811025894917 0.5495851535804988 -0.025174916645281036 0.042825420418539276 0.0007047962421410604 0.9987650926019269  738338.7237425687
0.10962179441220375 -0.5159127109791399 0.5570070407744655 -0.03209055543847351 0.03276912266584259 -0.0008103746823996568 0.9989473079918857  738338.7237436726
0.15092835686026437 -0.5344349455465303 0.5647751865917748 -0.03533712698789843 0.01382239234019404 0.00015856715497992706 0.99927984257799  738338.7237447408
0.20248695453841717 -0.5512652661774219 0.5737378058153929 -0.0386121394917843 -0.008033783281886564 0.00019321136307428458 0.9992219591659383  738338.7237460192
0.24169021814743188 -0.5609505505158733 0.5817994542622745 -0.03309218146654025 -0.02106815731267619 0.0007910230495903209 0.9992299107591651  738338.7237470794
0.2880185254903878 -0.5701974756946722 0.5871976448621482 -0.01765649675357874 -0.0342929495094617 -0.001541681728411815 0.9992546547070875  738338.7237483393
0.3156462831881388 -0.5744539064909688 0.5924684544730081 -0.016711045713530343 -0.04487602843087292 -0.0009308544833824909 0.9988523497160943  738338.7237494079
0.34071688101688463 -0.5780915161068524 0.5975211272602095 -0.012194194143185007 -0.04456793013950884 -0.0002008848465666849 0.998931910030687  738338.7237506692
0.3550490902010242 -0.5802567455077536 0.6014733130351962 -0.011254249410487971 -0.03917764386588962 0.00011803202768714687 0.9991688746952462  738338.7237517623
0.3626804710280098 -0.58140517313646 0.6049739363963192 -0.011507063072079904 -0.028662649562653242 -8.156274234326836e-05 0.999522902872677  738338.7237528479
0.3682130687050332 -0.5812895776173587 0.6090614943969703 -0.020278860004661104 -0.010010229199409242 -0.0007601022553638582 0.9997439599181622  738338.723754108
0.37175874525000535 -0.5793621718361576 0.611879037895617 -0.02570334816072732 0.0010349215727653795 -0.0023372949388907713 0.999666346279115  738338.7237551732
0.37821340311581164 -0.573520058053265 0.6163192083631297 -0.02811589215018776 0.011594867483421634 -0.0026668020113767396 0.9995338632701111  738338.7237564254
0.38671151178025026 -0.565385836156808 0.6217994464940516 -0.029307503642477986 0.016899168435202415 -0.0014582628858625256 0.9994265164612157  738338.7237575098
0.4017729264378934 -0.5512407668646705 0.6305307235835749 -0.028752028907711943 0.016025902304516903 -0.0014640178678581534 0.9994570265602712  738338.7237587657
0.41929761430327445 -0.5349415164634106 0.6389876361566246 -0.02875910901607319 0.00907413080077974 -0.0026963524815763495 0.9995415466513171  738338.7237598575
0.4384850584686315 -0.5161136252569827 0.6468002668251885 -0.023467105500894075 -0.004031838927671203 -0.004788477678589419 0.9997050113487443  738338.7237610874
0.45791110734281026 -0.4952797794774465 0.653821791583697 -0.0210567472091585 -0.012130676150590094 -0.005700408722799982 0.999688434180116  738338.7237621738
0.47380978808437646 -0.475545440398556 0.6595829830512956 -0.01655382524585345 -0.01722405994174991 -0.005851880050292095 0.9996974833061899  738338.7237632601
0.49005693905880976 -0.4505634056003751 0.6652819656139366 -0.014712946427407307 -0.022652220944743135 -0.005567666367603568 0.9996196312522648  738338.723764533
0.5005959315440147 -0.4302060628098819 0.6692430292960432 -0.012460423777136024 -0.017653815888417808 -0.004514582280665092 0.999756319895355  738338.7237656061
0.5110130714108301 -0.4056585384340555 0.673307189673996 -0.014737176057220469 -0.014192806757040249 -0.004890518266677881 0.9997787068693248  738338.7237668583
0.5190794796610324 -0.38381026623378245 0.675837207141337 -0.012757188900598612 -0.009205690194336766 -0.005734107288476751 0.9998598048791664  738338.7237679623
0.5257456077933144 -0.36457648781163426 0.6776124528763372 -0.014968316732173194 -0.004421164319262009 -0.006557666968753201 0.9998566896331667  738338.7237690486
0.5344141077410294 -0.3415539679298717 0.6794334574279695 -0.019265673599100464 -0.003081889125752362 -0.007174341072102449 0.999783908957516  738338.723770318
0.541637251547363 -0.32275610440451663 0.6803187485406834 -0.01676518483274426 -0.004013192060649159 -0.007202781211736438 0.9998254561721381  738338.7237713865
0.5506344352551968 -0.2994885794797081 0.6813786557576587 -0.021323763354423857 -0.00868378754219788 -0.007249464750685856 0.9997086246557819  738338.7237726615
0.5573634154820453 -0.28023024136023145 0.681317768781731 -0.01645900200738574 -0.011995182821737355 -0.00841822498926197 0.9997571456759007  738338.7237737143
0.56357607275999 -0.2580759825826036 0.6797411392083954 -0.023960879058281714 -0.012702724726402149 -0.009841534486090467 0.9995837439945884  738338.7237748086
0.568676406576316 -0.23270299322218976 0.6759712027256337 -0.026224863655898975 -0.01709047199339206 -0.012337040807865487 0.9994338245813865  738338.72377609
0.5708452130294611 -0.21133603637041293 0.672494978129146 -0.01803755123402443 -0.014460257301559932 -0.01361667672055766 0.99964000211043  738338.7237771588
0.5718226769435293 -0.1837085751343244 0.6680539651722885 -0.021950088732606426 -0.007398462432510232 -0.014503668211369097 0.9996264802248288  738338.7237784236
0.5726239889041829 -0.16074674908101952 0.666034327544224 -0.018166143191652922 -0.0030711271989709043 -0.015273287798633683 0.9997136020376477  738338.723779501
0.5741868283848128 -0.1320252534978887 0.6640036762643531 -0.015396280866828309 0.005038792413630814 -0.016799709701453672 0.999727630337598  738338.7237807628
0.5775249433054471 -0.10639395730140118 0.6623071660551433 -0.011799749657174907 0.0018064792976717069 -0.017019769100401386 0.9997838916487624  738338.7237818341
0.5818001309902676 -0.08363736958820851 0.6587865542049569 -0.012693670364509219 -0.0013920331861644701 -0.01662669922578556 0.9997802187726766  738338.7237829238
0.587998964608954 -0.056485842420436284 0.6518287808727283 -0.013080386321697309 -0.0046171705756261686 -0.016715747816599538 0.9997640566676133  738338.7237841804
0.5933212502006352 -0.03444029845174597 0.6454206957059537 -0.01370185834129782 -0.010343274768240832 -0.0170185883661808 0.999707779000987  738338.7237852586
0.5985495283160827 -0.007084959197848892 0.6385685966819221 -0.015580936543629246 -0.015330944189175818 -0.01598247493534834 0.9996333113005152  738338.7237865095
0.6018780827223765 0.015492951697230833 0.6352328611935785 -0.011911796014832455 -0.02260618389556942 -0.014238678762156197 0.9995720732355866  738338.7237875666
0.6023334934607161 0.043263552836885495 0.6336057078775049 -0.014109389160918737 -0.02857866667298327 -0.012218173185241625 0.9994172808155339  738338.7237888355
0.59930673883461 0.06577262089914764 0.6332039448012778 -0.012128966310490475 -0.03368724757749143 -0.01051469662588266 0.9993035067894827  738338.7237899071
0.5913245125660592 0.09255083447221096 0.6312522789041746 -0.008521420913738196 -0.03274092205817043 -0.008073358214515826 0.9993949360966023  738338.7237911499
0.5811220383754149 0.11312884218434559 0.6273061538112837 -0.006418338374701784 -0.026526250046770797 -0.007067764293268643 0.9996025258565822  738338.7237922281
0.5650040899868699 0.13579802136457672 0.6206173448024921 -0.0036418778838260206 -0.02420470423731907 -0.007766599618635735 0.9996702200969213  738338.7237934937
0.5481172649214945 0.15390689452078443 0.6146290382194447 -0.000539930376431309 -0.020697138455930335 -0.007254299495353986 0.9997593270751498  738338.7237945651
0.5317287320245573 0.16789818101866286 0.6122307181854578 -0.0026110916933198293 -0.015717323201115036 -0.008391279512683897 0.9998378540441949  738338.7237956559
0.5107022627348251 0.18170568179583682 0.6130220815260404 -0.001573188838977845 -0.011254001563877727 -0.007931831024701214 0.9999039746807055  738338.7237969298
0.49351393878926886 0.19115863982907838 0.6159407279839625 -0.0034561198944125064 -0.010287722380436928 -0.006201230853726923 0.9999218783182  738338.7237980068
0.4724114245520436 0.20065725353758268 0.6192049342384658 -0.008224512630370471 -0.012622302319768143 -0.005433501786395936 0.9998717477429185  738338.7237992784
0.4535940412667733 0.2083060408072331 0.6208188101526461 -0.009950668778923042 -0.013051641084077177 -0.005620930984313534 0.9998495106718481  738338.7238003692
0.43585845745459617 0.21450723336304797 0.6204847651925334 -0.013880495538220397 -0.016171910583359008 -0.006081135194831553 0.9997543803087033  738338.7238014406
0.4138167084424885 0.22241674111351106 0.6187141647142342 -0.013336761172058812 -0.016818166176223403 -0.005936273127248804 0.9997519896200593  738338.7238027081
0.39514035347499976 0.22900446239182276 0.6166835811836017 -0.011926749335170017 -0.015148767896571607 -0.005435953710990283 0.9997993388119257  738338.7238037809
0.37150854199402394 0.2370365272009126 0.614024105219926 -0.013399174504855307 -0.0163344440316087 -0.005804136805914017 0.9997599512166433  738338.7238050648
0.35142215065811944 0.2437080971924024 0.6130009612042024 -0.010032846358476965 -0.014690772324960686 -0.006198352769028354 0.9998225360659732  738338.7238061193
0.3260055539994295 0.25186393215541975 0.6145779603844965 -0.013020384345588866 -0.018149026442850567 -0.004879748640212574 0.9997386010772408  738338.723807386
0.3018639581430497 0.2580894793560971 0.6162408176290441 -0.009012695607796864 -0.0164319830260373 -0.005536857618074062 0.9998090339957079  738338.7238084616
0.27972897108847455 0.2634478474593504 0.6161468148583874 -0.007139572111641216 -0.017353120559237434 -0.004721490154225227 0.9998127840989246  738338.7238095351
0.2481267765590036 0.2687656749406149 0.615636004021541 -0.0061557559199891644 -0.0014038938661599869 -0.007995782027929103 0.9999481002636227  738338.7238107867
0.22489137059903347 0.27066497998762806 0.6098757365752304 -0.0041167211083418176 0.0002469838585350382 -0.009098553554905898 0.9999501027198799  738338.7238118591
0.19540249667471274 0.2703993439944302 0.6030309316735551 -0.0001609253334592379 -0.013301598189602878 -0.008291482872865585 0.9998771389027796  738338.723813134
0.17014676269357754 0.2675272060230629 0.5969771101801437 0.0041716985906629965 -0.021354863460423448 -0.007410778490188146 0.9997357886459926  738338.7238142237
0.1378125995666152 0.26149998315052864 0.5899337819823407 -0.004869073645106523 -0.021319900610090998 -0.008572340350592242 0.9997240964089683  738338.7238154819
0.1062027456177683 0.25508122068694317 0.5812993363606904 -0.0019125463158471173 -0.018168285541182504 -0.012756323168144658 0.9997517350754205  738338.7238165813
0.0781458202584834 0.2496591537317887 0.5742508892622742 -0.007354920305259923 -0.014117332932041742 -0.014057135052101094 0.9997744760756379  738338.7238176353
0.044304619105666 0.24599522180418545 0.5647056293685243 -0.012440477351257072 -0.010391728330961587 -0.011959059567433154 0.9997970931143134  738338.7238189264
0.01795090036544332 0.24608451181039673 0.5584872035034715 -0.010488566721945406 -0.004182633907398958 -0.009080456139953133 0.9998950149180695  738338.7238199858
-0.013611137132565215 0.25164644560523153 0.5549994527588266 -0.026107111587962924 -0.006177210445085835 -0.007074216080529961 0.99961503403185  738338.7238212588
-0.03608582859600076 0.2599896951885752 0.5537691325998928 -0.01016486808759911 0.00021342536251324351 -0.009287289992086544 0.9999051835804129  738338.7238223231
-0.06209852146435234 0.27451882226426283 0.5579100884249236 -0.0034664100036164228 -0.004586705438585078 -0.013716955099277133 0.9998893895215165  738338.7238235774
-0.0840738699076998 0.28977039256941195 0.5635896046238444 -0.0006709435489813407 -0.01010301460955828 -0.014386542704504741 0.9998452411846368  738338.7238246576
-0.1039278468393637 0.30491309351081736 0.572145306610616 -0.017289282367007153 -0.017289217292493473 -0.01704366545105468 0.9995557398907974  738338.7238259077
-0.12390537409005911 0.3179050332478398 0.5797697713942009 -0.0041339164189192 -0.018321315219097783 -0.01877850551286575 0.9996472417179908  738338.7238269976
-0.14178565226144121 0.3250970348411771 0.5842905286561327 0.013167459061993214 -0.00795589319087147 -0.02062943129957052 0.9996688193345047  738338.7238280623
-0.16313188821344252 0.32491192048871814 0.587654358730705 0.02787859089255414 -0.012030360554334886 -0.019076958923378937 0.9993568552989538  738338.7238293248
-0.18019141795641647 0.31539768593847334 0.5876648968983369 0.035213770732015384 -0.005566619990039557 -0.01885973494433362 0.9991863257123513  738338.72383041
-0.20087113158821954 0.29188352424139125 0.5886936972714455 0.027740257938469667 -0.005404145796932194 -0.017247915868343545 0.9994517410540197  738338.7238316773
-0.21751103457066484 0.2638050268536358 0.590695177226638 0.018527032126083226 -0.008930180853872201 -0.01498506909340628 0.9996761718950703  738338.7238327657
-0.2388657026067738 0.221509736566442 0.5951166854962164 0.005827506855464828 -0.011916536296252753 -0.011153213919183601 0.9998498097943623  738338.7238340027
-0.2592731325984809 0.17920057156572922 0.5988707592881125 -0.01536688183279443 -0.020088672131716428 -0.007683940409619271 0.9996505695764409  738338.723835094
-0.2802855842742735 0.14101808949210481 0.6003031580281444 -0.004072914252102587 -0.025113955499973792 -0.007793901984861685 0.9996459151622092  738338.7238361768
-0.30717429349962266 0.09706981063806285 0.6034612623130061 -0.022808453553418404 -0.02088539198119303 -0.003781186670519869 0.9995145208928464  738338.723837442
-0.3313727111627168 0.06691997695464519 0.6070484998716503 -0.05183729064167067 -0.026723783172725862 -0.004584736209400009 0.9982873909379795  738338.7238385177
-0.35600444925824776 0.03641419140619567 0.6089654381555714 -0.027385208975190485 0.0017271923639129248 -0.005331714456108415 0.9996092436331718  738338.7238397741
-0.37599293943003304 0.01690129973441895 0.6109586847197569 -0.03280958895342846 0.0135489870477166 -0.0026054179222763023 0.9993663830748652  738338.7238408651
-0.3903053253452776 0.005702123752379219 0.61363396625711 -0.041663776472379815 0.010619202137942096 -0.0022188292309471593 0.9990727896769369  738338.7238419479
-0.40073897580001777 -0.0034212156408368493 0.6148020934256382 -0.022470692306241418 0.01986824798687662 0.0020639926865763923 0.9995479281372155  738338.7238432089
-0.40421504504470623 -0.00875283517648333 0.612735934127804 -0.005942997183152191 0.015965343172592756 0.0023024888570462466 0.9998522326558689  738338.7238442855
-0.40339522732137223 -0.016278739631846482 0.6082521743142986 0.007188821465813414 0.008469752033127838 0.001470142256266215 0.9999372094427612  738338.7238455507
-0.4003752330880085 -0.026558172289259063 0.6022704247265103 0.01751259488530899 -0.0017104333434865347 -0.0007160692335888482 0.9998449233171179  738338.723846643
-0.397132425905061 -0.04194347011461681 0.5962434687656845 0.022870389370767092 -0.014587332266476856 -0.0008514454023949016 0.9996316471921564  738338.7238478988
-0.3954796201133029 -0.0634022256783374 0.5915975872283022 0.02317228919339302 -0.01923488205948431 -0.0008590616261603613 0.9995460601387102  738338.723848991
-0.39658642141258005 -0.08731908807319053 0.5890054720365193 0.014580840912443233 -0.021430562118872024 -0.0027520818722371818 0.9996602203403533  738338.7238500615
-0.401313569184561 -0.12025841282050885 0.5870587617366546 0.008077579215827838 -0.02382512655063577 -0.007664403985811014 0.9996541266710205  738338.7238513302
-0.4078186445257948 -0.1484902659242077 0.5857969818786122 -0.0033659032296243854 -0.01936194283361646 -0.010469973363904204 0.9997520520223581  738338.7238523968
-0.4189516720694856 -0.18220264094244326 0.5820309488406195 -0.004153616603075844 -0.01723152829566996 -0.017477127712544845 0.999690137947069  738338.7238536598
-0.42887809057427984 -0.20844124237134995 0.5788744866777298 -0.012380203389325512 -0.014733554252593074 -0.02364465258506216 0.9995351836465071  738338.7238547333
-0.4391986983670663 -0.23751134139868763 0.5726077941228426 -0.015868430283956063 -0.008619615671391792 -0.027232937392649738 0.9994659885493697  738338.723855994
-0.44862397341064414 -0.2595945434059417 0.5720335343499765 -0.018294777600666223 -0.000473513015741503 -0.02430199607550621 0.999537137821658  738338.7238570858
-0.4573420087785327 -0.27608164742550334 0.5754853982147984 -0.01714006669654445 0.003515336090607319 -0.018432530508349445 0.999676999007613  738338.7238581558
-0.4640235596731756 -0.2953668593112094 0.5744227324401174 -0.0067730177133664745 0.0017815558158494954 -0.01453970740201088 0.9998697661188648  738338.7238594311
-0.46610308411914464 -0.31143426511546546 0.5708305831049788 -0.01535602763678216 0.002219313574407622 -0.013294748853466466 0.9997912365666145  738338.7238604861
-0.4658268010027749 -0.33224388720355846 0.5677914906498813 -0.010643009166638745 0.018122362519166317 -0.015265301927110283 0.9996625815192229  738338.7238617521
-0.46160052916116134 -0.35242939844506393 0.5637556455617436 0.012732720388634435 0.013339161025329246 -0.007634923077420367 0.999800806443087  738338.7238628288
-0.45562807330645777 -0.3809806628145124 0.5626120043972201 0.007971820827464145 0.011021449031540684 -0.010928838710520413 0.9998477575203034  738338.7238641083
-0.44838469831834504 -0.41277725082295436 0.5619108376742944 0.01617201952997309 0.0019575675034571856 -0.008769775713079922 0.9998288477273167  738338.7238651731
-0.4396940621309972 -0.4452195455181419 0.5583655368448379 0.004817576830226863 -0.01211458027755852 -0.008885576977862734 0.9998755294635198  738338.7238662502
-0.4319752855901435 -0.4864888337580238 0.555077429108849 -0.012177020363145781 -0.010025807088245613 -0.005498025187767013 0.999860477809949  738338.7238675313
-0.4260757982619202 -0.5198970663859995 0.5498643254112563 -0.018284383424924038 -0.0053076975505849805 0.00043909663764041127 0.9998186419864479  738338.7238685957
-0.41830032562804637 -0.556844002467135 0.5409312438520744 -0.043143655535445885 0.009259727894459818 0.0031689668290083763 0.9990209407592996  738338.7238698637
-0.41194034685267944 -0.5820171423805137 0.533374722938905 -0.0448757399773822 -0.004287189935961928 0.012480731686344056 0.9989054105872632  738338.723870936
-0.40501199714476244 -0.6044017413272357 0.5255588104042286 -0.03081471279745961 0.006078746623548149 0.019992208546215195 0.9993066666004693  738338.7238721986
-0.39610112814445075 -0.6195726182114791 0.5215853169178164 -0.022538933505850654 0.007572057118983068 0.030192190328105026 0.9992612731766388  738338.7238732774