0.11158092418567896 -0.28712900348935966 0.13835019516930758 -0.00928105178613912 -0.02153268229000087 -0.7312321979195125 0.6817255154363373  738339.392744564
0.11157276990857778 -0.2871114895622159 0.13833514556017054 -0.00896718004652495 -0.021462831412095835 -0.7312996157045634 0.6816595987882421  738339.3927458373
0.1115769568334284 -0.28711215708403265 0.1383136642339593 -0.00926532371537417 -0.021182286803913035 -0.73131338695234 0.6816496127531381  738339.3927468588
0.111569093191416 -0.2871165804143312 0.13832387217790296 -0.00953258577958064 -0.021107747417911948 -0.7313178732405211 0.6816434266434745  738339.3927479889
0.11155218325504392 -0.28708417855733737 0.1382665874965634 -0.009464084263287584 -0.019403543798584666 -0.731630997631751 0.6813589486471009  738339.3927492085
0.11157071648025309 -0.2871036598674544 0.1383438552919932 -0.009220766166180878 -0.0211805753411201 -0.7313202724604906 0.6816428828850497  738339.3927503114
0.11157597052371301 -0.2871078966060144 0.13832989482117328 -0.00923609104432373 -0.021434712935424236 -0.7313183477041058 0.6816367962595136  738339.3927516182
0.11158499158607853 -0.28711786256401184 0.13835166622259673 -0.009146688289124605 -0.021316534675440386 -0.7313834999416527 0.6815718006607014  738339.3927526636
0.11157068547473688 -0.28709142766568957 0.1383231793165237 -0.00895429182985494 -0.021224605694429632 -0.7314118286236662 0.6815468243050705  738339.392753942
0.1115985682448038 -0.28709584420155077 0.1383363155491277 -0.008902609589040962 -0.021323448590854464 -0.7313858931780197 0.6815722480727108  738339.392754972
0.11156075690910462 -0.28710091984318536 0.13838948149190208 -0.008875771917298724 -0.021357082968363545 -0.7313619068900468 0.681597283467378  738339.3927560485
0.05958574323346631 -0.22266262937696038 0.04408910260844642 -0.0014716433487946298 -0.006064038819309319 -0.7337574575413908 0.6793828487689735  738339.3927572916
0.05973906882184041 -0.22309907424558428 0.04475380946481627 0.0013776110727955007 -0.0011658671659155238 -0.7333153941701995 0.6798862225508682  738339.3927584557
0.05970362123280639 -0.22955790902106044 0.0501263979062046 0.041721865318178085 0.04728247236735272 -0.7306697435397179 0.6798127533643402  738339.392759614
0.061946811003347625 -0.24468262903571603 0.0577783672124834 0.0750472015357614 0.15598991370339976 -0.6871803103258086 0.7055623894915191  738339.3927607696
0.07016940158785313 -0.27045974260343675 0.06482625126122647 0.055550851633067284 0.2602143289772139 -0.5473352700320278 0.7934902066545917  738339.3927619563
0.08217124271917871 -0.3220034764445516 0.07110939419958674 0.17317079409922403 -0.011736918703438869 -0.47864570805049106 0.8606813620470918  738339.3927630888
0.07376813334253281 -0.4038232459689829 0.06561013771513033 0.2772925368441073 -0.19907906943107892 -0.38417497575065385 0.8578379573858922  738339.3927642759
0.013119866570410128 -0.4992136170553829 0.06809724677753998 -0.031295188180807454 -0.152814197641095 -0.33801701697051595 0.9281233368655214  738339.3927654012
-0.07156188382244635 -0.5627761891105357 0.07449960677901403 -0.19606090129015089 -0.10585139596418103 -0.43069444820850433 0.8745615457131075  738339.3927667416
-0.14690850842864736 -0.5607719538944907 0.07913266720886993 -0.21321645046074383 -0.09769315741910893 -0.5267346225825511 0.8170345339208275  738339.3927677167
-0.2095900132155666 -0.5237085713949923 0.08708059415728546 -0.21463026656132764 -0.03816575740679482 -0.5399241003911935 0.8129939664315717  738339.39276895
-0.2381032620963596 -0.4078495538259403 0.03091845379762908 -0.18818863125790128 0.06491570732832808 -0.4745379322357658 0.8574291462720078  738339.3927700507
-0.2259277093089051 -0.36194047206201707 0.12900226544651497 -0.14696965561075215 0.24384961417918083 -0.3590674363491306 0.8888238645243414  738339.3927712541
-0.1581600873296432 -0.2625320185047938 0.1331085491479462 0.005432443151103962 0.35881092184959396 -0.2353085095543493 0.9032469851896354  738339.3927724604
-0.07334743435441698 -0.20708855881776198 0.10162163830506452 0.18365691495703107 0.2440320491313601 -0.1752091208976925 0.9359595400119992  738339.3927735684
0.13846973702487236 -0.281006089486894 0.20000256379033807 0.30174254099976233 -0.15103059873079983 -0.16238708298170365 0.9272387138589049  738339.3927747775
0.1608831405345709 -0.26158397909838044 0.10901142068418167 0.18512661852851628 -0.38107583236787396 -0.15906369892247568 0.8917444055234826  738339.3927757952
0.15961163887845495 -0.32200092545967685 0.089829259148854 -0.17527900231955426 -0.5097511374891642 -0.15081457813204666 0.8286651990986577  738339.392777044
0.12260736416472058 -0.3155286540946478 0.0670055674481734 0.5588551704656379 0.28793595150541657 0.6932392613790724 -0.35241043224781443  738339.3927781269
0.039029441360542164 0.14078334252337882 0.9006811999955812 0.18547860665571178 -0.5004004697311074 -0.0032635466619666403 0.8456869430404658  738339.3927791911
0.0207497590886022 -0.27943525499048866 0.004058588570392724 0.7377793171808474 -0.507277639087504 -0.3459433607227332 0.28048933525863606  738339.3927804454
0.01351006373053131 -0.2808498868518727 0.020794090572155848 -0.28242258280246707 -0.3048613143491159 0.7126165107139569 0.5652209942972554  738339.3927816749
0.015779668216662875 -0.2805304989261947 0.019310676314949423 -0.09253729924014956 0.024647494631782615 0.7808407215016698 0.6173468367963564  738339.3927827601
0.025523276883274874 -0.2906141336263648 0.029521014735271654 0.29106519842905054 0.8269132627946431 -0.41648532301347835 0.2409055453743933  738339.3927839182
0.025247612837446937 -0.2914472131065454 0.015236928555699306 0.5563672881496183 0.8183430494519639 -0.13597424138252356 0.04776086024296003  738339.3927850757
0.02497632229621558 -0.29123676742546273 0.01593866192520147 0.5476638419225136 0.8306953921517363 -0.096470479380305 0.02651279533884073  738339.3927862319
0.024971269271277116 -0.29122076967819893 0.015946520270059276 0.546828241597984 0.8312664851078707 -0.09696088715860979 0.023947678147962063  738339.3927874151
0.034241443637270566 -0.24405562569250047 -0.039935040920660116 -0.0031134018738274718 0.98224672892908 -0.03743165809777079 -0.18379483455458182  738339.3927885453
0.025640058951266167 -0.28969315468246276 0.013504042433129984 0.3192657822981325 0.9448809877294394 -0.0459781270530366 -0.05617197801124239  738339.3927898115
0.020547276970970713 -0.27030236071199015 0.05853529736675375 0.7585641462028673 0.6179637248227048 -0.004683624642724916 -0.20658977360694714  738339.3927908632
0.02490325876465772 -0.2912496612485321 0.016159692633109 0.5491903691919328 0.8295389071933691 -0.09807702501476652 0.025219774057523726  738339.3927920172
0.024716607005613206 -0.29120049004508086 0.016456217493202068 0.548047064624755 0.8302062995149129 -0.09842530280741298 0.026727793945881827  738339.392793198
0.025116832221328423 -0.2909509472455706 0.015768216137058408 0.5463952082463349 0.8315075751691208 -0.09723946916654048 0.024329292591910315  738339.3927943317
0.024764726195990492 -0.2911935130388567 0.016270729382269842 0.548306283125452 0.8299336320211907 -0.0991296871240766 0.02727070692060052  738339.3927955388
0.02526273265166173 -0.2907707252029127 0.014993951672486735 0.5474966043004633 0.8307007556583355 -0.09789949661219365 0.0244828795530977  738339.3927966425
0.025093910326377308 -0.29084444321097025 0.01533573452425066 0.5478765241594565 0.8304540097512103 -0.09767659767634909 0.02523359327289346  738339.3927978757
0.005033905510775629 -0.3067549643784621 0.04819224941888857 0.5478878570327133 0.8286232796325207 -0.11471624783211312 0.006522196751683858  738339.392798965
0.0022109170595295126 -0.3109026862781305 0.054605000295462176 0.5473793842054098 0.8315089396199101 -0.09285978875218562 0.018594426906431163  738339.3928000409
0.0021434627825940257 -0.3110256995489786 0.054415048210546206 0.5479816796790754 0.831297373350678 -0.09170770322528883 0.01582570584539723  738339.3928013114
0.0021756522994538664 -0.3109543806697217 0.0544234961416954 0.5474444347591249 0.8312992893588893 -0.09479912549160958 0.016099943127040814  738339.3928023854
0.0026605169609769065 -0.3122274038140697 0.054402573797663736 0.5483789688485895 0.8307573890406453 -0.09427771376450979 0.015309466557164393  738339.3928037413
0.0028518235276465864 -0.3130972658720574 0.05440847883215433 0.5487387185904743 0.830699435441349 -0.09212293420033082 0.018374756363824345  738339.3928047476
0.07917548334159048 -0.35405467975474536 0.1090795262678602 0.5460301747201132 0.8325526428046309 -0.09217889963314216 0.014498128036767371  738339.3928060137
0.01523105049376516 -0.2846412686889774 0.012559876220401995 0.5441098989349852 0.8323460116600211 -0.10363290147208058 0.020118560761007858  738339.3928070583
0.07901176883885835 -0.35406702884894614 0.10886713693936427 0.5456286398687187 0.832668879208229 -0.09378990831756337 0.012465073241141822  738339.3928081323
0.07909863131421727 -0.35415384066249145 0.10897264465032089 0.5458731691589808 0.8328116257986918 -0.09128569946578047 0.010686449359537198  738339.3928093883
0.07917818360046035 -0.3541864072432638 0.10910192420657386 0.5458352432098316 0.8324611515670728 -0.09446097813991426 0.012224647665184128  738339.3928104762
0.07915516180516129 -0.35413297108258895 0.1089437558681644 0.5462408590216214 0.8325921846773107 -0.09102975788882525 0.011169652111242094  738339.392811813
0.07909496879354302 -0.35417697927540726 0.10898771255527614 0.5458372862783687 0.832809923843006 -0.09153040256733211 0.010558080447457633  738339.3928128124
0.0790920460747773 -0.35412192101482665 0.10894186931481672 0.5460074328353764 0.8326966251564599 -0.09151008936278668 0.010868177693566832  738339.3928141678
0.07772913976657068 -0.35527417975702497 0.10870797725483805 0.518744039744883 0.8508435777083354 -0.08209333721772849 -0.015182604720381793  738339.3928151611
0.055189223770850455 -0.323120042145752 0.0008579151644314104 0.4422141452141541 0.4162606491389088 -0.2076525323834765 0.7668468866375469  738339.3928163205
0.06175216869973105 -0.2762404666427309 0.02458972825519843 0.52785925915374 0.7370364859343312 -0.0508365208814875 -0.4189957864607989  738339.392817506
0.029752111724201998 -0.2527085892972886 0.012535205145820594 -0.5549098806489166 -0.2693195550137769 0.7852520229831996 -0.054048700689090505  738339.3928185679
0.0 0.0 0.0 0.0 0.0 0.0 0.0  738339.3928198256
-0.06873874479075216 -0.5990162732566473 0.26283205495834916 0.4776863447098118 0.7312810405577146 0.2614590225840271 -0.410710330169586  738339.3928209542
0.0 0.0 0.0 0.0 0.0 0.0 0.0  738339.3928222196
0.07611110951734554 -0.32375179911950447 0.1845363885770255 0.4941711617752813 0.7566570417359494 -0.33355401992092887 -0.26834064145346875  738339.3928232399
0.10691146194228858 -0.26138990896830366 0.17503825278381419 0.14978233451379988 -0.4179603277169596 0.7661640724683263 0.4646149274195536  738339.39282453
0.06165898140765167 -0.14637215194634223 0.05143606593656126 -0.31476077694285987 -0.574327844620635 -0.4240679330622294 0.6254914614445761  738339.3928255724
0.11149329307214685 -0.18477530878492915 0.15511990747734977 0.2242123753991825 -0.018775109411121954 0.8108168327231178 0.540326169787572  738339.392826662
0.10156923916359584 -0.17916951050286145 0.1440619697835757 0.08046311318726317 -0.03947193011826186 0.7918385080191 0.60411872290721  738339.3928280132
0.09412366009725233 -0.17143507605187883 0.13887422401044758 -0.0164299522726388 -0.003238828429038285 0.8009100018344707 0.5985505288780842  738339.3928290465
0.08842042145045005 -0.16451276802256168 0.12879689562738939 -0.009247363848991753 -0.00400120352686578 0.7998602870676407 0.6001016562252204  738339.3928302443
0.03159835167783262 -0.09884215568886776 0.04279192420120141 0.017759057594426926 -0.009761139578664663 0.7984393673205566 0.6017340880656779  738339.3928313274
0.03308223102546309 -0.09749099991732688 0.04004562517086176 -0.036487644867595155 0.028151363030779888 0.7827896413135199 0.6205775777320484  738339.392832631
0.09594262160715754 -0.17243668077979749 0.13775263655522355 0.0015672091907131638 -0.001074321508298362 0.7975524412664472 0.6032466271091615  738339.3928336628
0.09586454756659513 -0.1720873515610201 0.1374930383066122 0.006012623550819696 0.00021177691263764913 0.7978242775115278 0.6028600382524819  738339.392834837
0.03206270829703185 -0.09569545632572406 0.0430768683226837 0.009427607434761634 0.007573320660416453 0.7875127546997529 0.6161797028606488  738339.3928360016
0.031273563098801985 -0.09712273867890969 0.042561451626087696 0.005262244733875572 0.00048404605403255503 0.7941442051961259 0.6077063894951179  738339.3928371576
0.09588373999205232 -0.17115936233132295 0.1386653955122833 -0.0016316509504287185 0.0016790285871211238 0.7949979872232207 0.6066075493176848  738339.3928383512
0.09854272493837142 -0.16833976391259806 0.14150421475023792 -0.0324733795311115 -0.0021950969785319244 0.76858703309604 0.6389167658840312  738339.3928394573
0.09155044838828146 -0.16173864477473868 0.13944322466654552 -0.058415967753778004 -0.008632213914836878 0.7860761143794963 0.6153026913612121  738339.3928407381
0.09186649582350583 -0.16073165648330637 0.13801681637535207 -0.02057707201536539 -0.016183502346078446 0.7980397802512388 0.6020358689444041  738339.3928417638
0.09162745853045726 -0.1593398565929567 0.14128037122031953 -0.0347897527802709 -0.02196347713875079 0.8182861284702435 0.5733368039177701  738339.392843026
0.093483628736641 -0.1515477591998047 0.14074048886065055 -0.027298029219057003 -0.02701617022066022 0.8479718155435699 0.5286480343206675  738339.3928440916
0.09835663681439373 -0.1497297968727401 0.14080678633219337 -0.004009200500698178 -0.020797930785847973 0.8839773236870885 0.467049744238646  738339.3928451797
0.09971172470814064 -0.14982969645767028 0.13872092918575754 -0.03550316837131422 -0.02478808880421259 0.8735543783830748 0.48479668284425426  738339.3928464239
0.0983152974781621 -0.1486788757784073 0.13890759003442532 -0.02461397090588833 -0.009000743094535059 0.8775040058496267 0.4788526482936567  738339.3928475177
0.068892619497077 -0.06805409041523021 0.03909068827441308 -0.015694414186613735 -0.0038680565713564603 0.877687361467324 0.4789609786007906  738339.3928488472
0.0986017473082388 -0.14905477872753406 0.139359885682357 -0.015170439680530943 -0.007540578973737846 0.8781703067166323 0.47804802042248445  738339.3928498328
0.09901767345559667 -0.1496957060799934 0.13973056663594588 -0.013126051788390092 -0.014875794239840033 0.8775612524222377 0.4790539278174181  738339.3928511569
0.0989485450650259 -0.15269722202870056 0.13894756783886245 0.00250280778435157 -0.008363619416405146 0.8801103036110757 0.4746889921844328  738339.3928521898
0.10593380735404483 -0.1610278007630571 0.14241721817248615 0.05966426274884379 -0.039368383274937115 0.8885331681192037 0.4532097917090997  738339.3928532758
0.05568846033890269 -0.09091180665176378 0.058917938145277564 0.22517658343599536 0.002091811296974724 0.9016376152404516 0.36924347168379495  738339.3928546387
0.0507541703505721 -0.09692723451414403 0.060749076681899876 0.17949454394209574 -0.09607158756023175 0.9127296866115545 0.35422659123313915  738339.3928556057
0.11260196585373242 -0.1728513004863546 0.15594409588948466 0.0989873185278543 -0.1805456596176365 0.9000250265946974 0.3841350375416331  738339.3928568639
0.1095720378261792 -0.1710333518012882 0.154491420185548 0.0748281170304266 -0.18959069065774434 0.9027197170244888 0.3788841978927429  738339.3928579453
0.11290855606389406 -0.16943226220316 0.15218682385213872 0.11812656999756956 -0.15370690918730742 0.9121977848821736 0.3609923832780271  738339.3928592738
0.1098865346867717 -0.16970165500569775 0.15018122859045724 0.0816055022497261 -0.15127726529455746 0.9079214146003384 0.3822753404519975  738339.3928603012
0.116301814084494 -0.16814106172901067 0.14751279630618802 0.15304142432879952 -0.10303469391374123 0.9130485655849265 0.363736843298589  738339.3928613679
0.11575044103724719 -0.17065509138068666 0.14772502780862615 0.16528747394915455 -0.09557260880922726 0.9168379422973718 0.3506481355501941  738339.3928626096
0.05309235951275108 -0.0947874102354884 0.05254266829790793 0.21867031976014273 -0.08327576632362581 0.9178872506950485 0.32051744571972224  738339.3928636909
0.050776578441554844 -0.09190151861347359 0.05140233756409027 0.1834667078616122 -0.07150373840528133 0.9205307580211186 0.3374171098767158  738339.3928649673
0.05055235391520566 -0.09129952242715457 0.050482875964612345 0.18678003462903747 -0.05815969495872689 0.9232922173761129 0.33054825650573966  738339.3928660966
0.050700597035009266 -0.09136940372559559 0.049393869407315036 0.18258997650871642 -0.04922548381167611 0.9302089123939341 0.3145618087513918  738339.3928673037
0.053474643628563516 -0.09114956066727602 0.0487794487608638 0.19039711187591976 -0.03147834286249578 0.9290401343486065 0.3156619750452419  738339.3928683689
0.05322783950494865 -0.09263133072211938 0.049177576629677026 0.192880727561209 -0.041359227051333346 0.9265496319346295 0.3203002011160433  738339.3928696692
0.11238021223014105 -0.16407252988498527 0.14169187124058452 0.16808487604548775 -0.05092633138460577 0.9306108394422881 0.3211190569383858  738339.392870706
0.11472150485567305 -0.16868140621048783 0.14420287736422197 0.16041121780198592 -0.055054165740613385 0.9340045921386627 0.31444029942388013  738339.3928717906
0.11141230406832349 -0.16616695373558393 0.14442178222670587 0.115698822587043 -0.055370765654819194 0.931804171807778 0.3395421125050501  738339.392873146
0.1047444647908951 -0.16807670283248827 0.14626425665596196 0.03609348838323652 -0.10583369297745605 0.9225740601650024 0.36926087396005725  738339.3928741877
0.1124958719707119 -0.16886681352939115 0.1456534206374039 0.11019890678875928 -0.07539527735237221 0.9273985452107539 0.3494333862648193  738339.3928754656
0.11836139390172716 -0.16872423740325648 0.1440212814932538 0.17358809721607996 -0.035426429072295804 0.9257971782980502 0.3339337139065994  738339.3928765069
0.11939236805363221 -0.16940159572658647 0.14389751214176877 0.1773880259100279 -0.028906146310018047 0.9268347446671079 0.3296593378733628  738339.392877582
