0.07391619920164248 0.04411372258058714 0.019174926867926188 -0.003299725321341674 0.0017814808609321997 -0.09218134219660501 0.9957351747777008  738339.4218435141
0.0738937795851447 0.044071627168460276 0.01921788586747725 -0.00307451556497189 0.0025359729850018328 -0.09172226083531243 0.9957766532020718  738339.4218447622
0.0739122025933803 0.04411775940154921 0.0191756892999846 -0.003156475487306597 0.0018713878966490202 -0.0922176863770262 0.9957321089977499  738339.4218458452
0.07390966033501843 0.044121122371274496 0.019168693038190958 -0.0031339721542360203 0.0016640102581038493 -0.09229114066124103 0.9957257426841211  738339.4218469316
0.07389431530430803 0.04408434598864589 0.01919106741264908 -0.0032936726538515793 0.002331370935006722 -0.09189438921833802 0.9957605824997299  738339.4218481907
0.07389002201505082 0.044074041042045736 0.019221369694618323 -0.0031540277907418086 0.0026695202108290655 -0.09168181084018837 0.9957797805396549  738339.4218492692
0.0735605256083257 0.04421277605820149 0.01930532847516831 -0.0033964615308648897 0.0023403693982776527 -0.09394498733734657 0.9955688454719416  738339.4218505219
0.07240734349193492 0.04461838537524634 0.01922803480255849 -0.0031267205113353004 0.0034742270684722304 -0.10011670990900198 0.9949647218681261  738339.4218516183
0.07238178476503347 0.04460403763457154 0.019248002167214565 -0.004011102059011357 0.0035894380479278257 -0.1012339953351968 0.9948480814592978  738339.4218526926
0.07239110847921204 0.04463754205835079 0.019214878477099732 -0.0037427617409787903 0.004028461461853183 -0.10076342343275428 0.9948952184682125  738339.4218539542
0.07237201401073891 0.04459602256009614 0.019241720400164475 -0.003870960932591775 0.0036119800296346275 -0.10021451761468174 0.9949517675349798  738339.4218550359
0.07238539231498033 0.044610560996359794 0.01954391749323415 -0.003040148153458567 0.0038407555425848776 -0.10133117177930671 0.994840690624333  738339.4218562811
0.07237405705815914 0.044520287482543795 0.019640188775278965 0.0006464860791437248 0.0029737257823472265 -0.10121688142793536 0.9948597297733607  738339.4218573541
0.07239628846663491 0.04451905093662465 0.019799136098927306 0.001380409036890142 0.002501912651436399 -0.10119261310436317 0.9948627493061976  738339.4218585948
0.07240179713137548 0.04453637040152555 0.019879246382351588 0.0008156972695969732 0.002168934744934364 -0.10138781445182458 0.9948442799959796  738339.4218596716
0.07242111629828663 0.04452551545746174 0.01998637113682556 0.0007661355038985937 0.0016259535979101323 -0.10134238691017157 0.9948499836290073  738339.4218609179
0.07240387225947875 0.044406576486495784 0.02056614741738791 0.0045079120434375584 -0.0009427468847376747 -0.1008053271446569 0.9948955100796157  738339.421862009
0.07055346771458507 0.04352076675812162 0.02483238438061221 0.01212678750957991 -0.014549625199442843 -0.08956498216169304 0.9958008653348464  738339.4218632712
0.06662332130945392 0.040928209814221586 0.036690576054234016 0.006204897723867997 -0.01700268427974805 -0.06766045279441595 0.9975442201221829  738339.421864348
0.06090919009423868 0.038044392777590294 0.056996057881149836 0.0008912681468259806 -0.0013028811904792906 -0.044159599386619355 0.9990232419336936  738339.4218654386
0.05452888568232606 0.03509684256618507 0.092851514851316 -0.00048104679456124975 0.011412026679044505 -0.016999375698322276 0.9997902557371349  738339.4218666969
0.051530345486229194 0.03413158315042499 0.12901505476974928 -0.009010173407141062 0.017266295079993256 -0.0030246493262610944 0.9998057527969306  738339.4218677842
0.05180360311413832 0.035095408877998266 0.17953387703342139 -0.003821012986643448 0.01806342565432593 0.0041357320767174246 0.9998209880941569  738339.4218690607
0.055488058115623545 0.03743892676286927 0.2245301959399837 -0.003849901069956186 0.011192644545829484 0.00421888750600261 0.999921048862376  738339.4218701241
0.062428120111523606 0.0406606652133967 0.2803860857161792 -0.003902475659051298 0.003226240875283317 0.006035899397359239 0.9999689645044041  738339.421871372
0.06974729781965727 0.04426011978290985 0.3273459125850757 -0.0032066149225646796 -0.002098274359280552 0.011192644768336554 0.999930017335484  738339.4218724482
0.07584052808566377 0.0473839491738855 0.3638170649531917 0.000771216486627106 -0.010530992025782759 0.016279120327404813 0.9998117291137615  738339.4218735428
0.0825582429720635 0.05081542054033184 0.40032978113595874 0.0031095775436154236 -0.013255119028530283 0.024560511264836982 0.9996056290525027  738339.4218747991
0.08648778024447569 0.052354807954194095 0.42343815949812963 0.00556855135243555 -0.01365251042341807 0.03055769638261309 0.9994242479481683  738339.421875875
0.08943465254417163 0.05200543744939167 0.44497339385914364 0.0060996720511831025 -0.010320065872089558 0.035281011133133054 0.99930552910243  738339.4218771261
0.09049247461854916 0.04986963956726027 0.4583905984109617 0.006916348355354054 -0.009461213434459293 0.037626649820745574 0.9992231406392879  738339.4218782024
0.09106571365633576 0.045169489260595656 0.4716568015741085 0.0014958307802565888 -0.005163811679271497 0.03705000297690897 0.9992989516749374  738339.4218794502
0.09113658655612332 0.04031951189631453 0.4815011020927711 -0.004179411187938178 -0.004247534638585213 0.036249800919844026 0.999324993635648  738339.4218805323
0.09097596446182134 0.03460964751372293 0.4934387694897404 -0.010512428456390034 -0.005962029992900436 0.03503782217788084 0.9993129109860156  738339.4218816153
0.08995522177494092 0.029993814877570045 0.5061922172877071 -0.01785313512649458 -0.011836829980214805 0.033869653070368926 0.9991966781485352  738339.4218828551
0.08654089996547353 0.028144592889299703 0.5199944625035172 -0.02453376453273744 -0.021156316301749144 0.033389494050216816 0.9989172369948689  738339.4218840986
0.08054214552554474 0.030227116094515182 0.5305741420002583 -0.030670709269742358 -0.026051255673576926 0.032525657073217334 0.9986604634722837  738339.4218851763
0.06962439493917862 0.0373278441907033 0.54196244558854 -0.03144555628064179 -0.03151365447199648 0.031296470298578405 0.9985182008951419  738339.4218862588
0.05289870330207257 0.052189879944303096 0.5551587334598668 -0.03460778743598992 -0.027287043136479585 0.029710796568153015 0.998586494447496  738339.4218875188
0.036005252127076615 0.06983784113635264 0.56744699958618 -0.03444540865796085 -0.023245208240034187 0.02872899641162372 0.9987230941965067  738339.4218885999
0.01242863981530273 0.09807471103632358 0.5842934910653927 -0.033405449882280655 -0.022329007436689537 0.028841212618664094 0.9987760889207049  738339.4218898686
-0.008921988915894775 0.125909286019981 0.6001458657351657 -0.02876823384722887 -0.01880268462789245 0.02787153395675427 0.9990205330056999  738339.4218909297
-0.03654125253388267 0.16491937361045422 0.6223524978480331 -0.02463581437763092 -0.015063411098976904 0.02621729460440494 0.9992391224124684  738339.421892187
-0.06270412615399691 0.2035691046967978 0.6442190758670626 -0.016636049979667306 -0.014274940387799681 0.024068910844197784 0.9994699372411223  738339.4218932758
-0.08668198185854452 0.23940529476576078 0.6648165441049 -0.007472780932727824 -0.01168882211405549 0.02183556703115494 0.9996653124897079  738339.4218943551
-0.1160350190509234 0.2827731604738362 0.6901783755746744 -0.0008663690676869513 -0.010431556751447755 0.020197031338285192 0.9997412224938513  738339.4218956175
-0.1395408549376063 0.3166246104976526 0.7111650090831383 0.0062851854943306905 -0.004803125881663165 0.019180193808473026 0.9997847501290147  738339.4218966879
-0.16692800776608777 0.35501199312376125 0.737030314111639 0.010290050634947407 -0.004127152590373384 0.019793029668619608 0.9997426256021913  738339.4218979323
-0.18781331150299202 0.3831767934523104 0.7579697262825498 0.014956018672604451 0.00032934377279823747 0.02124063305371823 0.9996624653079765  738339.4218990162
-0.211241187908124 0.4131875988420004 0.7825329459625885 0.015191970722201473 -0.003019594634040316 0.023640671935088075 0.9996005225610276  738339.4219002851
-0.22842742834809535 0.43443527668257464 0.8011120081592054 0.013729722972288173 0.0008081643222065694 0.02496595992311889 0.9995936886668751  738339.4219013619
-0.2469676371927124 0.45667521088331525 0.8214036936470145 0.011994226495649993 0.0025010833880203835 0.025655663310375845 0.9995957533186913  738339.4219026216
-0.260982952082397 0.4738926712369388 0.8363702011243543 0.011154686913799752 0.004371418928119334 0.026344206671169195 0.9995811354919003  738339.4219036996
-0.2713233097510836 0.4872609310956967 0.8459349488463853 0.011465851007931486 0.003759768501877044 0.02656395296654028 0.9995742867862637  738339.4219047702
-0.2811603866770555 0.5009154813154536 0.852144646888223 0.010418952863371784 0.002563074300535166 0.024572505204634776 0.9996404693985378  738339.4219060383
-0.28721931783145294 0.5100287676830572 0.8534125397391339 0.008619963247091664 0.0016259352242095567 0.021282856572939966 0.999735011182644  738339.4219071221
-0.2928174414319358 0.5189339438556765 0.852146633447132 0.007974551309351973 -0.0041109938270081905 0.015836386298162863 0.9998343438441111  738339.4219083869
-0.2968760358458293 0.524501380530994 0.8498506009877758 0.0059529588252779184 -0.009905041107602347 0.011749273586873499 0.9998641942844348  738339.4219094629
-0.30260661486275586 0.5297157714566896 0.8471004609381769 0.00429010336253709 -0.018649884290566555 0.007750128186813215 0.9997868334510989  738339.4219107236
-0.31019495860526347 0.5331763844947126 0.8456261706750118 0.0020935984359262637 -0.02356574739875231 0.005433000819489668 0.9997053340345958  738339.4219118012
-0.3195927142524068 0.535732922017329 0.8452271597156018 -0.00046234627213769246 -0.023298692376250683 0.004462091015240632 0.9997184838309499  738339.4219128739
-0.3337734172535327 0.5387275146977893 0.8446176757926172 -0.0013894681162212763 -0.01596151039630227 0.0034038697628118084 0.9998658476189997  738339.4219141271
-0.3465675228934765 0.54110224192656 0.843388940452948 -0.001007803073951417 -0.008951546308206163 0.0021647348409538896 0.9999570831164328  738339.421915194
-0.36212631000439943 0.5441946733457304 0.8407167712804896 0.00026039825426535444 -0.004449519114794272 0.0006961954819351705 0.9999898245903541  738339.4219164425
-0.37391554024652307 0.5467604110334845 0.837622683945714 0.0008175800524595807 -0.0015271845601112478 -0.0002651025141956174 0.9999984644942382  738339.4219175283
-0.38702572990430256 0.549518736679112 0.8339956752014602 0.0014681600457273826 -0.0017962808996450882 -0.0011549625652029541 0.9999966419656031  738339.4219187804
-0.39625229755869895 0.5515074176922163 0.8313049706196103 0.002159732713031299 -0.000220973605499075 -0.0005567591683654969 0.9999974883690971  738339.4219198605
-0.40589993577703126 0.5533567957205965 0.828580523727238 0.002521952209057747 -0.0011029547558535089 -0.0006503924765465249 0.9999960001107446  738339.4219211162
-0.4124693602196909 0.5542976854697986 0.8262967670657327 0.0031792858899993546 -0.0020543492237887957 0.0002879044507210936 0.9999927944248017  738339.4219221822
-0.4195819065359935 0.5547827361492593 0.8237701604123936 0.0029895320921204315 -0.006976254168929231 0.0018737652316847453 0.9999694413228323  738339.4219234271
-0.42506541269439513 0.5544524839132926 0.8219923280181282 0.0020217567297245533 -0.0071262532909580996 0.003742856152430005 0.999965559427714  738339.4219245071
-0.43173129565461227 0.5534436142083317 0.8199604920100257 0.0014224897207937163 -0.00819974800131507 0.004781083322367748 0.9999539398882199  738339.4219257542
-0.4372016684151014 0.5522989159622012 0.8182696017231783 0.0009202595771433576 -0.007536425299374095 0.005806949407615232 0.9999543163337988  738339.4219268358
-0.4438872060872817 0.550920818756541 0.8155230272562977 -0.0021757832877712475 -0.00792531923998512 0.007485243923784549 0.9999382112937931  738339.4219280949
-0.44970862019426566 0.5499340332234525 0.8128123298014557 -0.0008658213905649893 -0.004804075109655489 0.008539699688214695 0.9999516212021937  738339.4219291742
-0.45453206981807814 0.549301886814563 0.8116872167493945 -0.0023508533712451097 -0.002493435835209332 0.008854002705871776 0.9999549304354908  738339.4219302731
-0.4589930639411395 0.5488376141614003 0.8133973268432902 -0.0036125444142433047 0.003799054236707403 0.010212627492786449 0.9999341073038039  738339.4219315476
-0.4606961693727842 0.5488036074852786 0.8172876401495067 -0.0026667939622060737 0.008908062341234925 0.01113474674487927 0.9998947704884826  738339.4219326342
-0.45914097428062395 0.5491999008684244 0.8213839821584208 -0.00358413640899806 0.020501873074054048 0.011365697041388609 0.9997187845076336  738339.4219337163
-0.4520260896571702 0.5502850574366693 0.8261803078753271 -0.004930254288725911 0.017367630981908484 0.012655479450424442 0.9997569188690842  738339.4219349835
-0.4418219677095203 0.5519901488598423 0.8294214966234775 -0.006995617353936013 0.01915341848182493 0.013828385462846624 0.9996964457543042  738339.4219360835
-0.4245958945817278 0.5550442465072792 0.8328551670165352 -0.006095426279796741 0.017540128546460674 0.015549280945392973 0.9997066617418944  738339.4219373454
-0.40511754283773443 0.5585361124769462 0.8353899977507144 -0.0041170580791908265 0.008474800345973189 0.0161896259608705 0.9998245464095766  738339.4219384296
-0.3862270273035953 0.561823381050915 0.8368172267481574 -0.0008555733934691044 -0.005337857404765466 0.01627083894708325 0.9998530067327162  738339.421939509
-0.36393622474761195 0.5654856719226912 0.8374111075198374 0.0017802654811129414 -0.016311866327990386 0.015521382139270781 0.9997448876429433  738339.421940795
-0.34753356788653544 0.5678627709719376 0.8373048165401705 0.0006545180869425018 -0.016960921898589977 0.01553383987858869 0.9997352642340123  738339.4219418791
-0.3298548374494791 0.5702662310863513 0.8371381692420854 -0.0015105185727644023 -0.011172196232455758 0.016539029432474293 0.9997996603672241  738339.4219431379
-0.3147817965832242 0.5724964978634796 0.8368904601019124 -0.004015396830568996 -0.0033944526667927413 0.017820116193305542 0.9998273839709748  738339.4219442178
-0.30124059744087883 0.5747012167992364 0.8364497888827244 -0.003970060120662576 -0.0015278959717845804 0.018852800504514863 0.9998132205915636  738339.4219452936
-0.2843544479433707 0.5777387105703942 0.8357987959993973 -0.0030979214936117487 -0.004272568128140969 0.02014496015081399 0.9997831407983093  738339.4219465458
-0.2706605936778315 0.5805279648082069 0.8350745427289382 -0.000780150223843979 -0.007654553195538872 0.020977444499310622 0.9997503418370425  738339.4219476039
-0.25442628051435845 0.5839708935994957 0.8340937402145859 -0.0021991480656725253 -0.005220678811253299 0.021897723726612583 0.9997441662526109  738339.4219488802
-0.24115739685424656 0.5870915270535133 0.8329373358349594 -0.0019768779220547747 0.001803010223034678 0.02225210086529316 0.9997488110094944  738339.4219499604
-0.22348612419247027 0.5917438882323589 0.8307929495502614 -0.0031852057677791193 0.007853927550604019 0.022463128077527154 0.9997117475368684  738339.4219512024
-0.20716451304544584 0.5963132914364604 0.8289802209645304 -0.00289513874804744 0.007829077086143743 0.02185267341326137 0.9997263547532905  738339.4219522645
-0.1852972291882595 0.6024047225880206 0.8272066708665208 0.00010187114458458767 -0.0017653594597284862 0.021448594893908733 0.9997683886307492  738339.4219534906
-0.1671248778250545 0.6072853164301792 0.8265774138791393 0.0019202712484837584 -0.008082608290992528 0.020006259078500756 0.9997653392667855  738339.4219545817
-0.1460797467045247 0.6130923358132845 0.8264170714599296 0.0027280278630855796 -0.013916410331823198 0.0183065031686869 0.9997318457112334  738339.42195584
-0.13033567143443778 0.617399894178113 0.8265251696312994 0.0021850576552361754 -0.00989818410886729 0.016533720265821224 0.9998119260983847  738339.421956924
-0.11381751884411725 0.6221483920798939 0.8263810683587189 -0.00046734779016046116 -0.0014618697306502402 0.014092920848593685 0.9998995120035258  738339.4219580119
-0.09485820165933291 0.6275973220213513 0.8262405856015473 0.00036033943385322125 0.008810973405710966 0.011759656709965477 0.9998919678531276  738339.4219592651
-0.07748423144568575 0.632480773332434 0.8262393453147028 0.00046148886556617594 0.010801503357305177 0.009709914852809472 0.9998944104788267  738339.4219603454
-0.053980198646454355 0.6383711633871207 0.8260609379937816 0.005247107899616776 0.002927801905470311 0.007240505024019149 0.9999557344811266  738339.4219616023
-0.03416099505070801 0.6428940068908967 0.826241212502272 0.0057051148380877405 -0.006816562960187154 0.006730731925512037 0.9999378397589728  738339.4219627031
-0.011315031606485448 0.64729503085501 0.8263884871864761 0.009546582151523512 -0.016046202920618747 0.006858889764746628 0.9998021493136778  738339.4219639661
0.007050028787958298 0.6502384253947073 0.8265727462668394 0.007639330508909988 -0.0175111731447894 0.007128588710810924 0.999792069716229  738339.4219650491
0.021642313524756346 0.6521215566867942 0.8264667889155346 0.006450147980972815 -0.01007104328328169 0.00690778561129007 0.9999046215395538  738339.4219661243
0.03882862374801461 0.6539466615192872 0.8258479838895775 0.002824989924663322 0.0022296694143083607 0.005508259356256682 0.9999783533082567  738339.4219673813
0.05406523749985467 0.6557136229318791 0.8251217671534128 0.00025386700668925236 0.011122821463332634 0.004011304646816077 0.999930061468935  738339.4219684543
0.07539187879863526 0.6583932746597556 0.8239456604897293 0.0016472194078244256 0.011597688398924689 0.00316781337025979 0.9999263699145429  738339.4219697049
0.09495705842263782 0.660965685531863 0.8228982527841976 0.0027712102261414732 0.004493512577317408 0.0038475706124626078 0.9999786622418412  738339.4219707722
0.11945641526196812 0.6638253015559382 0.8222738840399743 0.005818675222558622 -0.007818643868602057 0.004533828764246567 0.9999422264428315  738339.4219720396
0.13830341418331268 0.6652527013541716 0.8224039913327852 0.009129357892453631 -0.016957884396422016 0.006812321904053778 0.9997913168514441  738339.4219731309
0.15863545955500538 0.6654787029872566 0.822796260650178 0.007452224587027383 -0.015940300518799518 0.008603742693427587 0.9998081549876158  738339.4219743906
0.17478555532537343 0.6641824924115471 0.8227008526949128 0.00604920537318455 -0.007481399437644144 0.008707492975916591 0.9999158041269685  738339.4219754679
0.18883880116637103 0.6624915941140702 0.8218031561250074 0.001356585635050852 0.003998907195971726 0.008310655743327844 0.9999565497649229  738339.4219765547
0.20736866724456748 0.6599879251413692 0.8195936684860737 0.001955916912304952 0.007445796546910576 0.008359431674703094 0.9999354251174873  738339.4219778054
0.22426406224773293 0.657740011383742 0.8174323232513271 -8.567020521316028e-05 0.006181206409098774 0.007289037679209852 0.9999543265957976  738339.4219788894
0.24611123522021747 0.6549817909120522 0.8148097824611058 0.0003337914270647235 -0.002909519169347767 0.005408294443666037 0.9999810866374909  738339.4219801611
0.2658215070636028 0.6527404353230334 0.8126584007361585 0.0007484746388082625 -0.008270135123391042 0.004039594172275953 0.9999573622558511  738339.4219812556
0.2825259047450332 0.6510549034425145 0.8110938486126347 0.0023390706961818543 -0.014213722628160574 0.0031050475487878573 0.9998914228640267  738339.421982347
0.30091441772305966 0.6495546512425165 0.8094672381000279 0.0007131005653684919 -0.011815333621525974 0.0032592856333215755 0.9999246303777881  738339.4219835931
0.314721026958665 0.6487819182863575 0.8084965813326056 0.0007948776119912864 -0.004941562914008101 0.003528649198941666 0.9999812487043843  738339.4219846709
0.3319720721754608 0.6487117917932281 0.8078347112929158 0.0008483551903295414 0.009244131169054964 0.00325243702785284 0.9999516228227145  738339.4219859175
0.34821898535728757 0.6494129164120104 0.8072822199832195 -0.0023589961349516275 0.01499542372443037 0.002639025137554955 0.9998812969302324  738339.4219870057
0.37151898465318134 0.6518163913084987 0.8053993594755755 -0.00027462574640792496 0.00914565502157441 0.0007479930747982565 0.9999578601527596  738339.4219882392
0.3927693503801767 0.6549350293766687 0.8038196859516231 0.0002907854416637934 0.0017169872122783593 -0.000995577185521073 0.9999979881103799  738339.4219893246
0.41901710392891134 0.659296124746601 0.8029063082479415 0.005331181252399352 -0.010226187474147165 -0.004470195539157302 0.9999235075484721  738339.4219905857
0.43907945278830246 0.6627735046880533 0.8031551693203466 0.009150764516337048 -0.017447627415100316 -0.006876731835540472 0.9997822534760319  738339.4219916456
0.4586917291865375 0.6661857419898791 0.805146506206042 0.010382764348648857 -0.01718446142316018 -0.009325183654129291 0.9997549366919342  738339.4219927279
0.4776611931542526 0.6686196535719251 0.8080880533190982 0.010385811083578495 -0.005479445735581474 -0.011163150928704298 0.9998687387171928  738339.4219939661
0.494392596178572 0.6697418956303777 0.8106010204776387 0.011068223400205386 0.0029559997537576756 -0.012710290702737463 0.9998535917855528  738339.4219952134
0.5103364508310423 0.6699361174280004 0.8111037431043878 0.008482654796481567 0.004517587840967733 -0.013768612727233237 0.9998590206980534  738339.4219962786
0.528955911221311 0.6698897745163312 0.8088787552544373 0.0068290554740809755 0.0007731245561302379 -0.013972152995748381 0.9998787652612771  738339.4219973651
0.5495233589870961 0.6701804322362793 0.803725833425036 0.004689032697596637 -0.008086666389220057 -0.015142038302027577 0.9998416562011858  738339.421998607
0.5650737391342404 0.6707930657058355 0.7991078294667772 0.006246135523936015 -0.014584682669316618 -0.016903126194472828 0.9997312424583448  738339.4219997004
0.5818862134691274 0.6717259251490794 0.795145696427537 0.009109615319189503 -0.010646464140086586 -0.019953665429573005 0.9997027152838862  738339.4220009875
0.5944354315347349 0.6720790403606395 0.7943829679916221 0.010662547482244164 -0.0024293786658390656 -0.021120235999678955 0.9997171319087239  738339.4220020568
0.6099441213945318 0.671598580167693 0.7966859273074411 0.011117865362091342 0.007339574699495861 -0.022214907516975007 0.9996644545031264  738339.4220033095
0.625459477203739 0.6704866151116228 0.8008660347116855 0.011268991982533099 0.008220862413611132 -0.02420841474857108 0.9996096137474045  738339.4220043919
0.6404969726805283 0.6689379588872132 0.804757302877146 0.01172338488275347 0.0014166171423535706 -0.02613500011198302 0.9995886740114204  738339.4220054721
0.6587632880108988 0.6663677165450401 0.8089457699780814 0.010029117622755402 -0.00761473913416224 -0.028597888390262727 0.9995116774341587  738339.4220067412
0.6726877485365966 0.6637577826081392 0.8115566330062124 0.010621349873359665 -0.010815920634964872 -0.030020853998852844 0.9994343155569881  738339.4220078387
0.6879113738489538 0.6596273135888049 0.815174502212473 0.013495497004378158 -0.007135503369465441 -0.03354155872879323 0.9993207292908078  738339.4220090886
0.699389781381331 0.6551455085913919 0.8188440390922673 0.012947511550107321 -0.005919860113893011 -0.03411988990610173 0.9993163414623456  738339.4220101582
0.712298879631663 0.6484680317892902 0.8232469248787211 0.012070950446653005 -0.006841700650544998 -0.032648521644166636 0.9993705805765813  738339.4220114206
0.7229355093570483 0.6418386223666578 0.8261369944774085 0.0060837022164853 -0.009008978530017418 -0.029339679623497938 0.9995103851750503  738339.4220124892
0.731603968311091 0.6359882549588373 0.8270476271976678 0.006453584992640555 -0.005708036674587433 -0.025397810553849497 0.999640295694974  738339.4220135729
0.7417070009744692 0.6293287388552766 0.8259571687965651 0.008128521778864108 -0.000792799635634169 -0.019894123739732945 0.9997687344796579  738339.4220148574
0.7501166375850071 0.6241024917865752 0.8236409836157627 0.00895891893874657 0.0002448164266699246 -0.01567969068855589 0.9998368992672142  738339.4220159341
0.7610567993002209 0.6172433088147967 0.8193504253884082 0.009952054954560172 -0.0008634021376882482 -0.011664101567560124 0.9998820729833853  738339.422017209
0.7702713041592725 0.6111318564857853 0.8148899870526525 0.008797565787664094 -0.0028711012265155897 -0.008895845533761082 0.9999176083789095  738339.4220182686
0.7804471655326498 0.6038566054024294 0.8107109088920702 0.010217711984976043 -0.004936630072194184 -0.004520469625706881 0.9999253939168089  738339.4220193576
0.7916161813554974 0.5946495107022656 0.8077336580903424 0.013546723506533189 -0.0041574079362622415 -0.0012833176858369866 0.9998987725451044  738339.4220206197
0.8007354109895962 0.5862081047105333 0.8078095440534212 0.011379515334345652 -0.002357182555836272 -0.0012965252080754637 0.9999316323347005  738339.4220217016
0.811689510202215 0.5748661443716272 0.810325907200293 0.009225979945735336 -0.005937546064125413 -0.0020394097364779306 0.999937731885693  738339.4220229669
0.8204393210132335 0.5652781260813271 0.8132241696230974 0.0037767139159071124 -0.007136517224918662 -0.004125178241377006 0.99995889388433  738339.4220240398
0.8289722171281477 0.554545047993433 0.8163219018485893 0.0055818809999721416 -0.010495592428921296 -0.007035705625141086 0.9999045874434344  738339.4220251329
0.8371599236192023 0.5428248638843862 0.8206284019885024 0.004137277392113498 -0.007167380165131928 -0.013196573356316455 0.9998786736644605  738339.4220263839
0.8428955255544835 0.5335816512145358 0.8259554897565571 0.0028148288280750522 -0.006926838579717699 -0.020022711499584768 0.9997715672443199  738339.4220274733
0.84974613408751 0.5238617581771315 0.8343687464947984 -0.003687733885842539 -0.0018744109300362784 -0.03223498017882173 0.999471757107385  738339.4220287317
0.8553203112561831 0.5177433953888871 0.8406227091474497 -0.0010739285430405342 -0.008496410191819482 -0.03918754941558735 0.9991951729577849  738339.4220298284
0.8615458190174782 0.5128017313200003 0.845818974565645 0.0014355530060697302 -0.005341743058959756 -0.041122183926609164 0.9991388146587865  738339.42203092
0.8676458787958657 0.5085403095361563 0.8493404549535262 0.01263345244084391 -0.008121679229566152 -0.038384393166630414 0.9991501751824631  738339.4220321805
0.8720157952226936 0.5046226586355314 0.8518947190387167 0.02182149563414518 -0.006705625366652481 -0.038118823519807825 0.999012418446436  738339.4220332594
0.8766512561461304 0.49744222570784224 0.8573096873347131 0.02689261592668333 -0.005506996584700085 -0.039650070538776595 0.9988364891730308  738339.4220345224
0.8804516763502713 0.48906460587873823 0.863562705807405 0.02563841174660107 -0.002845189288644536 -0.039226528009464336 0.9988973201692686  738339.422035593
0.8851116380298654 0.47668977441861193 0.8713998153971751 0.016165358554155157 -0.008830474756545824 -0.03454661403263001 0.9992333237824238  738339.4220368556
0.8885050465549179 0.4660436868652874 0.8774280268615476 0.01039437423437897 -0.008251686485084278 -0.029394061978714 0.9994797925795293  738339.4220379435
0.8911766635565567 0.4544923360835044 0.8834303379978738 0.011657668513213506 -0.012358056864791026 -0.021979482560755107 0.999614065298065  738339.4220390253
0.8926925214298376 0.4422316573324017 0.8890487296507664 0.013330503077676843 -0.009340249625024758 -0.015346427449370089 0.9997497409798012  738339.4220402897
0.8931313936193779 0.432165035516731 0.8937569584573748 0.01579544791700891 -0.007878687790743324 -0.00887801770268955 0.9998047863985589  738339.4220413782
0.8939397113677505 0.4193025700517313 0.8995666583631072 0.016238345439203095 -0.0020484633232579113 -0.004525355736761972 0.9998558101500767  738339.422042634
0.895170150509221 0.40810992566741094 0.9041480220235029 0.01804913011938066 0.00213092304925259 -0.002436587113505744 0.9998318614207742  738339.422043716
0.8981601784723787 0.39361017615720867 0.908894530984689 0.010753225260084895 -0.0008663946698321554 -0.0034642906499630943 0.999935806038105  738339.4220449729
0.9012028532749664 0.38170124081267015 0.9124180162895645 0.008066692928181907 -0.0030580808378571243 -0.006057269089292548 0.9999444415056126  738339.4220460465
0.9045825679280518 0.3690491775447117 0.9158134573498837 0.006088889778936863 -0.00708813229014064 -0.008967006022938555 0.999916134785754  738339.4220471258
0.9078766888860762 0.35596625197835463 0.9180916046670615 0.007569880780956315 -0.009744906749161685 -0.008109714705617705 0.9998909771694141  738339.4220483864
0.9097321956667829 0.3455752757877002 0.9192128198526914 0.011702266938620741 -0.009988044098810345 -0.008002678609081344 0.9998496152215378  738339.4220494867
0.911312739452717 0.3322056745605085 0.9208560063453447 0.018586630635302557 -0.007086017428978907 -0.006425307580761958 0.9997814965986896  738339.4220507466
0.912383397848605 0.3194951123643483 0.9224610795522709 0.023117448102951785 -0.0036896363338072315 -0.005776076182032992 0.9997092612959385  738339.4220518209
0.9138200844284216 0.3005569955205243 0.9238063903933129 0.029758663779643552 -0.006277346512021309 -0.007960147613826121 0.9995057042862658  738339.42205307
0.9151871589134384 0.2799403675252613 0.9239780394439027 0.019529290567311813 -0.0029463575815816745 -0.013670807991345393 0.9997114757747871  738339.4220541592
0.9165344559509094 0.2600311846180935 0.923253398665754 0.011998482329652003 -0.00705600002996729 -0.02082703879236789 0.9996861926327198  738339.4220552318
0.9180022131157762 0.23784717027737795 0.9219361400215695 0.0008004420106971763 -0.006316075076616017 -0.02783455949490567 0.9995922687705916  738339.4220564507
0.9192013240447037 0.21517919701751112 0.9202307208299648 -0.005588154518377359 -0.008451180460748433 -0.031960716083264215 0.9994377733032426  738339.422057701
0.919361663749983 0.19858320445063046 0.9192379418260501 -0.004821515563989051 -0.01208366444637623 -0.03204065362141816 0.9994018884096257  738339.4220587669
0.9187315799849255 0.18034253399959027 0.9198073256884095 -0.0009478747760344762 -0.007457153233072638 -0.030578671597985625 0.9995040956606281  738339.4220600367
0.9180037645552749 0.1665600241227792 0.9216827330605135 0.0038411646975079275 -0.00471913090960642 -0.026614813282969305 0.9996272440120554  738339.4220610939
0.9175634634624779 0.1497473682227587 0.9248393529281386 0.010110435158174362 -0.001982026693982768 -0.020176304199582735 0.9997433507755591  738339.4220623521
0.9181273308210073 0.1338170955556338 0.9282441124859261 0.007290840935571437 0.000556316991355393 -0.012197822764894182 0.9998988685210388  738339.4220634336
0.9194737538344373 0.11935489628067618 0.9320710740447667 0.002731690452499097 -0.002610591186725323 -0.003076630125520288 0.9999881284435322  738339.4220644946
0.9215715480761757 0.10232511186751773 0.9361325049759049 -0.0017172419950636194 -0.008873977387412958 0.007855542522897817 0.9999282944576221  738339.4220657693
0.9229090936036362 0.08893382686614103 0.9381294805140585 -0.0007954632174135385 -0.006713540060346143 0.017225481484720286 0.9998287745437953  738339.4220668386
0.9237549724875909 0.07222220222803855 0.9381498381735311 0.0067445843344125815 -0.011582869206846017 0.02819418586848557 0.9995125990232971  738339.4220681214
0.9238861447167804 0.0578158782054617 0.9365269281357078 0.014208415332997566 -0.0104324381169156 0.037435509753622746 0.9991435671504613  738339.4220691924
0.9236207961433853 0.04000715902975088 0.9337133398770154 0.017595801375148754 -0.008993514038010771 0.04526090980225411 0.9987797327354448  738339.4220702787
0.9233984368814431 0.018405896719807642 0.9300756272700713 0.010577976592820566 -0.006496318399590673 0.05032222145122028 0.9986558858218717  738339.4220715598
0.9237052706281299 0.00033610343684811116 0.9272401745874062 0.0027267533650727573 -0.0036415813608936336 0.050018801673603126 0.9987379151611372  738339.4220726208
0.9241138501655312 -0.020333121491225445 0.9248733562660324 -0.009957171888519132 -0.006081438887407177 0.05177850792373361 0.9985904350364233  738339.4220738894
0.9249514457658221 -0.03467291522386988 0.9233686671622328 -0.015496545917924803 -0.006987863892674883 0.04978294234093709 0.9986153841568385  738339.4220749722
0.9253855214748877 -0.04756217861841488 0.9224098071550018 -0.012207995485316144 -0.0075904759809508745 0.04815159266306021 0.9987365887182785  738339.4220760781
0.9254421019325794 -0.05953119265548864 0.920955853120483 0.0005081324865114801 -0.0031908882402616754 0.047212228813969075 0.9988796551557309  738339.4220773337
0.9256303069580247 -0.06881159273047861 0.9190416893644759 0.0070697009156664775 -0.003257084497101811 0.046186121542648055 0.9989025242266583  738339.4220784211
0.9265537026157004 -0.08176629739124161 0.9164507524182952 0.015891857664978724 -0.005549242068110911 0.044968302888845145 0.9988465880743262  738339.4220796678
0.9275756057899972 -0.09426155411593572 0.9144903145289706 0.0159948925367635 -0.009171658102302749 0.04308339700291553 0.9989013289625163  738339.4220807218
0.928980497283327 -0.11131200715873163 0.9128473396423997 0.010896023914300007 -0.011890936015538247 0.042575509641095965 0.998963066525652  738339.4220820057
0.9297624561212618 -0.12618751829239963 0.9124437422300878 0.004547165110163295 -0.010111205533206585 0.04139705222699752 0.9990812634010516  738339.4220830842
0.9306076495066834 -0.14244924954263097 0.9121438009963249 0.003386627934360883 -0.005635909132863318 0.037349337098055865 0.9992806384083583  738339.422084168
0.9320181224015209 -0.15964538922428664 0.910436419768358 0.004485020539720531 -0.004628755256127408 0.02948874738163902 0.9995443326803465  738339.422085418
0.9333189607383391 -0.17357295784408375 0.9078992903562418 0.003077161452187803 -0.00558882683353868 0.021087951883345054 0.9997572677292162  738339.4220865079
0.9352945736414542 -0.1900734042925044 0.9036670063460083 -0.0026669257096491672 -0.004940967592622431 0.012050352192822668 0.9999116277744433  738339.4220877468
0.9374736527378207 -0.2023738511092665 0.900076501490411 -0.007901053396700702 -0.00623113212948962 0.007575423230865645 0.9999206765091322  738339.422088816
0.9402984806883511 -0.21530332555758303 0.896954567115011 -0.008603190404209734 -0.008493168151955466 0.005573522177890298 0.9999113896041709  738339.4220900779
0.9425647569789846 -0.2238571317767796 0.8948300601619076 -0.000505584558638943 -0.009609100875723135 0.006757408645278024 0.9999308711071057  738339.4220911347
0.9447466424069626 -0.2339553742962046 0.8923322656554197 0.006674959750223242 -0.011247826639942077 0.0053222796139394575 0.999900297353652  738339.4220923733
0.9458947263025822 -0.24274814835763686 0.8891624029880112 0.012333824213664461 -0.00831938008410021 0.004435828296384069 0.9998794867995882  738339.4220934405
0.9472132571228171 -0.25476463272319133 0.8832917532534473 0.012472148449588097 -0.008219741374497847 0.0036615687030800734 0.999881730145831  738339.4220947024
0.9482042890625063 -0.2659956208105624 0.8785580923171079 0.009503879260116841 -0.007654635499273135 0.002253690628726994 0.999922998891881  738339.4220958039
0.949691884252744 -0.28055807047888437 0.8737577125642646 0.0028184324522113904 -0.005524736808665761 0.0012107847363475668 0.9999800336616874  738339.422097069
0.9520102865914908 -0.2935365211186324 0.8693425980961642 0.005820349368410737 -0.004054225929943573 0.003159975875677297 0.9999698502143971  738339.422098163
0.9544460635363777 -0.30546418547280524 0.8655116768588643 0.004771439625785394 -0.0032998705960207 0.004525114782774585 0.9999729334107748  738339.4220992401
0.957885729928703 -0.3197449388046433 0.8596316773616123 0.004584181126873594 -0.009889473465616486 0.007163587338418815 0.999914929688728  738339.4221004994
0.960339236946857 -0.33143593675557936 0.8546068499908241 0.0016532611994628762 -0.010903181639449644 0.008073212673880762 0.9999066009356403  738339.4221015762
0.9626167251286887 -0.3445198933575942 0.8484169779496903 -0.0017706575826412303 -0.013417009909174377 0.009759090007760774 0.9998607947004636  738339.4221028322
0.9637338586572828 -0.35396845513502034 0.8440584377445539 -0.0025607949973709327 -0.012231277410730391 0.011959656231978888 0.9998503912109532  738339.4221038949
0.9640680906083902 -0.36357086599078764 0.8393844292864735 0.001140337349838409 -0.012318465767844736 0.015218615065775532 0.9998076558955401  738339.422105157
0.9636753168586863 -0.37117116788522536 0.8355273220261318 0.0025758832343043257 -0.012687964394171575 0.015754777019119485 0.9997920620739962  738339.4221062415
0.962324869804929 -0.37741604540812024 0.8331394954416009 0.004144261750336243 -0.012618616699349513 0.018124678343770573 0.9997475139464337  738339.4221073104
0.9602470457183453 -0.3840604701630156 0.831436916328872 0.004066257725399075 -0.012634923531747522 0.019208874503538483 0.9997273845382875  738339.422108579
0.9581191659754856 -0.38878272443514394 0.8311389544294963 0.005271649340359075 -0.011153883376962968 0.018616162528918696 0.9997505884427087  738339.4221096591
0.9554475170459199 -0.3942858934525121 0.8313071065252716 0.01108402494341673 -0.009975745845565836 0.017329404650603814 0.9997386261520228  738339.4221109158
0.9535344093938881 -0.3991168817588484 0.8310575878507034 0.01206658517356219 -0.008441596032471832 0.014651823333142038 0.999784207242587  738339.4221120031
0.9518526683779233 -0.4054417936054681 0.8301962777202297 0.008288088418690658 -0.009497998878686726 0.00806644187845918 0.9998880077904154  738339.4221132492
0.9511558374034556 -0.4114848878481911 0.8291337453282873 0.007390656716173854 -0.0044677825817723855 0.0024909900166824395 0.9999596052245523  738339.4221143392
0.9510126550348262 -0.4172683137202937 0.8277448639662025 0.008872013580181885 -0.006553554818361777 -0.0043860048031356185 0.9999295481463395  738339.422115418
0.9512769568231877 -0.4249582321089487 0.8249547020162102 0.009929914437795928 -0.009922249395365226 -0.010109311786878808 0.9998503625950185  738339.4221166777
0.9516238636373687 -0.431601463740985 0.8215342084558191 0.009126228476448393 -0.014610709432367815 -0.01076161341338628 0.9997936921187388  738339.4221177427
0.9509299428457392 -0.4406565032555798 0.8169160808572119 0.012362879533815171 -0.0156308467243537 -0.010969521284196862 0.9997412192378125  738339.4221190171
0.9489578785643585 -0.44915503289240505 0.8137941730388564 0.007789691741743199 -0.017654427490954555 -0.01221921807315159 0.9997391322751231  738339.4221201104
0.9450150461256336 -0.4600348876977861 0.8101953050534835 0.008823300545869923 -0.017900679402659877 -0.015138404211397215 0.9996862226530547  738339.4221213611
0.9392870461937461 -0.470799628840669 0.8071540757866716 0.005333827305167683 -0.01588009838326252 -0.019938566964125132 0.9996608556450701  738339.4221224677
0.9334614061131996 -0.48025380062759493 0.8036418853826115 0.0047365527319585075 -0.013758473730693114 -0.02181614282506165 0.9996561035581465  738339.42212353
0.9255790124370069 -0.4916949566818965 0.7995357982025033 0.0009199510559493957 -0.008136919092172696 -0.025193581010637518 0.9996490522746483  738339.4221247955
0.9190338213617569 -0.5008308288018304 0.7972190548862786 -0.0011829236378935312 -0.003543213610779451 -0.024826232680709947 0.999684802575221  738339.4221258606
0.9115754015717082 -0.5111249345559249 0.7948066609232245 -0.0023882299768011937 -0.004968399743254336 -0.02238825756805834 0.9997341533050852  738339.4221271254
0.9051323051423456 -0.5195478854378418 0.792106257647665 -0.004523622359736682 -0.001646883516891775 -0.019839299237859646 0.9997915916935785  738339.4221282258
0.9003356744122971 -0.5258175947351226 0.7887062160363738 -0.006547203149380736 -0.0006269463538489731 -0.018443886541839104 0.9998082636778024  738339.4221293171
0.8952114779961527 -0.5314853990290268 0.7849793476750354 -0.01439027001795723 -0.004943953166609416 -0.01507284732140654 0.9997706170564937  738339.4221305691
0.8914042385910744 -0.5339891897608616 0.7833361291351334 -0.011776292531991323 -0.005023761626411727 -0.013246304509135099 0.99983029368497  738339.4221316219
0.886771280968754 -0.53448531316835 0.7844583957634133 -0.016089037296646295 -5.356091259813279e-07 -0.008759608022473157 0.9998321919931729  738339.4221328939
0.8836100675882594 -0.5328864906166957 0.7863296908143619 -0.014198235066223395 -0.0026343990161017666 -0.010394728522236617 0.9998416973110179  738339.4221339534
0.8805370149090795 -0.5281491805363917 0.7885547195028012 -0.009457782256655828 -0.004959901682398993 -0.008999029297944274 0.9999024788457029  738339.422135223
0.877449893950736 -0.5234102032561082 0.7907319387087791 -0.012791762704729573 -0.006151298931321163 -0.01121672607395455 0.9998363453008424  738339.422136294
0.8738043598399604 -0.5154038722064389 0.7915574928884674 -0.014522976220827459 -0.00684790088227709 -0.012764778309425734 0.9997896027914608  738339.4221375555
0.87106107299581 -0.5074468984782565 0.7910128004558834 -0.010643200369931438 -0.0021626593210596684 -0.013487287931945207 0.999850057886075  738339.4221386361
0.8682441188691239 -0.4967733704001695 0.789712156907616 -0.006276310837329862 -0.0004985342417575254 -0.012723412861817324 0.9998992319984203  738339.4221398783
0.8665415884442158 -0.4866031857487013 0.7880021149162212 -0.0028430418632939044 -0.00039664438673101085 -0.011558416586220276 0.9999290788812042  738339.4221409725
0.865277630856491 -0.4775432707180618 0.7869729279665888 -0.006813698440961682 -0.0015383752949219716 -0.014359923126816372 0.9998724916322079  738339.4221420401
0.8647408672398934 -0.4650416677741783 0.7862705848644312 -0.013812459623752346 -0.004538154709569526 -0.016196001344624934 0.9997631272713648  738339.4221433256
0.8650100865797176 -0.45333579057869455 0.7857298329003701 -0.0148629533644487 -0.0036705709377985885 -0.01801420810788311 0.9997205148602897  738339.422144392
0.8654162029463834 -0.4369629343464946 0.7850089475721362 -0.009253104043485916 -0.005918853747191016 -0.020153264749602728 0.9997365618780841  738339.4221456473
0.8663119350064675 -0.42247652925050205 0.7841596208322112 -0.0012840543469120672 -0.005086596225963451 -0.018306644281609115 0.999818655816351  738339.4221467193
0.8674393786600435 -0.4054186814883725 0.7845813641780486 0.003208451111331202 -0.0017669533237592576 -0.014622764306239823 0.999886372785159  738339.4221479935
0.8688251754573459 -0.39069441563951784 0.785233944518197 -0.00033120969364357076 -0.003602247318305458 -0.011538323050256647 0.9999268879351053  738339.4221490743
0.870148057489986 -0.3772498487892224 0.7851329196163825 -0.004264151293363473 -0.0047204280863480125 -0.00813366281901301 0.9999466876296834  738339.4221501421
0.8713851026663394 -0.36053881329305265 0.7842991130218941 -0.007857787714447981 -0.007409442674850639 -0.006636776718513326 0.9999196510351577  738339.4221514026
0.8726802137356756 -0.3453077680416302 0.7827955916828749 -0.005131108791183473 -0.007165275324310847 -0.005543696515411358 0.9999457975215681  738339.4221524788
0.8738035718160451 -0.3263557445629559 0.7816180529502362 0.00039815569430333864 -0.005739542849851974 -0.005668799942738542 0.9999673813815764  738339.4221537211
0.8746762076575595 -0.311126349748435 0.7815599859377654 0.0037214834779549927 -0.0030832967677582976 -0.006515418264324317 0.9999670960419679  738339.422154788
0.8760410325589912 -0.2932246680451959 0.7826234973631188 0.002952388048253098 -0.0023128526575445815 -0.007207857258996176 0.9999669899107325  738339.4221560262
0.8778674228789524 -0.2790462795617616 0.7837994487607338 0.0011486081959436508 -0.0021848468926760445 -0.006677019043423902 0.9999746619589727  738339.4221570982
0.8799681385519033 -0.26192654665043485 0.785805380246862 -0.009336456590045243 -0.004426878482862074 -0.007414025576702319 0.9999191295049756  738339.4221583478
0.881999141378199 -0.24647182222373643 0.7864202642151334 -0.011266868112535482 -0.006694793860024592 -0.0067533656866271595 0.9998913088281192  738339.4221594303
0.8838778313303391 -0.22615582318867186 0.7860483383763155 -0.00769927316606694 -0.008420932070681234 -0.0070912465982416965 0.9999097575868825  738339.4221606903
0.8849030888848055 -0.20882867347610573 0.785413863229534 -0.0009594177379578942 -0.008666433321512335 -0.006909861850622531 0.9999381112150357  738339.4221617646
0.8854392891944497 -0.18856280380634277 0.7854006587858071 0.01026569316908841 -0.007637249881201653 -0.004762905969465283 0.9999067969989685  738339.4221630313
0.8849800868679284 -0.1726089410462625 0.7868128263945243 0.009603359774626934 -0.0073842437246821515 -0.003785797528686092 0.9999194548376011  738339.4221641233
0.8843058152273487 -0.16001433555885275 0.7886965781482314 0.005326753862182617 -0.0056634391304016644 -0.0012018101796748139 0.9999690529225392  738339.422165208
0.8829549700126051 -0.1461603399063331 0.7921050636468263 -0.0007410858719067112 -0.0043391960508433434 0.0017372173577351437 0.9999888020599105  738339.4221664706
0.8818895097755192 -0.13517055253642668 0.7952013978166967 -0.004837337472923598 -0.0028947996904683535 0.004373826841276377 0.9999745446458563  738339.4221675518
0.8806106268458409 -0.121318538985506 0.7991403071847599 -0.002479390231188705 -0.002843642751603163 0.006529646540145492 0.9999715646137362  738339.4221688169
0.8799490496927568 -0.10978359664295011 0.8021101121888057 0.0016677203281493976 -0.0035895024537125715 0.009654331974385907 0.999945562545867  738339.4221698802
0.8789589064102911 -0.09601409865667952 0.8054333367290003 -0.002076700199857563 -0.0033928679387338393 0.011662467835865033 0.9999240784216608  738339.4221711347
0.8782921871897492 -0.08309128076502331 0.8085290505310041 -0.008677894865010269 -0.0013614632670374725 0.012838831019941493 0.9998789951671782  738339.4221722148
0.8777095065834224 -0.07016688498473092 0.8118428820360488 -0.011507021421668966 -0.0036728713977937496 0.012736076359995551 0.9998459335480887  738339.4221732914
0.877377602745075 -0.05261925671833704 0.8164051359273916 -0.006763046816686956 -0.004091676468660961 0.013888768644177426 0.9998723025901756  738339.422174537
0.8773142629629614 -0.037121762328847556 0.8198130862937523 -0.001817653675178364 -0.0033678221202352774 0.014349856743121142 0.9998897116786108  738339.4221756276
0.8776162724821455 -0.01861922032773572 0.8234026084820566 0.004943132648760425 -0.002355359013251794 0.0125404596058713 0.999906372915189  738339.4221769004
0.8782323986695802 -0.004330158531464282 0.8252969625399399 0.006121871161449432 -0.0023225762295852716 0.008907532803858137 0.9999388902290423  738339.4221779756
0.8793941857174302 0.011985324600554993 0.8271787583041835 -0.0024898116488481898 -0.0004096123017920579 0.006791205462311992 0.9999737559476669  738339.4221792296
0.8806301236018202 0.025232973066853924 0.8279688114387528 -0.0038867870157662564 -0.0010538451042071118 0.007020639781632462 0.9999672459207086  738339.4221802875
0.8825826718138057 0.04149735462256268 0.8281619637773243 -0.0023948168982631554 -0.004051767289431715 0.009949456635688412 0.9999394263386712  738339.4221815475
0.8838588911494744 0.05460498009742355 0.8283347329365837 0.0020146112208004733 -0.003148852305617015 0.011696195329958395 0.9999246097009464  738339.4221826082
0.885180228473744 0.06961868502805602 0.8284278056573474 0.006490951398311361 -0.005441418683288178 0.013379754921124894 0.9998746124744385  738339.4221838787
0.8855366079142277 0.08163402506482698 0.828477270649724 0.003519286789751426 -0.006534424877649584 0.012845180069109325 0.9998899525752832  738339.4221849567
0.8853771191491352 0.09218203982149009 0.8280410013617139 -0.0018766489927959428 -0.005841972148606975 0.011669902232719805 0.9999130776881816  738339.4221860362
0.8842502848591497 0.10532383805948778 0.8264436930663349 -0.007507052589249193 -0.004899335379680352 0.01151589258401865 0.9998935067757231  738339.4221873145
0.8829981641334894 0.11731008974595956 0.8242076453991019 -0.006577258130168886 -0.005036593739866595 0.00935440725343597 0.9999219306845538  738339.422188387
0.8813878104111783 0.13271494342297177 0.8212984192522867 -0.002569306126923481 -0.00023413918395091571 0.007425196982235347 0.9999691046700612  738339.422189653
0.8806360598630025 0.14747107970960055 0.8182786560889452 -0.001702039345609562 0.001714299831405624 0.007422943597262704 0.9999695316090915  738339.4221907358
0.8807250097850505 0.1609161133872791 0.8163114624551286 -0.004319788445430357 0.0017604708051591937 0.008750358114268133 0.999950834492978  738339.4221918182
0.8815393576021192 0.17802556393693286 0.8157130499368768 -0.0046433253974048055 -0.0020747408315688826 0.01291924861103335 0.9999036093519524  738339.4221930581
0.8824889808575349 0.19281466280365459 0.8168107570666016 -0.00301925410294404 -0.0029128248359043775 0.014839693143166882 0.9998810844613243  738339.4221941424
0.8834598111638001 0.21105731052529272 0.8192159256871993 0.004103595662268473 -0.0037637145046923717 0.014403765654849522 0.9998807561358144  738339.4221954285
0.8836916998921831 0.22573442700375645 0.8211821542671877 0.006229669774569116 -0.0019709661929905808 0.009606299639682462 0.9999325104795816  738339.4221964952
0.8836345601934119 0.24317561731776283 0.8230537301665438 0.003983322975333326 -0.003509601213297905 0.003229859121164029 0.9999806917373232  738339.4221977576
0.8829843775693856 0.2584355621030749 0.8248055549156789 0.001916230039742037 -0.001546741319249947 0.0014256752873889307 0.9999959515436556  738339.4221988257
0.8823170430984935 0.27227026308617125 0.8259903148646254 0.004084315369173277 -8.656103989288065e-05 0.002090574509153092 0.9999894701312476  738339.4221999138
0.8812880974757593 0.2885180660465808 0.8269374595529353 0.008795520684598506 0.0012487088312716054 0.0032835887581079267 0.9999551477876442  738339.422201158
0.8809835759244031 0.3008580693216103 0.8267908648404491 0.004878714727614224 -0.0020462252861258947 0.0041534193511759115 0.9999773798503536  738339.4222022512
0.880508760283624 0.3157323381385755 0.8258151846104749 -0.0010270218519711286 0.0006618856792145473 0.004459273768475729 0.9999893109483327  738339.42220349
0.8807710097952005 0.328384523649713 0.8236666651386533 -0.004409735729556518 0.0017923252092272714 0.003053163297484134 0.9999840098696673  738339.4222045648
0.8820787744348222 0.34512349862077685 0.8207001377745686 -0.005716393480367371 0.0014756358033690788 0.00170351856585576 0.9999811215063259  738339.4222058455
0.8838030954909508 0.3598274414312519 0.8195964642251263 -0.004620652954603298 0.0012224619413746538 0.000581855907568984 0.9999884082312044  738339.4222069154
0.8866567722685395 0.37899699934403364 0.8201240162258202 -0.002807722344849768 1.8771859889682947e-05 -0.003627570052597884 0.9999894784838314  738339.4222081653
0.8897012037464304 0.3970746630119735 0.821623721982113 0.002338670074523704 -0.0010341444784755344 -0.009832079325649385 0.9999483943602362  738339.4222092517
0.8926086978441587 0.41303578335985475 0.8226623475491165 0.01029209478724247 -0.0014921969457304418 -0.01505076402639567 0.9998326463140657  738339.4222103519
0.8961669321451179 0.430478587991573 0.8225403674180654 0.015970719524301753 -0.003643545490957684 -0.019168790441626938 0.9996820585401823  738339.4222116271
0.8988515890206515 0.4424421685972508 0.8211440844170002 0.014472397879337219 -0.003559758068977935 -0.02157360211939889 0.9996561696471974  738339.422212701
0.9018303280550256 0.45442029004190243 0.817186641165132 0.011730558660161275 -0.006656045131571688 -0.023220957708849885 0.9996393740643726  738339.422213967
0.9038680973586727 0.46253082459697203 0.8135335370606431 0.008482729917220502 -0.0036427601910315774 -0.02352941296504383 0.9996805191244164  738339.4222150322
0.9061666556205005 0.4706708043141879 0.8096106722188127 -0.00037501176523579516 -0.003807239586323197 -0.02378053046961013 0.9997098832478812  738339.4222161274
0.9083970473913969 0.48050999008833245 0.807383480894199 -0.008173989389955668 -0.00885941483844499 -0.02523937310602643 0.9996087588208639  738339.4222173685
0.9097713691397046 0.490383149515641 0.8075849848322021 -0.009740533373505384 -0.0076585716807601205 -0.028426418972110953 0.9995190878586724  738339.4222184417
0.9102825223495083 0.5049148502159111 0.8099799579294198 -0.00830772619461899 -0.0076103708346148425 -0.031547015437786236 0.9994387673880791  738339.4222197172
0.9095095651308577 0.51921721182454 0.812349973229948 -0.01211929410399929 -0.00785788780234314 -0.03477153839048935 0.9992909068072546  738339.4222208047
0.9068684045375003 0.5394427609407952 0.8137025666589199 -0.005423300272041551 -0.013024315407513646 -0.037048119755940793 0.9992138869355621  738339.4222220686
0.9024914869719219 0.5594221702234273 0.8128112374797156 0.003515147943515611 -0.011206488755280717 -0.03552719425621003 0.9992996931916843  738339.4222231568
0.8968926745451101 0.5771037304287967 0.8100515056527388 0.013835597724336679 -0.009461097005177641 -0.03200844859304545 0.999347048375956  738339.4222242394
0.888747105067104 0.5970851140844136 0.8043773724774591 0.01566973073707602 -0.006143346424169846 -0.02758268455865118 0.9994778208374002  738339.4222254904
0.8817833834879252 0.6116173675292484 0.797922667287958 0.016421074735766077 -0.0026615448709739462 -0.02163228555229008 0.9996275850061394  738339.4222265683
0.8734202318870048 0.6271542421453691 0.7878817299471939 0.01726697824246629 0.0014043553442947406 -0.015154826867231729 0.9997350701416178  738339.4222278431
0.8678440022615226 0.6379025808421762 0.778304358867434 0.01808899218099138 0.003104242124799696 -0.009613367052259321 0.9997853445698358  738339.4222289106
0.8627131851743761 0.6478741768002584 0.7669870250071124 0.013401397105036631 0.000797139343976227 -0.007008370548732687 0.999885318357436  738339.4222300003
0.857901314885484 0.6571737135947683 0.7541654239515752 0.0058615204402198565 -0.003602108047346959 -0.006530489719895308 0.9999550090377879  738339.4222312544
0.8538423575276859 0.664696953912274 0.7440105772429539 0.001570651104102557 -0.00542043334621452 -0.00808715507032641 0.9999513737579028  738339.422232332
0.8489268740399066 0.6744522315004859 0.7328372858837716 1.6473726631246353e-05 -0.004680671064698441 -0.011223797386125703 0.9999260559757585  738339.4222336055
0.844010376898844 0.6840390847001213 0.7248693482871176 0.002913033779918843 -0.006017742676681979 -0.014810936630087604 0.9998679598644082  738339.4222347068
0.8392942665542007 0.6927921000150138 0.7194640173689616 0.0029607473089845507 -0.009382448350114347 -0.016168274112747134 0.9998208792331479  738339.4222357867
0.832442496867115 0.7032484361786107 0.7145534227027092 0.003059927772519882 -0.015524389542030023 -0.015379581087401464 0.9997565196871437  738339.4222370373
0.825740693977423 0.7116266210929024 0.7107754018427971 0.0032039116083745134 -0.012939145896341988 -0.01404464902917329 0.9998125130680884  738339.4222381061
0.8168310571638997 0.7214648307749244 0.7060593361705748 0.005891958583373482 -0.007477144151238235 -0.012384776929600915 0.9998779897766514  738339.4222393477
0.8099285215141542 0.7288502551231311 0.7019522213006746 0.007398634614043943 -0.004028120074390885 -0.008391685873258083 0.9999293045324348  738339.4222404215
0.8026812144884284 0.7366513676657882 0.696298441425472 0.007579908984343319 -0.007335457007607242 -0.0013628157642736624 0.9999434377920939  738339.4222416723
0.7973194284083202 0.7419438865942674 0.6903791585705139 0.008587953091708397 -0.00967647165283929 0.002059344198439631 0.9999141823474247  738339.4222427508
0.7908208135550077 0.7473624846409483 0.6806633413072022 0.00784657987969267 -0.011039519675915295 0.007105100775493236 0.9998830320254899  738339.4222439885
0.785478094939057 0.7509142200805423 0.6708302338718142 0.005285234115987133 -0.00957790889052338 0.009591678598597508 0.9998941592305084  738339.4222450604
0.7788120045295677 0.754695618475068 0.6581762333070604 0.004177626681997526 -0.009097625753994998 0.012584495846808054 0.999870697193006  738339.422246342
0.7735854386845827 0.7576030763824554 0.6490048917973035 0.0015235581895532975 -0.008540310166953745 0.014760818183687779 0.9998534193166734  738339.4222474304
0.7672754767913537 0.7608687109763894 0.6409373858321914 4.7997522277585534e-05 -0.015035706264847128 0.0171136471346268 0.999740490484959  738339.4222485224
0.7586278050734223 0.7646698128828607 0.6359444035712369 -0.00019444902428947714 -0.022119815026588868 0.019572879280158634 0.9995636940032641  738339.4222497694
0.7495361653848124 0.7679035883615418 0.6351456124718166 0.0009571780475552872 -0.021395926988470277 0.023350776653445798 0.9994978936186761  738339.4222508463
0.736047033181389 0.7720396671234812 0.6377373071514068 0.0016297860951001262 -0.017858276477796496 0.026274752340860387 0.9994939035071466  738339.4222521057
0.7240512734731164 0.7753370996746517 0.6421061756144756 0.0031868250954655295 -0.009188407318989728 0.025363103686756268 0.9996309970624792  738339.4222531741
0.7101086103687041 0.7790725467436841 0.6488825850665323 0.005282910345587851 -0.005923470659164589 0.0214368001461864 0.9997386993375434  738339.4222544063
0.69946792547035 0.7815382181323535 0.6541049236896757 0.006406453833089467 -0.006760823425909612 0.016284749499944268 0.9998240122889689  738339.4222554698
0.6871101519771827 0.7837866018828372 0.6597144146781141 0.006589571128909063 -0.010118906507061222 0.010379337943395874 0.9998732192769717  738339.4222567187
0.6772899876669576 0.7851105653853476 0.6634873562423397 0.005032010009345114 -0.006408176930271525 0.0058790104241787065 0.999949524416172  738339.4222577976
0.6659544455614083 0.7860988916671581 0.6669704421642599 0.002583923587574545 -0.003745568876418262 0.0017096704695506847 0.999988185469994  738339.4222590642
0.6574296611288348 0.7865883394386337 0.669341670385585 0.003494912981955766 0.0003876376645921276 -0.00027677578121693304 0.99999377933838  738339.4222601675
0.6481936353922353 0.7867391730533771 0.6705689633308037 0.0025999633836127907 -0.008456230103508156 -0.0014749234085732112 0.9999597776729718  738339.4222613929
0.640644120819871 0.7865288453324863 0.6700059163444653 0.004383695524419292 -0.012628820087447696 -0.0009137205246716662 0.9999102265861426  738339.4222624727
0.630656004930593 0.7857193129139377 0.6674120477623526 0.005107381237905868 -0.014384333510162836 0.002059204929128668 0.9998813756048359  738339.4222637417
0.6206095607810226 0.7844379701241927 0.6647997603594176 0.0030029839776029217 -0.01187476328393695 0.00717889890049068 0.9998992126683355  738339.4222648254
0.6111398992025145 0.7830068783875431 0.6632665058012231 0.0025012017378668702 -0.009775972339344725 0.011635143816918962 0.9998813918575775  738339.4222659034
0.599458269519767 0.7809862786348845 0.6627102826994786 0.0021539456631189135 -0.010777485159456295 0.01754060263829693 0.9997857438425513  738339.4222671652
0.5901357734847094 0.7790835691883276 0.6625623209320057 0.0029344787300109713 -0.01211975820976966 0.02126858551096545 0.9996960275833263  738339.4222682446
0.5786176764955591 0.7763373193257094 0.661824842388123 0.0020331926393190787 -0.011026073491280533 0.023078734744152243 0.9996707777231789  738339.422269502
0.5693683722045695 0.7738941733464844 0.6601572423365105 0.0028169809000316705 -0.009192915014199696 0.02397791339110076 0.9996662516067848  738339.4222705775
0.559103006512768 0.7703970990447162 0.6569613324238988 0.0016358354243168173 -0.005169704886640692 0.024887448044907827 0.9996755539292044  738339.4222718133
0.5512575048254164 0.7670840026823591 0.6533673162293635 0.001287300207185883 -0.004152061480733051 0.02339741307048782 0.9997167920492512  738339.4222729038
0.545530794731382 0.7640763486765022 0.6499565896085564 0.0014931265540694915 -0.003963333844620847 0.021825668309191467 0.9997528208316228  738339.4222739823
0.5395891138210206 0.7603398787697381 0.6449527001703385 0.002252017304744983 -0.00932619195652618 0.01897428821303599 0.9997739379221975  738339.4222752369
0.5354362328861957 0.7570210826166905 0.6399321636467671 0.0022494333591419153 -0.0100934504266026 0.017800638891961946 0.9997880773259334  738339.4222763326
0.5301137948792027 0.752909548771282 0.6332157825046661 0.0008261507984665203 -0.013756085063748646 0.015737402245888578 0.9997811869449876  738339.4222775789
0.5256633718442995 0.7497107607534345 0.6283888790583926 -0.0012272344238038761 -0.01167941453720544 0.014912741593607283 0.999819831424592  738339.42227865
0.5196308938198309 0.7460565664671026 0.623792356125891 -2.358448950086231e-05 -0.012938063285228415 0.013837115128056559 0.9998205540031333  738339.4222799031
0.5142107804030361 0.7429997767647042 0.6197179701137209 0.002271127655019228 -0.016437179247447066 0.01218092519141956 0.9997881206430905  738339.4222809679
0.506736247135366 0.7390129288037319 0.6136470523521405 0.00437817568885549 -0.014887103954172374 0.009696617075922356 0.9998325766501001  738339.4222822394
0.5002660816993769 0.7352990746052296 0.6080791259027083 0.0027614833308019053 -0.009724660958715575 0.007587319296656882 0.9999201156917199  738339.4222833158
0.49239607729696 0.7305791781975671 0.6019337958862448 0.0016472453877103082 -0.008727027810453052 0.006284838229837635 0.9999408114366836  738339.4222845534
0.48576981533947683 0.7262011787001036 0.5973177344584978 0.0031144550243768997 -0.009206184979102116 0.005077892941319366 0.9999398788583783  738339.4222856306
0.47979029143007235 0.7217689461987478 0.5928257140078045 0.000821852139090087 -0.007214409423366702 0.003595309509373941 0.9999671747638846  738339.4222868826
0.47451858226972377 0.7171932568025998 0.5873583998265098 0.0016652927870788438 -0.00815426719895541 0.001284765109977145 0.9999645414238415  738339.4222879731
0.47053678063394677 0.7130987307704892 0.5815429541412893 0.001157077086274773 -0.0076179268651905205 0.0003304664986225395 0.9999702591351337  738339.4222890511
0.46637926902705046 0.7082743379782726 0.5733587010514781 0.0014634491469164637 -0.008422759416945364 -0.002080318427125987 0.9999612931087085  738339.4222902986
0.4636520776244214 0.7042672166192373 0.5661412926667446 0.0025516887615026594 -0.010851498238542485 -0.0028142674611883714 0.9999339047002559  738339.4222913561
0.46026641647513383 0.699314970996622 0.5579876838893396 0.003663217429509289 -0.01128611187253187 -0.0031397914480435015 0.9999246702759802  738339.4222926236
0.4575141280954286 0.6949830725863511 0.5518118076117253 0.0029077381551209304 -0.01311586765167643 -0.003989298468952785 0.9999017974642763  738339.422293697
0.4541390896872994 0.6895842676240324 0.546493547545497 0.001512457427983258 -0.011533314567430418 -0.003522471047469269 0.9999261409350878  738339.4222949499
0.45113984141265845 0.6849354181575379 0.5446890471766633 0.0027500137076124603 -0.013320341188874851 -0.003859724160574642 0.9999000492372346  738339.422296017
0.4471211310922541 0.6790730293610662 0.5460626115695131 0.0030062780482110023 -0.012912274886044654 -0.003641620391660422 0.9999054825584702  738339.4222972973
0.44343627171930383 0.673499471498413 0.5500013658947669 0.0012210803354959915 -0.00994459960774414 -0.003640508241635267 0.9999431786862685  738339.422298389
0.4402401434037594 0.6684008823162356 0.5541473158839021 0.0006489324458473722 -0.010962207993617516 -0.0050530295512552035 0.9999269352182386  738339.4222994556
0.4364743850370948 0.6624863140996845 0.5607057237108248 0.0011539705217286568 -0.008556343346827365 -0.005802410204823153 0.999945893224419  738339.4223007204
0.43367835117653053 0.6576290565689868 0.5676186672511198 0.0025784071994826596 -0.01056788970052811 -0.006778587793775594 0.999917857761883  738339.4223017812
0.4304976476112281 0.6516470366756233 0.5780457286722349 0.0032073106982031256 -0.009936928622542179 -0.007656170700545889 0.9999161733154635  738339.4223030304
0.42812171526775 0.6467653580642888 0.5867187105640241 0.00023881714372097517 -0.009065912116437418 -0.008703693461904471 0.9999209958411666  738339.4223040832
0.4252307088568655 0.6409814071940714 0.5968365750557231 0.0013986983531591435 -0.012519205076447246 -0.009186708611002412 0.999878451379  738339.4223053523
0.4230770152243823 0.6364490566611847 0.6053266685977265 0.0018733986168199444 -0.00828243099446479 -0.009929253797484047 0.9999146471741824  738339.4223064171
0.4205891528843177 0.6309845823144464 0.6157432667918586 0.0017473470773326175 -0.01026981681960347 -0.011050265078013462 0.9998846779916116  738339.4223076777
0.418819470229249 0.6268195892103332 0.6240141416329338 -0.000147951642518683 -0.010295399484214332 -0.01089166419416049 0.9998876709465186  738339.4223087593
0.41667225437744 0.622135629908951 0.6330550814555411 0.0006099877313380118 -0.009341498204576632 -0.010929963531630572 0.9998964447498845  738339.4223099974
0.41562876633137824 0.6185736967453127 0.6393683598185845 0.0002465643763109278 -0.005736234977045835 -0.010733195625069945 0.9999259139186115  738339.4223110686
0.4150799721172504 0.6145811187592936 0.6467758908266376 0.0032744660882459073 -0.008614235402054823 -0.01107220237038213 0.9998962341938008  738339.4223123093
0.41530772133838606 0.611210369021062 0.6524428061220053 0.0034618264681293455 -0.007866079629871351 -0.011472155459995286 0.9998972598211593  738339.4223133996
0.41637908071999497 0.6067006093594557 0.6584899376789124 0.004129281776149792 -0.008799831797134672 -0.01106262990493361 0.9998915592262702  738339.4223146603
0.41814468234702645 0.6022813211481242 0.6639748168054521 0.003757146578946736 -0.007001072030988526 -0.010504379134158163 0.999913259667561  738339.4223157392
0.4202935232680488 0.5979300013328414 0.6693821767088751 0.0035168034506442335 -0.007079962348029816 -0.009564008897078976 0.9999230150168845  738339.4223168415
0.4236290484307961 0.5924788791368426 0.6758460431783094 0.0010539328354501618 -0.008456424892220513 -0.007949693043157268 0.9999320879360459  738339.4223180977
0.42667699029112477 0.5879868151969702 0.681264274092342 0.0009517166582648295 -0.01023801555705001 -0.006603590218635301 0.999925332146896  738339.4223191666
0.43026548662325864 0.582982463091137 0.6865421458470132 -0.0008368890349158377 -0.012974074356041707 -0.004606679679764724 0.9999048712320964  738339.4223204037
0.4329208033130491 0.5791749601649524 0.6891701966124912 -5.908853016980335e-05 -0.014866898472048855 -0.0031434026876782967 0.9998845387633066  738339.4223214859
0.4353972925010335 0.575059066686666 0.6899058075097004 -0.0028183856183059976 -0.014717048805040642 -0.0021615327848393375 0.9998853899087619  738339.4223227234
0.4366414807689138 0.57252027984705 0.6884050974327752 -0.004286933599953822 -0.01618835147753318 -0.001072217085752094 0.9998591950006114  738339.4223238037
0.4371279543570846 0.5705313206570107 0.6843930881833399 -0.007560576126269557 -0.014379436913905183 -0.0014171454234322412 0.9998670217491558  738339.4223250613
0.4369925768787619 0.5698870132426882 0.6794914773637414 -0.0072952104109287735 -0.010842419240052746 -0.0009919910614834887 0.9999141152138104  738339.4223261202
0.4364426162884522 0.5702617956356097 0.6726196372028695 -0.0056630076005998575 -0.010491602308447647 -0.00038088004042317885 0.9999288532472257  738339.4223273834
0.4355038433438051 0.5715978981128651 0.6662094585389591 -0.005717568801995945 -0.011030199573754531 -0.00016181010458218365 0.9999228059814657  738339.4223284537
0.43460756250331606 0.5734408258042436 0.659162987607167 -0.004847741392721446 -0.010481733465106786 0.0004391211265286656 0.9999332176898575  738339.4223295362
0.43350518866701143 0.5763232078101282 0.6487453239572855 -0.0037933046304192033 -0.009941500887447661 0.0008097922985397408 0.999943059197132  738339.4223307922
0.4324795163389333 0.5786194494084753 0.6397439251114982 -0.0010782308620726176 -0.008912712388602305 2.973579725561285e-05 0.9999596992338584  738339.4223318663
0.43133897390646986 0.5811900689371358 0.6277783542003507 -0.000530134338795361 -0.01082494110603366 0.00033190398029781816 0.9999412129957349  738339.4223331277
0.4303499118980967 0.5828522192119117 0.6165769507160087 -0.001527920154448894 -0.010519669835768795 0.0011083955662744194 0.9999428851018526  738339.4223341832
0.4287564915869487 0.5847082722953622 0.6015769114662287 -0.0022376059057624504 -0.0115978960017226 0.0006576125613736581 0.9999300222884914  738339.422335437
0.4272533255235991 0.5859583808993446 0.5898247001816228 -0.003320973490154152 -0.00898614316358054 0.0005482144451380348 0.9999539588536283  738339.4223364828
0.42541410490095605 0.5872180843765422 0.5769012491929051 -0.003960430603997941 -0.007581689671797585 0.0014068365880374157 0.9999624261850872  738339.4223377366
0.4240870414802087 0.5881959989614826 0.5664693063431478 -0.004949146405493821 -0.007442979472316411 0.0017384280687745219 0.999958542077761  738339.4223388141
0.4223719534094933 0.5894744313362692 0.5507999768294127 -0.0053115309442893725 -0.008779125276592884 0.0014142182340684901 0.9999463558537489  738339.4223400694
0.42099735572938696 0.5906794090629489 0.5355746947287531 -0.004296663850042855 -0.008351309798710243 0.0011628178477685806 0.9999552200769086  738339.4223411742
0.41919290651622665 0.5923753709814918 0.5163356361400407 -0.003025222878150241 -0.008823306538661254 0.0016813996930351213 0.9999550840829475  738339.4223424112
0.4177238250319658 0.5936458295071961 0.5016543949149418 -0.004734449996277667 -0.006987974942357576 0.0017172197209992376 0.9999629014847838  738339.4223434883
0.41571556843457635 0.5953112223983614 0.48541449261407094 -0.004727038274500171 -0.009996419890462729 0.002403036805024077 0.9999359740066555  738339.4223447479
0.41358173489331873 0.596901688295279 0.47028273021423517 -0.006026051291904398 -0.010283875288536495 0.0015320255953830534 0.9999277881489504  738339.4223458306
0.4112868730762185 0.5985390062563949 0.4554333194051538 -0.007035973269352799 -0.00936021306908167 0.0006364827622558088 0.999931235826318  738339.4223469195
0.40808608740925695 0.6010207587508044 0.43667536312647814 -0.006681033008220547 -0.008482039723385806 0.0011645169986966954 0.9999410296113636  738339.422348183
0.40564214315580427 0.6033814215499635 0.42259678468617573 -0.005409277784761908 -0.007885537209639177 0.0042705524218532714 0.9999451586956032  738339.4223492716
0.4028056910282794 0.6065821299190013 0.4079301466843565 -0.004118855511199129 -0.006523724867864844 0.00714332780042221 0.9999447229277537  738339.4223505289
0.40088179044456834 0.6095476344056263 0.39496575744334245 -0.0035598583371426406 -0.005158725003128475 0.010090809079771126 0.9999294427793779  738339.4223516138
0.39967542154339825 0.6122914305712178 0.38137429985305404 -0.003979871477163294 -0.004858099974052931 0.012431448676526239 0.9999030045816796  738339.4223526858
0.3990680923130439 0.6158546632837908 0.3622289098877045 -0.004583746003351191 -0.004694932819334047 0.01527822934474414 0.999861751736953  738339.4223539445
0.3994477769430877 0.6190649523822329 0.34599033694967957 -0.0043735982982128895 -0.004751142539020393 0.017991933891483198 0.9998172776049353  738339.4223550259
0.40052873311611137 0.6230923019384178 0.32749719134797334 -0.004144170418347833 -0.006257849828469755 0.021155102388795637 0.9997480316609719  738339.422356278
0.4021401765800662 0.6263882659896508 0.3130423525607587 -0.002865101854752729 -0.007354033034408025 0.023741401582306768 0.9996869786290099  738339.4223573577
0.4043649656056597 0.6303406073177489 0.2939952201694988 -0.005374378861548053 -0.007361112184891892 0.025452718390268 0.9996344777996604  738339.4223585956
0.4064424608497164 0.6336971521865615 0.27671176200544595 -0.004542635195312893 -0.00788595431162967 0.027183172463078196 0.9995890412189  738339.422359685
0.40931568772632254 0.6381440393319805 0.25583706964663155 -0.0076988848534032496 -0.007316085773198159 0.02766885561699588 0.9995607217622244  738339.4223609421
0.412070996751762 0.6426149711237933 0.23919126924462103 -0.006428983474872814 -0.00977270173214053 0.02932144657934731 0.9995015834118668  738339.4223620369
0.41446212533607746 0.6469090634151692 0.22607190454728404 -0.006112101343423034 -0.011462991328368524 0.032205548120317326 0.9993968404579051  738339.4223631152
0.4168945768277578 0.6524425581614548 0.2110001663501773 -0.004160206535702913 -0.013328420932660678 0.03537748857196653 0.9992764778475287  738339.4223643665
0.41816560409555986 0.656937833875723 0.19906629590543617 -0.002592493006265451 -0.013138296776027972 0.03696976117746442 0.9992266514141418  738339.4223654466
0.4189488143445104 0.6623469204661926 0.18586606873230432 -0.002550987844166336 -0.012697975843883215 0.0393471189555178 0.9991416606769971  738339.4223666982
0.41926162677432993 0.6667502142564181 0.17562395063265737 -0.003121578216314137 -0.00886547206296868 0.04080907039794483 0.9991227546842258  738339.422367773
0.419901388141671 0.6724546725046405 0.1611721907625992 -0.006848766613985464 -0.007123439284403707 0.04085947673379498 0.9991160363890017  738339.4223690429
0.4211265437262989 0.6783168235058793 0.14625746256101332 -0.00696704300876339 -0.0047373524397361045 0.04146499156362352 0.9991044351208759  738339.4223701207
0.423215339483093 0.6850397961008983 0.1315874004769201 -0.007833175671405112 -0.0048425253521090054 0.043025046983805576 0.9990315493712681  738339.4223713722
0.42647425474034195 0.6929472048917061 0.11741289503888747 -0.0071934732363544964 -0.005767089725151175 0.04496436062688626 0.9989460450356242  738339.4223724365
0.43003683610605736 0.7006880390389137 0.10460015137904459 -0.00589829692579915 -0.0074872832684480745 0.04642431177400676 0.9988763356687068  738339.4223735421
0.43471003365534944 0.7111969470172722 0.08969509401948181 -0.0024106022107742205 -0.012406971865474313 0.04917170255208084 0.9987103682821363  738339.4223747998
0.4382907375097548 0.7198992444246485 0.07921217266582081 -0.00040451118861243836 -0.008295696506357548 0.04843821204694555 0.9987916486454359  738339.4223758671
0.4425578596473787 0.7302477442191881 0.06927384998898203 0.000777114232795462 -0.0075909024704916336 0.04868954942824887 0.99878481269472  738339.4223771294
0.4463597866297742 0.7382623905217408 0.06343346212966133 0.006128225166595324 -0.005630776954810178 0.04529640543489053 0.9989389244903167  738339.4223782014
0.4510804070929769 0.7466947086012379 0.058072615770790106 0.005566818228446362 -0.0027406191388978955 0.0373920175295006 0.9992814100975863  738339.4223794587
0.4551201126552695 0.7524447281726689 0.05391353350062704 0.0036646470157892215 -0.003843984619888102 0.031434305803408585 0.9994917101022647  738339.4223805201
0.46041839289194125 0.7586635478592814 0.046330878232495244 -0.00010151213615898426 -0.007313330989233701 0.02600843942650727 0.9996349663570827  738339.4223817751
0.46481869556781624 0.7637218774948974 0.03816209349377454 0.0024260963180853874 -0.010354706959215067 0.01905411561608354 0.9997618890408522  738339.4223828549
0.4683335626325902 0.7678894667860916 0.033095987638612524 0.00223852551451928 -0.010878586848792778 0.011822480734089615 0.9998684284949627  738339.4223839345
0.466879751759618 0.7668977053983262 0.03645380684558396 0.006444853610804671 -0.014248374755160595 0.005320280151640824 0.9998635618412544  738339.4223851833
0.46493854467197926 0.7655908019903845 0.03537834008615521 0.002382889501089887 -0.01729955094237582 -0.0024491237158191215 0.9998445124957392  738339.4223862737
0.46315651286942433 0.7643970571649263 0.03374233295863197 0.003961682110078758 -0.011141951835835611 -0.009591878233477345 0.999884072208424  738339.4223875186
0.46284246666825857 0.7646884633798016 0.03337990347142862 0.003608123584366248 -0.011485966458861317 -0.012232330495890288 0.9998527012062053  738339.4223886112
0.4625283991324156 0.7647886284638917 0.03336959146324723 0.002698711928070652 -0.0132753585744878 -0.011116315074374784 0.9998464428840137  738339.4223898458
0.46252391019188976 0.7646235600542343 0.03326471995490595 0.0036258470890280213 -0.012708107177641429 -0.010555467205594481 0.9998569594481604  738339.422390923
0.46253736079210944 0.7646581298267147 0.03329228850899209 0.0028146934331489083 -0.012083042115040386 -0.01093605127439611 0.9998632308354215  738339.4223921844
0.46253938600409905 0.7646465471867115 0.03325978111557324 0.002530437512363761 -0.012340021893852752 -0.010920745768111818 0.9998610193709542  738339.4223932327
0.46255063785731687 0.76464278897052 0.03323160525744823 0.00271511122898129 -0.012162376284003022 -0.010919067512910316 0.999862729947861  738339.4223944923
0.462556386185735 0.7646938874773076 0.03322669089821727 0.0022276402846583164 -0.01182870841441077 -0.010918931075181769 0.9998679393900899  738339.4223955834
0.46256478451452554 0.7646784206021453 0.033203216483904015 0.0020046599586057124 -0.011590634013640641 -0.011089049331518733 0.9998693272255808  738339.4223968288
0.46260849966705664 0.7647216262126107 0.03321931465436757 0.0014105043388225188 -0.011240987419311873 -0.010999600016068874 0.9998753219671118  738339.4223979097
0.4626272759170328 0.7647630068467518 0.033211110417673835 0.0010412500735819802 -0.01092641454366808 -0.010958031976499936 0.9998797181654933  738339.4223989783
0.4626617229561171 0.7647744653720606 0.03321689562471017 0.0009379702829342243 -0.010703433897512826 -0.011032981294335288 0.9998814079871217  738339.4224002481
0.4626904842225788 0.7648100387120842 0.033241727496174156 0.000886213212004206 -0.009909884492138263 -0.011356507904580204 0.9998860127753106  738339.422401324
0.46270986641065515 0.764819894955463 0.033211299297096986 0.0007755638271286145 -0.009895832520506626 -0.011292640366675802 0.999886967248311  738339.4224025722
0.4627461555886998 0.7648305372563621 0.03321383009709443 0.0008394635004856083 -0.009114951050786323 -0.011316869417554332 0.9998940651063788  738339.4224036668
0.4627391485999648 0.7648288303958249 0.033176318380120515 0.0007848955440740568 -0.009390825018187861 -0.011516029411102297 0.9998892825763588  738339.4224049161
0.4627410790858535 0.7648391405833097 0.0331569414860594 0.0006760529224593389 -0.008987544706471217 -0.011320955582110395 0.9998952959971875  738339.4224059911
0.46269012260871734 0.7648265859564247 0.03312597721045806 0.0005658064146790249 -0.00994973431753861 -0.011193071182343816 0.9998876925973329  738339.4224072617
0.4627461113672006 0.7648370210793988 0.03312513910588092 0.0007839351325108145 -0.009093986300142102 -0.011075870865262943 0.9998969996671943  738339.4224083368
0.46281314398045664 0.7649255599823029 0.03317949272219661 0.00023663458607342107 -0.008262155506599232 -0.011562715667764574 0.9998989870966186  738339.4224094143
0.4628583419816021 0.7649444548624186 0.03319995828407181 -0.000214390759911542 -0.007368805105232962 -0.011219245432736061 0.9999098875797975  738339.4224106871
0.4628126994598405 0.7649003303441549 0.03311670577246917 0.0002003972253831544 -0.008449376596352969 -0.01115264042115301 0.999902088450525  738339.422411762
0.46289419598956066 0.7649246110058587 0.03314683311942051 -0.00015157745924182522 -0.006756213372801673 -0.011287919573689893 0.9999134529932243  738339.4224130136
0.4628976547468865 0.7649473213269923 0.03311663302620464 -9.443617890056126e-05 -0.007143861233866044 -0.01137393150733842 0.9999097909364353  738339.4224140927
0.4629078445662424 0.7649216147943716 0.03305875002499701 5.395712206900517e-06 -0.007287118176691339 -0.011304734056345609 0.9999095463428083  738339.4224153337
0.46299493437967865 0.7650055640721377 0.03315576017614637 -0.0008075102538838442 -0.00583136193699814 -0.011037911246025775 0.9999217507687662  738339.4224164094
