-0.27246098125424223 -0.21130236733255867 0.030071313701127648 0.0012039888051904642 -0.0373558145162194 0.9121618690652721 0.9121618690652721  738315.5054000876
-0.2723506244420923 -0.21140680114880503 0.030297783330620633 -0.002033075974461484 -0.03838296825859487 0.9130669239446892 0.9130669239446892  738315.5054010906
-0.2724231211927566 -0.21128803300366875 0.030093677279354986 0.0009707033923305129 -0.03810712874756925 0.9124436463629774 0.9124436463629774  738315.5054024087
-0.2725561584199178 -0.21128943348338128 0.030147190685060884 -0.001569331180382615 -0.03728618671095691 0.9118982590904037 0.9118982590904037  738315.5054034428
-0.2724589915597981 -0.21130663289715618 0.030066573952815062 0.0009246194939414322 -0.037433362162196844 0.9121889201594516 0.9121889201594516  738315.505404692
-0.2724306629399794 -0.2113119633871569 0.030274223903850227 -0.004017634988767707 -0.03891977520513963 0.9125577663919275 0.9125577663919275  738315.505405881
-0.2725626846411803 -0.21130086236483614 0.030164413605027154 -0.0019939355021215215 -0.037170230648229254 0.9119420081635554 0.9119420081635554  738315.5054070308
-0.2725148449308767 -0.21126863086852446 0.030155978107393636 -0.001852476700681757 -0.03852043724142103 0.9121693638007713 0.9121693638007713  738315.5054081244
-0.2724666911621283 -0.21131091299494698 0.03009554228112087 0.001051102484539855 -0.036989606579027806 0.9122451780869597 0.9122451780869597  738315.5054092281
-0.27251715428601103 -0.21126822809320675 0.030178136870652964 -0.0016561822561219916 -0.03816259235534559 0.9121978209421192 0.9121978209421192  738315.5054104817
-0.2724997996569902 -0.21136569261025068 0.030232277060927452 -0.0008232705227826405 -0.03827755323166887 0.9121060837040753 0.9121060837040753  738315.505411663
-0.27190214596446044 -0.2120560771791084 0.03144496956663671 0.00037346283208917704 -0.0494578391474568 0.9117596181214749 0.9117596181214749  738315.5054128701
-0.2669072787419824 -0.21781177388880257 0.036655364800569315 0.03782173432961571 -0.13792405309101824 0.9024109440690632 0.9024109440690632  738315.5054138941
-0.2559546905328713 -0.23080602533847677 0.04186099195032038 0.0961493998489251 -0.2799815585618475 0.8582033415350266 0.8582033415350266  738315.5054150177
-0.23738660428812217 -0.2444833243305641 0.0421101518119916 -0.22785184090374813 0.29722012763791456 -0.6593070794045668 -0.6593070794045668  738315.5054162923
-0.2192706069510645 -0.25483490582859575 0.05200968933616546 -0.24674757218312465 0.3656335731456994 -0.5744428005102378 -0.5744428005102378  738315.5054173345
-0.1647832204942229 -0.24934059883452983 0.044755507898044174 -0.30712981176412707 0.18335782340732332 -0.4915216809455622 -0.4915216809455622  738315.5054186038
-0.11795461517820349 -0.2513301610455337 0.05942164213826168 -0.46136030500404135 0.26061056999187154 -0.18418990079271919 -0.18418990079271919  738315.5054196424
-0.03133564466562571 -0.209192711637673 0.056778979202927 -0.3767271167231021 0.04700213718485638 0.020898594292281004 0.020898594292281004  738315.5054209244
0.03969071348815682 -0.13901319904567722 0.03840573548720591 -0.30651849563568107 0.06006401378444673 0.16575293751977707 0.16575293751977707  738315.5054219542
0.0506119988717461 -0.06689518083253057 0.092093167787251 0.7879599436853272 -0.1787795356177522 -0.44488725581285704 -0.44488725581285704  738315.5054232371
0.023138232618513308 0.05625405432487188 0.0705279772298277 -0.4782086453065799 0.08441304113761057 0.825741790888116 0.825741790888116  738315.5054242966
-0.054870880125512306 0.1852591106778956 0.07438021934457771 0.6715442469082252 -0.5192627477315893 -0.3803310560371548 -0.3803310560371548  738315.505425554
-0.08573785565967802 0.24214879507590384 0.0734547310373214 0.17605019856774803 -0.46894912593369925 0.7910072662138727 0.7910072662138727  738315.5054266163
-0.1239215616578403 0.2954585478511362 0.054851958047165264 -0.2773796266460824 0.08420805868921609 0.9372754589479356 0.9372754589479356  738315.5054278541
-0.13654929718962622 0.293739682084928 0.08969412595060118 -0.2002684314332371 -0.045182283573922004 0.9310289383471024 0.9310289383471024  738315.5054290321
-0.17192941805811698 0.27611412081483955 0.10226438655958525 -0.11402769975115452 -0.3362344689551942 0.8010472037254242 0.8010472037254242  738315.5054301864
-0.18961469135190628 0.20368769418977725 0.07797440534245179 -0.040530298794191795 0.7401921065630603 -0.3113612273646069 -0.3113612273646069  738315.5054313408
-0.14709156067523593 0.14514048889843348 0.05216871143064457 -0.1913811858979436 0.8979023483138651 0.3668039518030011 0.3668039518030011  738315.5054324971
-0.11257278972160806 0.12591014519207017 0.046513682135493964 0.44958690467182744 -0.5675806877844191 -0.24416607147233188 -0.24416607147233188  738315.5054335129
-0.07805952303173111 0.11629611175053936 0.05035891969997805 0.4699826688115699 -0.21467329298206805 -0.2822390387681994 -0.2822390387681994  738315.5054348059
-0.07949305557327635 0.11646704724842422 0.05073248873740331 0.4660181137876576 -0.24095430765172848 -0.2885380229544682 -0.2885380229544682  738315.5054359139
-0.09265383513990352 0.1098553677333753 0.05685502677280774 0.45960106210471696 -0.30063074874848766 -0.24903355273529157 -0.24903355273529157  738315.505437012
-0.12966226414117943 0.0865862797981353 0.046424332539226294 0.6987491354496705 -0.5282454180626881 -0.1901848763208834 -0.1901848763208834  738315.5054382127
-0.16215021625748832 0.08731468513478677 0.00373589465326259 0.7516286972447201 -0.644303498771802 0.14114736759152968 0.14114736759152968  738315.5054394458
-0.1498172042962228 0.10456702181632667 0.01069673796944782 -0.5551205759829169 0.7878508640775913 0.04750951993764451 0.04750951993764451  738315.5054405909
-0.1451353019900405 0.11106907571127479 0.0013984713888400314 -0.3258505131312714 0.9413080189974841 0.041936903029917344 0.041936903029917344  738315.5054416533
-0.14637983095141527 0.10934041569685038 -0.0038052840552167846 -0.3594388281814177 0.9323870048431767 0.022177292388091737 0.022177292388091737  738315.5054429132
-0.1460869021982514 0.10973269797967695 -0.004814845665382875 -0.35752537297468323 0.9335196480837467 0.013187100000804778 0.013187100000804778  738315.5054442058
-0.14616230424364413 0.10969117982489685 -0.004605931691964848 -0.3573520196789751 0.9335229983377088 0.014775613106420544 0.014775613106420544  738315.505449823
-0.14608613288739777 0.10973083181577382 -0.004644695938616752 -0.35717095245924124 0.933516822718657 0.01576787296089297 0.01576787296089297  738315.5054498458
-0.14614407228825518 0.109692691468172 -0.004610118339410201 -0.35723767178552973 0.9335279561778607 0.01534965101204022 0.01534965101204022  738315.5054498543
-0.1461408882117379 0.10969306981221588 -0.004565753912980585 -0.35733301721280714 0.9334875351533747 0.01614925645037274 0.01614925645037274  738315.5054499845
-0.14611458298220087 0.10966207978735494 -0.0045814128814168995 -0.35712940371935675 0.933585682329679 0.015204537253720715 0.015204537253720715  738315.5054502052
-0.14610428726760497 0.10971114737436441 -0.004610222614682418 -0.3572704665330333 0.9334744725341231 0.015843108416297928 0.015843108416297928  738315.5054509443
-0.1461295982854959 0.1097202337174128 -0.004608223046802169 -0.35728589203650807 0.9334926626125573 0.015688288321647245 0.015688288321647245  738315.505452051
-0.1461536125883672 0.1096918151961905 -0.004598919687252356 -0.3574729046366567 0.933441574764818 0.015552323146789188 0.015552323146789188  738315.5054533441
-0.14613904492060703 0.1096834040899059 -0.004595671650515751 -0.3573034312471345 0.9335087090585449 0.01529283000853163 0.01529283000853163  738315.5054544203
-0.14612262466877207 0.10972679750785369 -0.004637371496609142 -0.35729507022642015 0.933483243374005 0.015857651211267948 0.015857651211267948  738315.5054556436
-0.14617111085025175 0.10970664408628164 -0.004635689460553947 -0.3573082023538907 0.9335252597762885 0.015221825195914824 0.015221825195914824  738315.5054567865
-0.14615469200064063 0.10971290308077149 -0.004555829548634842 -0.35763341856916553 0.9333820383053995 0.016040089449857964 0.016040089449857964  738315.5054578754
-0.14618682600118899 0.10971646864227617 -0.004552186303394304 -0.3572028161604684 0.9335476868557916 0.01669424006920078 0.01669424006920078  738315.5054591126
-0.14617294916742524 0.1097223785423896 -0.004595077154149404 -0.35753467199794886 0.9334106163339082 0.016064433765855916 0.016064433765855916  738315.5054602443
-0.14617053296978832 0.10967623293653771 -0.004528593549074266 -0.35739098603518904 0.9334894963601049 0.01624332486955052 0.01624332486955052  738315.5054614301
-0.1461751751012741 0.10967854550202373 -0.0045196347408230685 -0.3575500712053489 0.9334126837521853 0.016289404768683118 0.016289404768683118  738315.505462469
-0.14613216279887392 0.10970870858093774 -0.00457256044270636 -0.3572726442055922 0.933486820544437 0.016063651546751902 0.016063651546751902  738315.5054637503
-0.14618714863429733 0.1096898303421915 -0.004558337279884514 -0.3577220174510719 0.9333566873726195 0.015468661930497445 0.015468661930497445  738315.5054648408
-0.146161934289553 0.1096994005274578 -0.004548751716373462 -0.35772433727291025 0.933347234089088 0.016172114153647704 0.016172114153647704  738315.505465944
-0.14611597392340825 0.10966419971186728 -0.004581319952826586 -0.3576785209660451 0.9333422084897474 0.015357846112516877 0.015357846112516877  738315.5054670983
-0.14616138856549105 0.10968071467827727 -0.004587083968500991 -0.35766555938922917 0.9333721157657671 0.015467407344653336 0.015467407344653336  738315.5054683449
-0.14614128440858817 0.10968311188325969 -0.004582548562321118 -0.35743345490691997 0.9334437447197008 0.015339831196299033 0.015339831196299033  738315.505469453
-0.14614228242364244 0.10970819171333802 -0.004603582482486978 -0.35742574742029043 0.9334304547878379 0.015931719960684747 0.015931719960684747  738315.5054705635
-0.14615959198922962 0.10968332194340802 -0.004584973747137395 -0.3576090054170235 0.9333845908597928 0.01563938625433991 0.01563938625433991  738315.5054719629
-0.14614534200855064 0.10968989906924971 -0.00457616898293429 -0.35755650312311776 0.9333938453566069 0.015652693126594813 0.015652693126594813  738315.5054729974
-0.14614509866594758 0.10969005710850711 -0.004585335478802622 -0.35738608881845263 0.9334459594233223 0.015843738641659947 0.015843738641659947  738315.5054740594
-0.1461827661103703 0.10971395754694281 -0.004587790293747386 -0.3575947461589977 0.9333891707917907 0.0160257270192115 0.0160257270192115  738315.5054754412
-0.14616212705844858 0.10970528942963681 -0.00455057994994013 -0.3575614537418048 0.93340184933161 0.015870319818927614 0.015870319818927614  738315.505476457
-0.14615639093685734 0.10970262003841486 -0.004588183668451567 -0.3576397722538424 0.9333457659696198 0.01602578671432113 0.01602578671432113  738315.5054775766
-0.1461994781467928 0.10970162526184851 -0.004581607673865644 -0.35771824016693077 0.9333391439737869 0.016236937191343156 0.016236937191343156  738315.5054786777
-0.14614512512346617 0.10968888778673071 -0.004591832238728364 -0.35726431958419813 0.9334874915436265 0.01611633914044613 0.01611633914044613  738315.5054799935
-0.1461887016849677 0.10969353959960161 -0.004580863967543958 -0.35757684050572913 0.9333877937565728 0.0162442491055854 0.0162442491055854  738315.5054810559
-0.1461762321886219 0.1096828276207537 -0.004563261556231774 -0.3575554038490215 0.933416757811051 0.015809450666195546 0.015809450666195546  738315.505482122
-0.14614554449380213 0.10971280455576489 -0.004560696023503173 -0.3574400026629485 0.9334352589360037 0.016146215059714277 0.016146215059714277  738315.505483539
-0.14617107021107198 0.10969559107704063 -0.004566459294711967 -0.35742052473305147 0.9334434783643759 0.016392221061204013 0.016392221061204013  738315.5054845781
-0.14617958305825932 0.10971559833296327 -0.004610012501922577 -0.35741544984777035 0.9334425520497422 0.016014278959310534 0.016014278959310534  738315.5054856173
-0.14617603585475641 0.10968180542543407 -0.00458403355825279 -0.3575775213992241 0.9334032127496871 0.015971611253161714 0.015971611253161714  738315.5054869564
-0.14617651271457682 0.1096913449945243 -0.0045544542134610105 -0.35779440350823793 0.9333028365361237 0.016088357740600943 0.016088357740600943  738315.505488058
-0.14613507917301527 0.1097053260031969 -0.004608208002224403 -0.3572392127013753 0.933468786718076 0.01604073470603355 0.01604073470603355  738315.5054890737
-0.14619136571080152 0.10970802963006675 -0.004549511576887594 -0.35730012376282794 0.9334932489234895 0.01672202689002284 0.01672202689002284  738315.5054904589
-0.14618013430236632 0.10971934195028266 -0.004575920385520507 -0.35755294625650597 0.9333900074163456 0.016615645821897996 0.016615645821897996  738315.5054915276
-0.14618504284725273 0.10969823801306475 -0.004550914766536037 -0.35745667883233273 0.933438102000301 0.016154001689322853 0.016154001689322853  738315.5054925896
-0.14612352514682486 0.1097088066781089 -0.004585366854612171 -0.35736246896586543 0.9334313407584353 0.01644508387657717 0.01644508387657717  738315.5054937226
-0.1461944033549826 0.10969466434233147 -0.00454321406338966 -0.3576134449328469 0.9333696683605476 0.016839619183392423 0.016839619183392423  738315.5054949925
-0.14621073346831273 0.10970904176929475 -0.004564089627277781 -0.35745592916461444 0.9334464231466558 0.016153839846046736 0.016153839846046736  738315.5054961467
-0.1461451123754569 0.10974707162771645 -0.004606297627529059 -0.357268865571014 0.9334527746991169 0.016641817749815845 0.016641817749815845  738315.5054973125
-0.14615208381740416 0.10972197623277075 -0.004579172261648027 -0.3569994321422806 0.9335932123868517 0.016186110572336293 0.016186110572336293  738315.5054986278
-0.14612565041483216 0.10969010801871144 -0.0045831664758888835 -0.3574607462126734 0.9333970525948847 0.015821584710581968 0.015821584710581968  738315.505499632
-0.14650405134417008 0.10941424388076054 -0.004408081077410985 -0.36082465641254485 0.9320869228482391 0.017740067027898657 0.017740067027898657  738315.505500776
-0.1465275131984509 0.10941115302227429 -0.0044058122639010515 -0.3608569889245222 0.9321198685352339 0.017692070963277465 0.017692070963277465  738315.5055020457
-0.14647505170192446 0.10940217663141819 -0.00437905604084273 -0.3607146884083915 0.9321411585483882 0.017452183375065315 0.017452183375065315  738315.5055030846
-0.14667707101661012 0.10949723052243288 -0.004327377124369482 -0.3622069848139171 0.9315767406181092 0.019168739297499855 0.019168739297499855  738315.5055041816
-0.1468345780387202 0.10945892908274302 -0.004270623811788691 -0.3585558938217038 0.9329729497696423 0.019652025616772272 0.019652025616772272  738315.5055053844
-0.14680235442622405 0.1099316568427342 -0.0044559842925592326 -0.3623713903611794 0.9311527207895168 0.031187805924275964 0.031187805924275964  738315.5055064904
-0.1470271545104817 0.10961810706494615 -0.0043033268090727685 -0.36211794546225795 0.9315991902612686 0.01993265487765569 0.01993265487765569  738315.5055076142
-0.14676551468409324 0.10965370906294847 -0.00438493552896164 -0.35965397661602133 0.9324288068320962 0.020560356347249367 0.020560356347249367  738315.505508884
-0.1468145657355292 0.1098127106062021 -0.0043956259665662144 -0.3601481339770665 0.9322331057727565 0.02167676455144951 0.02167676455144951  738315.5055100038
-0.14674587353428342 0.10980390458916298 -0.004429838702650792 -0.3614493388860265 0.9316350051607171 0.02776692867519095 0.02776692867519095  738315.5055111977
-0.14729507917188572 0.11193352505668773 -0.00014879977352775286 -0.3504900829000051 0.9337999368298311 0.07192388478255227 0.07192388478255227  738315.5055123637
-0.14882965701324113 0.11092622845278698 -0.0012045464454552676 -0.33712992904718586 0.9389614150890127 0.06701504461225995 0.06701504461225995  738315.5055135179
-0.1491031944105822 0.11110384582474107 -0.0007522036505976237 -0.33621493057901386 0.9395007493456985 0.06111635986987899 0.06111635986987899  738315.5055145338
-0.1488405735695524 0.10876841039192976 0.0029543213330546444 -0.31229099144103284 0.9456510508216036 0.08940324793240359 0.08940324793240359  738315.5055159163
-0.1515052073077139 0.11337900941135146 -0.0007546069990242914 -0.30708673675799136 0.9473542385313332 3.13357165446838e-05 3.13357165446838e-05  738315.5055171977
-0.14875745739920648 0.1104724623175008 -0.006071667789515989 -0.33241044512871143 0.9428418270721904 0.0135971949083309 0.0135971949083309  738315.5055181441
-0.14910954260831064 0.11141794271947236 -0.0008082626972181286 -0.31834864412826797 0.9452421485142046 0.03843493726897798 0.03843493726897798  738315.5055192979
-0.14993866783907922 0.11363078627752231 -0.0008314524791149978 -0.3144294562887773 0.9480648695315448 0.040625402052804245 0.040625402052804245  738315.5055205756
-0.15296899582046244 0.11256104347082332 -0.00273682925907143 -0.27810919587253824 0.9576623295869501 0.051353995742785555 0.051353995742785555  738315.5055215914
-0.15177757529048047 0.10194122662104299 0.015156209473630833 -0.3294905304115147 0.9414914765918339 0.04788715658067137 0.04788715658067137  738315.5055226552
-0.15015096355286078 0.08420905921466347 0.04127469908417395 -0.37254784585030015 0.8764188674284593 0.16799607478356177 0.16799607478356177  738315.5055239219
-0.13618903397565887 0.07013911954286102 0.11121027730959673 -0.3907774800748019 0.6067860356553348 0.34129983910623823 0.34129983910623823  738315.5055250304
-0.119735455020783 0.039876593567151834 0.16795051786350673 -0.3432541505560831 0.3979106722887637 0.4319831120638732 0.4319831120638732  738315.5055261243
-0.09147373294731134 0.011405353535774017 0.20247870947090596 -0.34961801212752763 0.3337423194853267 0.4677859197685865 0.4677859197685865  738315.5055274171
-0.06746881694170538 -0.003944437994623817 0.22378779620277098 -0.3519069477316734 0.2712297113264173 0.49444932263052366 0.49444932263052366  738315.5055285335
-0.05435189806383817 -0.01896126926134174 0.23944120334621183 -0.41377164939564 0.10672093968247019 0.48752823958193325 0.48752823958193325  738315.5055297248
-0.042249592872677 -0.028714914221537356 0.2556145383491561 -0.4192334117606824 0.043112208309101924 0.48702962500413005 0.48702962500413005  738315.5055307174
-0.021721515908941974 -0.04549408381021409 0.28442441624717885 -0.3233075375854226 0.024006526779005073 0.5462174794704189 0.5462174794704189  738315.5055320334
-0.011088119020351766 -0.057707143143211834 0.29507360081280004 -0.28479512579664584 -0.0012432444158444397 0.5428466941326943 0.5428466941326943  738315.5055331828
-0.008265692626981675 -0.06827386600791736 0.30152484569395716 -0.285611601764281 -0.018461894564413397 0.5369597846702515 0.5369597846702515  738315.5055343579
-0.007184921913299867 -0.0718898843983119 0.2992832635192842 -0.31504716605495253 -0.08713329832112672 0.514540244532608 0.514540244532608  738315.5055355353
-0.0029497940466386863 -0.07056027666203886 0.29790623880718536 -0.3212007947257929 -0.13727588195500118 0.49342118365751586 0.49342118365751586  738315.5055366437
-0.0012479669193011312 -0.0663669807403031 0.29408365969478945 -0.3264416683454206 -0.18111783043241986 0.458856720553559 0.458856720553559  738315.505537818
-0.006053134557021521 -0.06012372463233481 0.28244989726081166 -0.3869258766750474 -0.22812956643536178 0.45272547915927625 0.45272547915927625  738315.5055388684
-0.009155053152223145 -0.05342298330587531 0.2707292027593288 -0.42762832788912025 -0.25048055724871016 0.4618953891300079 0.4618953891300079  738315.5055401035
-0.009611843477683847 -0.049738714629025856 0.2671762784987888 -0.4410064681912597 -0.2687030360639189 0.44413965658867766 0.44413965658867766  738315.5055412926
-0.014321837644863862 -0.05102869421935424 0.2582349596096255 -0.4734957378469588 -0.3051839369111094 0.43486873398281767 0.43486873398281767  738315.5055424352
-0.021278550339435296 -0.05680118569387443 0.24197605787860346 -0.531683228503753 -0.320587101748263 0.45622946990024893 0.45622946990024893  738315.5055437188
-0.024259368132145076 -0.060135277159251016 0.23701206883949819 -0.5423053344697916 -0.33694109221412066 0.4579839573826618 0.4579839573826618  738315.5055447001
-0.02501199508618285 -0.059867018889521374 0.23709431814802792 -0.5429779688330767 -0.33635231850853925 0.46371148074409196 0.46371148074409196  738315.505545785
-0.025686160922208403 -0.05884295313832297 0.23914861125997572 -0.5310964320969991 -0.3360417191787733 0.4703078092392942 0.4703078092392942  738315.5055470965
-0.026072189106243815 -0.05904004671796804 0.2401925870744263 -0.5195400936700929 -0.3403185191553912 0.47711019643906344 0.47711019643906344  738315.5055482414
-0.027622688557462326 -0.059667854572432184 0.2425227331431262 -0.5122420738945628 -0.32923056502129117 0.48786491971076634 0.48786491971076634  738315.5055492345
-0.02845800373940649 -0.058764025840719346 0.2436882403876193 -0.5125592495872053 -0.32164769371355084 0.48858380300989934 0.48858380300989934  738315.5055505501
-0.027204093574195894 -0.058770339157657094 0.24398848073937993 -0.5285442778549183 -0.3127811112735453 0.48911611061426297 0.48911611061426297  738315.5055517114
-0.027100403126830784 -0.05707901334667967 0.24696779178626163 -0.5144795882889112 -0.3082149922047168 0.48656290100486743 0.48656290100486743  738315.5055527273
-0.023139394918367185 -0.05265827038141045 0.25197073657000546 -0.5139319915946439 -0.29358766601916625 0.4759786529313412 0.4759786529313412  738315.5055540329
-0.019692891316199602 -0.04961068576112605 0.2540451621371776 -0.5255008140266215 -0.29045725919689336 0.46433703558843525 0.46433703558843525  738315.5055551872
-0.02028822369781012 -0.04955366907940962 0.25285276104615617 -0.5315105982502923 -0.2893079969263794 0.4581066745425033 0.4581066745425033  738315.5055562146
-0.017630083610995426 -0.04824082693453085 0.2512738047727396 -0.5418024946264728 -0.2881549956647371 0.4544710420585511 0.4544710420585511  738315.5055574928
-0.016357686121371035 -0.0475923207690783 0.24934454464358088 -0.548652822135241 -0.2824152442347117 0.4553749576308057 0.4553749576308057  738315.5055586587
-0.015854985026828642 -0.04715011849607965 0.24961871158437396 -0.5497263681971821 -0.2805818140734908 0.45175934938202783 0.45175934938202783  738315.5055597788
-0.015362719749327017 -0.04665186956591023 0.24751254737821238 -0.5526311878133562 -0.2841328290407623 0.451318475925357 0.451318475925357  738315.5055610139
-0.015856428655107124 -0.04719643572832199 0.246041291268263 -0.5591067912122424 -0.2799038768428487 0.45514644100146595 0.45514644100146595  738315.5055620978
-0.014515713131791917 -0.046600845167214154 0.2451041773814415 -0.5706042728893218 -0.27314799959476743 0.4485900383385785 0.4485900383385785  738315.50556344
-0.014149399372272912 -0.046302392992531076 0.2451013493254349 -0.569507335675845 -0.26767177163180317 0.4490477918239297 0.4490477918239297  738315.5055643251
-0.014885700558012565 -0.04463718662586407 0.24697010491523969 -0.5443120307590215 -0.2761832819818167 0.46216027787131286 0.46216027787131286  738315.5055655949
-0.014859311252338601 -0.044226337884574335 0.2477728357877191 -0.545803499071189 -0.2676451387219812 0.46974387012470237 0.46974387012470237  738315.5055667522
-0.014965166821366315 -0.04435872705042997 0.24846070666549064 -0.543454773297493 -0.26511385563403816 0.4745906426801608 0.4745906426801608  738315.5055677794
-0.014597236654734363 -0.044224229601450255 0.2474776829740983 -0.5435361296908551 -0.26283395211853144 0.47235150127515924 0.47235150127515924  738315.5055690167
-0.014993347380984859 -0.04449903387586204 0.24689551039046628 -0.5341151463960517 -0.2535105928433114 0.48096463977273435 0.48096463977273435  738315.5055701891
-0.021358116247350616 -0.04493145944833817 0.2589014639654854 -0.48011293956487183 -0.18535672981853715 0.556409907864094 0.556409907864094  738315.5055712804
-0.02218069761849864 -0.04516886556507136 0.27285641186502546 -0.446802739200913 -0.10683239239097532 0.6072326698043606 0.6072326698043606  738315.5055727347
-0.02300474551409505 -0.04772133088795623 0.271511519257513 -0.4540440704103478 -0.09797186295430761 0.6141600204847888 0.6141600204847888  738315.5055736928
-0.02153403340443452 -0.05331274366698761 0.2830490520204228 -0.38405255375916864 -0.027088123017276595 0.6403207383757704 0.6403207383757704  738315.5055748565
-0.022616506267004097 -0.05690389821240459 0.28043128540945944 -0.38119174784803395 -0.04062977225133739 0.6334404629924947 0.6334404629924947  738315.5055758839
-0.02368375027036929 -0.06180518613999657 0.2844283866093455 -0.29958800387371115 -0.04121162151254838 0.6574198368501998 0.6574198368501998  738315.5055771425
-0.019623125098631917 -0.07795506722817927 0.27931351247226566 -0.07398370026226739 -0.114637982172281 0.7070136125692639 0.7070136125692639  738315.5055783247
-0.0149350060368129 -0.08246650273925006 0.2830840378886363 -0.020051196973431957 -0.030201582773430102 0.7313985764327072 0.7313985764327072  738315.5055797473
-0.018209896020854308 -0.07932915489811308 0.2828640433206676 -0.06267550583497546 -0.028674365651290216 0.7129771922612433 0.7129771922612433  738315.5055805668
-0.018265891285317026 -0.07627530783950623 0.28372088597016043 -0.06465866137596839 -0.017091540394284958 0.7029671667825652 0.7029671667825652  738315.5055816891
-0.024053982136971887 -0.07094753749223515 0.27800414802263107 -0.11437881836771706 -0.06896480997738219 0.6523826269665952 0.6523826269665952  738315.5055829588
-0.026237360855734346 -0.06716972689562238 0.2734450377937137 -0.13611843467762177 -0.09450581580994903 0.6142753296791882 0.6142753296791882  738315.5055840788
-0.024852181143925393 -0.06891954453036325 0.2734728274728868 -0.10164984707648116 -0.09716986899043371 0.6193526025604988 0.6193526025604988  738315.5055851444
-0.02285793805821075 -0.07126213380069152 0.27746445835185285 -0.059525878136721506 -0.0684654528395957 0.6386292954707485 0.6386292954707485  738315.5055864257
-0.020780537627706454 -0.07182728216020953 0.2836870362863405 -0.03084308590800104 -0.021036051258772892 0.6471497766390848 0.6471497766390848  738315.5055875457
-0.018275954284338668 -0.07187172297428053 0.2887379021492101 -0.025896452749325716 0.003980493800189804 0.6517942429278416 0.6517942429278416  738315.5055886388
-0.0168175265379294 -0.07026123745927236 0.2932708339233851 -0.014757827603823577 0.04299432027012706 0.6457042520143618 0.6457042520143618  738315.5055898008
-0.01755328679571071 -0.06823737498554419 0.2956287116064364 -0.03854128250962466 0.05435152491113834 0.6394065128150686 0.6394065128150686  738315.5055910246
-0.021232918942725654 -0.059977161850450364 0.29880490236547275 -0.199703667730085 0.1016431772686598 0.6202133031910818 0.6202133031910818  738315.5055922132
-0.017345816455851485 -0.062473325462680175 0.30562457712837887 -0.1357920277063262 0.14584528501609775 0.6378982354686753 0.6378982354686753  738315.5055933681
-0.016861152657895954 -0.06467360305791316 0.3059004111627282 -0.08670343084883919 0.15135352829856596 0.6390027822591391 0.6390027822591391  738315.505594534
-0.014591758606149538 -0.0684599119578322 0.3077369242127316 -0.03420848265267078 0.16649709525885303 0.6507000284592824 0.6507000284592824  738315.5055956768
-0.014931325665190289 -0.07195144475070196 0.31002672311675494 0.0008313149457399878 0.1483920120527771 0.651366716830542 0.651366716830542  738315.5055968448
-0.014665715091756284 -0.07419169642378644 0.310203960669298 0.018523860697661744 0.14060905118251177 0.6573928933554554 0.6573928933554554  738315.5055979529
-0.014073705836326804 -0.07680798875374041 0.31012616860861353 0.04114437302213794 0.12805483154366085 0.6613119393332273 0.6613119393332273  738315.505599165
-0.010989048046762352 -0.07720056868879578 0.3150373392305535 0.0680764948322993 0.15473589922234388 0.6621488722899904 0.6621488722899904  738315.5056003195
-0.008341345051091704 -0.07747881806427141 0.3192583881397913 0.06820766383851185 0.17502093196959784 0.6654719439811064 0.6654719439811064  738315.505601347
-0.0017308039375988722 -0.0788890144687173 0.32729850266286903 0.10150847457928978 0.23008699455386342 0.6698158165926427 0.6698158165926427  738315.5056026283
0.0007567049997690904 -0.07975091019545649 0.3297140196099494 0.12204224865805165 0.2556249088699866 0.6641181423497776 0.6641181423497776  738315.5056037942
0.0025128394783312763 -0.08082414555195706 0.33060222906526043 0.1346080960166512 0.2788411072989612 0.6639438648406156 0.6639438648406156  738315.505604844
0.0049390302429578575 -0.08145737550865195 0.3326409438764611 0.14218520834986598 0.30397498408652107 0.6636433000661284 0.6636433000661284  738315.5056060047
0.007551129817577965 -0.08097479311028931 0.3344454574174308 0.1515537303552751 0.33225211056086046 0.6588511789899749 0.6588511789899749  738315.5056073669
0.010113892916795408 -0.07973866631411779 0.3371544450510346 0.15447078154008756 0.3683020148380766 0.6506448531762309 0.6506448531762309  738315.5056084174
0.013517919338958287 -0.07908131003386726 0.3404074617801162 0.15856722448356914 0.388029714972632 0.650712889438734 0.650712889438734  738315.5056094563
0.014150649501864395 -0.07909703440098068 0.3421869897666926 0.1563983598565301 0.39300505998543717 0.6517103422638062 0.6517103422638062  738315.5056108531
0.014137402824488153 -0.07898878276363726 0.3423313035877576 0.15514804903579135 0.3929779692978662 0.6513604517771364 0.6513604517771364  738315.5056118919
0.0034069446711008757 -0.07588599788924319 0.3413653186313274 0.05223639353072277 0.3308425747757392 0.6623791794474895 0.6623791794474895  738315.5056130477
-0.01885416002717318 -0.06577618596926599 0.3294611872342106 -0.15833559076599618 0.21937749753039507 0.5932718072317827 0.5932718072317827  738315.5056140866
-0.028075679320374924 -0.059255160281662736 0.31475140474482627 -0.25488756177023086 0.15193511835287285 0.5165417934477232 0.5165417934477232  738315.5056153564
-0.03313698579566143 -0.05733450777247348 0.3055559897576729 -0.3174475599792199 0.09546647324970667 0.45077762037193786 0.45077762037193786  738315.5056164761
-0.033896001050397986 -0.05205547904440541 0.29896580237598075 -0.4079746868688136 0.15250364995102195 0.4195838877143404 0.4195838877143404  738315.5056175832
-0.033170854545793625 -0.05402502346403724 0.2968931290590099 -0.3554244187824089 0.13295185323908512 0.43179857583874875 0.43179857583874875  738315.5056186977
-0.032553763107658736 -0.05226936971277196 0.29097899739857097 -0.3855585379479385 0.11957651787254758 0.41466179796476166 0.41466179796476166  738315.505620048
-0.03188917837918251 -0.04938767914428734 0.2893512749285292 -0.4446550566742914 0.14527254995008304 0.39581920085219996 0.39581920085219996  738315.5056210778
-0.032082151577536855 -0.04720207987841829 0.287887773565982 -0.5533567159340373 0.22339166579538225 0.3809692476301659 0.3809692476301659  738315.5056223111
-0.030633494449447206 -0.04676465725996739 0.2870048912660818 -0.5610079152742348 0.21719393597213904 0.369757207290691 0.369757207290691  738315.5056235117
-0.030110187451629085 -0.04672171580393829 0.2834611171068653 -0.5749587470164812 0.21340442115878958 0.3546724440571175 0.3546724440571175  738315.5056245852
-0.028844038560803222 -0.04805903093028586 0.28255634319661177 -0.5607692729937023 0.22249213535581286 0.3641987335881849 0.3641987335881849  738315.5056257511
-0.027914971885084062 -0.050058806255980595 0.28053232273682627 -0.5562386344481522 0.23626626539528786 0.3736228730091073 0.3736228730091073  738315.5056269978
-0.027814566162466654 -0.05064818093458325 0.2784108569767812 -0.5630109591982704 0.23464612669713414 0.3794861309713923 0.3794861309713923  738315.5056280268
-0.02762221845806843 -0.05085496072446933 0.27668340027706534 -0.5747210735513949 0.2318130162187303 0.3789307109558899 0.3789307109558899  738315.5056291332
-0.027441831298565696 -0.0512993066854709 0.27783476403674473 -0.569976885223159 0.23563756779259912 0.38734063544025765 0.38734063544025765  738315.5056305347
-0.027375770060313623 -0.051710693780290445 0.27781543464127667 -0.5702799076854447 0.23635813751312149 0.39146760641028394 0.39146760641028394  738315.5056316429
-0.026836586224140715 -0.05185983529572912 0.2768668381998928 -0.5680637132195592 0.2384442531234821 0.3886847010866414 0.3886847010866414  738315.5056326706
-0.026591778123714455 -0.05215238911455881 0.27629270547219315 -0.5694986119610665 0.23908546501492864 0.38894035933734883 0.38894035933734883  738315.5056337406
-0.026763921016652016 -0.052072323459640545 0.27658610990351773 -0.5699649130620624 0.2375810508265376 0.390150554646417 0.390150554646417  738315.5056350082
-0.026372222161116243 -0.051666579568295734 0.27655180679640107 -0.5663877427621036 0.23778771487580386 0.3909120468702957 0.3909120468702957  738315.505636126
-0.02570275603898029 -0.051712262825235764 0.2758857942165904 -0.5660798103371688 0.24512139779951772 0.38498599197847294 0.38498599197847294  738315.5056374753
-0.025013964899533163 -0.05164198660632507 0.27556912367100705 -0.572463978171066 0.25088470003860835 0.39127277843585895 0.39127277843585895  738315.5056384911
-0.023990616268413503 -0.0500510556929927 0.2766671393408391 -0.562189390055894 0.2603618415552151 0.3901185848756937 0.3901185848756937  738315.505639664
-0.023972727949540536 -0.050240462941475716 0.2764943974862551 -0.561480330606369 0.26018713858978915 0.39131710389205643 0.39131710389205643  738315.5056407144
-0.024019517829915703 -0.050572990506786604 0.27591592375402035 -0.5596536369277668 0.2575887212468304 0.3938961202863019 0.3938961202863019  738315.5056422008
-0.02429836575133863 -0.050462005729508444 0.2758174185746664 -0.5639172939570904 0.2605949159260671 0.38933679870475973 0.38933679870475973  738315.5056431245
-0.02652223955567976 -0.05039607113721731 0.2728259940168181 -0.5825747655519276 0.24597950340776406 0.3746928240778369 0.3746928240778369  738315.5056441749
-0.02889452094771377 -0.048403689312083026 0.2671924427469193 -0.6293522521791864 0.2246577279278192 0.3381952567824896 0.3381952567824896  738315.5056455372
-0.03184909420935904 -0.047405416942039265 0.26075918869806497 -0.6690759551287374 0.21846889291631522 0.3069252344258899 0.3069252344258899  738315.505646761
-0.03144478272832285 -0.04362684666532299 0.26014349543049575 -0.6535403109126471 0.1864887375998537 0.29243119466753237 0.29243119466753237  738315.5056477764
-0.031520663763216446 -0.04316554479677804 0.2582092430939417 -0.653338148551631 0.17741229852465992 0.2929232399496902 0.2929232399496902  738315.5056488153
-0.030633598350305612 -0.04216319187342941 0.2544957533141244 -0.6592370626636165 0.16863478594163 0.28786913448517265 0.28786913448517265  738315.505650062
-0.03049600521565376 -0.04192155863029995 0.252683182076506 -0.6633939717912156 0.16722346007526898 0.28516686271955266 0.28516686271955266  738315.5056512459
-0.030341728717769283 -0.04258809418974141 0.25240892342779203 -0.660758364894246 0.16533716844304905 0.2873970776059517 0.2873970776059517  738315.5056522503
-0.028411621071075872 -0.044349336821745 0.2501355942681294 -0.6623022415181143 0.16286413335213454 0.2781864760070902 0.2781864760070902  738315.50565352
-0.027894953890847306 -0.04689734225682612 0.24779447248833522 -0.6491427711936563 0.13409050499191785 0.2783566851000819 0.2783566851000819  738315.5056546357
-0.020729018015270148 -0.045712219182262225 0.24581157959519387 -0.6729737765518513 0.20666100067418106 0.26299211636728437 0.26299211636728437  738315.5056557641
0.002864710894286769 -0.030911444503359965 0.24199999460293276 -0.6498993505545113 0.2715324551181441 0.18793383013478548 0.18793383013478548  738315.5056570339
0.009825936844948965 -0.026332359250042667 0.23914313405091892 -0.6398308872530304 0.2681306113531071 0.17870837522976996 0.17870837522976996  738315.5056581767
0.012387747586777874 -0.026198553052895934 0.23839555200098012 -0.6615096067284086 0.34286827315525437 0.15214996384563037 0.15214996384563037  738315.5056592271
0.017364443510499136 -0.02275195106804116 0.23364270823725838 -0.6753504299029222 0.3356215082937258 0.20617481573818247 0.20617481573818247  738315.5056605319
0.019044712389214163 -0.021955341781113823 0.23290778569521436 -0.6726582946061342 0.33385499430331916 0.20847863245696255 0.20847863245696255  738315.5056616167
0.018136570758027347 -0.02048121206329566 0.23175182782578455 -0.6927268883919375 0.3239369573237586 0.23234112763457088 0.23234112763457088  738315.5056627707
0.020829829221414728 -0.020284813497275643 0.23306715441187809 -0.6442843944605186 0.3317084693157603 0.19120588924280346 0.19120588924280346  738315.505663839
0.024326326915068096 -0.023675967072377537 0.23264418992240676 -0.6467130263942449 0.3174380799541419 0.1906701812937456 0.1906701812937456  738315.5056653512
0.02539780112066552 -0.03132099426830756 0.23160437551485732 -0.6513634091049367 0.31525664542014703 0.18824227026964654 0.18824227026964654  738315.5056662862
0.024611960394673664 -0.031475739047996706 0.2333609437940666 -0.6429406874449861 0.32776508959102507 0.15942139824274604 0.15942139824274604  738315.5056675097
0.02248345332666963 -0.03596962303684451 0.22887192526628208 -0.6606740620310505 0.3729524685260487 0.16375842695425866 0.16375842695425866  738315.5056686712
0.02382456503907692 -0.03754789222266259 0.2277878141544372 -0.6626577038165968 0.3045035160277034 0.1543168862885118 0.1543168862885118  738315.5056696981
0.023991550537749644 -0.0414432442637913 0.2275451567512593 -0.6983212302402472 0.31437292581343945 0.133861935724155 0.133861935724155  738315.5056709247
0.024298495294328152 -0.04345215222374365 0.2254452130336461 -0.7164861671017203 0.30975388499671347 0.12767534598216437 0.12767534598216437  738315.5056720753
0.024029026798769847 -0.04493615888079651 0.2251239531262697 -0.7273484498667477 0.3174940362608976 0.1203094653311851 0.1203094653311851  738315.5056731373
0.029528584430811983 -0.04549197443069367 0.22692801401954485 -0.7350428937505543 0.2789416288530804 0.07949470987054282 0.07949470987054282  738315.5056743878
0.0 0.0 0.0 0.0 0.0 0.0 0.0  738315.5056755537
0.03813230084435313 -0.04457080060212556 0.2298204385011226 0.6118221894012617 -0.03923062609106106 -0.10411410566434283 -0.10411410566434283  738315.5056766849
0.037495179329130116 -0.04593859306943716 0.23050875862921316 0.6027782451647932 -0.03711890651949143 -0.10967260063233125 -0.10967260063233125  738315.5056778615
0.040075505727648605 -0.044168057683352344 0.2309082586616836 0.6152531610642085 -0.05603244656175657 -0.11848960713577239 -0.11848960713577239  738315.5056790158
0.040556456512199496 -0.04273875037565547 0.23213685942125734 0.6243494675541219 -0.06436215754128857 -0.12378421719831995 -0.12378421719831995  738315.5056801586
0.04080403175726121 -0.0430492748757442 0.23376750312102026 0.6327317005773496 -0.038130847879311154 -0.11477536455625234 -0.11477536455625234  738315.5056812204
0.041216834034521144 -0.04211715235535149 0.23323697321855924 0.638022826948761 -0.044184595541368527 -0.11924903388204067 -0.11924903388204067  738315.5056824902
0.04065193331640878 -0.042299337466836354 0.22837589575281897 -0.7260076065091398 0.240403163127429 0.04251808178999617 0.04251808178999617  738315.5056836514
0.040811940546532546 -0.0424044008356127 0.22848199563714133 -0.7229008048128255 0.24641494517517615 0.03914999764250668 0.03914999764250668  738315.5056848102
0.042342920536898386 -0.040656339808223176 0.233216212411358 0.6421761015718931 -0.04659883468400261 -0.13580501888628918 -0.13580501888628918  738315.5056858376
0.0433011122174816 -0.04099511644941561 0.23340786237004357 0.635682929978687 -0.06516770375129663 -0.14342153116553982 -0.14342153116553982  738315.5056871077
0.04355474189737281 -0.04032778171434687 0.2333891750766487 0.6468130380087924 -0.051625095544006586 -0.13816932888609823 -0.13816932888609823  738315.5056882044
0.04438278608897952 -0.03996858973421154 0.23257278466107573 0.6489488021448189 -0.05503648073075357 -0.13759227811869232 -0.13759227811869232  738315.5056893168
0.04498637404545558 -0.03985443053979572 0.2320048820993776 0.6485570291091777 -0.05747057134163322 -0.1376285883792871 -0.1376285883792871  738315.5056907135
0.04342678223194098 -0.041025191362915235 0.22726545519359134 -0.7105017871446239 0.2520382565923921 0.02981452683026883 0.02981452683026883  738315.5056917182
0.04327534608259564 -0.04099620205823877 0.22678446413727102 -0.7100758214395039 0.253505727583587 0.02643768893367363 0.02643768893367363  738315.5056929279
0.043026272884722085 -0.041399846579669934 0.2262423450081667 -0.7109782203689622 0.2519017020893215 0.02705954091709998 0.02705954091709998  738315.505694073
0.0425503364802834 -0.04157437742509607 0.2251443080592576 -0.7128150751256382 0.25065435454736423 0.01134919746016117 0.01134919746016117  738315.5056952736
0.04198997090551808 -0.041439294572302866 0.2308235411540975 -0.7101730503257648 0.23080008857067158 0.014718087370282058 0.014718087370282058  738315.5056963007
0.04711880484978917 -0.03564952018429282 0.22719345424735318 -0.6836410864167334 0.15814461024985393 0.010213070173231902 0.010213070173231902  738315.5056975362
0.04937992541497315 -0.03564507063633173 0.2261774454960274 -0.6827749423561598 0.13783994551906967 -0.018891217313729027 -0.018891217313729027  738315.5056988171
0.051829324110095866 -0.035515411921765126 0.22743192238106508 -0.690480211011854 0.13414404148804893 -0.04468425587949427 -0.04468425587949427  738315.505699856
0.05291313403732821 -0.03390885284083237 0.23209505182510456 -0.663561886394495 0.10998803405756935 -0.051649640605513435 -0.051649640605513435  738315.5057009179
0.04797827459540608 -0.03329464755641211 0.23770254351357942 -0.5819221258488813 0.10355472120313998 -0.04135898377574918 -0.04135898377574918  738315.5057020539
0.038341236437943495 -0.03313617787895404 0.24216668681900244 -0.4998987190298628 0.13720482652569066 0.03324493951423728 0.03324493951423728  738315.5057033236
0.03714486178252712 -0.03791879214645793 0.2539049706158515 -0.45175572877581904 0.12650067718019264 0.03117053894549073 0.03117053894549073  738315.505704478
0.039195163280074406 -0.040553770796184455 0.2680504668354042 -0.3965227954259541 0.1079237019082906 0.003944758635403358 0.003944758635403358  738315.5057055283
0.03734145216843334 -0.039528645600472895 0.27595157235295087 -0.37114535207056254 0.1814065538192198 0.06592554780179685 0.06592554780179685  738315.5057066598
0.03520143068123356 -0.0338343912582383 0.2692416551341592 -0.4036920710497906 0.44201641138204767 0.24294800925656407 0.24294800925656407  738315.5057080757
0.04112177698632819 -0.0268593302960448 0.2681389872959763 -0.4009890480458823 0.5657331453292046 0.30492723482384376 0.30492723482384376  738315.5057091031
0.04186180501759666 -0.020006385903715024 0.2685489924334115 -0.448970617778029 0.573944634914015 0.43896080475324606 0.43896080475324606  738315.505710165
0.043235438944910186 -0.018911402886576206 0.26959082239691695 -0.40179510372469046 0.6623018642766386 0.41020832169616417 0.41020832169616417  738315.5057115467
0.04383534292952195 -0.01742662683753466 0.26990727317054675 -0.3902101958758188 0.6644340113572909 0.41086105578037374 0.41086105578037374  738315.5057125395
0.044068575181497184 -0.01789666610816299 0.2676445210382974 -0.4019617241456449 0.667325684318138 0.39700118970708737 0.39700118970708737  738315.5057136384
0.04630251233436098 -0.016466734628911895 0.26596357045587393 -0.39071141412805127 0.6568132701799347 0.38191076973071014 0.38191076973071014  738315.5057150017
0.04507618730739014 -0.017201944166999633 0.26643603645864167 -0.39462455970033994 0.6589119123917668 0.39127702244715473 0.39127702244715473  738315.5057160059
0.043715619686817905 -0.01886244381040467 0.2659942332754518 -0.41085950334690285 0.6545820513938452 0.3957665372480437 0.3957665372480437  738315.5057170925
0.043070412029272864 -0.019528879531196287 0.2640884152134566 -0.4153390879212282 0.6512446335377454 0.39547892298447723 0.39547892298447723  738315.5057183738
0.04252485220466088 -0.01957236598347878 0.26379989129787457 -0.4207753520661092 0.6477663725362308 0.3966181207959602 0.3966181207959602  738315.505719436
0.040183667269805774 -0.021601124458189513 0.26422588534582997 -0.4243959100460305 0.673091566337976 0.3902182928966101 0.3902182928966101  738315.5057205546
0.03908505394435009 -0.02199213237881413 0.2647459503470305 -0.42549046342677194 0.657723609692794 0.3898352165717422 0.3898352165717422  738315.5057218474
0.03820143688635486 -0.022090194085578992 0.2687134457340553 -0.4258544781744888 0.580115111268848 0.38466943109000235 0.38466943109000235  738315.5057229556
0.027492408220615078 -0.03091036343236265 0.2744092943089581 -0.42480646307619446 0.415594464587216 0.3474475040943781 0.3474475040943781  738315.5057240528
0.009097324901751557 -0.04327101924141574 0.27560285556051445 -0.4208928739453435 0.32083757213840564 0.3719912254218871 0.3719912254218871  738315.5057251831
-0.0004611754954112706 -0.05336845108888806 0.28057798196328665 -0.3945685187353038 0.1751414607985374 0.3293723538822604 0.3293723538822604  738315.5057264759
-0.007487998708576187 -0.05859312305668231 0.2820512790270007 -0.39321710325929765 0.02773012747510463 0.2765007255914006 0.2765007255914006  738315.5057275838
-0.013559921245511431 -0.06292777956792404 0.2781540280477968 -0.381740635103503 -0.15684989863911114 0.17798452981321639 0.17798452981321639  738315.505728836
-0.020293773333097363 -0.06647304626926237 0.26732636324782294 -0.3619996747516502 -0.31394105369818365 0.08161794208775798 0.08161794208775798  738315.5057300668
-0.02652888406453935 -0.0676068066366209 0.25776096097999557 -0.305867541459436 -0.43507158910934807 0.03549251023897354 0.03549251023897354  738315.5057310825
-0.025966409045021135 -0.06919097971768358 0.24712480725133712 -0.2666703702445954 -0.5033474677512536 -0.039061443757331844 -0.039061443757331844  738315.5057322654
-0.024515289656894392 -0.06816025277487588 0.24199622697991535 -0.2540446610438496 -0.5333165692436173 -0.06637646145899301 -0.06637646145899301  738315.5057334544
-0.02574699152436531 -0.06795583438440832 0.2417925741446251 -0.25364878223723186 -0.5470834991491296 -0.0776523296807504 -0.0776523296807504  738315.5057344948
-0.0273744469836998 -0.0688184327168235 0.24424915063515565 -0.23592244872468082 -0.547099508271744 -0.0836304419856523 -0.0836304419856523  738315.5057357227
-0.0276566949494426 -0.06845313242276593 0.2435708062168194 -0.24471564007736968 -0.5484113061219286 -0.07930553109154881 -0.07930553109154881  738315.5057368539
-0.025937514684412064 -0.06557875059472998 0.2369120200648105 -0.2831768491797819 -0.5732427097097227 -0.06343823839659725 -0.06343823839659725  738315.5057379503
-0.02282965234786525 -0.06137372959988183 0.23422753418926906 -0.2853403058475732 -0.5783040331730391 -0.06278729861725003 -0.06278729861725003  738315.505739066
-0.02380580010615168 -0.05887556942581443 0.233509296770998 -0.25807714337800103 -0.5703871228277749 -0.044394203604900984 -0.044394203604900984  738315.5057403692
-0.02315847910132144 -0.05792455522238286 0.23784410284991198 -0.25078854374110743 -0.5416152769901084 -0.0389946804200322 -0.0389946804200322  738315.5057415232
-0.02185661314876189 -0.05593912180754351 0.24583020836279318 -0.2407179579901363 -0.49799459175654914 -0.07128100651415573 -0.07128100651415573  738315.5057425505
-0.018254222107286725 -0.047619471194246824 0.24718088062801985 -0.2821459980712653 -0.4814255945421397 -0.1780689533301082 -0.1780689533301082  738315.5057439904
-0.01761460204641217 -0.04294287680426065 0.2465499782340105 -0.31102410748533593 -0.4823246491347963 -0.19789288308645084 -0.19789288308645084  738315.5057449947
-0.017084767884953667 -0.03855638805637179 0.2445653735781217 -0.3342251804326085 -0.49799603127064596 -0.2130528520644685 -0.2130528520644685  738315.5057460451
-0.014607961070682279 -0.03525580614311192 0.23754080440113345 -0.3943614033833822 -0.5306097608453173 -0.2248661461768627 -0.2248661461768627  738315.5057473149
-0.012781470075192458 -0.03693680727001822 0.23324032119091223 -0.34075466252602193 -0.5386022713309081 -0.2494251892332432 -0.2494251892332432  738315.5057484631
-0.014633729674841334 -0.030562425097838485 0.2282160261305826 -0.3255608969356256 -0.5342375015009619 -0.27724357766543806 -0.27724357766543806  738315.5057496175
-0.010568583741586432 -0.03294779682313986 0.21598180110124737 -0.29637465863721846 -0.5989635414507685 -0.30153394722965693 -0.30153394722965693  738315.505750853
-0.013160871217384938 -0.03240871758411242 0.20901913565977134 -0.2682864590280991 -0.5460305486274744 -0.3415790285950559 -0.3415790285950559  738315.5057519383
-0.01095625336309392 -0.031715147702017686 0.20011265935156078 -0.2674059680851828 -0.5672943375276269 -0.3567140350841716 -0.3567140350841716  738315.5057529889
-0.010210463730053292 -0.03661092094177459 0.20016966886082366 -0.26976446716638247 -0.5554492632630569 -0.36121247813339097 -0.36121247813339097  738315.5057541038
-0.008171054319192404 -0.042424145481016806 0.19713548758643182 -0.2735401283783081 -0.5700356487216279 -0.35845900048913903 -0.35845900048913903  738315.5057556722
-0.014114560822791705 -0.05161038160262604 0.2030869956568079 -0.2877200295317218 -0.516987628862214 -0.3028753901478408 -0.3028753901478408  738315.5057565032
-0.019315080363520965 -0.05822393220333911 0.20278634576366603 -0.30308737404820685 -0.5113821257131247 -0.2670939684818009 -0.2670939684818009  738315.5057575866
-0.025474953164757636 -0.0806313136528344 0.2121339606414362 -0.45870383686808675 -0.4487888559848655 -0.09166975136959055 -0.09166975136959055  738315.5057588795
-0.026297110068901907 -0.07199466402059072 0.21320202559487483 -0.49769853786985885 -0.4002625639923158 -0.1842151777921665 -0.1842151777921665  738315.5057600222
-0.022958020814627254 -0.06327854566773472 0.213592621723421 -0.5813473466973447 -0.3717682775625404 -0.2311456670934019 -0.2311456670934019  738315.5057610611
-0.01924376267983229 -0.05564762954777255 0.21716530096982067 -0.5816794956548833 -0.3396290459361425 -0.2536341583693462 -0.2536341583693462  738315.5057623539
-0.013169814020904034 -0.04569410558926326 0.22042228215756793 -0.5723779401893859 -0.30282547940272997 -0.31454556413770274 -0.31454556413770274  738315.505763439
-0.00816028078409501 -0.04063627086057002 0.22014673334299215 -0.5709400911606171 -0.28522830158458073 -0.3632037993685718 -0.3632037993685718  738315.5057645526
-0.005871700124529165 -0.03990761061508121 0.21887787621724641 -0.5866041605110602 -0.29156451033070213 -0.3698393826263821 -0.3698393826263821  738315.505765707
-0.00594109043328045 -0.04101020597983555 0.21760783232550704 -0.6122874761733508 -0.30359458285216684 -0.366078377194771 -0.366078377194771  738315.505767023
-0.0048004679106919 -0.03995044324254366 0.21797276953280534 -0.6032330568865595 -0.30743946779523423 -0.3759046002434365 -0.3759046002434365  738315.5057681433
-0.003296047653776851 -0.039544053503650374 0.2174651037761794 -0.6067580154670201 -0.3033010785112703 -0.38544269943805715 -0.38544269943805715  738315.50576924
-0.003028898715571997 -0.04007814762127589 0.21689357188489816 -0.615401616441353 -0.2890130981298208 -0.3711386544176518 -0.3711386544176518  738315.5057704598
-0.0016963104717367375 -0.03958981764675071 0.21688288978857811 -0.6142772149960736 -0.29039496241822793 -0.37571096396314557 -0.37571096396314557  738315.5057715134
-0.0022520173619270055 -0.0386385884821589 0.21767988617716522 -0.6124052463131715 -0.28493057915373987 -0.3684291748847087 -0.3684291748847087  738315.5057726604
-0.0017754172600754749 -0.038167395496882146 0.2182734068720904 -0.6091936061763494 -0.28554474037586147 -0.3705158347028306 -0.3705158347028306  738315.5057739241
-0.0010543428770958473 -0.03827942978117269 0.2184549289293882 -0.6126688373450183 -0.2803797913011763 -0.36758805439848186 -0.36758805439848186  738315.5057750092
-0.0006315498299380475 -0.03901716223022574 0.21808233744758515 -0.6120734916397961 -0.27933865789696277 -0.3699584013006775 -0.3699584013006775  738315.5057760869
-0.0004841435925048061 -0.03961761171890889 0.21804856801494116 -0.6116899571950071 -0.27904365737639447 -0.3701881913460342 -0.3701881913460342  738315.5057774025
-0.00031439578376488576 -0.039599101112453856 0.21831155974701794 -0.6110130520582916 -0.2788128608129064 -0.3695239712632702 -0.3695239712632702  738315.5057785107
1.3356248131000948e-06 -0.03964367060996229 0.2182298489718178 -0.6113777750629412 -0.2780314852614828 -0.3670849355549558 -0.3670849355549558  738315.5057795814
0.00042445661712738313 -0.040249304147440455 0.21781900174096216 -0.6123414304833577 -0.27722571924830497 -0.3649717205953058 -0.3649717205953058  738315.5057809204
0.00045933946732485477 -0.04042177201560421 0.21742286671184086 -0.6115601819542239 -0.2785531531749271 -0.361053074791548 -0.361053074791548  738315.5057819844
0.0007897962414165872 -0.040200017615779265 0.21684257137116736 -0.614605645987881 -0.27502942754670745 -0.3623786102693645 -0.3623786102693645  738315.5057831903
0.0010188310781760915 -0.039957292610843916 0.21607929123259514 -0.6157519055175323 -0.27642175136178193 -0.3627935979067402 -0.3627935979067402  738315.5057842331
0.0005006855993147618 -0.03985957689322006 0.21621200590969603 -0.6180969454480947 -0.27669695602247973 -0.35903159043187893 -0.35903159043187893  738315.5057854797
0.00031377516586813213 -0.03958630228145389 0.21595906697759676 -0.6192624418108 -0.2773119961509132 -0.35595602617778227 -0.35595602617778227  738315.5057865955
0.0006057715169640341 -0.03871497214094026 0.2167376454283275 -0.6102216931096255 -0.2809415501970114 -0.36275738977577293 -0.36275738977577293  738315.505787678
0.0007328344226175598 -0.0384790141130216 0.21609385208831974 -0.6181553068535496 -0.2749024978566225 -0.3599122350150736 -0.3599122350150736  738315.5057890824
0.0007152446645219999 -0.0386710535680656 0.21604233064810902 -0.6158518118653842 -0.2761635900247351 -0.3591808623863636 -0.3591808623863636  738315.5057901563
0.0008585033193544842 -0.03878834088555167 0.21607746243692905 -0.6193714849580472 -0.27462279819153473 -0.3585978824164927 -0.3585978824164927  738315.5057912872
0.0009739198745726852 -0.03877792423240572 0.21610180691710693 -0.6188300629639293 -0.2724742553026879 -0.36053017096205087 -0.36053017096205087  738315.50579258
0.0015084030492787755 -0.038648010170057215 0.21585914256799038 -0.6172414980194344 -0.27521783024990937 -0.36298975034652836 -0.36298975034652836  738315.5057935842
0.0016866261061967572 -0.03890740846086032 0.21567032778556564 -0.618083211885473 -0.2753854106429244 -0.36457750313728615 -0.36457750313728615  738315.5057947501
0.0016023170902477555 -0.03916660860284721 0.2157427676782278 -0.61815288051204 -0.2760804628031908 -0.3638805903088612 -0.3638805903088612  738315.5057958585
0.0020436097034313276 -0.039216895330870624 0.21534556428688495 -0.6165618256220878 -0.276468509608876 -0.36589775406613456 -0.36589775406613456  738315.5057970757
0.0022032452773743613 -0.03913511565482961 0.21502496420909228 -0.61616059610269 -0.276601808471518 -0.3664626548450107 -0.3664626548450107  738315.5057982184
0.0021384085357265947 -0.039184350765951406 0.21510981523035652 -0.6171586459591418 -0.2757403220513784 -0.3669098438166022 -0.3669098438166022  738315.5057992572
0.002172083828433888 -0.03896681614636086 0.21441761654456978 -0.6151588459489002 -0.2776834943341158 -0.36616678129981545 -0.36616678129981545  738315.5058006655
0.0017417864734472137 -0.03858927371073933 0.21475232955686346 -0.6088591945976981 -0.2731003284868615 -0.37026057069900215 -0.37026057069900215  738315.5058017011
-0.003963356022808588 -0.03886458551968668 0.22308022043975365 -0.5676265776948799 -0.2301711554925573 -0.34751460258699146 -0.34751460258699146  738315.5058027982
-0.008843628943656047 -0.03806879574103138 0.23244090386441135 -0.45918642330527787 -0.14530213967121697 -0.3041549575718006 -0.3041549575718006  738315.5058038684
-0.013700413212713848 -0.04124418482610116 0.23216276945053863 -0.3457291232624994 -0.0927179122507394 -0.2941199438182617 -0.2941199438182617  738315.5058051723
-0.01209675751499118 -0.04399100206359201 0.23358398988974183 -0.2937319580588297 -0.03681496259955713 -0.30483811383264664 -0.30483811383264664  738315.505806315
-0.0067219497470699385 -0.0449202819138991 0.23060569597214664 -0.22416103948169555 0.010746019174773512 -0.2908541901177181 -0.2908541901177181  738315.5058073886
0.0025512469148555638 -0.04239781672616415 0.22757676245169559 -0.13851921634645978 0.015627906671869925 -0.35388852690950834 -0.35388852690950834  738315.5058084937
0.013469346075061563 -0.037538384369605875 0.22008789488247507 -0.0853518019880832 0.04061667231376507 -0.38511179638781956 -0.38511179638781956  738315.5058097979
0.025216098595334368 -0.032642363713192166 0.2126951154089774 -0.05781516312474133 0.06150975040201884 -0.40405105843807354 -0.40405105843807354  738315.5058109628
0.033742808074766185 -0.029844659058253897 0.20480962777852932 -0.07351466063956655 0.12628749175764073 -0.39008286128060077 -0.39008286128060077  738315.5058120018
0.027768705245735274 -0.037440253189075394 0.1905508291114886 0.11281013912347292 0.11165652471731558 -0.4017152418858223 -0.4017152418858223  738315.5058133985
0.025547027645270833 -0.039968949506805886 0.1817066689737311 0.19234181862864938 0.11365921759168147 -0.4401956892086091 -0.4401956892086091  738315.5058144258
0.03307968297080133 -0.036731524146281655 0.18488531217948825 0.03140249225472664 0.18288041963320542 -0.49496568055268836 -0.49496568055268836  738315.5058155917
0.03346707797167443 -0.042227107893679776 0.18684454761213948 0.14272767302083694 0.21803203733077822 -0.5645107305132101 -0.5645107305132101  738315.5058166421
0.027276221476755035 -0.040477669943108134 0.1852048721798173 0.2214620261357775 0.15514622349222978 -0.6218447622663245 -0.6218447622663245  738315.505817935
0.022675079134476087 -0.03974788736354802 0.1846506516388267 0.293030757629462 0.12930118097813909 -0.6445667371032673 -0.6445667371032673  738315.5058190558
0.023409765358901612 -0.02673837459163051 0.1887092082028681 0.140811739789771 0.007885270743430683 -0.6754499265865389 -0.6754499265865389  738315.5058202205
0.031954901515967124 -0.009484234961815087 0.19164687484992096 -0.12293459073621903 -0.07005977933787536 -0.6830979514924547 -0.6830979514924547  738315.5058212593
0.03652343927624244 0.008165362407267378 0.20106640968387027 -0.2979747430361605 -0.23973310915795035 -0.670407958207216 -0.670407958207216  738315.5058225525
0.04044695324880838 0.020100016584968742 0.2038820773739184 -0.4238941737266571 -0.32422237213407573 -0.5845886532761813 -0.5845886532761813  738315.5058236951
0.04441763379317763 0.022459394290407757 0.2044706167751765 -0.4578112262643584 -0.3342839490250155 -0.5658582939556654 -0.5658582939556654  738315.5058247918
0.045633860424533455 0.024966972607440827 0.20237346223258798 -0.49209870961550767 -0.38862111002503824 -0.5094645388729986 -0.5094645388729986  738315.5058261286
0.045277890341508205 0.021156556138807948 0.20130571524378016 -0.4658701002891855 -0.4086301129239366 -0.5038915733329914 -0.5038915733329914  738315.5058271675
0.0451321344283366 0.01782241711585464 0.20093845963894505 -0.4548894284642152 -0.41506251285878865 -0.5017705328976115 -0.5017705328976115  738315.5058283104
0.043780770988003676 0.013900523992014786 0.2024580211404696 -0.44738788536133334 -0.43389519025619533 -0.48991292116285934 -0.48991292116285934  738315.5058296055
0.04419721043573426 0.011360690044031375 0.203331839041711 -0.43997732532130823 -0.42709243659359514 -0.4917018916499697 -0.4917018916499697  738315.5058305407
0.04677876003826301 0.007577893804154916 0.20265450160829016 -0.4325545744800347 -0.3981977263311745 -0.5049827583955414 -0.5049827583955414  738315.505831918
0.047421336301920275 0.006692739010286019 0.20433182656426374 -0.42116839067213396 -0.3779815914585831 -0.518549017456383 -0.518549017456383  738315.505832957
0.04777307211267426 0.005178891797021913 0.20623643477381307 -0.4120995325076541 -0.350900677176654 -0.5191253375561733 -0.5191253375561733  738315.5058341083
0.04690658434889828 0.00304919161447272 0.20696504159389403 -0.4048144327843764 -0.34305685061399505 -0.5267593258917049 -0.5267593258917049  738315.5058353782
0.0465072071009515 0.0014817139258871065 0.2069886773529181 -0.3877415636553146 -0.32576339013830735 -0.5396003048737394 -0.5396003048737394  738315.5058365576
0.04758771665140134 0.00044544394663018706 0.20708865483667413 -0.37807222771083726 -0.3001682370552692 -0.551777705312745 -0.551777705312745  738315.505837458
0.04788557281640612 -0.0012711511083830862 0.2086686105044971 -0.3615451327424087 -0.270146940828899 -0.5677953686420055 -0.5677953686420055  738315.5058388661
0.04811893159480685 -0.0013290090276594773 0.20897687046069546 -0.36075099251190285 -0.2664358263809754 -0.564603136461464 -0.564603136461464  738315.5058399008
0.04874974013612236 -0.0018982452394325406 0.20901546349402916 -0.3530753414960756 -0.2629377642183342 -0.566773111305328 -0.566773111305328  738315.5058409743
0.0483734607952903 -0.003062899590942273 0.2101033742739646 -0.3348056954580283 -0.2640230828202049 -0.573826577893609 -0.573826577893609  738315.5058420987
0.04787996062177289 -0.0050486583733452845 0.2112756441956824 -0.30321185387771254 -0.24194805597346353 -0.5888400466107422 -0.5888400466107422  738315.5058433682
0.0481370761035019 -0.005746586913547437 0.21193479778586014 -0.29134851608145185 -0.23083882223363886 -0.5887596723914493 -0.5887596723914493  738315.5058445226
0.0480591901226321 -0.0065791436724144435 0.2123771635362656 -0.28863927197563083 -0.2343208325823372 -0.5888727281976781 -0.5888727281976781  738315.5058456863
0.04943984495400694 -0.00761071935778007 0.21464527198707956 -0.2904410780143006 -0.20481872071743532 -0.5992819773750475 -0.5992819773750475  738315.505846956
0.049750374806085226 -0.008520205246896546 0.21575504200415635 -0.283779028053181 -0.19445161593794338 -0.5969581375489718 -0.5969581375489718  738315.505847995
0.0502517084002635 -0.009319142876407355 0.21573110703371118 -0.28802151687860056 -0.18420767157413886 -0.5947929003488617 -0.5947929003488617  738315.505849069
0.050084498970108 -0.009608762747272945 0.21545491661870478 -0.2816337204029585 -0.18152146000591182 -0.5961345382662643 -0.5961345382662643  738315.5058501976
0.04963436740755384 -0.009555977039305238 0.21682319892645677 -0.28190965405972035 -0.19612806664426488 -0.6032848963182467 -0.6032848963182467  738315.505851479
0.04879348938075031 -0.009834771803174843 0.21777461196906 -0.286143427916155 -0.20630774296056914 -0.6008279852268882 -0.6008279852268882  738315.5058525755
0.04778471027883892 -0.011491650613664747 0.21859551051687245 -0.27844419966734124 -0.1918376381781459 -0.6002536269731957 -0.6002536269731957  738315.5058537866
0.04743498111554005 -0.012847478542803978 0.2187214498316335 -0.2774671988807445 -0.19795867187714333 -0.5949283774028401 -0.5949283774028401  738315.5058550609
0.04783663417195719 -0.015089493179408874 0.2167931452254213 -0.262603579506864 -0.18268065897365143 -0.5942967557774372 -0.5942967557774372  738315.5058560998
0.04993194805369037 -0.019616603247404933 0.21697743514825213 -0.233232399880925 -0.1358747643701331 -0.5978337536668666 -0.5978337536668666  738315.5058572426
0.05196338178346367 -0.027564456517443166 0.22075882810150774 -0.19323785221897177 -0.08703087187816373 -0.5754765937934173 -0.5754765937934173  738315.50585842
0.05511477518857178 -0.036623485438160346 0.21797559174578438 -0.16083904306936214 -0.03697905184252523 -0.5629804440494444 -0.5629804440494444  738315.5058595685
0.05408247616824052 -0.03938368840886188 0.20925076100850135 -0.10884339388098713 0.004309591570044125 -0.5654501407973425 -0.5654501407973425  738315.5058607301
0.04815765781997599 -0.041743065466929075 0.19677319388966089 -0.04476099280181048 0.05093653006111151 -0.5515420016607687 -0.5515420016607687  738315.5058619075
0.04224500290688827 -0.0436785583117661 0.1815618442919152 -0.06482583784197027 0.18263662130771224 -0.5419184951072041 -0.5419184951072041  738315.505862986
0.024669218031735315 -0.047856492615625947 0.17479826555160674 -0.01762518089092392 0.23615065864833273 -0.4720508298927563 -0.4720508298927563  738315.5058640594
0.0030223902530756687 -0.048110942913993045 0.1792194428595949 0.049063793526981335 0.010727386428499118 -0.4829514258523185 -0.4829514258523185  738315.5058653619
-0.0001251116605198185 -0.052787617063471785 0.1788162758698678 0.06454146766731991 0.04888266811123284 -0.47270119418524437 -0.47270119418524437  738315.5058665135
-0.0038731334074116365 -0.0562549300126691 0.17748352456034994 0.10911987622468068 -0.03411688675025965 -0.4593362453973226 -0.4593362453973226  738315.5058676797
-0.005019162367954999 -0.05812260011872209 0.17718838341523485 0.13210028648006253 -0.11156559759048744 -0.4610309498879597 -0.4610309498879597  738315.505868834
-0.002361765825159359 -0.058927820257866824 0.1776201607657233 0.1328385061230037 -0.09514986196830973 -0.46157519155055593 -0.46157519155055593  738315.5058699768
-0.0022794893886656053 -0.05707184193848924 0.1780529688533301 0.10678945635190097 -0.1187719132991935 -0.4566953950679074 -0.4566953950679074  738315.5058710506
-0.002630043431597986 -0.056685394552173335 0.1803378587046675 0.10176952249498594 -0.14616454697211018 -0.46101244733488966 -0.46101244733488966  738315.50587217
-0.00045592345895759855 -0.055538286218826845 0.1808655707535913 0.07733554451168535 -0.14255109064135446 -0.45774100469711443 -0.45774100469711443  738315.5058735753
-0.000727384239391232 -0.05525897465793411 0.18284001085637078 0.08035663967805937 -0.1685215559487745 -0.4644103006237715 -0.4644103006237715  738315.5058746027
-0.0003665698757247853 -0.05546588120038769 0.18455164703203564 0.07852162330703888 -0.18826697464059622 -0.47134074307251367 -0.47134074307251367  738315.5058757227
0.0015525480415652995 -0.055303445844724644 0.18569977949564428 0.0672677285065827 -0.1749482165328374 -0.47204367590522156 -0.47204367590522156  738315.5058769566
0.0025683096391013642 -0.05467322267954085 0.18737726809831404 0.054627017685085974 -0.16387523444096416 -0.46789210523910646 -0.46789210523910646  738315.5058779984
0.002716778354935891 -0.05292376762013984 0.1892386002664805 0.024307494626507956 -0.18175868833152076 -0.4577429968423504 -0.4577429968423504  738315.50587925
0.0007424138182408466 -0.05164597578261651 0.1899962037633583 0.013229394365128268 -0.2583136412403411 -0.4540313017068007 -0.4540313017068007  738315.5058804159
0.0025027478752235738 -0.05020280146344101 0.1935030258106672 -0.0025020431157345615 -0.24297993772502655 -0.45362684181761737 -0.45362684181761737  738315.5058816511
0.009141138987697101 -0.04819105034507728 0.19959972660661426 -0.06762186334790014 -0.14811028835203527 -0.46793227344383465 -0.46793227344383465  738315.5058827361
0.017420572254717413 -0.0438154911796912 0.20823972123710371 -0.13443028382486832 -0.0966173208842053 -0.45426530381812985 -0.45426530381812985  738315.5058838789
0.023366560009529965 -0.03931558008602217 0.21383982880808702 -0.18705974201221992 -0.07051510376021036 -0.462206440002809 -0.462206440002809  738315.505884987
0.026325356200761412 -0.036157099071461675 0.21879338356116904 -0.20976407603461977 -0.06072372751655795 -0.4670600382444758 -0.4670600382444758  738315.5058861991
0.027707877439525803 -0.03572125432593792 0.22085839283419517 -0.21126646249639647 -0.04480405997285729 -0.46661274429576827 -0.46661274429576827  738315.5058872037
0.027828645079463386 -0.03698537855775806 0.22409237752782896 -0.19331716011614072 -0.03800932757711349 -0.4636657814032798 -0.4636657814032798  738315.5058885077
0.02699790277154059 -0.0379705288753763 0.22555406007871787 -0.18296457811904532 -0.043311585498377644 -0.4741331810657821 -0.4741331810657821  738315.5058896159
0.026125765427546487 -0.03904009746662485 0.22641606818628146 -0.17978608069586913 -0.057155902097346827 -0.4864227075440288 -0.4864227075440288  738315.5058906653
0.028617343078710604 -0.04186680931305982 0.2273487484612531 -0.16316775577599635 -0.0017412012184105329 -0.48241120266493587 -0.48241120266493587  738315.5058919578
0.024829277050826378 -0.04680931228307743 0.22534548237979432 -0.13750448946890192 -0.01964813850923684 -0.49506599405336443 -0.49506599405336443  738315.5058930106
0.01869122737178423 -0.05098468960041063 0.2178955868175049 -0.1240430390330693 -0.15053607299231767 -0.5365529782764811 -0.5365529782764811  738315.5058943034
0.014346326982302007 -0.05425513059414375 0.20979999366598423 -0.09882817951270649 -0.153900846511893 -0.5638592323394992 -0.5638592323394992  738315.5058954502
-0.0017848694262507982 -0.0609938983051045 0.196380540908692 0.027597898760277698 -0.15927802984637918 -0.5701864995089607 -0.5701864995089607  738315.5058965238
-0.03586226445233878 -0.06889691163361396 0.16515183267163752 0.08396909624214212 -0.03969068160892964 -0.5802394204515442 -0.5802394204515442  738315.5058979272
-0.08712257115273109 -0.05456987231647049 0.13143207619995756 0.08928481950261943 0.0011421121642560723 -0.6284197919026924 -0.6284197919026924  738315.5058989289
-0.1492563901672962 -0.04276227145006517 0.10219951867358483 0.1082991092039331 -0.018932354640140692 -0.7138410635093573 -0.7138410635093573  738315.5058999908
-0.20691002569681283 -0.0396442875265918 0.08342149867556019 0.13667485187568823 -0.015839682223612525 -0.7732448822103013 -0.7732448822103013  738315.5059012221
-0.24876188689261255 -0.04637178307695023 0.08010105305947984 0.09928038216622802 -0.02587016725633621 -0.8257219541134535 -0.8257219541134535  738315.505902388
-0.2806526894637613 -0.05386892604759697 0.06411498417790305 -0.11875700782754989 0.059663836577512265 0.862499192481595 0.862499192481595  738315.5059035424
-0.29011901519100236 -0.06490830594991673 0.041683845643695705 -0.12759369303751167 0.00428571765802291 0.8703259943783663 0.8703259943783663  738315.5059045919
-0.2812175367716079 -0.06701065527207203 0.035672299278817404 -0.04558034489737765 0.024465385134074633 0.9073001353987324 0.9073001353987324  738315.5059058616
-0.2777708352501097 -0.06612530748575164 0.03129552842826016 -0.009526445267835835 -0.009740756229584169 0.9020072411676072 0.9020072411676072  738315.5059070275
-0.2780638893526037 -0.06611894453978727 0.03147023756971806 -0.011160969888577382 -0.0096082964481907 0.9021768003790366 0.9021768003790366  738315.5059081819
-0.27811859123237975 -0.06615076212629797 0.031486324568170694 -0.011506706479171831 -0.009840252359663291 0.9022356122393475 0.9022356122393475  738315.5059092094
-0.2780940441679104 -0.06610199068448007 0.03145997441438485 -0.011232368737350923 -0.009580014343631116 0.9021376206246974 0.9021376206246974  738315.5059105371
-0.2781017671184877 -0.06610321114948033 0.03144017779137967 -0.010999067406622912 -0.009373094137569715 0.902204983348576 0.902204983348576  738315.5059116571
-0.2781112787044685 -0.06611418820171724 0.03147816513126988 -0.011186632142268844 -0.009177902497891901 0.9021601040532771 0.9021601040532771  738315.505912818
-0.27810306826179115 -0.06610585455510656 0.03144266316851338 -0.011058846576520525 -0.009406296794493616 0.9021537694564254 0.9021537694564254  738315.5059139696
-0.2781076661184356 -0.0661245563989938 0.03144433358673617 -0.01126522948545411 -0.00916834087493656 0.902288490349459 0.902288490349459  738315.505915124
-0.2780947163128945 -0.0661156546789574 0.03141725205417723 -0.010833642123796698 -0.009727562492666028 0.902171011727386 0.902171011727386  738315.5059162899
-0.2780974792155482 -0.06611737421560414 0.03144467156447446 -0.010684454285459012 -0.00955053380046238 0.902265271147828 0.902265271147828  738315.5059174438
-0.2780945228257167 -0.06611928482948644 0.03143482821727001 -0.011306848345703559 -0.009469673896485552 0.9021851870075727 0.9021851870075727  738315.5059186097
-0.2780973201228837 -0.06612301341476437 0.03143278790251489 -0.011053538890614976 -0.009522190868717875 0.9022108300170057 0.9022108300170057  738315.5059197391
-0.27810549833807846 -0.06612294845340666 0.031437854933801204 -0.011132966025338727 -0.009570633266826887 0.9021819049566104 0.9021819049566104  738315.5059209192
-0.27801436930688916 -0.06613470066453557 0.03151903927212562 -0.010051284269004812 -0.008855369675314497 0.9019445580441062 0.9019445580441062  738315.5059220735
-0.27801130207657726 -0.06612519958023094 0.031506221649525476 -0.010282586101533615 -0.008836236259950834 0.9019067223137913 0.9019067223137913  738315.5059232282
-0.278096154272965 -0.06611762229707858 0.031418222737447106 -0.010828446352512277 -0.00967482749119701 0.9022426236154458 0.9022426236154458  738315.5059242556
-0.27808135809258167 -0.06611996724041175 0.03142746164117801 -0.01107143365503344 -0.009570080563285227 0.9021779470393988 0.9021779470393988  738315.5059255484
-0.2780927035761875 -0.066118554064245 0.03142061857473446 -0.010833034616882483 -0.00957160885869905 0.9021405135690139 0.9021405135690139  738315.505926701
-0.27808987474235214 -0.06612549067425226 0.03141658068778225 -0.010774412757557644 -0.009362524430120924 0.90221112661495 0.90221112661495  738315.5059277399
-0.2781014458973323 -0.06612501421429143 0.03141265366144659 -0.01102274429735447 -0.009557778507602437 0.9022177838825917 0.9022177838825917  738315.5059290213
-0.27808764100804345 -0.06612149885709989 0.03143077176904686 -0.01072048676380277 -0.009427833105140932 0.9022020908627274 0.9022020908627274  738315.505930164
-0.27808356515834753 -0.06613351496253546 0.03142001968514112 -0.010993963490929596 -0.009529768871222682 0.9022469557691011 0.9022469557691011  738315.505931226
-0.27798929747793133 -0.06607051661042213 0.03125303467266362 -0.01182221673455479 -0.01156795429919787 0.9017692781903521 0.9017692781903521  738315.5059323319
-0.27800426027982567 -0.06611697392889541 0.031514095455770705 -0.009843981409052778 -0.008748905555210516 0.9019604158033908 0.9019604158033908  738315.5059336475
-0.27808466976409085 -0.06611878629036966 0.031400975536023994 -0.010971149214309493 -0.009698386982256028 0.9021980932447727 0.9021980932447727  738315.505934723
-0.2780981679545296 -0.0661113645044154 0.031411235827736854 -0.011019891675358226 -0.009553891610289356 0.9022185093767562 0.9022185093767562  738315.505935849
-0.2781798239122021 -0.06579085765209272 0.031072836519504796 -0.016100618395893572 -0.0035303759192390678 0.9037958463530564 0.9037958463530564  738315.5059371304
-0.2779273361785825 -0.06599235606159111 0.031067715121990167 -0.012969339721056034 -0.013772595724538629 0.9013673703740563 0.9013673703740563  738315.5059382542
-0.2780076793430405 -0.06611833267469162 0.031477079302519674 -0.00986431214173754 -0.008893618357494805 0.90198269921997 0.90198269921997  738315.505939316
-0.2780971229734829 -0.06611177794326883 0.031390015146599816 -0.010859638378646091 -0.009540353386318621 0.9022334294702583 0.9022334294702583  738315.5059406203
-0.27809360949095857 -0.06611229386116953 0.03139680997387809 -0.010753958520664674 -0.009669752848359442 0.9022199351864918 0.9022199351864918  738315.5059417723
-0.27809107544802913 -0.06611732538034186 0.03138032768815642 -0.01066853457127344 -0.009573373428612857 0.9022136570299475 0.9022136570299475  738315.5059428299
-0.2780842382453527 -0.06610418494203257 0.03139504555993305 -0.010731738129263002 -0.009409179852157836 0.9021568847573053 0.9021568847573053  738315.5059439491
-0.2780936554710812 -0.06610512960447308 0.031399738171216975 -0.010703645829532068 -0.009561582926775546 0.9022129787656756 0.9022129787656756  738315.5059451958
-0.2780316274898776 -0.0660324230296337 0.030976568326583482 -0.010102437319797215 -0.008002435565042603 0.9014667840231257 0.9014667840231257  738315.505946384
-0.27779431654422226 -0.06592028490140686 0.031172664694307583 -0.010336269493556328 -0.008372473111236735 0.90221335814754 0.90221335814754  738315.5059474115
-0.27789500916292703 -0.06591528502116967 0.031090029285333033 -0.011317857885329087 -0.008485626223159038 0.9024800023398127 0.9024800023398127  738315.5059487043
-0.27779906052941455 -0.06591827885443442 0.031171699229469968 -0.01036189949235663 -0.008153969033068864 0.9021977638882757 0.9021977638882757  738315.5059498055
-0.2778848856247734 -0.06593373969391128 0.031306222042512356 -0.009226005074223503 -0.006031976337938734 0.9026224184097319 0.9026224184097319  738315.5059509244
-0.2778679801622977 -0.06590375920275235 0.03107447635433065 -0.011634119710309088 -0.009085950028064872 0.9024027971110042 0.9024027971110042  738315.5059520218
-0.278076722305131 -0.06631468976966064 0.03115228854480378 -0.00611908197525319 -0.01146627811307405 0.9007262051008453 0.9007262051008453  738315.5059533046
-0.27810113250958196 -0.06616499704299965 0.03104127707723165 -0.01108913022192545 -0.008335120833437812 0.9022067688973858 0.9022067688973858  738315.5059546821
-0.2782216513268415 -0.06621555304066785 0.03121881922013223 -0.009579064721665205 -0.005998942277567091 0.9026769023349408 0.9026769023349408  738315.5059556395
-0.2779458510796416 -0.06596346243139399 0.031045885983305873 -0.012188015220025343 -0.009163134877646995 0.9026678708587917 0.9026678708587917  738315.5059569082
-0.27796307430841954 -0.06592236007889996 0.031206479923529935 -0.010686164219837688 -0.006928256906071904 0.9028694792991778 0.9028694792991778  738315.5059579588
-0.27780303427988445 -0.06597954715255966 0.031223767089118844 -0.007240417484529109 -0.011029306675287315 0.9011974527896932 0.9011974527896932  738315.5059590671
-0.27787297521974647 -0.06590251571865575 0.031073546875398046 -0.0115566013010911 -0.008969607340872656 0.9025006736493519 0.9025006736493519  738315.5059601325
-0.27787344071442605 -0.06589533012007684 0.031074569551815093 -0.01148853012174556 -0.008791471049109425 0.9025010756397583 0.9025010756397583  738315.5059615396
-0.27780591287955625 -0.06591305693101122 0.03120915858773638 -0.010593816680433419 -0.007848137419890032 0.9023089701503736 0.9023089701503736  738315.5059625092
-0.277970192974533 -0.06592092320099606 0.031216601977012207 -0.010213007536623334 -0.0065757236862802135 0.9028664497741378 0.9028664497741378  738315.5059636058
-0.2778658009782311 -0.06592359624135612 0.03130189650169215 -0.009347495223588336 -0.006430115828997939 0.9026207909212708 0.9026207909212708  738315.5059648872
-0.27779361119647855 -0.06592068340143407 0.031176545546099558 -0.010677058304718257 -0.008497380810489863 0.9022001541887342 0.9022001541887342  738315.5059660543
-0.27795337985869095 -0.06590834630412502 0.0311941579026678 -0.01032903537226011 -0.007108037919160085 0.9028167155655346 0.9028167155655346  738315.5059671166
-0.27778814349301306 -0.06590159095597017 0.031174638338968462 -0.010301284270306868 -0.008374245512812578 0.902196103541898 0.902196103541898  738315.5059682915
-0.2779619677949593 -0.06592595384970741 0.031210987308641556 -0.009923422965469842 -0.006833351323698067 0.9028857642128092 0.9028857642128092  738315.5059694948
-0.27787663365566556 -0.06590256577629751 0.03109297211466491 -0.011234068145893106 -0.008788255096035154 0.9024731904880336 0.9024731904880336  738315.5059709226
-0.2778844165595044 -0.06590388959390858 0.031078996852316 -0.010907237605605535 -0.008806820853376612 0.9024576236739293 0.9024576236739293  738315.5059718345
-0.2779560987185445 -0.06592860256646339 0.031195212738639802 -0.0104957227157735 -0.006911677563122531 0.9028834108638656 0.9028834108638656  738315.5059730123
-0.2778929701646808 -0.06599665617947266 0.031338095213524556 -0.0064262662575711735 -0.008955293577496729 0.9017346763979264 0.9017346763979264  738315.5059741333
-0.27795687722107365 -0.06591256069534535 0.031183322932899323 -0.009952230459113491 -0.006908807669390414 0.902828496399397 0.902828496399397  738315.5059753146
-0.2778576917410793 -0.06590062533090617 0.031043120082832148 -0.01099167082147998 -0.009226196783132449 0.9024229823735294 0.9024229823735294  738315.505976342
-0.277891814799633 -0.06599786469398111 0.03133957829861323 -0.005932698918992352 -0.008387716119638393 0.9016922455079301 0.9016922455079301  738315.5059776213
-0.2778796660660077 -0.06590158216894101 0.031078323872190335 -0.011235956158972453 -0.008948410527188267 0.9024916557537651 0.9024916557537651  738315.5059787811
-0.27795234872356017 -0.06592401514569256 0.03121260955658122 -0.009928094152189001 -0.006730071358031314 0.9028467952774987 0.9028467952774987  738315.5059798086
-0.27796320084178494 -0.06590887855680223 0.031195560166812627 -0.010613059152444437 -0.007154090814482028 0.9028728916094352 0.9028728916094352  738315.5059810554
-0.27789506409258147 -0.0659484156284833 0.031094466671658397 -0.008202084852966675 -0.011648644907168012 0.9015795771894128 0.9015795771894128  738315.5059822557
-0.27778406431604724 -0.0658950826421746 0.0311344024495212 -0.01027265543921721 -0.008559891340772719 0.9022291886950886 0.9022291886950886  738315.5059832946
-0.277881459412042 -0.06589422482794748 0.031072919055620193 -0.011093966279714821 -0.00865170548392227 0.9025481703980535 0.9025481703980535  738315.5059845643
-0.27789511246691256 -0.0659633878361802 0.031097890955682727 -0.008332869613802725 -0.011425099820508525 0.9016473823764058 0.9016473823764058  738315.5059857302
-0.27787238996785235 -0.06592681587770381 0.03129151362565127 -0.009662521112869827 -0.006401982839486246 0.9026130659475379 0.9026130659475379  738315.5059868825
-0.27795241520955616 -0.06591708876822096 0.031193144989989527 -0.010235233082767215 -0.006925926994903998 0.9027784504743784 0.9027784504743784  738315.5059880484
-0.2778086434308079 -0.06592106928311287 0.0311733419963467 -0.009953688223232738 -0.007826502549673313 0.9023139193415329 0.9023139193415329  738315.505989145
-0.27786421442356074 -0.06588656802649905 0.03104196097614317 -0.011186123702994261 -0.009095735173917367 0.9024340982269411 0.9024340982269411  738315.5059902491
-0.27780318143013 -0.06590704628016743 0.031165164226932687 -0.01017430263015489 -0.008403427485963575 0.902199964265262 0.902199964265262  738315.5059914903