0.15708711271906867 -0.3603733245142321 0.053933522950782846 -0.0006388478333348825 0.0015007283345234719 0.15613207370417725 0.9877348405562827  738339.3764552627
0.15708401018170748 -0.3603809344274398 0.05392048958218325 -0.0006196421362812696 0.0014766874220324385 0.1561958455822693 0.987724806441916  738339.3764565189
0.15708531202652068 -0.36038554619741286 0.053918519312396884 -0.0006567826177381395 0.0014967942959692672 0.15616576797292198 0.9877295080926033  738339.3764576205
0.15708227250851167 -0.36038238948168405 0.05391478097297124 -0.0005694788217494565 0.0015708479411174088 0.15615329959002056 0.9877314185332807  738339.376458684
0.1570874338034626 -0.3603819206236398 0.053926760415153825 -0.00048730699573111324 0.0015438338546171326 0.15616732813641776 0.9877292871691381  738339.3764599573
0.15709038818794407 -0.3603797223849307 0.053917762703458355 -0.0005157789719809151 0.0017088014370259341 0.15611135074782706 0.9877378499062339  738339.376461039
0.1570808602866829 -0.3603947935352836 0.05391210044764648 -0.0006286772804686584 0.001604116695545859 0.1561148058397411 0.9877374139780897  738339.3764622846
0.15708027600392818 -0.3603863093504649 0.053903055690559504 -0.0005894964140529511 0.0015789305426262563 0.15617696463634803 0.9877276523360559  738339.3764633469
0.15708504845691282 -0.3603861676488086 0.05391191068322658 -0.0006467160425719052 0.0014994289386190574 0.1562157985923424 0.9877215993089222  738339.3764645838
0.15707957345292073 -0.3603830445492106 0.05391566108220912 -0.0005326495636567922 0.0015426356571714701 0.1560692742707191 0.9877447636855802  738339.3764656577
0.15707838350290404 -0.36038369704775913 0.05399396307746383 -0.0006389128782815532 0.001345661292489772 0.15607338921640598 0.9877443384624  738339.3764669024
0.15707606924578352 -0.36036507996643513 0.05425004477648715 -0.0005731205087307495 0.0018784894564399786 0.15592043377804424 0.9877676655675215  738339.3764679844
0.1572562273186621 -0.36044941493906135 0.05453829774919263 -0.00014225509525320586 0.0037123624949816666 0.15607433826642658 0.9877383251969576  738339.3764692502
0.15733462992780534 -0.36045381510673896 0.054673654026737246 0.00044056777205291156 0.0052988044485783835 0.15580006843716362 0.987774299749912  738339.3764703363
0.15735104700872082 -0.3604620643391121 0.054823619167271034 0.0007874664826785021 0.005600713650483465 0.15575633025704233 0.98777931618758  738339.3764714233
0.15757270130297904 -0.36063553886256416 0.05522083708436637 0.002435807904410444 0.008241998890052487 0.1561366359036782 0.9876980749312168  738339.3764726628
0.1587582658251083 -0.36205003828285387 0.05771236327755049 0.015428333049889406 0.015296666155546458 0.1573480066948266 0.9873041999976463  738339.3764737553
0.16096205171503022 -0.3652562264137959 0.06352362771854776 0.0007901642089698385 0.007600279789127248 0.14619275261777545 0.9892266122935067  738339.3764750226
0.1657656861480497 -0.37210804872211034 0.07630654119344835 0.002101822480614374 -0.0050739481432810355 0.12955855885085488 0.9915565627945735  738339.3764761239
0.17038744357408406 -0.3797903284575287 0.09461087077252305 -0.010710198453751991 -0.011317495520701326 0.1151083497229462 0.993230725344459  738339.3764772125
0.17415492392119133 -0.3901456534814414 0.12409207130973478 -0.014678205497177457 -0.016146071105857977 0.09589706078175948 0.9951520529068142  738339.376478462
0.17519942888231926 -0.39888464748972896 0.15264633359167443 -0.012280743535987538 -0.017866811253755253 0.0800347806993569 0.9965562674893134  738339.3764795472
0.17449241422389417 -0.4093270579074579 0.19243629966066894 -0.016087407282751744 -0.009067394698244777 0.062288604352063584 0.997887322019965  738339.3764808148
0.17303424868918843 -0.4174722756514365 0.2286842915239665 -0.014228351026655272 -0.006275790545359974 0.05096410741086374 0.9985794050729802  738339.3764818872
0.16956089616840964 -0.40763895367934 0.2620704185608713 -0.013391950359836896 -0.0022747684767065656 0.037946396276858314 0.9991874459297098  738339.3764829611
0.17110419067421384 -0.4350350345961047 0.3196152996827219 -0.0124252361970335 0.0024420642297550087 0.03037602515675373 0.9994583267567597  738339.3764842132
0.17208510331485835 -0.4423890483882002 0.35698974796134314 -0.010414056604648659 0.0034181628098187552 0.025326937595060526 0.9996191323799763  738339.3764852926
0.17231357083432328 -0.4329014005988818 0.38764857095281924 -0.013804204826063758 -0.0016183226346840828 0.01943183155575291 0.9997145737075953  738339.3764865358
0.17550874684788192 -0.43959093341012645 0.41438735401150767 -0.016986637420537926 -0.0032542652653430844 0.016532350099883557 0.9997137316786745  738339.3764876401
0.18027218770818293 -0.44653099078644476 0.44040212529321954 -0.01701054848095555 -0.00419895969407523 0.014325357075911819 0.999743864258497  738339.3764888991
0.18453154708326286 -0.45124270360676805 0.4582134526794885 -0.015077948518796784 -0.006529867383014305 0.013381095780389516 0.999775456078084  738339.3764899898
0.19218026968548232 -0.47389727541764287 0.48709209600618775 -0.01552050338033785 -0.005697600808666522 0.013763989801460546 0.9997685751735705  738339.3764912299
0.19682299164233522 -0.47758537984146915 0.5021460764681671 -0.016602269461896538 -0.0050372899460281164 0.014030932648460582 0.9997510306509959  738339.3764923173
0.20061828966874706 -0.4802661302626076 0.5132005019803803 -0.014740990580937079 -0.006861938955096429 0.013770677388040931 0.9997729669453679  738339.3764933947
0.20461296574682677 -0.4825030529014174 0.5229202734504039 -0.020212383621120482 -0.008264905487511985 0.013111538216402251 0.9996755665971011  738339.3764946647
0.20732182066964996 -0.4837152851633716 0.526606147618424 -0.016005901896961022 -0.005848041982415705 0.011853777667082035 0.9997845265178174  738339.3764957647
0.21028136228614763 -0.484703320744806 0.5274954336736677 -0.013029557917949864 -0.003153446835581807 0.01255777025197238 0.9998312801667173  738339.376496847
0.21411353110863154 -0.48612008985710087 0.5269997943041624 -0.007275613614410233 0.002511104408255263 0.011488751731269665 0.9999043796207925  738339.3764981027
0.21863295178622438 -0.4886749160941847 0.5272384741712369 -0.002199774260641811 0.007504373049136036 0.011894699463949093 0.9998986756181868  738339.3764991772
0.22690308811882592 -0.494554785040931 0.529651134722049 0.004282715848321971 0.010854764035548017 0.01214469122602355 0.9998581593994819  738339.3765004405
0.23632790484740396 -0.5025568189505152 0.5343395369095358 0.00855233590078001 0.011972626137615188 0.011062641657697945 0.999830551510386  738339.3765015322
0.2512607927222037 -0.517097369039182 0.5428004530754879 0.010129812443470863 0.011402634043209113 0.012849888337044778 0.9998011038233866  738339.3765027784
0.26605996935429493 -0.5325077602322725 0.5512578301032156 0.009532623168321546 0.010678191691351034 0.013788142024985477 0.9998024767208933  738339.3765038679
0.2866731912717932 -0.55538045216019 0.5626923774586438 0.005065223044839479 0.007239594448014756 0.015220272883380442 0.9998451255474969  738339.3765051268
0.3047129384889122 -0.561645934408993 0.5649597086586929 0.0031179905325943017 0.00195318782307923 0.0141233456262725 0.9998934914783111  738339.3765062153
0.32451898619718633 -0.5846577498228768 0.5765914894999367 -0.0007651589863626114 0.001059599125059394 0.013220720296745918 0.9999117482739439  738339.3765072804
0.3496312531916857 -0.6138233066882351 0.5923470147716299 -0.004082507080374878 0.002280940215018225 0.010617938236884932 0.9999326926524965  738339.37650853
0.3712447608630343 -0.6380387262577812 0.6060108819117985 -0.005366876948068489 0.0013962307880073595 0.008727369888728355 0.9999465386640609  738339.3765096178
0.39865616595802333 -0.6675578683381305 0.6230508766389415 -0.007302245582914704 -0.0007501714131300566 0.00727190053171522 0.9999466155325266  738339.376510871
0.421263966695422 -0.6915400092500357 0.6364040535395639 -0.008583177329061055 -0.0021750412918267697 0.006166745617435517 0.9999417830607973  738339.3765119477
0.4490300225152616 -0.7199090537381297 0.6508735634524808 -0.01209845380913121 -0.005212199570763082 0.005154801815933377 0.9998999391985687  738339.3765131955
0.47105873527045 -0.7422043545826222 0.6608158055881935 -0.01337846506489383 -0.008806696819633843 0.0043796405955387595 0.9998621292517726  738339.3765142739
0.49663916876871683 -0.7676685967658385 0.6705373077570908 -0.018513610478474746 -0.012823987802694854 0.004240485590833316 0.9997373704357768  738339.3765155002
0.5159971066844795 -0.7866094204394833 0.6760360288205142 -0.01908824631426855 -0.013821148102103548 0.003431635870695981 0.999716379076104  738339.3765165833
0.537275165077322 -0.8072336095877098 0.6811742090706218 -0.020525319818604667 -0.016601270453817343 0.004368132941367911 0.9996419501402839  738339.3765178345
0.5526978792742779 -0.8217171652937139 0.6844481145144996 -0.0219308114544905 -0.016405525940594298 0.004697788520941621 0.9996138399454925  738339.3765189318
0.5676537312016866 -0.8353617811929539 0.6871880573646502 -0.022608005264734835 -0.016407473205226675 0.004707502862579286 0.9995986756382625  738339.3765200174
0.5818789791225584 -0.8474390890391481 0.6893247842764568 -0.020849231690891295 -0.015205408937191132 0.004718408018153024 0.9996558616357565  738339.3765212737
0.5917300706715924 -0.8552245702221138 0.690706685945358 -0.021130817852786272 -0.013436848516304084 0.004478369263259995 0.9996763895619243  738339.3765223478
0.6021608111584819 -0.8625875252580678 0.6917903771571428 -0.01831589339933618 -0.013892292390460909 0.004837450673279058 0.9997240275856661  738339.3765235909
0.6094807263451066 -0.8673670081260866 0.6923960824075531 -0.015019732156820231 -0.01213152944143454 0.005103110939579514 0.9998005760640906  738339.3765246653
0.6172984517261073 -0.8721609973036129 0.6935127791255585 -0.01596376769795245 -0.010275521771451673 0.005156182752058637 0.9998064740501722  738339.3765259251
0.6230415097913937 -0.875259061751594 0.6944457597808166 -0.017273770989169913 -0.009379720658842586 0.005092097155335732 0.9997938328589232  738339.3765270129
0.6291745276145214 -0.8771634186048811 0.6956231398163535 -0.024889403561785685 -0.0065012784499760955 0.004574858958837571 0.9996586025410681  738339.3765281024
0.6358958197521388 -0.876102974053819 0.6973795764992765 -0.03087883928451424 -0.00391602896677085 0.0039819618328485185 0.9995075317282679  738339.3765293655
0.6418768923249211 -0.8716675218926673 0.6998449001250084 -0.03615822785930233 -0.003083910560298125 0.0033889918618770737 0.9993355726621018  738339.3765304363
0.6498125021496295 -0.8617289429614543 0.7041979825115992 -0.03137543370199053 -0.004021394553219751 0.0021540870045493594 0.9994972588531877  738339.3765316902
0.6565925753621688 -0.8505333719256517 0.7079525407177807 -0.024848180207601885 -0.005091277479692498 0.0006812352498201082 0.9996780395469983  738339.3765327769
0.6651570151173692 -0.8345348218766809 0.7092085515154055 -0.022326539168670487 -0.005031350853478608 -0.0011419984635610478 0.9997374190240397  738339.3765340293
0.6725482938739687 -0.8199245393839746 0.7044898683021527 -0.024965417919300254 -0.001495083784613285 -0.002639391574169257 0.9996837131036546  738339.3765350969
0.6824118157858011 -0.8002995966348441 0.689340087146164 -0.02252931050319385 0.0007118202119936176 -0.00495766705030779 0.9997336370342127  738339.3765363586
0.6914369063031623 -0.7834300543148214 0.6716695152508014 -0.015614466731265812 -0.0006366728306473285 -0.0061851599964118835 0.9998587534608194  738339.3765374174
0.7034843483444445 -0.7624400100390161 0.6487691967903914 -0.0154000502744062 -0.002832069422551533 -0.007432629590109919 0.9998497756421751  738339.3765386866
0.7146808370171965 -0.7438032893191631 0.6316547598049718 -0.01142793730827503 -0.006619810814867537 -0.007461668344284938 0.999884945310796  738339.3765397709
0.7243694531144041 -0.7275044260492157 0.6217617319857351 -0.013029015183740028 -0.010802991934884636 -0.006828224608354236 0.9998334438681747  738339.3765408585
0.7347687812649609 -0.707779031058775 0.6155325579795808 -0.019426242651630444 -0.016288480356089433 -0.00621816750988225 0.9996592623974173  738339.3765421133
0.7413623944595598 -0.6915396681674906 0.613360366859966 -0.017007401877575767 -0.017882129194553197 -0.0057793535353345095 0.9996787367997568  738339.376543191
0.746915016480849 -0.6722745242733703 0.6128136018868666 -0.005346641564217428 -0.019452472565507934 -0.005557695432661996 0.9997810394064042  738339.3765444767
0.7492574516955846 -0.658902281422974 0.6162311101997714 0.008043040647943218 -0.016720585789659834 -0.004869721699986359 0.9998159917297537  738339.3765455391
0.7500290016550715 -0.6483707552722348 0.6254875023140829 0.010209243012544219 -0.015507891816676228 -0.004688653860431298 0.9998166297744253  738339.3765466338
0.7486691675715519 -0.6416124624393549 0.6396911964022581 -0.0012829174790772182 -0.015145817575093408 -0.004073992147449117 0.9998761727937647  738339.3765478965
0.7463801274667239 -0.6379061565929438 0.6502748130252944 -0.014465978169680368 -0.014972581086197615 -0.004281814791339429 0.9997740861581202  738339.3765489835
0.7420370075133399 -0.6322502606858449 0.660018183116333 -0.03317531861796602 -0.013602747020069066 -0.0055879111357631924 0.9993413524703375  738339.376550232
0.7376540616455546 -0.6242232828173526 0.6651532065317718 -0.04397872718829856 -0.012740329010634167 -0.006056634209351082 0.998932866990396  738339.3765512976
0.7314655663603682 -0.607765803716234 0.6699028857125028 -0.05113563151823861 -0.010021837454856866 -0.007081723970881362 0.9986163222924306  738339.37655254
0.7261790020971518 -0.5883682412812639 0.673410847820298 -0.04905152505163652 -0.009620518997758405 -0.0073783856281602715 0.9987226606670366  738339.3765535997
0.7197553940935738 -0.5580789208684671 0.6774166230335933 -0.04002537844378006 -0.008032508910749525 -0.007319285978411715 0.999139567795109  738339.3765548567
0.714640736783369 -0.5295472357695913 0.6803552556352724 -0.0305718413773361 -0.007795083941833402 -0.007004400407420215 0.9994776323440516  738339.3765559146
0.7086403018995858 -0.49272056966104466 0.683529478584187 -0.01769292497892523 -0.008460803269253287 -0.006419626768956145 0.9997870591310314  738339.3765571766
0.7037493058751059 -0.4631080437956885 0.685233559561151 -0.006910655917816443 -0.009870908711157735 -0.006482520976951396 0.9999063880772965  738339.3765582389
0.6977946144210486 -0.4294742745848313 0.6859587637119876 -0.0012618938034174526 -0.008951310234875423 -0.006742960817828469 0.9999364050520999  738339.3765594959
0.6936774612633431 -0.42196133571093525 0.6936617567444785 -0.0013828797651420437 -0.007889636041851932 -0.005243114448195614 0.9999541744687931  738339.3765605728
0.6872684751184505 -0.3950662570218313 0.6926027908070028 -0.006597375618522772 -0.008510096488799872 -0.004946091135436351 0.9999297920730132  738339.3765618392
0.6804687444703235 -0.35548517689676956 0.6831228834145426 -0.012919588422653451 -0.011110726381341326 -0.005830159881796857 0.9998378094621252  738339.3765629188
0.6744887311410763 -0.3358466004420894 0.6805880369327124 -0.0197254264680616 -0.010023449012921471 -0.006437292372743199 0.9997344643891428  738339.3765640005
0.6674080704173331 -0.31074048881098565 0.6760975185182534 -0.02534291891836511 -0.007055110510178696 -0.006834845432489758 0.999630555137397  738339.3765652541
0.6622275630077575 -0.2889323691017787 0.6718912864023577 -0.025047846192924 -0.0032741540251775463 -0.007623305859836182 0.9996518246491037  738339.3765663243
0.6567479567223139 -0.26055338950292767 0.6670259348508214 -0.023162894545789493 -0.003397710808900833 -0.007014125840616797 0.9997013243545353  738339.3765675826
0.6535839382215546 -0.23795035493724082 0.6639197287213006 -0.020832022236431134 -0.00020797478881767672 -0.004850503040748168 0.9997712019338624  738339.376568649
0.6508301552603418 -0.206467927050754 0.659794620918605 -0.01753263155202243 -0.004723910214484585 -0.004864114216358243 0.9998233003366329  738339.3765699007
0.6493694587392451 -0.18224080980012153 0.6574844711755465 -0.014861761678344172 -0.00514249012440491 -0.004555107008499555 0.9998659579340011  738339.3765709767
0.6483237506425386 -0.15315719323223087 0.653912864492677 -0.013638985526827335 -0.007406701989068727 -0.004912227638362416 0.99986748564951  738339.3765722257
0.6480240155886121 -0.12989958427915962 0.6500070635584293 -0.014354700013291593 -0.006330601129195418 -0.005158192450027483 0.9998636202640439  738339.3765733254
0.6480834634077188 -0.1048728807481959 0.6444068751548052 -0.01509283829601646 -0.006463263094046298 -0.00628406472142446 0.9998454595550876  738339.3765744074
0.6484962815040488 -0.07992391558263381 0.6375721488626144 -0.018081810147181084 -0.0087310201412085 -0.007095081893986113 0.9997732129048131  738339.3765756718
0.6489848904499532 -0.054539057267440565 0.629902172240374 -0.0238118033915359 -0.008438288370583412 -0.007759891266426593 0.9996507277025066  738339.3765767458
0.6489640813070289 -0.02557593081460246 0.6221228373386299 -0.025291059120149985 -0.010254701437984333 -0.007640005939839186 0.9995983362012155  738339.3765779971
0.6489774851426925 -0.0006520893783271604 0.6169992192706707 -0.024572441766865783 -0.010081201176770242 -0.007963607132145827 0.9996154988043615  738339.3765790719
0.6483192466982313 0.0314480854145739 0.6130852279250631 -0.025783683500287143 -0.011136402468075334 -0.008322091423557164 0.9995708704236854  738339.3765803258
0.6465956836132729 0.04232340312618374 0.6159182952054698 -0.02177017974979184 -0.007257889607635271 -0.007246429604864239 0.9997103938491821  738339.3765814228
0.6458565373950653 0.08883798372742986 0.6107445638571813 -0.019448481589795157 -0.010699174954791538 -0.008716163015135548 0.9997156159235644  738339.3765825002
0.6436162798711637 0.1224147145667584 0.6099674015469339 -0.017521192440048364 -0.010759125816950927 -0.009199581774812652 0.9997462761732611  738339.3765837486
0.6412616575473487 0.14815776465421904 0.6104268348667353 -0.0169673610769277 -0.009483734608280716 -0.009003737758779455 0.9997705237414914  738339.3765848312
0.6381336178028947 0.1822249554480714 0.6118232149712362 -0.013928601615011721 -0.009708699726821476 -0.010037851940015765 0.9998054694464794  738339.3765860652
0.6352241447538642 0.2079096126020798 0.6144803476784428 -0.009837398269687818 -0.009804856562065473 -0.009664917011980873 0.9998568296322391  738339.3765871525
0.6314440062674647 0.23728175357064132 0.6181932897370597 -0.0022468454482009155 -0.01414820669359153 -0.008094953240962148 0.9998646166681338  738339.376588403
0.6273469504634362 0.25834821875577196 0.6212481813453659 0.007452070447868749 -0.018304472430420916 -0.006912616278806044 0.9997807903091888  738339.3765894818
0.6198985888015364 0.27850946603909 0.6244424295439649 0.015582076519592222 -0.02363763220391336 -0.006506839524967938 0.9995779720834821  738339.3765907527
0.6102157324568734 0.2905512400977574 0.6261060003987761 0.021600433336203193 -0.02767571608711915 -0.006134053987730138 0.9993647229117252  738339.3765918512
0.5986757571838134 0.2957291130089144 0.6268137546062048 0.019143577301953197 -0.028446887726016612 -0.006052545554533073 0.9993936485284954  738339.3765929253
0.5812449722705942 0.29598670736753085 0.6259534110429603 0.012985548018157315 -0.025636887393945127 -0.005355887503779008 0.9995726286851122  738339.3765941861
0.5642152750218459 0.29186194285137096 0.6243950559649265 0.009522804728623081 -0.024618812495052437 -0.004327824283230227 0.9996421860838044  738339.376595267
0.5413755785505239 0.28348081826613347 0.6215574118819173 -0.0031607977037312433 -0.018608676275932365 -0.0037334015905548467 0.9998148769835831  738339.3765965379
0.519518700373878 0.2744228468965952 0.6183255364707072 -0.009528309210964158 -0.013008106757336975 -0.0021188415763810434 0.9998677467508111  738339.376597639
0.49947622466962605 0.2663672909554649 0.6151431297584747 -0.013026333263965401 -0.011752919756634547 -0.0015560305291454268 0.999844869111145  738339.3765987157
0.47563359577034026 0.2574952554319614 0.6110417444140084 -0.015006009449921373 -0.008106489719774929 -0.001193431964475414 0.9998538294295614  738339.3765999585
0.45665924721450163 0.25093032831941353 0.6080031489276084 -0.012133590759696132 -0.00716816301410157 -0.0018584573852005602 0.9998989646711446  738339.376601027
0.4346986000900228 0.24365303864536647 0.6048084399664844 -0.010877633550739814 -0.009028694315069342 -0.002374066090984601 0.999897256510636  738339.3766022694
0.4173758081816445 0.23802967215608462 0.6029455814332445 -0.008975320068589324 -0.010327186266053145 -0.0024831782598259684 0.9999033086650042  738339.3766033682
0.39653478329492015 0.2307743460410183 0.6015134123929112 -0.005077440032912938 -0.01038584313711159 -0.0018966082212715522 0.9999313760165237  738339.3766046066
0.37996141981230824 0.22436681005943263 0.600992917589201 -0.006681524872270541 -0.006001193632941331 -0.001584770739540957 0.9999584148363693  738339.376605696
0.3614702340222221 0.21634977082697468 0.6004788187355894 -0.0099849225591765 -0.0020144132985692276 -0.0006174552973305069 0.9999479297490973  738339.3766069609
0.34800335772040025 0.2100950239773156 0.6003531872818972 -0.014122694536392796 0.00293165562323336 7.400216537350307e-05 0.9998959692978155  738339.3766080373
0.3346427955252218 0.20329350049955588 0.5986373239787229 -0.01560603835678082 0.0035469810179926025 0.000832896154054671 0.9998715801424007  738339.3766092876
0.32529758424607214 0.19838312088958562 0.5941225315988261 -0.015970756292280446 0.003049462919904483 0.001668411334343868 0.9998664171392958  738339.376610382
0.318776417052171 0.1948008513563476 0.5859017647236711 -0.01652769957641582 -0.0009355285241244603 0.0021016746764288565 0.999860761754679  738339.3766114778
0.3127028629183116 0.19149529190538464 0.5672334572869434 -0.01592903271800715 -0.0032168238625162864 0.0026755163321888803 0.9998643705889627  738339.3766127332
0.30865680144138036 0.18932777905897294 0.5440630101112343 -0.012834440868148786 -0.004819003740355021 0.0034227877270547667 0.9999001644437948  738339.3766138075
0.30463501017988454 0.18692888981424055 0.5056706196811525 -0.012111343519686239 -0.007042168172478189 0.003775397963840906 0.999894729256932  738339.3766150684
0.3017893098479326 0.18489273969824918 0.4664292629284469 -0.010967130989882735 -0.008148585935101621 0.004362040201258806 0.9998971423053432  738339.3766161331
0.298365425237724 0.18244109931824548 0.40988284235517114 -0.012722551021010366 -0.008397759735204378 0.003833974518956976 0.9998764498508481  738339.3766173862
0.2957076874242982 0.1806595261371273 0.35794307323157454 -0.012190272201232083 -0.00906436133245789 0.0035149872745636433 0.9998784323515305  738339.37661844
0.29229290285834214 0.17937913951936746 0.2901845667443195 -0.01546920110255677 -0.0055695722189819325 -0.0009941133091051991 0.9998643385086173  738339.376619701
0.28995189218260253 0.17884915496744 0.23405543198592213 -0.013254690259715816 -0.004475752658565915 -0.005253968053818454 0.9998883320871126  738339.3766207645
0.2876341650047301 0.15996720903777148 0.17525974643212014 -0.012827106987326387 -0.0017248981982639967 -0.010059847203636674 0.9998656357365128  738339.3766220234
0.28730443034937947 0.17888606846804941 0.1182086286531376 -0.01182179507192572 -0.0039714596808099415 -0.01606237771597086 0.9997932149656701  738339.3766231163
0.28656260802759836 0.1785152136420129 0.08089570064903502 -0.009738714215187162 0.0012838716677015048 -0.01886763249866097 0.9997737351835521  738339.3766241826
0.2859503106166549 0.15886213787895212 0.055075857965507 -0.0026578437160800616 -0.012316412172956237 -0.014996764670536969 0.999808151050682  738339.37662544
