-0.3110911540568598 -0.7852821104831506 0.02570592717807052 -0.0064715091498446335 -0.018027955017224227 0.8806101158983621 0.8806101158983621  738315.5464798786
-0.3110863475694945 -0.785282780188519 0.025701787312892795 -0.006532452666301821 -0.017958165730035693 0.880648116211191 0.880648116211191  738315.5464809752
-0.3110737521745644 -0.7852738695683802 0.025704123947830726 -0.00656578527702493 -0.017682525996803172 0.8806350223646522 0.8806350223646522  738315.5464820835
-0.31109087481556397 -0.785283002994275 0.025701128169805798 -0.006253398982316856 -0.01796915113365867 0.8805847199976001 0.8805847199976001  738315.5464834687
-0.31108597464815213 -0.7852806293019905 0.02569853338582466 -0.006557391217179111 -0.018073733634043302 0.8806264980208367 0.8806264980208367  738315.5464844959
-0.3110903098272797 -0.7852872428731015 0.025718915005632732 -0.006199905025212789 -0.017911054619133247 0.8806225760875275 0.8806225760875275  738315.5464856618
-0.3110862426727531 -0.7852748969840019 0.025700097806391483 -0.006683967558824723 -0.017598095865455788 0.8805815468070166 0.8805815468070166  738315.546486943
-0.311100207267248 -0.7852797584622182 0.025696006434412243 -0.006375057931008943 -0.017663675574863865 0.8806519746809 0.8806519746809  738315.5464879819
-0.31108915509616536 -0.7852913120577852 0.02568664164140972 -0.0063625954567892344 -0.01833599151399065 0.8806566878147266 0.8806566878147266  738315.5464890786
-0.3110912780265423 -0.7852899914349365 0.0257052800388409 -0.006513948209011179 -0.018073500260392755 0.880649934550618 0.880649934550618  738315.5464901867
-0.3110613967178744 -0.78521711761574 0.025853074227037764 -0.006593224466856205 -0.01683398536109513 0.8807559513566758 0.8807559513566758  738315.5464914799
-0.31125007298289165 -0.7847061296892625 0.02653664714709823 -0.011045072195523782 -0.008835139368804352 0.8809849098752971 0.8809849098752971  738315.5464926109
-0.3133749739440091 -0.7804854538780919 0.03179800186034166 -0.06078913361484302 0.0264135019495113 0.8801343156785835 0.8801343156785835  738315.5464937766
-0.31511940103299957 -0.7769604913483952 0.034822117734866646 -0.08017306900171305 0.0543452957023358 0.873082205541098 0.873082205541098  738315.546494804
-0.31635093656418045 -0.7817297941376286 0.02801936319300323 -0.0064588490017114045 0.005169821037439264 0.8549915412207572 0.8549915412207572  738315.5464960852
-0.31644233273990163 -0.7811003945760123 0.03004663581963347 0.003500778878174412 0.022776190591674402 0.8485712657977332 0.8485712657977332  738315.5464972396
-0.30894272008905393 -0.7756950581879803 0.0390965628358388 0.0585312785552452 0.1064389609203055 0.8378647947100352 0.8378647947100352  738315.54649829
-0.2872203540101243 -0.7546831465903323 0.04692440540662637 -0.020699128158559166 0.1553719984678129 0.810574741538167 0.810574741538167  738315.5464996753
-0.257002641702019 -0.7250566583182808 0.04347536218552865 0.029982470398892472 0.11465449583349305 0.7458071758030067 0.7458071758030067  738315.5465007141
-0.2168307381698526 -0.6851158801996758 0.04055874410108171 0.020641006081296456 0.051623198590022595 0.6571850274278598 0.6571850274278598  738315.5465017993
-0.16448655853294908 -0.6351227037084335 0.044173981897539065 -0.042194124953301174 0.007994011178050328 0.5446841254906072 0.5446841254906072  738315.5465029073
-0.10364759186576446 -0.5810357652653219 0.06333597735896457 0.06883201374483426 0.003986387022811775 0.40424551572123324 0.40424551572123324  738315.5465041886
-0.04080203885451165 -0.5425584069408929 0.0941588313469743 0.05547205092002705 0.08132904305972652 0.2802819744213005 0.2802819744213005  738315.5465053429
0.027250166462240745 -0.5183708286867227 0.12826504295179816 0.0513246365171872 0.074342396690516 0.16612399938166245 0.16612399938166245  738315.546506405
0.13241211370326048 -0.49973781788582594 0.18437338591720948 0.055201127130826685 0.03552884172282291 0.05664288067981493 0.05664288067981493  738315.5465077787
0.21493361983551376 -0.49799179464276533 0.23555534929112226 0.06315455940870364 0.0022895775487421707 0.00536569616629665 0.00536569616629665  738315.5465088175
0.30144116315104974 -0.5076111279924247 0.2975506274230468 0.03343155347444667 -0.044134017861643546 -0.023161241659031818 -0.023161241659031818  738315.5465099717
0.37378203366511914 -0.5246857830837589 0.35959998496546025 -0.022557332760851735 -0.08499273596748777 -0.04315320567093313 -0.04315320567093313  738315.5465111261
0.4286309233916221 -0.5341194259258608 0.4237144888967731 -0.1449130716819204 -0.05560782792410517 -0.06018549956648892 -0.06018549956648892  738315.5465123035
0.4640070251811593 -0.5201936779745217 0.48761559383414765 -0.16145961502339792 -0.09626422353802372 -0.05028448316942315 -0.05028448316942315  738315.5465134463
0.4793633783844777 -0.476723507331577 0.5461650928339216 -0.18018873530587295 -0.11820854171462791 -0.050458707750019954 -0.050458707750019954  738315.5465146006
0.4674833577285405 -0.3970126859629725 0.5985507568823568 -0.13948292560497336 -0.13708384261450396 -0.02916949938150954 -0.02916949938150954  738315.5465158819
0.434251898721743 -0.3155894376876887 0.6349416916624058 -0.08959615670255452 -0.14578914763146147 -0.03519950082516289 -0.03519950082516289  738315.5465169091
0.3786703464166252 -0.22443572472339127 0.661544603067262 -0.05441757464006346 -0.10568979285126046 -0.011767004129543405 -0.011767004129543405  738315.546518029
0.29493346249227165 -0.12932973981307352 0.6903127480376525 0.050841467634748234 -0.09966019802827171 -0.02035847318108341 -0.02035847318108341  738315.5465191139
0.17316822715584054 -0.03385122986506559 0.716393518486026 0.1201047781963027 -0.03357850912068278 -0.010692756153793984 -0.010692756153793984  738315.5465205107
0.0772899359010907 0.012896327384959976 0.7312022984805414 0.14703328274513258 0.020200948659315942 -0.006777448176692257 -0.006777448176692257  738315.5465215496
-0.0028867777825791444 0.03472092121492166 0.7396280718685232 0.1375145780476493 0.07393529608856927 -0.005890772344762476 -0.005890772344762476  738315.5465225885
-0.10132838963045354 0.03650648131277994 0.7442953375890894 0.09322521865264877 0.12962335631927271 -0.00978400683464485 -0.00978400683464485  738315.5465238813
-0.15086508450451191 0.02042014828011944 0.7436802829307387 0.048343749022430285 0.14946002829754185 -0.008379157998100325 -0.008379157998100325  738315.5465250125
-0.17913288991765608 -0.006693871865469479 0.7432711675888222 -0.02660817360288472 0.1366886977869126 0.0008033820402025652 0.0008033820402025652  738315.5465261784
-0.17523860723872076 -0.027618627145957548 0.7486135841783251 -0.07705826158713115 0.09474161624713413 0.00816752452699514 0.00816752452699514  738315.5465274596
-0.15791531027984984 -0.032079230930982805 0.7568305841762942 -0.09912540363592531 0.06650661911107088 0.00852553897952253 0.00852553897952253  738315.546528464
-0.12440284528762553 -0.019628607824408898 0.7733632024418737 -0.09782577328219696 0.015525290177112308 0.0025365699602225454 0.0025365699602225454  738315.5465296529
-0.09103933799694074 0.01223972928076035 0.7923925463923144 -0.06819099447183019 -0.024198578715688337 -0.006592115185863686 -0.006592115185863686  738315.5465309342
-0.0705096254094126 0.047401953782025344 0.8070491132472912 -0.04219086692861872 -0.041461021598147615 -0.011298140347897872 -0.011298140347897872  738315.5465319615
-0.057516864365402966 0.08973713306179791 0.8206523651993638 -0.004986349677921541 -0.047687777085348194 -0.01886816182960875 -0.01886816182960875  738315.5465331274
-0.05554390584556792 0.12927608106647956 0.8304055881487402 0.02478788870505032 -0.041119710884105314 -0.025056745254250445 -0.025056745254250445  738315.5465343279
-0.0629817426938841 0.16079523144421293 0.8360724580855747 0.04748159194230194 -0.023911314589829806 -0.02912940459896449 -0.02912940459896449  738315.5465354361
-0.07638834435615775 0.18165714398540625 0.8368911996257309 0.05042923660731018 -0.005181215136569987 -0.03220771629430348 -0.03220771629430348  738315.5465365903
-0.09210761947263528 0.19115680414772454 0.8338850886012811 0.044783065939386905 0.015681775684447334 -0.03214068036540556 -0.03214068036540556  738315.5465378485
-0.10844288209077592 0.1903459509757352 0.8288621900515932 0.025976006713658455 0.029607415750744586 -0.030220756525176057 -0.030220756525176057  738315.546539026
-0.11742692972044616 0.18456530544341063 0.8261676514379996 0.008119171781601927 0.03900650163966677 -0.028370723037202405 -0.028370723037202405  738315.5465399841
-0.12451097278898386 0.17273716819528967 0.8251388081200203 -0.010407169207653496 0.03477049086673731 -0.02778604851164549 -0.02778604851164549  738315.5465413346
-0.12529586648136243 0.16496640600917206 0.8264751755651647 -0.02537644203289772 0.02962953559082533 -0.025584199152431146 -0.025584199152431146  738315.546542385
-0.12294895885756942 0.1604576364585476 0.8293480643289626 -0.0347272531379292 0.025533813560647677 -0.024343227742912883 -0.024343227742912883  738315.5465434587
-0.1176516572232655 0.16116116159491403 0.8330425101172125 -0.03904297550007084 0.015132674393181044 -0.025630195468188142 -0.025630195468188142  738315.5465447976
-0.1122116846638485 0.1679785506397335 0.8349966889111771 -0.03678362105616274 0.009680992692314993 -0.025625914748362254 -0.025625914748362254  738315.546545848
-0.10756720611166953 0.179102905634884 0.8359203241273598 -0.02672435363811318 0.0005675256855394435 -0.02999910431597587 -0.02999910431597587  738315.5465470138
-0.1053031796293599 0.19114818174569545 0.8362737074577871 -0.013228604255892257 -0.004271939455701786 -0.03263719606050561 -0.03263719606050561  738315.5465480527
-0.10563806905826113 0.20556776376332123 0.8365184070896156 0.0012694654894683268 -0.0019915890923750093 -0.035625761917191405 -0.035625761917191405  738315.5465493341
-0.10896861756867432 0.21622194294120325 0.8371275884179572 0.009286316988499813 0.00031463353134206614 -0.0368336954233406 -0.0368336954233406  738315.5465504768
-0.11358329360909156 0.22261892982073714 0.8385858662431553 0.010745449275277878 0.00679705699052145 -0.037958186043891645 -0.037958186043891645  738315.5465515389
-0.12058384904986369 0.2258677565258317 0.841884675216403 0.01085019535515742 0.01154309514097514 -0.038491432968368086 -0.038491432968368086  738315.5465530052
-0.12511228748748485 0.2250907432351382 0.844557137565433 0.0069827815720856085 0.012089223835446531 -0.03803926801935613 -0.03803926801935613  738315.5465539398
-0.130640096829173 0.22122232629894215 0.8469153410093652 -0.0009307800723109815 0.015841063112839594 -0.036819679422080774 -0.036819679422080774  738315.5465551057
-0.134450334282289 0.2164573845533246 0.8482435249167306 -0.008676822507009296 0.01906510439548231 -0.035792062466427466 -0.035792062466427466  738315.5465562715
-0.13719488394977386 0.21149619552896567 0.8496617013433766 -0.011872960857859067 0.0154741254920486 -0.034029799808419664 -0.034029799808419664  738315.5465574604
-0.1385836396030296 0.20778540064033052 0.8513122487189947 -0.014985445793551627 0.018160343189042083 -0.03414149163015328 -0.03414149163015328  738315.5465585459
-0.13934431690437726 0.20500244712298024 0.8538025077590841 -0.019937654358552045 0.014983538641702258 -0.03496633200520703 -0.03496633200520703  738315.546559746
-0.13954987698907043 0.20419687012778784 0.8559876227215234 -0.015214578122508055 0.009496659654287051 -0.034738096168092196 -0.034738096168092196  738315.5465610042
-0.13965169364523372 0.20498264478430156 0.857971547972959 -0.0148976172979479 0.011118692563269715 -0.03488897556897833 -0.03488897556897833  738315.5465620663
-0.14019370595015984 0.2064399634806591 0.8596479372922178 -0.006762044916634438 0.00863915518057759 -0.034936608280351 -0.034936608280351  738315.5465632206
-0.14097316750779135 0.20779128239901137 0.861223880466676 -0.008178049900500606 0.01258379316749166 -0.03330699645935558 -0.03330699645935558  738315.5465642478
-0.14257753435651363 0.2090198208918268 0.8643223777630149 -0.000594903551800084 0.005155744421002161 -0.03204882045042721 -0.03204882045042721  738315.5465656908
-0.14405982383224233 0.208712126053881 0.8658609233418586 -0.0018771490740033198 0.01342720892404921 -0.03146955672906108 -0.03146955672906108  738315.5465666834
-0.14568121398499864 0.20733631198202093 0.8672575741698886 -0.0003032149456891966 0.016308397404083172 -0.030525114414184117 -0.030525114414184117  738315.5465677686
-0.14754424778638864 0.2039380150270313 0.8699498508075393 -0.005421874423242704 0.017657419078393966 -0.029600810448157266 -0.029600810448157266  738315.5465691191
-0.1482100794145839 0.20071373154062902 0.8726020909446818 -0.005560321986292323 0.01769292784359829 -0.027972141610511144 -0.027972141610511144  738315.546570158
-0.14792095120725382 0.1967101777169458 0.8762104934438555 -0.011672750334878268 0.01831534360969215 -0.0258568050435614 -0.0258568050435614  738315.5465714277
-0.14687537897376204 0.1936550564871709 0.8791473476955163 -0.010363278522193398 0.014853797293936695 -0.02401903235738247 -0.02401903235738247  738315.5465724781
-0.14520417505581884 0.1908949534975293 0.8812498245878676 -0.015254905305280462 0.010300931572971862 -0.02249743335257886 -0.02249743335257886  738315.5465737479
-0.1440642363447086 0.18959314360916635 0.8820240242871632 -0.015435114166742344 0.006051551395502861 -0.02125357326027757 -0.02125357326027757  738315.5465747637
-0.14266903681859353 0.1891474617416741 0.8834334925807932 -0.01733435784677843 0.009673847556978622 -0.0194337807047557 -0.0194337807047557  738315.5465758719
-0.14112435772815254 0.1899664496947907 0.8852037808922916 -0.01274432113176721 0.011206111582549078 -0.01815635861263848 -0.01815635861263848  738315.5465772225
-0.13997223257407412 0.19097955249290857 0.8861246904290067 -0.008615332839140972 0.009572702265480789 -0.01637861451238579 -0.01637861451238579  738315.5465782498
-0.13831012274657636 0.19204616087918783 0.8864383878552706 -0.007825012534124714 0.01573490495281297 -0.01489340793230139 -0.01489340793230139  738315.5465794157
-0.13582504272592036 0.19231665370698364 0.8869303754466834 -0.0060755021545287665 0.012690457532346516 -0.013152956902739646 -0.013152956902739646  738315.5465807085
-0.13324201654977377 0.1916719260530675 0.8878560416529498 -0.0027809712088546668 0.009608697363699324 -0.012046047592798403 -0.012046047592798403  738315.5465817358
-0.1299787299604965 0.18997471986608894 0.8882520046857093 -0.007950611478273225 0.012735798203199639 -0.011358951809772422 -0.011358951809772422  738315.5465828902
-0.12686740063987023 0.1873869891693954 0.8884299362286895 -0.006852493808733415 0.007961369198703253 -0.010882283936914495 -0.010882283936914495  738315.5465840675
-0.12456224789161853 0.1846329573870298 0.8900174949245653 -0.012878642870327254 0.005297621250110724 -0.009037999959472078 -0.009037999959472078  738315.5465852104
-0.1234453386773496 0.18207799262524949 0.8929878200197219 -0.013246117110811199 -0.0007034854555143776 -0.009462196284577373 -0.009462196284577373  738315.5465863647
-0.12376952163442177 0.18018372184024511 0.8967776985422397 -0.014604503676342714 0.0020626976921648 -0.008707939546623092 -0.008707939546623092  738315.5465874036
-0.1262381174261861 0.1788815860259131 0.902007874672958 -0.017840054936435607 0.006915668743137364 -0.009332723216808744 -0.009332723216808744  738315.5465891008
-0.12887521802111 0.17890059270773434 0.9050053066273169 -0.015679049366458246 0.0035084776861821826 -0.009226911483199525 -0.009226911483199525  738315.5465898049
-0.13314523083149735 0.1801709920321101 0.9089051247336661 -0.01835560635812051 0.00933274255452671 -0.008418677909052983 -0.008418677909052983  738315.5465909935
-0.13718403676895016 0.18203524062021514 0.9120415426434713 -0.012358341198616675 0.010824452742132751 -0.008088716760425023 -0.008088716760425023  738315.546592229
-0.1404294804480959 0.18418641571333294 0.9139379682542834 -0.013092259559909584 0.014885615425299445 -0.008169776268681168 -0.008169776268681168  738315.5465933022
-0.14347590523857542 0.1865835831410712 0.9151427180397496 -0.010457229467301215 0.013825104892088104 -0.008398255597690679 -0.008398255597690679  738315.5465944108
-0.14603008623686756 0.18942421773516452 0.9169747278655647 -0.01297784553882087 0.013574424555179142 -0.007375809052480464 -0.007375809052480464  738315.5465956455
-0.14792898533861182 0.19195149930611075 0.9197898430416425 -0.011932229142234236 0.007535846963278522 -0.006047568481946902 -0.006047568481946902  738315.5465969498
-0.14985301418779468 0.19451007209497218 0.9231901026933796 -0.015234142625720124 0.007622866117888274 -0.005090598332583823 -0.005090598332583823  738315.5465978736
-0.15250608126144075 0.1985490757496962 0.9271220601866271 -0.01991499541180513 0.011485607808509917 -0.005670366488263878 -0.005670366488263878  738315.5465990969
-0.15548218343392545 0.2037707490764778 0.9290764955828845 -0.016868592173855997 0.010103664301757263 -0.007743110467851912 -0.007743110467851912  738315.5466003666
-0.1591085515768442 0.20958824319672836 0.9291219701488325 -0.014045578413817485 0.004971848049887537 -0.007732596940319026 -0.007732596940319026  738315.5466015325
-0.16309220857248816 0.21466100375641625 0.9283046921702474 -0.01362997890720498 0.0005523830010019815 -0.007150615330867394 -0.007150615330867394  738315.5466025252
-0.17001015161159527 0.2220738325665774 0.9269831688258461 -0.01662048812844746 0.007881760952718891 -0.00893481200578854 -0.00893481200578854  738315.546603968
-0.17746312609446085 0.22899502710629957 0.9264836496441277 -0.011841265376010867 0.004661104728973082 -0.00945748340641775 -0.00945748340641775  738315.54660488
-0.1853506619388979 0.23583291703132964 0.9266735900862604 -0.008858320747375421 0.013149884850683956 -0.010192224371341518 -0.010192224371341518  738315.5466060458
-0.1931634744319945 0.2421367698134511 0.9264942038527174 -0.008009125455432798 0.01569487092904024 -0.00984331446420244 -0.00984331446420244  738315.5466072351
-0.20048890377675158 0.24803552467449738 0.9270580069107031 -0.004928852286378519 0.01876390258662365 -0.010239740679677091 -0.010239740679677091  738315.5466084699
-0.20518823948018422 0.25176553529742546 0.9276883218117447 -0.004522339684569616 0.015777273612643056 -0.009400981636782864 -0.009400981636782864  738315.5466095088
-0.20847271990947627 0.25452107278926334 0.9285297614214311 -0.005387751864546944 0.01845619418901114 -0.008810386010791626 -0.008810386010791626  738315.5466105939
-0.21040102779890907 0.25639357138391355 0.9313996759269811 -0.005544293700478036 0.019009656502671033 -0.0065548070569640005 -0.0065548070569640005  738315.5466119329
-0.20981145065616047 0.2571542740387033 0.9363316695809546 -0.00781368432565777 0.023453209912486703 -0.005506122378901735 -0.005506122378901735  738315.5466130872
-0.20764193070973416 0.25745198343198067 0.939510062502288 -0.010957701454514482 0.023321232291488116 -0.00627047686181908 -0.00627047686181908  738315.54661408
-0.20248303214028843 0.25802318026518756 0.9414079499808348 -0.013374959178719425 0.025488369118833686 -0.007513120741991031 -0.007513120741991031  738315.546615292
-0.19489001359221886 0.25919036018154085 0.9386055179322597 -0.010477595472625518 0.018118528005373957 -0.01203650943683308 -0.01203650943683308  738315.5466165617
-0.18746795124647941 0.260968830893653 0.9347219968640365 -0.011466459575800617 0.017842427512016118 -0.012006628650798882 -0.012006628650798882  738315.5466176006
-0.17783796539864588 0.2639380984382503 0.9318569494759403 -0.014601333279619922 0.015627020662500407 -0.012289723425139433 -0.012289723425139433  738315.546618755
-0.1659650817879711 0.2685588377081472 0.9311217711363992 -0.010300021991017462 0.012966531524068821 -0.012488798693582357 -0.012488798693582357  738315.5466200362
-0.15508605350821825 0.27387994671421484 0.9323194209503889 -0.01616536022970772 0.008135050692409869 -0.009604713063404591 -0.009604713063404591  738315.5466211905
-0.1465031767922986 0.278573279938539 0.9352218992613379 -0.012379455613021409 0.006881711983693975 -0.009462657325665112 -0.009462657325665112  738315.5466222063
-0.13565272478432785 0.28505532372620723 0.9398797038297718 -0.005301176135631559 0.0020970041698816977 -0.01160687230773495 -0.01160687230773495  738315.5466233953
-0.1270476156449139 0.2900803803261053 0.9442954116028801 0.002482722838889223 -0.0005615771401487256 -0.012826437926206991 -0.012826437926206991  738315.546624665
-0.12272387603375391 0.2923219462063789 0.9465329399748239 0.004215837497207981 -0.004583787077180289 -0.01304081034059863 -0.01304081034059863  738315.5466256924
-0.11943061505284089 0.29255710226325965 0.9489174594927459 0.0042439679928461815 0.005145321405730097 -0.012510220969633758 -0.012510220969633758  738315.5466268006
-0.11813154549372044 0.28991037276674075 0.952722228761506 -0.002455274072873379 0.0065397278521713165 -0.010377838372494277 -0.010377838372494277  738315.5466281396
-0.1183379042072563 0.2863337412292565 0.9567838170870103 -0.007806882868175101 0.013614281372203543 -0.008872515056350167 -0.008872515056350167  738315.5466291785
-0.11887196496784481 0.2828275417041383 0.9597578521702081 -0.016255088430865084 0.011573198895950878 -0.00894710800480465 -0.00894710800480465  738315.546630275
-0.11946372571843487 0.2790564943987631 0.9588260563195987 -0.015917083897667578 0.014626009504966389 -0.008436150589558721 -0.008436150589558721  738315.5466316025
-0.11991313672369647 0.2778918268739893 0.9556305598524476 -0.02130321455246493 0.011488118105301794 -0.00912611533394304 -0.00912611533394304  738315.5466326415
-0.12021947452420309 0.27790930054536606 0.9513228824643669 -0.014164254301869513 0.006012413116441088 -0.01224037326174001 -0.01224037326174001  738315.5466338072
-0.12066379114285244 0.2795632570968308 0.9490260096594512 -0.01554814024761551 0.010102960337381704 -0.010939429453171154 -0.010939429453171154  738315.5466348578
-0.12143608590527093 0.2835705542362495 0.9484950235461153 -0.017073462010046996 0.009069473338516593 -0.00956848889753495 -0.00956848889753495  738315.5466361506
-0.12195489679203257 0.2889598875087296 0.9495621198366859 -0.011425068938312025 0.00887040534733531 -0.010953955369293231 -0.010953955369293231  738315.5466372818
-0.12260337070994111 0.2950107548311817 0.9508179795606158 -0.016385184551994128 0.010655153099485925 -0.008434179969091384 -0.008434179969091384  738315.5466383669
-0.1237500098030329 0.3039482748505258 0.9540392574484412 -0.013939142378544907 0.005085343531527919 -0.008375723057305792 -0.008375723057305792  738315.5466397059
-0.12519268171734316 0.31121380861241776 0.9578970793765901 -0.010307907163025239 0.0050109130666483375 -0.007858371584370564 -0.007858371584370564  738315.5466407563
-0.1277084039860447 0.31894681914484907 0.9625176040536291 -0.007564778846322423 0.0069721119730489604 -0.00793074036763574 -0.00793074036763574  738315.5466419106
-0.13107741600993192 0.326044270273738 0.9672163970596511 -0.006776207825697912 0.007437922523954103 -0.009606961354422013 -0.009606961354422013  738315.5466430649
-0.13512034824238578 0.33259037953278686 0.9713198007151871 -0.004934800609376058 0.012730658617006405 -0.011123380068427169 -0.011123380068427169  738315.5466443462
-0.13825867391633073 0.33688135102669736 0.9727944505848186 -0.005695220048980809 0.012105513975481898 -0.01353382321199457 -0.01353382321199457  738315.5466453851
-0.14099572650688316 0.3403570585923255 0.9721951050866257 -0.007352025647010467 0.014953427630996451 -0.015059901397498094 -0.015059901397498094  738315.5466464586
-0.14372585203681518 0.3434317096852767 0.969414153263507 -0.005353340976528101 0.011693827087119064 -0.016048884417547267 -0.016048884417547267  738315.5466478091
-0.14589331416629905 0.3453852022121161 0.967461849523669 -0.009154397167460755 0.014471968810515051 -0.015232667949034683 -0.015232667949034683  738315.5466490214
-0.14871307354009375 0.3469278574375039 0.9670756054284255 -0.010463652767153392 0.004760335028994867 -0.01277551601559836 -0.01277551601559836  738315.5466500255
-0.15239743326647326 0.3485039766348682 0.9686932810498087 -0.015151939051380924 0.008264096568642151 -0.010114174234967792 -0.010114174234967792  738315.5466513761
-0.1560861413519071 0.3503666852482107 0.9700721406702888 -0.012462004465684014 0.010515880517864038 -0.008949064939826072 -0.008949064939826072  738315.5466523225
-0.16071608792435824 0.35292365528462893 0.9705528996224871 -0.01455425425913533 0.011648005126999789 -0.009482943176483306 -0.009482943176483306  738315.5466535
-0.1663303813240036 0.35656166606841105 0.9700808780858762 -0.015768923721022468 0.010055881180940118 -0.010465702235984939 -0.010465702235984939  738315.5466547697
-0.17133940575868103 0.360546431964974 0.9686252888270341 -0.011923706141438483 0.010657642000286143 -0.010896456832710611 -0.010896456832710611  738315.5466559241
-0.176292656088404 0.3642292350559614 0.9662926111492988 -0.007428509867046691 0.005637179968410608 -0.010125761849154615 -0.010125761849154615  738315.5466569631
-0.18174310554259443 0.3675933409142451 0.964647043828787 -0.007806395596461158 0.00579794465461263 -0.009279314571128757 -0.009279314571128757  738315.5466580254
-0.189250496617187 0.3710001381529849 0.9645684642582683 -0.0091318840420158 0.00784637042621675 -0.007674318483518358 -0.007674318483518358  738315.5466593293
-0.19661103274950903 0.3739989730425231 0.9654058810271434 -0.013268024318345072 0.00937987874593273 -0.004762842651758131 -0.004762842651758131  738315.5466604376
-0.20362297255093798 0.37737233503046413 0.9657454982935828 -0.01794299738811407 0.014686415245062078 -0.006322065670635296 -0.006322065670635296  738315.5466616149
-0.20993479719737573 0.3814164045477934 0.9662334924820604 -0.00750494654898862 0.010411022055326983 -0.008623121593029054 -0.008623121593029054  738315.5466628388
-0.21734503893036247 0.38662840472359156 0.964809901052218 -0.014856540331781258 0.013254382665260174 -0.005022715020169377 -0.005022715020169377  738315.5466640275
-0.22313646800844236 0.3914706263325808 0.9626943371236601 -0.016077067934531904 0.01571136046476612 -0.004739354724988359 -0.004739354724988359  738315.5466650663
-0.22872026756022248 0.3969332890977417 0.9596049227707476 -0.01515562941139595 0.015335110274608607 -0.004975536965162834 -0.004975536965162834  738315.5466661514
-0.23549460286420051 0.4042198460425018 0.9549099430513258 -0.010307516338250876 0.005802589626775917 -0.005255439406723503 -0.005255439406723503  738315.5466673864
-0.24256312778170985 0.41164145449147377 0.9514739979151144 -0.012684525873452042 0.007523540302578178 -0.0027750515099017907 -0.0027750515099017907  738315.5466688062
-0.247260780254455 0.4166236800076914 0.9509883730811396 -0.01385400688271855 0.010905894553557498 -0.001643541609817484 -0.001643541609817484  738315.5466695682
-0.2556286553524585 0.42693795042798227 0.9526458555214482 -0.019683541223481153 0.014271051949874762 -0.0020763031580551933 -0.0020763031580551933  738315.5466709648
-0.2611270303527228 0.43541459002762967 0.9538581731377904 -0.01873153086475656 0.012703519078664615 -0.003661713943883246 -0.003661713943883246  738315.5466720152
-0.267136041316191 0.4461748826289905 0.9530899275696065 -0.01960247891617311 0.004038898117388037 -0.004622164194655041 -0.004622164194655041  738315.5466731696
-0.274343785246076 0.45941461181312204 0.9499647329633639 -0.016159905500642932 -0.00020292054746907112 -0.005379811251603096 -0.005379811251603096  738315.5466744393
-0.2816809306398731 0.47132256004420714 0.947437878185423 -0.01664744529535457 -0.0010480788085840819 -0.0036270317228206676 -0.0036270317228206676  738315.5466754782
-0.2903156316048911 0.4837913753551238 0.9453698175861177 -0.016138771322192214 0.0037722593735140426 -0.0016917226648738531 -0.0016917226648738531  738315.5466766325
-0.30249473935553156 0.4999357473847274 0.9423873181386966 -0.018346146004957996 0.005201413007700393 0.00015629414264267802 0.00015629414264267802  738315.5466779022
-0.3159806491963023 0.5170565971230595 0.9386444348356172 -0.01563621781081916 -0.000879173183905022 -0.00033679762442107497 -0.00033679762442107497  738315.5466790682
-0.3279948516204053 0.5317896249523794 0.9358841573662905 -0.012968138832730925 0.0017714187612781868 0.0022402340526196684 0.0022402340526196684  738315.546680107
-0.34250028153631284 0.5483709055360659 0.9330541133279767 -0.012952733254199858 0.002330458386390762 0.002245469471142512 0.002245469471142512  738315.5466812729
-0.358090895713404 0.5652630342004176 0.9301160549760241 -0.016887534534933604 0.0035246725856627015 0.0025159378398209803 0.0025159378398209803  738315.5466824734
-0.375190065558077 0.582073122471396 0.9286735280384394 -0.011682401169434427 -0.005225747500359659 0.003949832617261886 0.003949832617261886  738315.5466835932
-0.39419659669225465 0.598782060106955 0.9297831880616235 -0.014856600746991987 -0.0032021910387658933 0.004996204262596841 0.004996204262596841  738315.5466847474
-0.4188949166840289 0.617448591516562 0.933125214837489 -0.01919573502441633 -0.014193070205428844 0.00527612703632436 0.00527612703632436  738315.5466860057
-0.44270475348892024 0.6331246499501029 0.9359982720270563 -0.019059492815730047 -0.01587287687164285 0.006047719063881963 0.006047719063881963  738315.5466870562
-0.4730489150094235 0.6511442216195608 0.9387347096034915 -0.02021175823096077 -0.011599245953406435 0.0055062531461246055 0.0055062531461246055  738315.5466882568
-0.5115012045131136 0.6715124414316581 0.9406483717696869 -0.018688116907315297 -0.013262178413116934 0.008022961892355025 0.008022961892355025  738315.5466894803
-0.5504684420337373 0.689924773559692 0.9420163376114525 -0.014921452758279389 -0.013476164934497497 0.007281623925370844 0.007281623925370844  738315.546690646
-0.5842037468713795 0.704164973875895 0.9423712017821436 -0.009310683564976505 -0.008025604113566974 0.007468451921145995 0.007468451921145995  738315.5466915928
-0.6374294294296114 0.7232561163597132 0.939528889001451 -0.001505097415877638 0.0010435830510617792 0.0033768425804436334 0.0033768425804436334  738315.5466929663
-0.6797271806382613 0.7351245689342115 0.9338316530054237 -0.009704973370462945 -0.0005828492504893774 0.006316028524704011 0.006316028524704011  738315.5466940281
-0.7301427583194732 0.7450698396125257 0.9274801974763841 0.00029824284023722143 -0.014851605009379182 0.006523681005884071 0.006523681005884071  738315.5466951594
-0.7842647682421826 0.7515276512984996 0.9275395629194585 0.0012599673089978513 -0.013253408017608732 0.013620588244263022 0.013620588244263022  738315.5466963599
-0.8418395308235709 0.7541820798613998 0.9382645224640765 -0.004900136927522825 -0.0016506239618760592 0.02357515302117268 0.02357515302117268  738315.546697468
-0.9018301936282896 0.7521404237396904 0.9604983143962502 -0.003987936162925908 0.0011951956853571972 0.029025715096924462 0.029025715096924462  738315.5466986223
-0.9548337813325394 0.7485956183723718 0.9875581237748827 -0.005682589396201773 0.010952960399399147 0.03192318259597797 0.03192318259597797  738315.5466996842
-1.0128480884714341 0.7415536071200137 1.0228855121026155 -0.008163564768167089 0.03209678173474653 0.03357517785646242 0.03357517785646242  738315.5467009424
-1.0704493498380874 0.7313364463757712 1.0626378752106993 0.001298564746416532 0.05778342904024547 0.02529568855500944 0.02529568855500944  738315.5467021546
-1.1134447830481435 0.7196639561575238 1.0954764789017413 -0.000731077398626679 0.07396202117560462 0.018358905349829563 0.018358905349829563  738315.5467032627
-1.1437658618018007 0.7062086459569825 1.1217776514485804 -0.012324630764636453 0.08676314814488358 0.01136537400993971 0.01136537400993971  738315.5467044517
-1.1595841916761793 0.692489115624321 1.1395694593954568 -0.02115360210598083 0.09239164244941551 0.007096589744134087 0.007096589744134087  738315.5467055714
-1.161462772364182 0.6819029718163653 1.147791674459998 -0.03636028942189421 0.08612302907024082 0.002948167433996757 0.002948167433996757  738315.5467066336
-1.1490134893462545 0.6727973704437944 1.1485353157674305 -0.041775614380378356 0.07173087311385389 0.0038674579355034958 0.0038674579355034958  738315.5467079032
-1.1266462393235483 0.6690855342495992 1.143690896931757 -0.04063736851707104 0.051378771385569996 0.003852200034404918 0.003852200034404918  738315.5467090574
-1.1015003302415718 0.669439590056679 1.1363051649643066 -0.035130531036615766 0.023438259359373992 0.001975225302041301 0.001975225302041301  738315.546710154
-1.0678015299894714 0.6742258779995249 1.1246266223109922 -0.027918509110930995 -0.008913961981865033 0.0011332815022611622 0.0011332815022611622  738315.5467115046
-1.0470338250404179 0.6792769820140825 1.1164655233170115 -0.018137242611783098 -0.024639322875474514 0.0011790802315467367 0.0011790802315467367  738315.5467125089
-1.0323890748080438 0.6848009213029256 1.1099533312399241 -0.009888899829181392 -0.022583932684575033 0.0013113516764657782 0.0013113516764657782  738315.546713652
-1.0234828355208487 0.6900848898627838 1.1041326161438878 0.0023220679778053538 -0.02069155903225767 0.002556872354669478 0.002556872354669478  738315.5467149559
-1.0230937649093355 0.69092476273941 1.1018633156726039 0.0073871448381649 -0.01094656072753412 0.0029680398987723517 0.0029680398987723517  738315.5467159603
-1.026481076026945 0.6880560351973993 1.0983807574162405 0.007462416042820742 0.007585445144790283 0.004848428438031894 0.004848428438031894  738315.5467171493
-1.0302767839696871 0.6805711980114317 1.0937333649612362 0.0033931428239663474 0.029465876523736854 0.006915578818100993 0.006915578818100993  738315.546718419
-1.0311401899737618 0.6720759450978333 1.0887216896152714 -0.001583148055073659 0.033358619373169966 0.00849365027950433 0.00849365027950433  738315.5467195044
-1.0281979108686943 0.66068564958205 1.0828096523389954 -0.010587868441190832 0.0359953646423298 0.012953759248237093 0.012953759248237093  738315.5467206583
-1.0220089814319848 0.6495908027492976 1.0782190562492295 -0.010800819453297163 0.03055946837557632 0.018438018179466383 0.018438018179466383  738315.5467216743
-1.0094048892533605 0.6382598217566265 1.073177922912949 -0.026211191487504396 0.027649427223021664 0.016338763522934185 0.016338763522934185  738315.5467229905
-0.9947121031941317 0.6294656212037529 1.0708874108883029 -0.027182964132869376 0.015440840080088001 0.016571619190227805 0.016571619190227805  738315.5467242048
-0.9829231959451651 0.6245585252502123 1.070559846041456 -0.023871295509171237 0.007680063847582652 0.01466305342418601 0.01466305342418601  738315.5467253729
-0.9708817874712878 0.620343123979278 1.0712156808493785 -0.014300242378416709 -0.0026707554570215147 0.010045614340224432 0.010045614340224432  738315.5467265522
-0.9642481632228257 0.6174003926525475 1.0719238308160308 -0.0044864534893810926 -0.006659976297432088 0.007066120005310749 0.007066120005310749  738315.5467275914
-0.9606480417284752 0.6132095899651864 1.0729580446947893 0.0010281673055730438 -0.0030988722220539494 0.0053070259501876065 0.0053070259501876065  738315.5467288203
-0.9594161200092507 0.6073083713304231 1.0724921811982842 0.0021985380907740284 0.011868352327658208 -0.0013484374171393798 -0.0013484374171393798  738315.5467299287
-0.9594228812673385 0.5989283333064971 1.069693339238271 0.0033841796918772315 0.013931959363470886 -0.004582350136423026 -0.004582350136423026  738315.5467310435
-0.9589842089041245 0.5890825207346236 1.065982057647189 0.0035263645770022573 0.023161397153322077 -0.00638607554605614 -0.00638607554605614  738315.5467321612
-0.9568393133741873 0.5748263012354816 1.0613258985838676 0.001328740850637798 0.02848071692876568 -0.006473575510607439 -0.006473575510607439  738315.5467334043
-0.9526038731909818 0.5598309322634631 1.0572543215144519 -0.004813299114947679 0.02811971844555319 -0.00717837220511487 -0.00717837220511487  738315.546734507
-0.9454754651686622 0.5440717216854426 1.0531782240781207 -0.008400127155321357 0.027921929101247075 -0.006314690975048644 -0.006314690975048644  738315.5467356617
-0.9363335967975949 0.528300902859026 1.0492738964603012 -0.016229459848743376 0.021597364530568208 -0.007873049468586567 -0.007873049468586567  738315.5467368673
-0.9251602760482182 0.5116088226096082 1.0466194700261495 -0.012644589211232524 0.01050075650073788 -0.008441019071025853 -0.008441019071025853  738315.5467382363
-0.917449899636954 0.5001809271835036 1.0456306823257846 -0.015568657624049314 0.007132221019299346 -0.008566099156973329 -0.008566099156973329  738315.5467390446
-0.9084218178904889 0.48540456582130137 1.0455790452376683 -0.016049397277046705 0.0065754084374493 -0.007900079888251072 -0.007900079888251072  738315.5467403028
-0.902638622124843 0.4741673106577479 1.0455514756427664 -0.01381104107703792 0.007589919050894379 -0.008080938010667458 -0.008080938010667458  738315.5467414022
-0.8980650525899987 0.4610855527280575 1.0445974750629026 -0.010494112900838647 0.0016849880129017464 -0.00635617152879454 -0.00635617152879454  738315.5467426769
-0.896215539486903 0.44929177840326256 1.0432523919811025 -0.00845833151248119 0.0030960224521173825 -0.005119050327998483 -0.005119050327998483  738315.5467437624
-0.8963692020968814 0.43842695764966105 1.0418293739933175 -0.00774103075880711 0.008372609861742264 -0.00544897836827879 -0.00544897836827879  738315.546744871
-0.8981848916689213 0.42468427221089383 1.0389606576622152 -0.006726982087371453 0.008736802612586237 -0.006379272896179358 -0.006379272896179358  738315.5467461185
-0.9005832192297553 0.41145561472644976 1.0352489703400798 -0.0027034466956070338 0.01411531335271997 -0.006454859095488367 -0.006454859095488367  738315.5467472731
-0.9031379956694543 0.39873885009296195 1.0306022176965344 -0.0044754181837928985 0.0134417365926275 -0.006392591817382507 -0.006392591817382507  738315.5467483932
-0.9059465754877061 0.3833306497247047 1.0244403890723215 -0.002632907210341639 0.013479420682342388 -0.004456597771255259 -0.004456597771255259  738315.5467495013
-0.9086671617938709 0.3665508918320786 1.019594560439758 -0.0036439802561172817 0.01553145900008056 -0.0015153383137557334 -0.0015153383137557334  738315.5467507138
-0.9114735778322457 0.3463541254398216 1.0164715874210408 -0.0018643370044960673 0.012080408943191576 0.0014535200309342578 0.0014535200309342578  738315.5467519356
-0.9136201412494739 0.32857796942177603 1.0158497150261327 -0.004032117434896021 0.01530653682707219 0.004647693352641316 0.004647693352641316  738315.5467530157
-0.9156296256037709 0.30803474323631874 1.0169266620487276 -0.006263119640985814 0.01840826859052219 0.004034370214809554 0.004034370214809554  738315.5467540779
-0.9175896141237864 0.2820653859991228 1.0179454465635804 -0.002394681610211695 0.01636602281207719 0.003014439809259553 0.003014439809259553  738315.546755499
-0.9187778565358438 0.26192036712352823 1.017401075920636 -0.004918071822094834 0.014797921568069132 -0.0009043868851127608 -0.0009043868851127608  738315.5467565724
-0.9200464876579498 0.2388045428678214 1.0148902304264749 -0.004046730431867538 0.013326732366182854 -0.00293514111357738 -0.00293514111357738  738315.5467576565
-0.921104176186125 0.21755662155424013 1.010425963998644 -0.006504268127131868 0.016590581172950807 -0.006690948995168692 -0.006690948995168692  738315.5467587069
-0.9223057674485838 0.19096900232180644 1.0030964120829577 -0.012640474977470045 0.019805261251769176 -0.007026264830823721 -0.007026264830823721  738315.5467600165
-0.9235093993173783 0.16912265261693624 0.9969253470484799 -0.008769808072203525 0.014548089360087904 -0.004668967672945352 -0.004668967672945352  738315.5467611003
-0.9239910303282202 0.14322987896709566 0.989669243461208 -0.010704096612950204 0.015211115566541894 -0.0021487819641737124 -0.0021487819641737124  738315.5467622861
-0.9233383521019211 0.11913299286757129 0.9837970034742087 -0.02097479417496084 0.01927449868255357 -0.006080149071110817 -0.006080149071110817  738315.5467635558
-0.9225604000678631 0.10087447714986164 0.9805258270111158 -0.020378108513689958 0.017876774248348982 -0.006072758431738713 -0.006072758431738713  738315.5467646179
-0.9214793579711135 0.08420076515639678 0.9794396586737986 -0.015779101433275003 0.013588189548833085 -0.0032220075132376553 -0.0032220075132376553  738315.5467657277
-0.919842794192991 0.06742934428854318 0.9790553927556438 -0.014650711406116375 0.010981150232719596 -0.0063244940852262704 -0.0063244940852262704  738315.5467668304
-0.9196362719730505 0.04791987644874082 0.9789941017550396 -0.006334619313862046 0.002192346710747735 -0.0017722908732450172 -0.0017722908732450172  738315.5467682203
-0.920626983350855 0.03475724539897237 0.9779136952032712 -0.0032403320010886303 -0.0008979589060005654 -0.0004146477327043734 -0.0004146477327043734  738315.5467692245
-0.9235365788777781 0.01620423080632783 0.9744993775218542 -0.0050675609260563605 0.006254082934642222 0.0013911947136102075 0.0013911947136102075  738315.5467704828
-0.9269029134525858 -0.0011900401839786668 0.969915637310072 -0.004839543462717762 0.011664706313616872 0.0004856434880596936 0.0004856434880596936  738315.5467716025
-0.9307869212808191 -0.021087612443414547 0.9643178584507244 -0.004974696774572613 0.013586916717457462 0.0002468607318560747 0.0002468607318560747  738315.546772849
-0.9328163488861652 -0.03545897672870018 0.96089921875982 -0.01336512927484876 0.022260090818802536 -0.0021255070567417944 -0.0021255070567417944  738315.5467737725
-0.9346208258577592 -0.05691726241950839 0.9581522616260918 -0.00996324227213083 0.02260691330409598 -0.0008885738819765235 -0.0008885738819765235  738315.5467751314
-0.9340111827013851 -0.0725613037196739 0.9571905018181479 -0.005737786256243547 0.017937623113005334 -0.0012577159223472684 -0.0012577159223472684  738315.5467761704
-0.9319811802020607 -0.08995892378744247 0.9575286028897281 -0.006992260330845226 0.015140806272503825 -0.0024056331157347346 -0.0024056331157347346  738315.5467773246
-0.9288049107331048 -0.10524936320623919 0.9589296454664911 -0.00816995319989286 0.019739231308910636 -0.00220078162461483 -0.00220078162461483  738315.5467784213
-0.9229619656913942 -0.12556400267833637 0.9613483327933234 -0.00744281536833801 0.01866105237942428 -0.007054302107014167 -0.007054302107014167  738315.5467797611
-0.917952556326314 -0.13905075166512124 0.9624514957782851 -0.006969811475687771 0.01767087551027196 -0.009928023373402095 -0.009928023373402095  738315.5467807999
-0.9104460457634167 -0.15589658006825347 0.9630168194789865 -0.0018696664299448769 0.014114647139924108 -0.01493429305795434 -0.01493429305795434  738315.5467819426
-0.9013835348713924 -0.17564541308879003 0.9623442656571897 -0.00015218348716032439 0.012440508671888258 -0.018159858331335817 -0.018159858331335817  738315.5467831503
-0.8917088192926896 -0.19627578381943317 0.9596453186049697 -0.004243922080893202 0.011514189455775951 -0.02075439751104643 -0.02075439751104643  738315.5467844345
-0.8839106898463711 -0.21392153506462397 0.9562716614547149 -0.0033021279918475917 0.0024575796989662504 -0.022166703953919415 -0.022166703953919415  738315.5467854387
-0.8760321096672267 -0.23372781123457487 0.9528519945411522 -0.00635972746189502 0.004252675865120707 -0.02323316385030562 -0.02323316385030562  738315.5467865863
-0.869777819476214 -0.25292635833492205 0.9500062005659582 -0.013573081252701456 0.0037406675303266017 -0.02149212418933436 -0.02149212418933436  738315.5467878102
-0.8649122447595743 -0.2704512199245133 0.948647181234301 -0.018345904458300005 -0.0009413947256539599 -0.021895510396271602 -0.021895510396271602  738315.5467889064
-0.8611810831282212 -0.285550978307734 0.9489385618856438 -0.021378727882428207 0.005605098226864363 -0.02144915560189239 -0.02144915560189239  738315.5467900983
-0.8579122963422696 -0.29851279297756095 0.9504706029257736 -0.021178762526532433 0.009329780674963135 -0.020630807016459807 -0.020630807016459807  738315.5467913796
-0.8551427752064868 -0.30697798792680214 0.9523808205026992 -0.016339025161267676 0.007638190472288145 -0.018783841304899147 -0.018783841304899147  738315.5467923745
-0.8511534445446264 -0.31545093079476144 0.9543577103139527 -0.008459567975506321 0.012983558953434756 -0.014661147945588407 -0.014661147945588407  738315.5467937894
-0.8463392523713141 -0.3223062223702543 0.9543085348090667 -0.00815117882187203 0.013920258029686878 -0.010972466084409301 -0.010972466084409301  738315.5467948051
-0.840471400595991 -0.32838841035657484 0.9521026809167199 -0.00631941752562022 0.019804824429061764 -0.007972970079906876 -0.007972970079906876  738315.546795867
-0.8338458389053811 -0.334873339454809 0.9476006883542631 -0.0009987135065040171 0.011867251237754894 -0.0031045021930261223 -0.0031045021930261223  738315.5467969514
-0.8235011727163956 -0.34360091106910634 0.9410994044712048 -0.0025402280547851246 0.008895615310350527 0.0005181375016922205 0.0005181375016922205  738315.5467982804
-0.8154259759531338 -0.350838525050002 0.9375523923800603 -0.004797976347290657 0.010139474240197396 0.002702371855778354 0.002702371855778354  738315.546799331
-0.8072547360081342 -0.3583781040437345 0.935111667859162 -0.003036427403021741 0.005081721212389137 0.005107300902545105 0.005107300902545105  738315.5468004392
-0.7982086468344929 -0.3669285425622964 0.9344016992141819 -0.008027711830445261 0.0041999372937225575 0.008052521820710366 0.008052521820710366  738315.5468015383
-0.7886358417306085 -0.37600205023250777 0.9365876999698779 -0.009424602704961182 0.005083374715912894 0.00940107131422618 0.00940107131422618  738315.5468027965
-0.7799779223786951 -0.38347946810532035 0.94054146458134 -0.009997408670286754 0.00913178899389487 0.009926947048244768 0.009926947048244768  738315.5468040663
-0.7713657040896044 -0.3900184741722721 0.9456119323402391 -0.012080530760808512 0.00928678815845899 0.00898787012587486 0.00898787012587486  738315.5468051336
-0.7622209781841051 -0.39551012811147945 0.950021699818707 -0.011970948397237155 0.011587796272449493 0.004247966513577348 0.004247966513577348  738315.5468063
-0.7521143349091878 -0.4005034475461031 0.9520300483935653 -0.006834432744642921 0.0026928899582137553 0.0012854531150091899 0.0012854531150091899  738315.5468075848
-0.7448160295341801 -0.40367556510405217 0.9519830854834136 -0.00784159945337572 0.003733701803872731 0.0007940723210920991 0.0007940723210920991  738315.546808497
-0.7340084871476316 -0.40832061380394236 0.9510088752494457 -0.00862614815843066 0.007359236973762761 0.0005717086577417826 0.0005717086577417826  738315.5468098638
-0.726671680525306 -0.4115176732128081 0.9514256843063252 -0.006784625514612122 0.01071875082411475 0.0010702743748134788 0.0010702743748134788  738315.5468108795
-0.7171068977427781 -0.41543074361693555 0.9523642880085458 -0.006738732573174332 0.007254894614939103 0.00020325013602677438 0.00020325013602677438  738315.5468120108
-0.7067051059591721 -0.42020074678004116 0.9532268243936982 -0.0023109396879482263 0.000659241390916736 0.003976733904808959 0.003976733904808959  738315.5468133122
-0.6973897393128644 -0.4261132232569897 0.9535340233924393 0.0009753990913475377 -0.00046488911039741665 0.005253629796825684 0.005253629796825684  738315.5468144905
-0.6915848859284716 -0.43121122723187366 0.9525301162995886 0.0005825648628735527 1.3352119991638606e-05 0.007285114171117402 0.007285114171117402  738315.5468155063
-0.685662725167753 -0.4383759190877656 0.948830130620269 -0.0026114952901546327 -0.0005321522773374756 0.009811436229167855 0.009811436229167855  738315.546816603
-0.6791193056877128 -0.4474193541326057 0.9415583856588446 -0.011364226322806066 0.013553551207818381 0.006488395079269382 0.006488395079269382  738315.5468179567
-0.674285006265154 -0.45445704426765454 0.9338643158177715 -0.008196327851887421 0.01709519022869169 0.005818903622591188 0.005818903622591188  738315.5468190021
-0.6674770974416527 -0.4633077641541637 0.9228183808200311 -0.0036749658925563115 0.01165831037469278 0.002437102140745893 0.002437102140745893  738315.5468202769
-0.6607179340192633 -0.47199238430013557 0.9112503099105528 0.003143438654423683 0.014914367174247347 0.0019361716555847178 0.0019361716555847178  738315.546821463
-0.6556712217493926 -0.47935709287762673 0.900661996481578 -0.00304719053074798 0.014156946654101788 0.01104189066780789 0.01104189066780789  738315.546822468
-0.6472896053392 -0.4895578214033664 0.8880689856507148 -0.0034747764996361013 0.022404109462557494 0.01357627354270147 0.01357627354270147  738315.5468235877
-0.6366849651889139 -0.5018856909440531 0.8732597455444056 -0.0015638596948356269 0.017285934040202303 0.015407719559777135 0.015407719559777135  738315.5468248181
-0.6241736716898189 -0.5153363079529378 0.8582044900138114 0.0012397206026842583 0.013982135313189753 0.011544905265672707 0.011544905265672707  738315.5468260648
-0.6150284382108159 -0.5256806592595841 0.846602156695611 -0.00721095451225192 0.011124680328424173 0.017870700753623625 0.017870700753623625  738315.5468270922
-0.6031588993187645 -0.5387215593680988 0.8333366220083575 -0.010585999904662574 0.010797379068002318 0.01532513856817939 0.01532513856817939  738315.5468281657
-0.5901381321059677 -0.5520765181525527 0.8195877686667602 -0.017975741273380787 0.004481896782079617 0.016565335627924546 0.016565335627924546  738315.5468295182
-0.5795367663579676 -0.5626407837713904 0.8071406922705374 -0.01643990657360147 0.0019398509427345314 0.014296431061916933 0.014296431061916933  738315.5468305739
-0.5708662854752579 -0.5707076945970236 0.7955288473548876 -0.015863460265239236 0.008808903602919655 0.01650912500761737 0.01650912500761737  738315.5468316738
-0.5616805377420985 -0.5795901336237747 0.7798484403497278 -0.014742908096849158 -0.002466170328460887 0.017462218763416432 0.017462218763416432  738315.5468330376
-0.5560321441806857 -0.585835549925176 0.7674667249895747 -0.008314856222106827 -0.0016842115862218357 0.016408372416575424 0.016408372416575424  738315.5468341797
-0.5522552153267213 -0.5907972282937027 0.755453711318411 -0.011487845268669826 -0.00015277266749323887 0.01968496453710741 0.01968496453710741  738315.5468352069
-0.5498176313970268 -0.5957272852672416 0.7415999384360117 -0.006287758225397055 0.004677371397034721 0.021022935251335542 0.021022935251335542  738315.5468362537
-0.5470503890800307 -0.6031118386332189 0.7195522783570291 0.0027068290175554562 0.005674339778668743 0.01708985830094516 0.01708985830094516  738315.5468376452
-0.5449702663008965 -0.6098104539485609 0.7005232653790149 0.008392868371193697 0.008630048028693636 0.017286183592172443 0.017286183592172443  738315.546838673
-0.5422058987954295 -0.6178242282741325 0.6805999467019594 0.004217809885997411 0.01611771565951137 0.019506417675140653 0.019506417675140653  738315.5468397931
-0.5371999154908833 -0.6293299480688799 0.6577827281970524 -0.0026054288183859926 0.02418570819387395 0.02698206557110934 0.02698206557110934  738315.5468410967
-0.5276205712190004 -0.6414463199218106 0.6405716746618756 -0.005080715722572637 0.027492164038995057 0.023209610386629432 0.023209610386629432  738315.5468422967
-0.5189610274701643 -0.6497095150509049 0.631802671304515 -0.010365696677180411 0.023758285144693518 0.026566857248979038 0.026566857248979038  738315.5468432663
-0.5054900353677669 -0.6583980678992237 0.6266584567765355 -0.01429739563244308 0.017243522192294428 0.024088228502807427 0.024088228502807427  738315.5468443529
-0.4896259326432988 -0.6648004052585886 0.6247374697846069 -0.017917020142457007 0.004472792029355496 0.02091734022582656 0.02091734022582656  738315.5468456482
-0.47553505758262077 -0.6674359456917656 0.6246116119700663 -0.017579251805187063 0.0018142251587623531 0.014835712282651979 0.014835712282651979  738315.5468467725
-0.4637451001645582 -0.667651831174859 0.6231301725749783 -0.01674376943206975 -0.004098444373455139 0.016021544329771195 0.016021544329771195  738315.5468479361
-0.4532478863758493 -0.6665368893121483 0.6199654434758552 -0.005305773007916294 -0.007112918177317891 0.011094798544731912 0.011094798544731912  738315.546849209
-0.44692297857765373 -0.6659542366840375 0.6159794908040813 -0.0010684788516211502 -0.0024802379904349955 0.009543499748882108 0.009543499748882108  738315.5468502556
-0.4422180173457982 -0.6666454697036864 0.6122677115746084 0.00023921727204411568 0.004643385490721413 0.009515122043229504 0.009515122043229504  738315.5468513753
-0.43735277761246993 -0.6698293869097319 0.6107260344948343 0.0035858016817802473 0.010243344152461056 0.011395242455330917 0.011395242455330917  738315.5468526323
-0.4324670309371544 -0.6751727738123244 0.612720316707518 0.0010238231099937074 0.015297579784601048 0.011417345150921689 0.011417345150921689  738315.5468537171
-0.42740958528219214 -0.6819369294438314 0.6151472028676798 0.0029479960210996295 0.011642703012555393 0.010699707843172883 0.010699707843172883  738315.5468547946
-0.4199491546594179 -0.691613963369678 0.6156040274897091 -0.005122502854142674 0.015201445767626507 0.007446096204735918 0.007446096204735918  738315.5468560895
-0.4124501342174687 -0.7010716060957705 0.6111930860737479 -0.01364255763468779 0.009760590909797334 0.004319122067961309 0.004319122067961309  738315.5468571871
-0.4054363374796448 -0.7096119050421502 0.6029137404746647 -0.01925035004259412 0.007071870776800698 0.0008197970581810396 0.0008197970581810396  738315.5468582726
-0.39721429399092234 -0.7202079138837147 0.5847525611814728 -0.019907123426664213 0.0005903644651780342 -0.0021378150109618754 -0.0021378150109618754  738315.546859624
-0.3924457341684946 -0.7275104914258093 0.5677781324826576 -0.018231166068733567 -0.004595113933177113 -0.0038646900244952414 -0.0038646900244952414  738315.5468606746
-0.3892323876523518 -0.7349317054214554 0.5481015581735886 -0.009412205857460835 -0.0019420477497947971 -0.008345336178568507 -0.008345336178568507  738315.5468619146
-0.38842583391396723 -0.741054293784444 0.5308971637975852 -0.008037226072420207 0.0011050710132321884 -0.006935435182036527 -0.006935435182036527  738315.5468629
-0.388675394771052 -0.7484806654623386 0.5066196171067016 -0.011133196180938434 0.004390995178626719 -0.008364547768117203 -0.008364547768117203  738315.5468644028
-0.39000830049534274 -0.7538166614419358 0.4870619959287845 -0.005808873192510475 0.0021761336166482947 -0.007201857978340993 -0.007201857978340993  738315.5468652913
-0.392106784002454 -0.7588286705841195 0.4658519796270797 -0.012961239373759885 0.009710721229626322 -0.006379087589224907 -0.006379087589224907  738315.5468663708
-0.3957202439760304 -0.7650107978173769 0.4346296344286311 -0.008626681784547306 0.005013455708715072 -0.004262003844507076 -0.004262003844507076  738315.5468677215
-0.3979602797660259 -0.7680119193233109 0.40803547405712587 -0.014841401689922958 0.006106392535899397 -0.006270639436888056 -0.006270639436888056  738315.5468687834
-0.4002963506447543 -0.7695750497259223 0.3741059629305288 -0.017208755627688352 0.010740600178415407 -0.005864837980263513 -0.005864837980263513  738315.5468699262
-0.4017854996613408 -0.7686296365200338 0.33851640320120385 -0.023264705151604767 0.006387523576979117 -0.00890176373939781 -0.00890176373939781  738315.5468709886
-0.4024699288440966 -0.7646943662940637 0.2909386041481793 -0.022868597306889008 0.011593931722516571 -0.006830869681871686 -0.006830869681871686  738315.5468722923
-0.40214482715614214 -0.758527367048779 0.24719963972652753 -0.02383805668252701 0.010531817202672078 -0.00041012382385076243 -0.00041012382385076243  738315.5468734012
-0.4008383877461334 -0.7518059314674203 0.20952079587201322 -0.013522854025796293 0.013910799894462821 0.009938291353036541 0.009938291353036541  738315.5468745093
-0.3990760855391563 -0.7422523277221861 0.16708634334764721 -0.023390904659951306 0.01088474641980134 0.019290437928977316 0.019290437928977316  738315.5468756062
-0.39640961463790986 -0.7285619712074244 0.12008470384936665 -0.03894365376003559 0.02673564033785877 0.033408122590030176 0.033408122590030176  738315.5468768728
-0.394886319077904 -0.7163376779681196 0.08260194244476832 -0.04773638849180777 0.014266747927909223 0.035595974523594094 0.035595974523594094  738315.5468780221
-0.39409670954145537 -0.696620799104038 0.04035742073078704 -0.05723208180671804 0.015828509316357688 0.04442601108748452 0.04442601108748452  738315.5468791766
-0.3947540880399934 -0.6906812284206951 0.03192038539620173 -0.0071649760924284885 0.007587845167245762 0.03438664099049273 0.03438664099049273  738315.5468804579
-0.3928991640798185 -0.6980086013245801 0.04675722901597397 -0.04613974713204825 0.0382152335199707 0.020480812831814518 0.020480812831814518  738315.546881613
-0.39044036247759506 -0.701384970367395 0.04812876555773528 -0.02198900229342535 0.016274483221251315 0.014709694821710048 0.014709694821710048  738315.5468826175
-0.3836935181338351 -0.6994903461938201 0.03302792166322608 -0.03215610080941173 0.01516090074724173 0.006305149431020106 0.006305149431020106  738315.5468839321
-0.3841818541218547 -0.7003738574411914 0.028220775632824803 -0.007307067141702771 -0.003406224927561182 0.017284339003873186 0.017284339003873186  738315.5468849457