-0.6560773241067933 -0.25844202273199807 0.025950182981275133 -0.009922209691096166 -0.010756424916578829 0.6711006148208292 0.6711006148208292  738331.7282560065
-0.656064242451999 -0.2584405706054833 0.02596549879676213 -0.009623763741392947 -0.01111973659535267 0.6710481254557878 0.6710481254557878  738331.7282570901
-0.6560614250087385 -0.2584345225266198 0.025942643691544236 -0.009732604149983542 -0.010752243666965332 0.6710067502150606 0.6710067502150606  738331.7282583511
-0.6558948066437542 -0.2583196519885809 0.025874684927573135 -0.005154853059581301 -0.002509716896095107 0.6739699539644493 0.6739699539644493  738331.7282594412
-0.656054969366399 -0.2584323176397221 0.025931047837691665 -0.009905784063027275 -0.010695846017566152 0.6709999948681161 0.6709999948681161  738331.7282607073
-0.6560495064265394 -0.25842918375402496 0.025929673595232527 -0.009800338731951554 -0.011112013730763412 0.6709869418592672 0.6709869418592672  738331.7282617855
-0.6559058085144199 -0.2579962739519306 0.02537255940720525 -0.008859356684216361 -0.006914408394139254 0.6721978348859534 0.6721978348859534  738331.7282630258
-0.6559012184984399 -0.25799255540974625 0.025402651898001182 -0.008722390992726271 -0.006997865828322637 0.67207422946522 0.67207422946522  738331.7282640985
-0.6558913326332116 -0.2582995616584849 0.025819937792960605 -0.003982634972334886 -0.0023578157451878195 0.6742669878436394 0.6742669878436394  738331.7282651843
-0.6559146917276056 -0.2582976202268647 0.02581942987721375 -0.005217305925529164 -0.0021194513701581624 0.6739885777713419 0.6739885777713419  738331.7282664604
-0.6560621640651483 -0.25868422048895395 0.026379988843495145 -0.006042498604971844 -0.006065720066673012 0.6728868228644914 0.6728868228644914  738331.7282675273
-0.6558158757375732 -0.25803818140944024 0.026077998517825468 -0.010970651496894374 0.0032882559572831385 0.6722224611159988 0.6722224611159988  738331.7282687859
-0.6557739959253088 -0.2583462035875705 0.026826875379324266 -0.012249533123155168 0.0009341808492948124 0.6703471899981331 0.6703471899981331  738331.7282698669
-0.6563275881968711 -0.25837654697468415 0.03106330686918857 -0.06693417343795753 -0.020803462025966897 0.6540437903778659 0.6540437903778659  738331.728271115
-0.6527932018431768 -0.2586795583558685 0.029512048314980534 0.020296572884871498 0.02521155991814147 0.6701347623591628 0.6701347623591628  738331.7282721925
-0.646803417867285 -0.25871946526691497 0.03411977097011328 0.04991190962175363 0.07263735780858806 0.6738041476964013 0.6738041476964013  738331.7282734518
-0.6396563862100417 -0.25807994714835986 0.03762099836658776 0.01871042998549582 0.10429101131540616 0.7145263882135467 0.7145263882135467  738331.7282745341
-0.6318859691981001 -0.25882266925975744 0.03908929638103818 0.014509423291608202 0.12967026295593137 0.7580118592794262 0.7580118592794262  738331.7282756207
-0.6169257059471913 -0.26129454539094765 0.037567068541533064 0.03108691314438104 0.10265124854357192 0.8259705295226288 0.8259705295226288  738331.7282768801
-0.5981026766123942 -0.2562953432569721 0.03019407595085721 -0.03602460281924888 0.0005388042714952505 0.8601876260769495 0.8601876260769495  738331.7282779521
-0.5700690676096283 -0.2460435051352245 0.031155020237195352 0.026619638270348394 0.04987769914584275 0.8687075691384553 0.8687075691384553  738331.7282792289
-0.5490494371586038 -0.22516870802414238 0.044704584557066517 0.12819554183684972 0.2693964925294415 0.7795512650096055 0.7795512650096055  738331.7282803259
-0.5023968204541047 -0.19079938054969034 0.04905957059693946 0.19316368801508996 0.6211264672237282 0.628446216903463 0.628446216903463  738331.7282814053
-0.46069438137400753 -0.14160456436006374 0.07207528835485667 0.34786299925073133 0.13757076667497029 -0.6898355679755647 -0.6898355679755647  738331.728282668
-0.44861532874873566 -0.10811169930185575 0.04161669499018034 -0.09882326470467877 0.8474872538535712 -0.47722638698682646 -0.47722638698682646  738331.7282837402
-0.4277633126216226 -0.06164273109457699 0.008301167458266475 -0.5350553282392364 0.8125389057645348 -0.002462698528476978 -0.002462698528476978  738331.7282850089
0.0 0.0 0.0 0.0 0.0 0.0 0.0  738331.7282860774
-0.4227007642458631 -0.0665287832411018 0.006560388733609612 -0.4433242595772606 0.8961449535107802 0.019674026260493107 0.019674026260493107  738331.7282871708
-0.43903651533600696 -0.06416471812205804 0.0012738686860801235 0.039144252383169244 -0.0730579681398874 -0.8528766214153682 -0.8528766214153682  738331.7282884532
-0.4338427834204695 -0.0665280160067211 -0.00045996975349471716 -0.5103042345418051 0.8491874664424859 -0.02725692356737415 -0.02725692356737415  738331.7282895567
-0.4341147230434018 -0.06538030818170862 -0.0028039466003510006 -0.5246408042786515 0.8445557276547253 -0.02227464242902709 -0.02227464242902709  738331.7282906364
-0.434080257844471 -0.06527402979614978 -0.002678887509013192 -0.5242688106584564 0.845593556378278 -0.022999195043642114 -0.022999195043642114  738331.7282919134
-0.43407103431902905 -0.06527251150577187 -0.002682455378807576 -0.5244426590781138 0.8455333610619057 -0.02234514936916456 -0.02234514936916456  738331.7282929759
-0.4339646533577836 -0.06505229702159236 -0.0029997757713071988 -0.5229775952418826 0.8461614351035152 -0.025922918509363846 -0.025922918509363846  738331.7282942397
-0.43405885041824976 -0.0652358947591423 -0.002771388780973157 -0.5238588134970975 0.8458979510991574 -0.02238649848218914 -0.02238649848218914  738331.7282953252
-0.434046557682947 -0.06531391511244883 -0.002691779171646755 -0.5240041582536901 0.8458086871805793 -0.02190384391050547 -0.02190384391050547  738331.7282965998
-0.43407229966863664 -0.06533121416456701 -0.0026997567281785953 -0.5241288159046711 0.8457457541139768 -0.022073061030945636 -0.022073061030945636  738331.7282976793
-0.4340628270824017 -0.06534211489563119 -0.002677565124702493 -0.5242321510657916 0.8457468482363787 -0.022443035128836504 -0.022443035128836504  738331.7282987515
-0.4340373282238556 -0.06532398457356126 -0.0026871542841929745 -0.5241968720198816 0.8456839805673919 -0.02209850387273856 -0.02209850387273856  738331.7283000121
-0.4340377692336316 -0.06533883599978259 -0.002638332074962439 -0.5242078417582543 0.8456536566165782 -0.02187190135589075 -0.02187190135589075  738331.7283010738
-0.4340655493980561 -0.06529074916398442 -0.002696562643984431 -0.5243635614016785 0.8456386558107765 -0.021606988156995344 -0.021606988156995344  738331.7283023432
-0.43403588123164155 -0.06531773494368256 -0.0026544965404027773 -0.5242981111460135 0.8456511083025523 -0.02223815836292831 -0.02223815836292831  738331.7283034173
-0.4340540030418931 -0.06534493367736441 -0.00264508911184529 -0.523912672001178 0.8457948947368151 -0.02203510864462241 -0.02203510864462241  738331.728304665
-0.4340513352144268 -0.0655993428415335 -0.002667304381028824 -0.5239753329587695 0.8452220306966493 -0.01930873603543097 -0.01930873603543097  738331.728305731
-0.43406609526713513 -0.06529024541220767 -0.002713376638894542 -0.524554040973377 0.8455227846564654 -0.0220624305679446 -0.0220624305679446  738331.7283070043
-0.43425489762905806 -0.0652385656797827 -0.0024621548133089647 -0.525825951266499 0.845406145079631 -0.014019199441016213 -0.014019199441016213  738331.7283080838
-0.4340290236153262 -0.06530014862347973 -0.0026602153361611285 -0.5243900853640326 0.8456185961639539 -0.02175339322732936 -0.02175339322732936  738331.7283091671
-0.434054102748424 -0.0652803627186435 -0.0027435088643226286 -0.524405584181123 0.8456210876759019 -0.02270788569390953 -0.02270788569390953  738331.7283104238
-0.4340408668159852 -0.06532306187860792 -0.0026693852660548516 -0.5241193072174878 0.8456737053382002 -0.022312772481754548 -0.022312772481754548  738331.7283114905
-0.4340596530010374 -0.06530938658372859 -0.0026869697074135604 -0.5243907457615221 0.8455215949265453 -0.022586556232090563 -0.022586556232090563  738331.7283127593
-0.43405437968724686 -0.06554453376966472 -0.002771641783245723 -0.5241648006779669 0.8450374019043783 -0.01958377578603829 -0.01958377578603829  738331.7283138396
-0.43403600877064563 -0.06529253786827985 -0.0026843657107642072 -0.5242341980476973 0.8456880017611502 -0.021793860974416622 -0.021793860974416622  738331.7283151206
-0.43405533593695905 -0.06529584606551642 -0.002686231658836305 -0.5240640476200623 0.8457448008170121 -0.02228587703456334 -0.02228587703456334  738331.7283161969
-0.4340539452773956 -0.0652830684867553 -0.0026899736761309646 -0.5241443914686456 0.8457412492166015 -0.022318383829469133 -0.022318383829469133  738331.7283172806
-0.4340363333350925 -0.06534531546338615 -0.0026815708492798195 -0.5240649833203536 0.8457639641552328 -0.022443549781901547 -0.022443549781901547  738331.728318546
-0.43406444213558654 -0.06530412686248561 -0.0026934084340750433 -0.5242557698552008 0.8456293107267521 -0.022224795487238515 -0.022224795487238515  738331.7283196272
-0.43406686415225376 -0.06532570390756087 -0.0027043018056355033 -0.5244709800140651 0.8455335459012641 -0.021496218696428617 -0.021496218696428617  738331.728320895
-0.4340255973994477 -0.06532111152178681 -0.002692812961960901 -0.5241016418011515 0.8457470514875596 -0.022127162920425093 -0.022127162920425093  738331.7283219724
-0.4340336293045537 -0.0653191643794804 -0.0026941548369075327 -0.5244286731539135 0.8455137321835465 -0.021864371035098924 -0.021864371035098924  738331.7283230589
-0.4340882413712022 -0.06529282761948484 -0.0027340275149356007 -0.524151952817657 0.8457272169074727 -0.022241283558310686 -0.022241283558310686  738331.7283243082
-0.4340590495206896 -0.06554009587097348 -0.002743252482129242 -0.5238069377402931 0.8453241441866121 -0.01945819016338912 -0.01945819016338912  738331.7283254034
-0.4340515969887223 -0.06529041020362 -0.0026986114960146452 -0.5242291037596569 0.8456562108596751 -0.02196825757835054 -0.02196825757835054  738331.7283266629
-0.43404292159246805 -0.06533266269914514 -0.00270001795665212 -0.5244406964211401 0.8455659299075244 -0.021882366859748946 -0.021882366859748946  738331.7283277434
-0.4340591295203058 -0.06526827514363481 -0.0027592546853327307 -0.5243062657892101 0.8456672673751363 -0.021820137468202928 -0.021820137468202928  738331.7283289831
-0.43403360241393313 -0.06531932052746182 -0.002657610256963578 -0.524187273161668 0.8456928288209554 -0.022118484556191084 -0.022118484556191084  738331.7283300774
-0.4340382428470168 -0.06532394984652047 -0.0026879221439810824 -0.5241232981251464 0.845696062276673 -0.02241804287159219 -0.02241804287159219  738331.7283311669
-0.4340618846106307 -0.0653329329169653 -0.002670375102238504 -0.5242322110616549 0.8456579787894933 -0.02256648633243934 -0.02256648633243934  738331.7283324287
-0.43404564904971693 -0.06560801688004148 -0.002692214224057517 -0.5240396547665702 0.8451872515374175 -0.019570366767131985 -0.019570366767131985  738331.7283335086
-0.4340529444375134 -0.06554794914114377 -0.0027680047771988896 -0.5239118582790789 0.845296214445056 -0.019580190804299104 -0.019580190804299104  738331.7283347538
-0.4340563255361429 -0.06530789414532678 -0.002682774353075922 -0.5242501126633339 0.8456340776715069 -0.022187886930800402 -0.022187886930800402  738331.7283358476
-0.4340534304734937 -0.06532377504956567 -0.002699776881695731 -0.5242375500569882 0.8456223685964266 -0.02176238409291313 -0.02176238409291313  738331.728337106
-0.43405275226838985 -0.0653247592150724 -0.002690688551485588 -0.5240553499700845 0.8457385711662018 -0.02237769749001161 -0.02237769749001161  738331.7283382005
-0.43406856714616404 -0.06527646089933595 -0.0027227072841950802 -0.524080138201155 0.8457836707616996 -0.02240959755653137 -0.02240959755653137  738331.7283393033
-0.43402050198902054 -0.0655657284626501 -0.0027198696277746033 -0.5241219509598862 0.845093491895105 -0.01943953191504512 -0.01943953191504512  738331.7283405719
-0.43404996770790333 -0.06533565145712754 -0.0026655102425840347 -0.5243519438207477 0.8456414469267101 -0.021598868411403987 -0.021598868411403987  738331.7283416705
-0.4340876845983743 -0.06530250607048459 -0.0026831042677528684 -0.5244754470123479 0.8455120259281861 -0.02236272910237883 -0.02236272910237883  738331.7283427573
-0.4340543740554653 -0.06529339101025534 -0.0026715784473181096 -0.5244686587091562 0.8455108705387694 -0.02165489757605942 -0.02165489757605942  738331.7283440048
-0.4340560601939914 -0.06530292153927202 -0.002663661489035078 -0.5240160939151045 0.8458101833640025 -0.021751461145031688 -0.021751461145031688  738331.7283450902
-0.4340554800542174 -0.06533060899164916 -0.002663561105062466 -0.5243426386024792 0.8455525146611695 -0.02191906982754177 -0.02191906982754177  738331.7283463249
-0.43403670642155506 -0.06536184798178991 -0.002687576775321548 -0.5241712561568392 0.8457585415235426 -0.0221903295809137 -0.0221903295809137  738331.7283474003
-0.4340643476405337 -0.06536982086550679 -0.002667395201559417 -0.5243182124552128 0.8456084421827974 -0.0218386750267148 -0.0218386750267148  738331.72834869
-0.4340352927166905 -0.06531384616659967 -0.0026721362962190444 -0.5243555432280829 0.8456549165255333 -0.021988821782154045 -0.021988821782154045  738331.7283497764
-0.4338924402111421 -0.06529823858171419 -0.0031822860149272377 -0.5231513449355234 0.8468603299961284 -0.026953281686565585 -0.026953281686565585  738331.7283508474
-0.43388876442014096 -0.06527155113573001 -0.003175397206430078 -0.5232691052384323 0.8468297733489277 -0.02645921895788937 -0.02645921895788937  738331.7283521063
-0.4338728160164841 -0.06528560828559762 -0.003193461721920407 -0.5230775450069413 0.8469913015701757 -0.025986122823950353 -0.025986122823950353  738331.728353177
-0.4339549747392562 -0.06521794400227508 -0.0026135879894144194 -0.5241730795371181 0.8456810573087352 -0.021631651815239194 -0.021631651815239194  738331.7283544485
-0.4341500373075114 -0.06532468937445882 -0.002172100251234342 -0.5219531449355246 0.8458820905266193 -0.022037385607850974 -0.022037385607850974  738331.7283555369
-0.43402097420068597 -0.06459543876644895 -0.002852112937934937 -0.5220197241072424 0.8462694186385995 -0.021145861334068396 -0.021145861334068396  738331.7283566208
-0.43359339699681376 -0.06471793933017912 -0.0016229230075900567 -0.5171098777546893 0.8481909875892727 -0.02167055338955531 -0.02167055338955531  738331.7283578776
-0.43432646051900237 -0.06396225387531512 -0.0011826387629246841 -0.5054481512599889 0.852310025757386 -0.02071775217934315 -0.02071775217934315  738331.7283589565
-0.4350757338814434 -0.0620811698318261 -0.0002635727726400197 -0.5017040740059565 0.8562179530990633 -0.018336008781402145 -0.018336008781402145  738331.7283602051
-0.46101038419510854 -0.070477468997145 0.03098350306523906 -0.10483062466732233 -0.507239571790944 0.4615814049562325 0.4615814049562325  738331.728361299
-0.4692678544278042 -0.05265285248292114 -0.01237757085997762 -0.04479761509900464 -0.1013894326133816 -0.6920738307441455 -0.6920738307441455  738331.7283625612
-0.38358857033067717 -0.02775817918586227 0.060173824482034205 -0.5078748932028632 0.4810422843251277 0.028325193792542516 0.028325193792542516  738331.728363646
-0.38589807091077694 -0.03565930991456213 0.05767327470329647 -0.21048003078341182 0.8467148507073656 0.07655077537163245 0.07655077537163245  738331.7283647228
-0.35758305109826555 -0.024940559468623006 0.12490399573229932 -0.04247042689801757 0.8506194461762157 -0.024999617594701946 -0.024999617594701946  738331.7283659781
-0.3374290528597237 -0.014116984851087006 0.1361910895166037 0.054598773957131495 0.7120526166089065 -0.10481649092553177 -0.10481649092553177  738331.7283670745
-0.31274990958700527 0.00997598784289065 0.09960854497875223 0.8330398912229028 -0.4602308731117017 -0.2282980647744298 -0.2282980647744298  738331.7283683312
-0.33480910050028073 -0.033404262319541064 0.07051836373809421 -0.225290136020893 0.1020374355897188 -0.1951075555985173 -0.1951075555985173  738331.7283693966
-0.3352932789697898 -0.06742448290696476 0.044795711092048024 -0.039913263152025445 0.14439277172509646 -0.12118657303014808 -0.12118657303014808  738331.7283706611
-0.33679239864765154 -0.07829154155268028 0.03950390065985369 0.00881046562698211 0.13400987940733125 -0.05377357657051164 -0.05377357657051164  738331.7283717535