-0.47937459665300897 -0.14404662390156073 0.02893578892246987 -0.002343062515582332 -0.010243664649016292 -0.3264527489392097 -0.3264527489392097  738318.6964510978
-0.4793842862493359 -0.1440494694037247 0.028936276474570526 -0.002455393723239673 -0.010559030457713602 -0.3264192377570012 -0.3264192377570012  738318.6964523484
-0.4793862646041842 -0.1440527391094562 0.028950107908939537 -0.0024392943460039554 -0.010634248031844795 -0.3264422506372971 -0.3264422506372971  738318.6964534423
-0.479378165656134 -0.14404071890545753 0.02893603662430843 -0.0023810151767089238 -0.010551874075486313 -0.3264913540554012 -0.3264913540554012  738318.6964546198
-0.47938676996768365 -0.1440541105494125 0.028943614623975218 -0.002727090146899584 -0.011027659858489684 -0.32653862241697434 -0.32653862241697434  738318.696455899
-0.47961242496698736 -0.1439419647598931 0.028659000264004773 -0.005914710892924545 -0.014665029538379977 -0.3250347814190145 -0.3250347814190145  738318.6964569794
-0.47938885261847036 -0.144045435004177 0.02894882747087709 -0.0023878785399398758 -0.010484125461024892 -0.3264396021914923 -0.3264396021914923  738318.6964581341
-0.47939305151881306 -0.1440490758022827 0.028954782106751956 -0.0026688769281428483 -0.010764483222575975 -0.32645124494927197 -0.32645124494927197  738318.696459206
-0.4796230576053282 -0.14394111540466953 0.028654677270362673 -0.006041438013350962 -0.014551309826731635 -0.32490420482998383 -0.32490420482998383  738318.6964602993
-0.47961320925732204 -0.14393302859639562 0.028628741258532247 -0.0058736319765120455 -0.01425382133197503 -0.32509757485870694 -0.32509757485870694  738318.6964615809
-0.4793885864729179 -0.14406939118252124 0.029034225832753863 -0.0021290261845060654 -0.010072910119545874 -0.3264631869592961 -0.3264631869592961  738318.6964627323
-0.47954764806832056 -0.14395600814463408 0.028981864845081973 -0.00583708737437573 -0.012891380511474645 -0.32465071869298295 -0.32465071869298295  738318.6964639192
-0.479276798461862 -0.1442611504434523 0.029639265816623694 -0.0009733463964775086 -0.0057752044082400224 -0.32558885968696016 -0.32558885968696016  738318.6964649869
-0.4792001650383908 -0.1442354049354773 0.029755103661947762 -0.002077245897839865 -0.004887711488893484 -0.3247594601864896 -0.3247594601864896  738318.6964662584
-0.47924615623796984 -0.1443653982774942 0.02998600215387446 -0.0015751802455107418 -0.004991198564097259 -0.3248158977344635 -0.3248158977344635  738318.6964673415
-0.47895670488532244 -0.14463509706199673 0.030315319693560706 0.0017761142698961595 0.0044571519653476424 -0.3230036321076295 -0.3230036321076295  738318.6964684179
-0.47810032289085225 -0.14547814266253956 0.03149382420011044 0.0075859704381988635 0.013369258068694462 -0.32308016144568236 -0.32308016144568236  738318.6964696717
-0.4769723445692814 -0.14685684203526075 0.033069674664441044 0.012956725908866033 0.0256904741884118 -0.31907276032452425 -0.31907276032452425  738318.6964708316
-0.4753316034170305 -0.1497010753131583 0.03399935605196444 0.0182430521206496 0.022678761843985554 -0.30147595447479203 -0.30147595447479203  738318.6964721056
-0.4715874196576409 -0.15361208521595554 0.03462805520655154 0.01572518668320994 0.02761929501819966 -0.28242361785706105 -0.28242361785706105  738318.696473084
-0.4633969550872295 -0.16247649750082474 0.03953444017983423 0.0026593675872308617 0.0063904433720298305 -0.24572032206381553 -0.24572032206381553  738318.696474415
-0.4558999494369385 -0.16925757152575766 0.048343600790608315 -0.005900659996744616 -0.013320972390331986 -0.22286738838914133 -0.22286738838914133  738318.6964754007
-0.44572769425139414 -0.17564431394863275 0.06877188533587701 -0.018207207390277105 -0.02771590443417746 -0.17399020660015255 -0.17399020660015255  738318.6964767693
-0.44172477960339096 -0.17524994700233737 0.08889653541097516 -0.022592883279263096 -0.03426895883541454 -0.14043079520265797 -0.14043079520265797  738318.6964777615
-0.4410780563187068 -0.16966815380000944 0.11432070874804998 -0.010505853786090811 -0.02230626123160143 -0.10609670759406153 -0.10609670759406153  738318.6964789897
-0.44305010718992177 -0.16128560404559483 0.13908729106935133 -0.003166822795265127 -0.02147568359348719 -0.07770651247276734 -0.07770651247276734  738318.6964800855
-0.4466308195235869 -0.1503677845339465 0.16985358595408337 0.01046132091235754 -0.004646154458442618 -0.049249129267951795 -0.049249129267951795  738318.6964811615
-0.45137042341998573 -0.13765650506095592 0.21098927706631837 0.015884570935298912 -0.0014713696879228991 -0.0203920944809479 -0.0203920944809479  738318.6964825575
-0.45437173476857845 -0.1297136060211241 0.2441384520734322 0.01885742854827373 0.002733149066594543 -0.0019462590217588901 -0.0019462590217588901  738318.696483562
-0.4548827615403793 -0.1224896503701208 0.28216003779225324 0.013457465229781088 0.006468751573640933 0.012272017018085514 0.012272017018085514  738318.6964847646
-0.4537159165978955 -0.11715319032724651 0.3142535454692676 0.008527786300659713 0.000514317379014275 0.02023770685282103 0.02023770685282103  738318.696485842
-0.44978579290690973 -0.11150518286864185 0.35017008650770065 0.010394394891980638 0.008965638982920266 0.03081254600743761 0.03081254600743761  738318.6964870371
-0.44438784807344034 -0.10677361038367494 0.37864816444371613 0.006368631561775261 0.0023123151315851903 0.03578527429283882 0.03578527429283882  738318.6964881921
-0.43888770009185013 -0.10250692880419057 0.40187176650575307 0.00873303411678179 -0.0014046540515458132 0.03880426559052592 0.03880426559052592  738318.6964892581
-0.4321983476515533 -0.09723237210513629 0.4264616174989623 0.008028998128040876 -0.011486141844253039 0.03491688865173111 0.03491688865173111  738318.6964905018
-0.4284074976920604 -0.0926308456099345 0.44664244145362353 0.0071693402077134365 -0.020804581257341876 0.03773014590791374 0.03773014590791374  738318.6964916626
-0.42802119868463895 -0.08506321892997691 0.46432254232418124 -0.05236369035346054 -0.03393597281397216 0.03867674608503642 0.03867674608503642  738318.6964929312
-0.4320560669409513 -0.0698711976636385 0.480880051763191 -0.13327462511026442 -0.0458082299005712 0.04200737961169754 0.04200737961169754  738318.6964939518
-0.446819555500049 -0.023828135690997194 0.5129941896252933 -0.11546142913093983 -0.04197973217667894 0.03919011504608497 0.03919011504608497  738318.6964951291
-0.47271547227321375 0.058397173368009724 0.5552916500042591 -0.06598675970663181 -0.026739084783191914 0.03134573046503952 0.03134573046503952  738318.6964968799
-0.496498249940207 0.13125853968834814 0.5888891236242598 -0.009650080587043796 -0.01688806659539687 0.025896912885061088 0.025896912885061088  738318.6964975683
-0.5186141536041744 0.19524622634200342 0.6173581041137266 0.05188525114961999 -0.011703985421561085 0.020355636164251487 0.020355636164251487  738318.6964985383
-0.545267566306036 0.2655565691600513 0.6476613712145679 0.09870452976716065 0.0018884786735901718 0.01432216066660615 0.01432216066660615  738318.6964997643
-0.5708189637092826 0.3220306148595412 0.6709467463166856 0.12328727687280769 0.006106174241592876 0.007115582847490649 0.007115582847490649  738318.6965009243
-0.5885036602432245 0.3512364055009685 0.6822992624405942 0.11642183089859036 0.02599551864497185 0.009625892238415179 0.009625892238415179  738318.6965020787
-0.5991287250620257 0.3610081074649332 0.6861625008881082 0.0840097491072811 0.03326275050595209 0.01081050303251837 0.01081050303251837  738318.6965033704
-0.6013115299750804 0.356101671169454 0.6869011874181398 0.0596309642757777 0.02798108081204138 0.016526845358222745 0.016526845358222745  738318.6965043519
-0.5964849356035208 0.33891841808258716 0.6876352096707828 0.009514108236210714 0.013804053686628756 0.02187866081027344 0.02187866081027344  738318.6965056909
-0.59033735136603 0.3255464720602635 0.6903136159816203 -0.014490000552695642 0.00043916001898984514 0.025012759196660267 0.025012759196660267  738318.6965067041
-0.5815796228480915 0.31295978282336534 0.6942224167370157 -0.0370995098247305 -0.012659519131897994 0.02623047576057407 0.02623047576057407  738318.6965077895
-0.5738758568458223 0.30798095744325066 0.6980900891225683 -0.04263122182285685 -0.026695185832966352 0.02648960410274322 0.02648960410274322  738318.6965090254
-0.5711697409881495 0.311736605730897 0.7005676168991956 -0.03671042659555138 -0.033621880066189526 0.026987949369445843 0.026987949369445843  738318.6965101471
-0.5729657920906027 0.32484904282126914 0.7035404774872841 -0.02516104412688771 -0.03389757976816615 0.02454313262944125 0.02454313262944125  738318.6965113527
-0.5794356346644169 0.3420811185794042 0.7070991839311678 -0.0076043186387012175 -0.026718942696899606 0.02247059992716599 0.02247059992716599  738318.6965125416
-0.5877278251514455 0.35930636906860275 0.7105412630752859 0.0062537698163847195 -0.013531437055829407 0.020316281953846355 0.020316281953846355  738318.6965135703
-0.6012409864424393 0.3819357617084489 0.7161243469192038 0.024964254478836892 -0.0024070303786836006 0.0177064483814028 0.0177064483814028  738318.6965151441
-0.6085275579985375 0.3926748142220944 0.719470112518752 0.030472581123504604 0.005124083051150947 0.01616180019683337 0.01616180019683337  738318.6965159636
-0.6157285463010125 0.4018977933371679 0.7238252341464757 0.03142766857135613 0.008415173194490323 0.01450468385323443 0.01450468385323443  738318.6965171294
-0.6206523432813484 0.40670790060235346 0.7282491126300774 0.026110573103654774 0.005504400721130741 0.012665665876283481 0.012665665876283481  738318.6965183992
-0.622579130098621 0.40744162694475616 0.7310718437822379 0.022867643002839506 -3.028101143470987e-05 0.012064382775482494 0.012064382775482494  738318.6965194265
-0.6240915309239656 0.40607331233407284 0.7346974454422062 0.011771861743427814 -0.005691859871839987 0.013481145069703852 0.013481145069703852  738318.6965206326
-0.6249962396349321 0.40401076791233625 0.7376281685006083 0.004041961224866335 -0.005486802264007629 0.01391019899757016 0.01391019899757016  738318.6965217536
-0.6267666340695137 0.4025472542911423 0.7414064360925258 -0.006212508159873508 -0.007212628600649356 0.013446534394334074 0.013446534394334074  738318.696523274
-0.6285197083531864 0.40380017542695856 0.7438283725775553 -0.010797991291492079 -0.0029107628386682138 0.01431960047273723 0.01431960047273723  738318.6965241873
-0.6302676923896333 0.4067977853787898 0.7453073589175753 -0.007841965580915839 -0.007243441045342579 0.013054225165562617 0.013054225165562617  738318.6965251801
-0.6330958408782071 0.4125322035305775 0.7471104285294206 0.0006473498397348634 -0.011837798565266941 0.012166447964736947 0.012166447964736947  738318.696526302
-0.6377807901743939 0.4207419213937219 0.7506306191665304 0.008629881886152423 -0.01140152179229567 0.01215980102199428 0.01215980102199428  738318.6965276825
-0.6421995642012248 0.42677499161639154 0.7547635260637721 0.01022967466695164 -0.008431520419403078 0.011444103205187925 0.011444103205187925  738318.696528783
-0.6476911319363099 0.43243955764555136 0.7604307881395086 0.011608266780422313 -0.005020674656814618 0.009936172047398238 0.009936172047398238  738318.6965299257
-0.6529176042125326 0.4375188110871146 0.7670111987090029 0.00887679891672781 0.002223534546761848 0.007946621824698318 0.007946621824698318  738318.6965310099
-0.6570029029910599 0.44162883255982166 0.7729853771627426 0.007350527129556229 6.50211580483927e-05 0.006232320822504398 0.006232320822504398  738318.6965321656
-0.6608551235789267 0.4459337839202456 0.7793680916843265 0.0069326348517042835 -0.0021934487740883275 0.005061729693989675 0.005061729693989675  738318.6965333199
-0.664475046229397 0.4502992508068735 0.7854386601591741 -0.0015902384929893606 -0.006653509307423926 0.003577103565791493 0.003577103565791493  738318.6965344399
-0.6684115330716612 0.45594604500658903 0.7924237148616904 -0.0005653989994847849 -0.0034699524634383555 0.003363656123022135 0.003363656123022135  738318.6965357208
-0.672462659776863 0.4628196169063595 0.7985924517570554 0.004865461455863929 -0.007316298370046929 0.0017152574095340013 0.0017152574095340013  738318.6965373186
-0.676238863057841 0.46886531588454294 0.8040722534884993 0.004150733754247568 -0.005318205959140337 0.0019456569168863865 0.0019456569168863865  738318.6965379599
-0.6809923784298556 0.4763672766206325 0.8111952334989039 0.004997056030098943 -0.0034124347557110855 0.001984983057843174 0.001984983057843174  738318.6965393223
-0.6846817348287936 0.48264165176402946 0.8172452886589537 0.0019773899749915952 0.0016089447406592006 0.0015551067454005365 0.0015551067454005365  738318.6965402799
-0.6876287647446493 0.48919390671614366 0.8230668667852573 0.0003450148515819886 0.001256658429067704 0.0009192109898712033 0.0009192109898712033  738318.6965413861
-0.6899594252614302 0.49791594288797225 0.8298884146511056 0.0015774888827244967 0.0017602878116780686 0.0001142365112171759 0.0001142365112171759  738318.69654269
-0.6908006677269514 0.5056668222432538 0.8353904736361291 0.0014738447577786655 0.0006442519592232783 0.0009230650322960137 0.0009230650322960137  738318.6965437289
-0.6910653204753355 0.5147310681602841 0.8418900917751958 0.0019766667985075584 -0.00016784791116716062 0.002495815510977919 0.002495815510977919  738318.6965448144
-0.6911445435859037 0.5242505032254896 0.8486343691708105 0.0007914177816204153 -0.0020357589251737696 0.004064772578085341 0.004064772578085341  738318.6965460492
-0.691383220503905 0.5355432076052382 0.8562955408629441 0.0005437127228534842 -0.008898618134244621 0.003912180840498083 0.003912180840498083  738318.69654725
-0.6928510347049776 0.5466894810890127 0.8627754390751752 -0.0005951892098284829 -0.014389610513161222 0.004762762932050588 0.004762762932050588  738318.6965484386
-0.6958118391425505 0.557457448583056 0.86711964190344 7.992654230262558e-05 -0.01816244924029598 0.004656412101879475 0.004656412101879475  738318.6965495009
-0.7013137804750885 0.5699542910345884 0.8700913111657427 0.0018476146635232015 -0.01721302591662513 0.005286692423075318 0.005286692423075318  738318.6965505971
-0.7108720792626864 0.5855978430350604 0.8720514334938534 0.005591326332468914 -0.017884811756321974 0.0034291101874332516 0.0034291101874332516  738318.6965519808
-0.7217439408288591 0.5982035170102042 0.8740780835009896 0.009648366898245364 -0.015901676552467988 0.0035514001237355363 0.0035514001237355363  738318.6965531259
-0.7332811934154339 0.6090122049598331 0.8766390852877471 0.006426911252041914 -0.01469264685504901 0.0032087903217249063 0.0032087903217249063  738318.6965542075
-0.7473498422531195 0.6200833305806492 0.8803997209874528 0.00506629690399629 -0.007330135008726003 0.005441955041461046 0.005441955041461046  738318.6965553167
-0.7605371825869299 0.6299538912459262 0.88427135667837 -0.002249575081974699 -0.005938040176515206 0.004043480387535655 0.004043480387535655  738318.6965564272
-0.7770466438686714 0.6433776559541686 0.8894540957353606 -0.00047904081375938086 0.0012647643895645183 0.0036992623206054723 0.0036992623206054723  738318.6965577498
-0.7874579788118297 0.6526699656514097 0.8925220911313679 0.005355720748185265 -0.0030927094684875143 0.0036110189347746072 0.0036110189347746072  738318.6965587824
-0.8017472540697008 0.6650753806269195 0.8963142497792463 0.009147866317085782 -0.011892976450341628 0.0039002744992573954 0.0039002744992573954  738318.696560043
-0.8156650706280165 0.6752935905964232 0.89910736781597 0.011292446891347627 -0.011796176625419687 0.0028524261974100422 0.0028524261974100422  738318.6965611044
-0.8291950210599126 0.6833950760024948 0.9015263670692713 0.013470472529517939 -0.013763892189555682 0.0019680464861434707 0.0019680464861434707  738318.6965621704
-0.8479958339449253 0.6910174775989212 0.9035041796036568 0.01725275919290831 -0.018485265849024612 0.0007746396515950153 0.0007746396515950153  738318.696563419
-0.8654928630461826 0.695381939116391 0.9045408511714198 0.01684715206494855 -0.01728784562869581 -0.0006322848205385176 -0.0006322848205385176  738318.6965645158
-0.8920055955418246 0.6985037243242674 0.9052343702358847 0.013869863526968876 -0.015315430079773734 0.00023394164500691844 0.00023394164500691844  738318.6965658688
-0.911126211174005 0.6994931072853534 0.9058143237142289 0.008163980101741273 -0.012379832839257079 0.0003556541214145958 0.0003556541214145958  738318.696566873
-0.9430078276707199 0.7005165351436441 0.9071295762351239 0.00433783218155531 -0.002712978379886624 -0.0012323915139603797 -0.0012323915139603797  738318.6965682813
-0.9594938159829985 0.7012436927019876 0.9078560848245166 0.001795320273276732 0.005814543307832418 -0.0014406624232239278 -0.0014406624232239278  738318.6965692057
-0.9829307222885475 0.7028256060773451 0.9082327763120084 0.0019339457327980562 0.012054530720844498 -0.0012292232450074483 -0.0012292232450074483  738318.696570354
-1.0016396431573593 0.7049560483386866 0.9071037315651999 0.005401815273190154 0.020955648345774344 -0.0017517507554545462 -0.0017517507554545462  738318.6965716353
-1.013709325109164 0.706838106768354 0.9040138296577035 0.005140073954930803 0.024314943420263344 -0.002417263646163309 -0.002417263646163309  738318.6965727999
-1.0201038103060762 0.7083079692661873 0.8996662376019371 0.010516201462361976 0.021556263422780636 -0.003252177790212342 -0.003252177790212342  738318.6965738849
-1.02258672724365 0.7090546277092544 0.8934180895022821 0.011458453878657907 0.018763081636822027 -0.002776659866306847 -0.002776659866306847  738318.6965749928
-1.0219249173851386 0.7086894819347543 0.8853878089288599 0.014060548113381428 0.013184990496702267 -0.0011888046824520845 -0.0011888046824520845  738318.6965760776
-1.0171318042475561 0.7065180292795423 0.8757386590590396 0.011114946859041866 0.01062482653137719 -0.0006611831647307613 -0.0006611831647307613  738318.6965774158
-1.011434099036673 0.7038409761426272 0.8697209478642461 0.010917241742540227 0.009041946446153278 -0.0007706072199265551 -0.0007706072199265551  738318.696578464
-1.004561106377823 0.7008557203064194 0.8648147944793297 0.0024649187940483613 0.0074160817885808175 -0.0032645645648157902 -0.0032645645648157902  738318.6965795954
-0.9930994916046119 0.6963966154408863 0.8593957163484146 0.010005294464456423 0.009887229998382228 -0.0007694647101937656 -0.0007694647101937656  738318.6965810611
-0.981823964420419 0.692136266042603 0.8559921105614486 0.012558948557709995 0.008074394811592544 0.0007702730438066868 0.0007702730438066868  738318.6965820525
-0.9702257412177439 0.6873117136409121 0.8535320394465136 0.014593166218450427 0.0067473048358057015 0.0015374120872695116 0.0015374120872695116  738318.6965830915
-0.9558434296464452 0.6808476256955633 0.8510452309266779 0.0112010354248837 0.012641262978236846 0.002627128434961957 0.002627128434961957  738318.6965843269
-0.9397774711647133 0.6734206075974783 0.848386265311777 0.00882770918094576 0.01150193089077668 0.0030636271899611967 0.0030636271899611967  738318.6965854117
-0.9210187420595491 0.664584080388697 0.8444018190166478 0.03287392363310755 0.03094138575251727 0.007759809821584948 0.007759809821584948  738318.6965865698
-0.8803098559840306 0.632709612820939 0.8062272696949712 0.43718521545347055 0.359541290871448 0.07838423731933304 0.07838423731933304  738318.6965878053
-0.8431984151181685 0.6264377355705953 0.6459775366128313 0.8377657515764607 0.43968425780634807 0.13119677305668795 0.13119677305668795  738318.6965888947
-0.7809250606218117 0.571979788841139 0.47262199992134785 0.6243175921381616 0.530480954646846 -0.02063692879796509 -0.02063692879796509  738318.696589982
0.0 0.0 0.0 0.0 0.0 0.0 0.0  738318.6965912292
-0.6936323225210554 0.42246800857284017 0.047778055776634396 0.6325553683331038 0.47304534356858885 -0.45433409266882924 -0.45433409266882924  738318.6965923279
-0.6675857016319348 0.19063684145419407 0.08481718536414755 0.20820430989066693 0.22713288507549526 -0.6424714271699234 -0.6424714271699234  738318.6965936451
0.0 0.0 0.0 0.0 0.0 0.0 0.0  738318.6965947482
-0.6621239655136173 0.002139310582577604 0.10676311520598009 0.6267159228659716 -0.20751293340490196 0.6514889227500901 0.6514889227500901  738318.6965957525
-0.678765312780707 -0.05905975525518401 0.10007319085209496 -0.30867427834711125 0.7182768767733955 -0.5932382757962268 -0.5932382757962268  738318.6965970327
-0.6852304000082854 -0.09461748990432838 0.026205029748330635 0.0487000046208794 0.9649289310755551 -0.23200497727753663 -0.23200497727753663  738318.6965980959
-0.6931546603430245 -0.12600432186412683 0.015220037192933947 0.1542577245888403 0.972436780535537 0.1457159788884389 0.1457159788884389  738318.6965993012
-0.702945289058691 -0.11930798267764862 -0.006892454080576632 0.28082592651871197 0.957613411663724 0.055313781886071764 0.055313781886071764  738318.6966005018
-0.7001088631837592 -0.11833538530069694 -0.006402038070249321 0.21651200653269295 0.973698397268257 0.058337450479341274 0.058337450479341274  738318.6966016191
-0.6998094752819082 -0.12018639813280915 -0.008663010603852331 0.21760460601092552 0.9758195619521325 0.01331476445176874 0.01331476445176874  738318.69660281
-0.6998892310141988 -0.12073156984605131 -0.009409942545685855 0.21467858183329155 0.9763629259975414 0.024672398197220145 0.024672398197220145  738318.6966038597
-0.6998762102962264 -0.12087892652792642 -0.009276052033069254 0.21470227334763306 0.9762196189285091 0.029825803953706043 0.029825803953706043  738318.6966051015
-0.6998544986128667 -0.12085301886766675 -0.00936340149579812 0.21461225769512268 0.9762820383852435 0.02851843950251591 0.02851843950251591  738318.6966062671
-0.6998018710059842 -0.12083992312880315 -0.009282650257768872 0.21504331574762856 0.9761275845595292 0.030228349275461433 0.030228349275461433  738318.696607491
-0.699572055548034 -0.12072002539819918 -0.009248715850135853 0.21584263221431138 0.9758070586514628 0.03046548063513699 0.03046548063513699  738318.6966085413
-0.6994700404385601 -0.12065851339491575 -0.00930574675846718 0.21572895611912146 0.9757863008435448 0.03279470127290677 0.03279470127290677  738318.696609734
-0.6995038079203227 -0.12071279884363545 -0.009396417684106205 0.2157370003513285 0.9758168514389682 0.03194358724323692 0.03194358724323692  738318.6966109807
-0.699565264823665 -0.12075683530740623 -0.009333702170135124 0.21600433669794863 0.9758303327293916 0.029484174975247933 0.029484174975247933  738318.696612066
-0.6996138505676338 -0.12073232312132748 -0.009366734019324575 0.21544416446174522 0.9759376314970434 0.02951646193878934 0.02951646193878934  738318.6966131888
-0.6994640399473049 -0.12069242649746974 -0.009306429496418592 0.21624633145615907 0.9756431321624236 0.03353281694506113 0.03353281694506113  738318.696614677
-0.6998803694243199 -0.12086263335475957 -0.009282922494414746 0.21508061882985785 0.9761953081582609 0.02760335345725429 0.02760335345725429  738318.6966155082
-0.699588856587272 -0.12073991838458845 -0.009341490746157022 0.21590739884443033 0.9758382566344485 0.02962853995986986 0.02962853995986986  738318.6966165932
-0.69957992223007 -0.12076734950359626 -0.009287141356054417 0.2160652677930876 0.9757691073824497 0.030370711443246347 0.030370711443246347  738318.6966178685
-0.6994757726223653 -0.12064411441805603 -0.009328580002298196 0.21558485478602318 0.9757972035333272 0.03333805800976552 0.03333805800976552  738318.6966190011
-0.6998736016464284 -0.12086125597451142 -0.009324383151465512 0.21484953965944187 0.9762603690456333 0.02706566546153705 0.02706566546153705  738318.6966201549
-0.6994916405484956 -0.12064413974387982 -0.009397543907522541 0.21562405768826617 0.9758345133832824 0.03241906496354829 0.03241906496354829  738318.696621405
-0.6995024523166335 -0.12069279486318127 -0.009370344533171353 0.21574790085849185 0.9758085123963927 0.03207987809362677 0.03207987809362677  738318.6966224323
-0.699504248280575 -0.12064209808942808 -0.009409146077847111 0.2154471119908687 0.9758663106290167 0.03233343400169673 0.03233343400169673  738318.6966236028
-0.6995340003641456 -0.12064418532096619 -0.009390496608829988 0.21532356426525265 0.9759088907890319 0.032182523370389716 0.032182523370389716  738318.6966248817
-0.6998498006450898 -0.12082047187294072 -0.009384189083207784 0.21436941631116319 0.9763247149522053 0.028733506157269183 0.028733506157269183  738318.6966258679
-0.6994655715453908 -0.12075602023742596 -0.009249331300154604 0.21711372510530622 0.9754964105113226 0.031316359103099344 0.031316359103099344  738318.6966271622
-0.6995461871885655 -0.12101835021655516 -0.011159876039123013 0.2189782858317263 0.9756143801669148 0.004255069892044803 0.004255069892044803  738318.6966282699
-0.6991544029318738 -0.12019517300023544 -0.011332197525588297 0.22082966098805795 0.9751210527051574 0.01852167639067769 0.01852167639067769  738318.6966293686
-0.6992354967233458 -0.12004486094703455 -0.011281915189301167 0.22121402790841682 0.9749553168117101 0.022567801568542045 0.022567801568542045  738318.6966304536
-0.697458035054112 -0.12672676973682945 -0.004575424518457914 0.017920530632701125 -0.126469496042424 0.9835457446822415 0.9835457446822415  738318.6966320093
-0.7005746541883798 -0.11846998468994738 -0.009266954833852118 0.21752838244903186 0.9725773905038155 0.06696045448099011 0.06696045448099011  738318.6966328598
0.0 0.0 0.0 0.0 0.0 0.0 0.0  738318.6966340151
0.0 0.0 0.0 0.0 0.0 0.0 0.0  738318.6966353193
0.0 0.0 0.0 0.0 0.0 0.0 0.0  738318.6966363366
0.0 0.0 0.0 0.0 0.0 0.0 0.0  738318.6966374106
0.0 0.0 0.0 0.0 0.0 0.0 0.0  738318.6966386571
0.0 0.0 0.0 0.0 0.0 0.0 0.0  738318.6966397677
0.0 0.0 0.0 0.0 0.0 0.0 0.0  738318.696641041
0.0 0.0 0.0 0.0 0.0 0.0 0.0  738318.6966421215
0.0 0.0 0.0 0.0 0.0 0.0 0.0  738318.6966432069
0.0 0.0 0.0 0.0 0.0 0.0 0.0  738318.6966445582
0.0 0.0 0.0 0.0 0.0 0.0 0.0  738318.6966457022
0.0 0.0 0.0 0.0 0.0 0.0 0.0  738318.6966467527
0.0 0.0 0.0 0.0 0.0 0.0 0.0  738318.6966480218
0.0 0.0 0.0 0.0 0.0 0.0 0.0  738318.6966490607
0.0 0.0 0.0 0.0 0.0 0.0 0.0  738318.6966502456
0.0 0.0 0.0 0.0 0.0 0.0 0.0  738318.696651423
0.0 0.0 0.0 0.0 0.0 0.0 0.0  738318.6966525175
0.0 0.0 0.0 0.0 0.0 0.0 0.0  738318.6966536968
-0.704012775434152 -0.12155304492667571 -0.004576510103528637 0.20420508416053224 0.9724077015572209 0.09529783104515992 0.09529783104515992  738318.696654892
-0.702998968397189 -0.12184434887983148 -0.005339748366505141 0.20834584495606379 0.9720624486505703 0.09292154712728196 0.09292154712728196  738318.6966560001
-0.7038917365448019 -0.12142802360345406 -0.004823895911749212 0.20336676633230982 0.9726099668009527 0.09615315242598532 0.09615315242598532  738318.6966572853
-0.7038935265296205 -0.12140138129098639 -0.004810898407341241 0.20339434515669544 0.9727292082201092 0.09609536887100699 0.09609536887100699  738318.6966583205
-0.7038746631065753 -0.12141165022548041 -0.004816869585610741 0.20357204141910165 0.9726751563297131 0.09595021074489479 0.09595021074489479  738318.6966594101
0.0 0.0 0.0 0.0 0.0 0.0 0.0  738318.6966608898
0.0 0.0 0.0 0.0 0.0 0.0 0.0  738318.6966618825
0.0 0.0 0.0 0.0 0.0 0.0 0.0  738318.6966629485
0.0 0.0 0.0 0.0 0.0 0.0 0.0  738318.6966641488
0.0 0.0 0.0 0.0 0.0 0.0 0.0  738318.6966652751
0.0 0.0 0.0 0.0 0.0 0.0 0.0  738318.6966664282
0.0 0.0 0.0 0.0 0.0 0.0 0.0  738318.6966676173
-0.7062507692574858 -0.11469054315202276 -0.0026735316966757876 0.18097708766903664 0.9340586658697573 0.04151596919409754 0.04151596919409754  738318.6966687461
-0.704010682445684 -0.11551678513652622 -0.0043694220326198595 0.19031297574264805 0.96818132547106 0.06838648708903286 0.06838648708903286  738318.69666982
-0.7035439181277768 -0.11516289598946668 -0.00685360900111377 0.19408076057205997 0.9760657104139697 0.07571854526247013 0.07571854526247013  738318.6966711031
-0.7033691464950047 -0.11804748283329204 -0.0062844033838788775 0.19963466581067726 0.9770978657530336 0.07273193419873218 0.07273193419873218  738318.6966722001
0.0 0.0 0.0 0.0 0.0 0.0 0.0  738318.6966734699
-0.7033917122868798 -0.11643319893475308 -0.0031303478536470067 0.19675591231263273 0.9627949423706229 0.06668861518920043 0.06668861518920043  738318.6966745204
0.0 0.0 0.0 0.0 0.0 0.0 0.0  738318.696675823
0.0 0.0 0.0 0.0 0.0 0.0 0.0  738318.6966768734
0.0 0.0 0.0 0.0 0.0 0.0 0.0  738318.696678006
-0.709188403560599 -0.11589350488781693 -0.003160392385236957 0.12440316778368354 0.9427815910758344 0.05539999464420187 0.05539999464420187  738318.6966792775
-0.7081768368473453 -0.11501292550087751 -0.002824578142502901 0.13657652196522407 0.9733077582655676 0.026774334017549462 0.026774334017549462  738318.6966803751
-0.709505222717158 -0.11346976863269101 -0.0020547052747461442 0.1439976924524715 0.9669383929549492 0.032012713616375706 0.032012713616375706  738318.6966814848
-0.7107468030785646 -0.11565334133051408 -0.008442119516390782 0.09422190335891652 0.9900914624175586 0.07757896638170497 0.07757896638170497  738318.696687267
-0.7006953247345195 -0.1277541065947273 -0.012236907729593863 0.0657449238806092 0.9977520201018412 0.01184894333934997 0.01184894333934997  738318.6966872786
-0.7006519933883631 -0.1278089407864499 -0.012221249888241003 0.0653381489864662 0.997780732402758 0.011753733222772341 0.011753733222772341  738318.6966873824
-0.7007358639350542 -0.12787526130588098 -0.012293180677578988 0.06413222786566822 0.997873723152833 0.011570524029970991 0.011570524029970991  738318.6966874979
-0.7005681839619564 -0.12767960030048076 -0.012385746821380366 0.06525371268177829 0.9978037534645995 0.011299232655422924 0.011299232655422924  738318.6966877094
-0.7006026681919431 -0.12771942595564456 -0.012378671665437699 0.06522720168049566 0.997805944745423 0.011139547018732734 0.011139547018732734  738318.6966885376
-0.7006032981036078 -0.12770327296251982 -0.012356195742928339 0.0654001843198339 0.997782020185301 0.012192540668101772 0.012192540668101772  738318.6966895999
-0.7004283193531734 -0.12772173450071483 -0.012344491497926257 0.06586147152830613 0.9977464878678657 0.011030323418310282 0.011030323418310282  738318.6966907325
-0.7001926255360648 -0.12766107529952703 -0.013349764476585648 0.06862577818015263 0.9975610918776963 0.0041492138401709264 0.0041492138401709264  738318.6966920022
-0.7003625075793559 -0.1275462900961936 -0.013283252830765693 0.068126377094331 0.9975567469765078 0.005755155405811923 0.005755155405811923  738318.6966930411
-0.7002911264262345 -0.12753908977390827 -0.013221032329726512 0.06755092018095626 0.9975953903964714 0.006095733063020507 0.006095733063020507  738318.696694207
-0.7001361684445901 -0.12753870802700518 -0.013214610637102797 0.06368196688060838 0.9979001204572958 0.003381484831207914 0.003381484831207914  738318.6966954246
-0.6998048699435353 -0.12749208537987725 -0.013328109377547148 0.0634567847798274 0.9978811901798171 0.002087334081908102 0.002087334081908102  738318.6966966148
-0.6997651252318732 -0.1274934938934875 -0.013385110895331913 0.06372352846247487 0.997835248450861 0.001664778733264519 0.001664778733264519  738318.6966976768
-0.6998325999472461 -0.12742824086734955 -0.01333405201705641 0.06344787134112101 0.9978794286186348 0.0028640507944936527 0.0028640507944936527  738318.6966990043
-0.6997230030567199 -0.12734486389153937 -0.014287392061624925 0.0635991046874675 0.9977342280636795 -0.007104724187238398 -0.007104724187238398  738318.6966999513
-0.6998202289356512 -0.1275463785555615 -0.01403643452126499 0.06976421251890358 0.9971723838948607 -0.0038108663809945484 -0.0038108663809945484  738318.696701052
-0.7000637534082322 -0.12755866477770897 -0.013268741950475067 0.06847681952592183 0.9974425468189917 0.005152825726479766 0.005152825726479766  738318.6967023099
-0.7002852467178506 -0.12757132276348107 -0.013285162402408431 0.06798500187411916 0.9975604501093566 0.005914663327442056 0.005914663327442056  738318.6967034644
-0.7000990711860509 -0.12757198724883892 -0.01322209534321362 0.06852492065728476 0.9974431785671137 0.005692254068277689 0.005692254068277689  738318.696704642
-0.7002558600291354 -0.12761588870613585 -0.013410538538478758 0.06870355306419358 0.9975540527875276 0.0045325173452851865 0.0045325173452851865  738318.6967057807
-0.700223883971987 -0.12760928359578266 -0.01339588491171824 0.06888837564042255 0.9975438349169315 0.004605165309523821 0.004605165309523821  738318.6967069928
-0.6999403788223635 -0.12759807679070645 -0.013509100866334788 0.0692428143083139 0.9974491865198734 0.0032025144652543178 0.0032025144652543178  738318.6967080861
-0.7001912264152931 -0.1276302446443029 -0.013430861315380644 0.06885790400606616 0.9975301882314742 0.004861957581442496 0.004861957581442496  738318.6967092488
-0.70020797380902 -0.12758844235334532 -0.013412039885651017 0.068811452937472 0.9975545367912291 0.0051189028742276675 0.0051189028742276675  738318.696710521
-0.7002351060164116 -0.12758092164111118 -0.013447031910735145 0.06844851359518325 0.9975719352194139 0.0040753891620276695 0.0040753891620276695  738318.6967115714
-0.7002242340307823 -0.12759710756423565 -0.013414081275737762 0.06890221124662285 0.9975304684911522 0.005184650499495287 0.005184650499495287  738318.6967127243
-0.7002271398592503 -0.1275995278683536 -0.0134264790158684 0.06864831026605991 0.9975555803311735 0.004433088525988194 0.004433088525988194  738318.6967140031
-0.7002174250917639 -0.12762655810408327 -0.013458987811230666 0.06883615654807819 0.9975359852410539 0.004403705074163516 0.004403705074163516  738318.696715042
-0.7002225668324534 -0.12762074423148165 -0.013411860096751476 0.06874275246461371 0.9975535634113769 0.004296887931716737 0.004296887931716737  738318.696716411
-0.7002111426674555 -0.12768336815247613 -0.013463080526102445 0.06854041729377743 0.9975489879349633 0.003266061057779057 0.003266061057779057  738318.696717473
-0.7001843124884044 -0.1276061640143085 -0.013457814283922566 0.06840159115540892 0.9975734463259 0.0045686333371600185 0.0045686333371600185  738318.6967185582
-0.7002211609735879 -0.12765579337800562 -0.013436662051117916 0.06894087694204434 0.9975305614036662 0.0041919328768723835 0.0041919328768723835  738318.6967195881
-0.700231164096965 -0.12768392668475878 -0.013388154137445114 0.06872704919033334 0.9975527718802644 0.0037114919048820793 0.0037114919048820793  738318.6967210242
-0.6999806657811163 -0.1275884190499126 -0.013411332514573687 0.0690787748718339 0.9974728488512461 0.0043614045052256115 0.0043614045052256115  738318.696721994
-0.7002029158505442 -0.12763063969756838 -0.013446614860054927 0.06868370790266472 0.997548470737854 0.00432048740031238 0.00432048740031238  738318.6967230387
-0.7001985100398348 -0.1276706054864929 -0.013439268017958972 0.0691172954841315 0.997523382059493 0.0038367363290304633 0.0038367363290304633  738318.6967243501
-0.7000696026218175 -0.12758856760224283 -0.013310773233957759 0.06847669126547924 0.9974657969662054 0.0045446935780508345 0.0045446935780508345  738318.6967255092
-0.7003553633644866 -0.12758187859882328 -0.013233321569792608 0.06836271560599282 0.9975454315269928 0.005640395613809939 0.005640395613809939  738318.6967265138
-0.7003881728990973 -0.1276190300495847 -0.013171055774582894 0.06853241440490876 0.9975016346148426 0.006034152284238048 0.006034152284238048  738318.6967279046
-0.7006826696736317 -0.12738006708918018 -0.013188553627891697 0.06624088332552024 0.9977422333772027 0.00766913062837221 0.00766913062837221  738318.6967292072
-0.7007072324986847 -0.1273711389647341 -0.013183068055914638 0.06601114066366358 0.9977588001270187 0.007957319098457748 0.007957319098457748  738318.6967303269
-0.7006736738943441 -0.12736478245840682 -0.013207140785258219 0.06655995218468341 0.9977026793933625 0.00772911545700934 0.00772911545700934  738318.6967312737
-0.7035458040625834 -0.12484396820945896 -0.003894954019002954 0.046101955784840776 0.9494904373152853 0.09078022148332836 0.09078022148332836  738318.6967325029
-0.6988213465939959 -0.1287034016781249 -0.005475020269150716 0.047251019858483956 0.9986049091807087 0.008435045567485795 0.008435045567485795  738318.696733557
-0.7029621380387633 -0.14373171486647876 0.024634835077147494 0.046330856570557466 0.9855207766682287 0.13408821614549513 0.13408821614549513  738318.6967347114
-0.7052188716798132 -0.1754148330461301 0.051486293110706426 0.0365087423488109 0.9750250746314778 0.1370115017540083 0.1370115017540083  738318.6967358236
-0.7085293679949604 -0.21419153148487993 0.08869088130078262 0.06019903322969024 0.97846226376452 0.1968566864858234 0.1968566864858234  738318.6967371854
-0.7161181343756522 -0.2208113532247989 0.09885710673681654 0.0738526467149651 0.9773482001606402 0.19562890204171401 0.19562890204171401  738318.6967381893
0.0 0.0 0.0 0.0 0.0 0.0 0.0  738318.6967392516
0.0 0.0 0.0 0.0 0.0 0.0 0.0  738318.6967407286
0.0 0.0 0.0 0.0 0.0 0.0 0.0  738318.6967416521
0.0 0.0 0.0 0.0 0.0 0.0 0.0  738318.6967427117
0.0 0.0 0.0 0.0 0.0 0.0 0.0  738318.6967440547
0.0 0.0 0.0 0.0 0.0 0.0 0.0  738318.6967451526
0.0 0.0 0.0 0.0 0.0 0.0 0.0  738318.6967462332
0.0 0.0 0.0 0.0 0.0 0.0 0.0  738318.6967475605
0.0 0.0 0.0 0.0 0.0 0.0 0.0  738318.6967488304
0.0 0.0 0.0 0.0 0.0 0.0 0.0  738318.6967497653
0.0 0.0 0.0 0.0 0.0 0.0 0.0  738318.6967514737
0.0 0.0 0.0 0.0 0.0 0.0 0.0  738318.6967521894
-0.7395458465426803 0.1277815018632243 0.07866466201753623 0.6491607710069951 0.7589836843784427 0.010246997000244059 0.010246997000244059  738318.6967531709
-0.712812704003918 0.0768136468489781 0.05154101058531863 0.6142135640340134 0.7863925896218346 0.004952007684763813 0.004952007684763813  738318.6967546255
-0.6983022399249371 0.051939019993134945 0.045171729814469604 0.5835302409983852 0.8088720741507844 0.010962123725862537 0.010962123725862537  738318.6967556417
-0.6901967533096908 0.03211047854433648 0.03735763321284045 0.5320255262052728 0.8446061078149726 0.008567432766813501 0.008567432766813501  738318.6967566918
-0.6900542774209116 0.024340545450612986 0.024807438970978618 0.4674587972046273 0.8836473569241092 -0.015250041599447385 -0.015250041599447385  738318.6967578927
-0.6846328867302244 0.023995988200978778 0.01108873888217003 0.43253277270376855 0.899016214634158 0.06568411636323596 0.06568411636323596  738318.6967591639
-0.6769011586312805 0.026396324312785276 -0.007982526569624303 0.4215508432108103 0.9020449340918666 0.09200642572000484 0.09200642572000484  738318.6967601333
-0.6754258333695273 0.026998105307995807 -0.008651730681140527 0.42887260874051336 0.8988955847780635 0.08898960756602345 0.08898960756602345  738318.6967615642
-0.675561856895744 0.02798830770472403 -0.009273768011879974 0.4288758515104856 0.8994322234976037 0.08126449430773951 0.08126449430773951  738318.6967625569
-0.6753343918812302 0.027195212187922972 -0.008096532008088814 0.43185274794916007 0.8973593453534211 0.08871594605187348 0.08871594605187348  738318.6967637575
-0.6755247675134453 0.027450808355623548 -0.00846353852519304 0.4265873319073988 0.8999972430071557 0.08700138669855421 0.08700138669855421  738318.6967648428
-0.6755220289850082 0.027802368006840182 -0.00904559745538974 0.42438748108749447 0.9016229555347108 0.07965275997188613 0.07965275997188613  738318.6967659423
-0.6753569122759813 0.02563163527261009 -0.006629067644869154 0.4329229337855723 0.8978713360516933 0.07755701227904803 0.07755701227904803  738318.6967672408
-0.6750483591514831 0.025962705644686605 -0.006821819118481381 0.4348438755300406 0.8969917745566109 0.07646674725661923 0.07646674725661923  738318.6967683987
-0.675034922318639 0.026014064391977777 -0.006837159540258888 0.43509788135639216 0.8968830309981208 0.0762214223914775 0.0762214223914775  738318.6967695529
-0.6750070845659145 0.026024959100171767 -0.006807569648255188 0.4353240762509668 0.896707640816007 0.07688451752694368 0.07688451752694368  738318.6967707188
-0.67520883101358 0.0255872241698347 -0.006557984805252242 0.43240323611376624 0.8981597630529434 0.077276038127689 0.077276038127689  738318.6967718933
-0.6750644893664527 0.025793252314263968 -0.006720595427658076 0.43281561981936467 0.8975460208534731 0.08083787319298832 0.08083787319298832  738318.6967730597
-0.6751534885732019 0.025645319900493038 -0.006913890134665841 0.4322201643971548 0.8976442228624789 0.08246076117274935 0.08246076117274935  738318.6967741844
-0.6750773084134295 0.025743966342842376 -0.006754928089629777 0.43299448812003294 0.8975046016972968 0.08031425432544582 0.08031425432544582  738318.6967752232
-0.6750594336044343 0.0257440956486278 -0.00672379808796808 0.43288085511263225 0.8975381401585368 0.08053182445745394 0.08053182445745394  738318.6967764352
-0.675161488409665 0.025649723165444994 -0.00690159195123172 0.4322219710050104 0.8976682821351897 0.08206550550413348 0.08206550550413348  738318.6967776351
-0.6755763651457529 0.02553685117002243 -0.0068844329211020855 0.43411585238171724 0.8967095899337091 0.08095102920661933 0.08095102920661933  738318.6967786939