-0.2433666299396964 0.0481058599595925 0.020814103742932043 0.004445439865341659 -0.014751210576780978 0.20020626657390705 0.9796326304668811  738339.4165316342
-0.2433732580348571 0.04808835543555252 0.020829886395812295 0.0047900732687869004 -0.015312813253442326 0.2003253938405577 0.9795980346708391  738339.4165327128
-0.24338055731091265 0.048107862998463695 0.02083636224491682 0.00476549252609727 -0.015079892295976245 0.2002687902670841 0.9796133413619295  738339.4165340648
-0.24337646121612483 0.04809456739872103 0.0208444693144603 0.004857644849423545 -0.014659767841925611 0.20017374073608912 0.9796386925867407  738339.4165350611
-0.2433746877071284 0.04809371083238697 0.020833114968521235 0.004843081705201888 -0.01445840733618134 0.20008798734896163 0.979659275633901  738339.4165363149
-0.24337618385615958 0.04806544179544252 0.02079472124492953 0.004388596217597815 -0.014961719514019636 0.20011976347018728 0.9796473689246856  738339.416537425
-0.24337593638492427 0.04808475537006372 0.02080955649146898 0.004808828805419374 -0.015053997161920405 0.20025332671610077 0.9796166890545014  738339.4165384617
-0.24337770156142136 0.048096771165798045 0.020810951548980314 0.004727435503492247 -0.01478243801395079 0.20009944212167086 0.979652665051507  738339.4165397254
-0.24336323549689218 0.048082058725677244 0.02081243188507571 0.0045573517727478885 -0.01437623627978176 0.20008239358109794 0.9796629982571078  738339.4165409459
-0.2433701493719347 0.04811300092821044 0.02082550387758922 0.00466866370009463 -0.015036022194704301 0.20028039846034798 0.9796121087493662  738339.4165420509
-0.24337063513699905 0.04809331106458173 0.02086267444720858 0.004330995038739681 -0.0154323346952238 0.20047015167979004 0.9795686825400816  738339.416543123
-0.24333753096193292 0.048167294075836496 0.02111455604585212 0.0034976209767649705 -0.01339630970559557 0.1997696447818211 0.9797450661052189  738339.4165443726
-0.24318590324527423 0.048306379297656035 0.021415045561903243 0.0001359477847711371 -0.009923821189180126 0.20029855934015933 0.9796846362056831  738339.4165454517
-0.24300281580340186 0.04858513995829672 0.02182253005971227 -0.003708597675772425 -0.00536914237214338 0.20042469524448012 0.9796873787844897  738339.4165467033
-0.24281126153007943 0.04863436397340194 0.022011858401711434 -0.0036063514778355696 -0.0026028518061902766 0.20078807341082708 0.9796246061463859  738339.4165478233
-0.24198337391606944 0.048884127931149046 0.022785903085077264 -0.00613097446424358 0.0075291555176883055 0.20166215046007163 0.9794070144945506  738339.4165490358
-0.23988136652313533 0.049957962036164254 0.024601632437277664 -0.013109536634363218 0.03447458497036435 0.2018826891607449 0.9787149855078237  738339.4165501527
-0.2372253591090457 0.05121089046946176 0.026799884818683388 -0.02455000601396372 0.05943576658918134 0.20653724871127407 0.9763232311839394  738339.4165513569
-0.23294517972880818 0.05259878907161301 0.02815956144196476 -0.013458232410759267 0.042497042766678254 0.2197102189899762 0.9745462005507188  738339.4165524654
-0.22237747396589305 0.056921953366551474 0.028975524185382455 0.004737023786460409 0.009566714616193836 0.21660665359289483 0.9762005921921921  738339.4165536248
-0.20850556058194178 0.06115490154646795 0.03413129062543461 0.009535289169422504 -0.01537255381330591 0.19720101516589372 0.9801961652991984  738339.4165548936
-0.19959891159722168 0.0626033488935858 0.04332290732976525 0.01323557540423119 -0.0345188697888678 0.17555566091108754 0.9837751151021707  738339.4165559865
-0.19514922108568442 0.05781663742708183 0.05976387619097686 0.033025646789388664 -0.03402810360910407 0.15424267467703057 0.9868944179229034  738339.4165572189
-0.1970210364459713 0.04899050772307817 0.07450299061894468 0.025601547301816165 -0.03565365108580563 0.1378456197040038 0.9894806532057228  738339.4165582027
-0.20668844149013407 0.027755828611862307 0.09928828974229688 0.008102068360273357 -0.0213866250805971 0.1082794826735434 0.9938573953983022  738339.4165595261
-0.2181921832265731 0.009123018133412285 0.12178909283321127 -0.006497067654495274 -0.011814070219585587 0.08803240119934114 0.9960263611952336  738339.4165605651
-0.2317308497807953 -0.00830793112999673 0.14890365919633253 -0.023000700326087673 0.0011538878605848982 0.0708289554680412 0.9972225906960898  738339.4165616329
-0.24979825932733826 -0.025277923985070977 0.1925399224021324 -0.034631563328432854 0.011095159683342036 0.05283942934420168 0.9979406530248225  738339.4165630457
-0.26006091080578536 -0.031193120015232514 0.22615206987577238 -0.03916689692401305 0.018183840179400602 0.041952052878776146 0.9981860184359077  738339.4165639747
-0.2705037504726728 -0.03174124458651404 0.276413843326082 -0.03417301637488018 0.02037387506489475 0.030002630298545427 0.998757704521898  738339.4165652281
-0.2754638084899064 -0.02649567580732593 0.32412121376954295 -0.02356430736205547 0.023569177759886876 0.023572660059888666 0.9991664260652329  738339.4165663589
-0.27630906950894174 -0.017936987286426374 0.3708767025212292 -0.012750414494390922 0.019172085701173344 0.021260999336258114 0.9995087933416653  738339.4165675546
-0.27386099954524445 -0.00834889049612473 0.4131915922486666 -0.00038694532871100116 0.012260372932656981 0.019435128491106943 0.9997358697723109  738339.4165686682
-0.26948501422774224 0.0009181181094135121 0.45153643890632666 0.00943326481439871 0.0012419582517563905 0.018594197014794065 0.9997818396490393  738339.4165699431
-0.2664313334024822 0.005277864535235285 0.47335429410996627 0.015731600906534023 -0.004228580372620567 0.01846254209526681 0.9996968392369411  738339.4165709504
-0.2633529767069776 0.008216343550922454 0.49378655876253785 0.014083143282311876 -0.008367672746641724 0.01971468703003081 0.9996714351442693  738339.4165721858
-0.26177723654109314 0.0074633924325108215 0.5054280221517026 0.010831905805109864 0.0019280622899462102 0.021168457426006957 0.9997153838981566  738339.4165734156
-0.2593281832529331 0.005336252130852101 0.5096222454237881 0.010220888926827794 0.03380105309970431 0.02180263464868411 0.9991384625572536  738339.4165743921
-0.24780824883398894 0.001092720759694609 0.5126133368352606 0.0032105563769716894 0.05808661018606248 0.021016741166240638 0.998085133961825  738339.4165757368
-0.229967046244827 -0.0022671930473784838 0.5133000082424792 0.0017463746482300007 0.05476303955873119 0.018564690643534974 0.9983252535798074  738339.4165767623
-0.2020436715405636 -0.005629678777615654 0.514209130679896 -0.0019199381102629326 0.0349358238377192 0.015137004855397445 0.9992730723553199  738339.4165779668
-0.16642385494962017 -0.00871517943512917 0.516754875869945 -0.003547813504723181 0.004419924334203402 0.01544629172700074 0.9998646355182785  738339.4165792065
-0.14095938312153325 -0.010626366249342236 0.5200602004591437 -0.006465955821593501 -0.012429134163215989 0.017875068479956804 0.9997420617169726  738339.4165801703
-0.10841244713633859 -0.012803322404017855 0.526093824614662 -0.005879499345179745 -0.030511333407995177 0.021381510302568393 0.9992884073370898  738339.4165815266
-0.0919063032175673 -0.01359484860564929 0.5302775861489608 -0.0068980581554433686 -0.03530768560302089 0.024600197176065784 0.9990498558279968  738339.4165825152
-0.07762602829957235 -0.013960628274110461 0.5347705324507647 -0.005928372319804985 -0.0305860512314056 0.026585122852584648 0.9991609375444082  738339.4165836053
-0.06841986630026503 -0.013712134188302713 0.5386834469067973 -0.003910181264064128 -0.020868986077471126 0.027194331650864895 0.9994046548964255  738339.4165848758
-0.06438607191979837 -0.013211466271697296 0.541111686018875 -0.0011897108664265432 -0.011284742569050626 0.026985607765943376 0.9995714162313303  738339.4165859583
-0.06075996680130429 -0.012264207972252111 0.5435039441313202 -0.002719717631238515 0.003285974731358909 0.028813817586757665 0.9995756946935777  738339.4165872983
-0.058238125229055394 -0.01181005048062202 0.5453925230318389 0.005551650637747056 0.004681014785649224 0.030407229942473676 0.9995112143658011  738339.4165883376
-0.05474098518440039 -0.011447748120450211 0.5478908913179736 0.0037301102645675554 0.009197284962967806 0.03134159535301537 0.9994594542188553  738339.4165894012
-0.048866001361686215 -0.011100100148677147 0.5514045379850859 -0.0007893988603983437 0.008118482153004767 0.030185362982362903 0.999511035936369  738339.4165906651
-0.04267674269472464 -0.010509189766179873 0.5536826697034676 -0.0033156656793392417 0.00738855730781786 0.029879269079122105 0.999520707570038  738339.4165917516
-0.03310236783893105 -0.008842092822297185 0.555136118622117 -0.005672712861898587 0.003811877874461932 0.02868903146479474 0.9995650200909737  738339.4165930942
-0.025514720719905026 -0.00694613454238748 0.5550721486176605 -0.005816527620640672 0.0012683287905504031 0.027077305924209847 0.9996156155504996  738339.4165941331
-0.016166380658164378 -0.004058107535846514 0.554008182134765 -0.0037991359621048462 0.003941164049675724 0.02605346165706028 0.9996455626508624  738339.4165954114
-0.009393241324763314 -0.0018292660896332997 0.5527030582316564 -0.00040886510882100414 0.0031261175172708666 0.02643470326117322 0.9996455705309181  738339.4165963893
0.00065417193916984 0.0012619975611084082 0.550730208043988 0.0005915652541620277 -9.143947157792163e-05 0.03052378933259536 0.9995338613444531  738339.4165977283
0.008111287500216216 0.0036951888272559424 0.5492386766344778 -0.002639144722107347 -0.00035522504002283224 0.033970006824554984 0.9994193050800282  738339.4165987516
0.015129091754605327 0.00631308813877275 0.5480686709961939 -0.00591272219336952 -0.0034869149192714804 0.03568741044876859 0.9993394267595325  738339.4165998261
0.023452649226472853 0.011200833037616587 0.546716013649635 -0.006995512162245353 -0.005137293837302191 0.03259435404248026 0.9994309776598735  738339.4166011913
0.028760714681175123 0.015916798285221988 0.545670334517857 -0.0026860596116198765 -0.008306313867939565 0.029091081382163125 0.9995386431837974  738339.4166022212
0.034179041650237094 0.022063142080964746 0.5436100096978397 0.0009776449865686058 -0.006627591462003266 0.024666541912827616 0.9996732871052201  738339.4166035025
0.03776183216084571 0.027323554301015993 0.5407537548191773 8.78397569549885e-05 -0.007110678032233103 0.021835625174196877 0.9997362832344093  738339.416604538
0.04112507965769947 0.03309044227202979 0.5378453596145475 -0.0019769404662655066 -0.002760800333684506 0.01904436294394895 0.999812873455813  738339.4166057182
0.04443875642770969 0.03935698627649714 0.5358133191497093 -0.0015751280830949754 -0.0003535534334594623 0.01699656199444152 0.9998542448036417  738339.4166068659
0.048233998635373525 0.0461153112591734 0.5348213460831089 -0.0011236695808707947 0.0029856024522401424 0.015533860273962218 0.9998742534587333  738339.4166080263
0.0531503731016965 0.05316110172370932 0.5345876825268869 0.0005727022234052978 0.005958469670987584 0.012564654403738999 0.9999031443650219  738339.4166092066
0.059680278637321324 0.060161139532168464 0.5346629154636564 0.0031126825745619617 0.00271688151620399 0.01130359424283292 0.9999275766370335  738339.4166103398
0.06835552709734125 0.06762163563713461 0.535067460849318 0.0023854486907728227 -6.523205009998449e-05 0.010354607683892916 0.9999435421457734  738339.4166116165
0.0753058914540404 0.07265179331617862 0.5354316838734605 0.00274425382586943 -0.002020157904964799 0.010118896426434107 0.9999429963593371  738339.4166126029
0.08436976681318813 0.07867233886118936 0.5359179428276858 0.0023959209116467344 -0.0028183566585786046 0.009014745106716966 0.9999525242727232  738339.4166136895
0.0947132569036115 0.08485232631799744 0.5364109010344975 -0.0004857475122902397 0.000581054079957402 0.007595667235584179 0.9999708657079749  738339.416614957
0.10450364355809821 0.09061095617438049 0.5367985560556503 -0.00180537828889491 -0.0025123947710493835 0.007518588833393438 0.9999669491056706  738339.4166161733
0.11347821049914594 0.09587281037247435 0.5371351765108944 -0.001104463570296684 -0.0033102106096962003 0.006619044970585347 0.9999720050629511  738339.4166172544
0.12327015452306897 0.10178413180942818 0.5373642304136848 -0.0017496507235277286 -0.004461096117599719 0.0039321674902104056 0.9999807875167424  738339.4166183408
0.13258465232321828 0.10746337572733683 0.537732508682231 -0.00011175976848586386 -0.005493788132413809 0.0023145365480876623 0.9999822242031495  738339.4166195873
0.14199381316634405 0.11366049695189334 0.5384744573809573 -7.372643525121402e-05 -0.006055527325318652 0.00450551945033778 0.9999715123180799  738339.4166207717
0.1497410610861911 0.11942661042315403 0.5391740708610488 -0.0025262726992738033 -0.0059778573500836275 0.007028101947797729 0.9999542434285493  738339.4166219379
0.1561095814853907 0.12472981367331402 0.5398182381771288 -0.00046971480146737883 -0.007640449518193316 0.008643669715859725 0.9999333427149074  738339.4166230079
0.16295076194453176 0.13120444659803068 0.5409749095413273 -0.0022748865135499828 -0.006461144052371556 0.009470497929415584 0.9999316917559189  738339.4166242752
0.1676530943332498 0.13647390726200834 0.5420374581236856 -0.0024998681896964874 -0.009775402801334869 0.010712383858306973 0.9998917126325121  738339.4166253462
0.17181893729810294 0.14334246334786716 0.5434906922818071 -0.004158369871812412 -0.01068147124222409 0.013413347927048683 0.9998443359991087  738339.4166265903
0.174100891524068 0.14956993993550183 0.543870811535115 -0.007867051980603128 -0.006425427076896311 0.016840451179718618 0.9998065925888254  738339.4166276844
0.1756554760616048 0.1582079958432966 0.543224728490176 -0.00823111754476833 -0.007778401185469787 0.020267359517786746 0.9997304533308661  738339.4166288547
0.17633445464690384 0.1683801866761709 0.5414574716203884 -0.012474996470671948 -0.004839317683155359 0.023225489577347925 0.9996407015029504  738339.4166301282
0.17631383999254013 0.17796274692252909 0.5394875334631961 -0.011104791807648298 -0.004363890990732191 0.02561110756158281 0.9996007759219672  738339.4166311737
0.17557920118803302 0.19007874368359268 0.5369997403396023 -0.010397979274955836 -0.005242810655093964 0.026657447657357673 0.9995767981740211  738339.4166323908
0.1741694866777767 0.20202402856921703 0.5351275756709951 -0.009191250440563027 -0.005520339982778538 0.026876047345364106 0.9995812747550362  738339.4166334617
0.17161418280161306 0.21598238682188986 0.5336759751711159 -0.007350918443445214 -0.00854416840899887 0.023667676472413596 0.9996563420869362  738339.4166345426
0.16746544380116718 0.23058955299756695 0.5333752898581248 -0.009422164158332287 -0.0147269915879808 0.01845316065757596 0.9996768574910028  738339.4166357983
0.1604280003433114 0.2466548080833489 0.534278709406074 -0.004099982345722776 -0.011599220265512536 0.008859075617074177 0.9998850759028299  738339.4166369534
0.15339386421427986 0.25954129936171005 0.535688786559835 -5.1364908375129156e-05 -0.008601130522426939 0.002857694521494205 0.9999589249051204  738339.41663811
0.14349098471431398 0.2739188727851548 0.5374766203644288 0.005479164518526918 -0.008528457759423513 -0.007044993245676178 0.9999238032143215  738339.4166392704
0.13291890183428287 0.2845223782075408 0.5392312074056241 0.010380528786621537 -0.01596489974818491 -0.01568254144020704 0.9996956659364472  738339.4166404445
0.12006014831167931 0.2921977170431148 0.5416486951483996 0.012949118464167787 -0.020276437101580683 -0.022715174263281367 0.9994524537403745  738339.4166415812
0.10256382325550714 0.29710936876516253 0.5451487489374683 0.011802532595053133 -0.01872493404222769 -0.025781778540403977 0.9994225217418059  738339.4166428519
0.08663708561469646 0.2988202872723418 0.5476850983705718 0.006839340655348101 -0.010282722631590444 -0.026790451093256538 0.9995647856766973  738339.4166438937
0.07035643398575349 0.299205165918829 0.5493440166986425 0.002120109444539007 -0.0015092704358555204 -0.026975930846577248 0.9996326957406182  738339.4166449679
0.05197184075652194 0.2987947304777378 0.5494127784747129 0.00011735282356695137 0.004119816174076895 -0.026184521576096888 0.9996486303561055  738339.4166462134
0.03694531738218676 0.29796445141048966 0.5479776171741071 0.00015621191033826534 -0.0011689395039075358 -0.02434312004230162 0.9997029667280584  738339.4166473848
0.0225693880440218 0.2968216151010456 0.5452915651625091 -0.00026486692414762875 -0.007342379823503974 -0.023485401444537816 0.9996971817620718  738339.4166485593
0.008020105625635465 0.2953231226073569 0.5414013053796931 0.00034848231325703067 -0.0097266142384975 -0.021631123014908337 0.999718643445568  738339.4166496854
-0.00846569960692376 0.2934902950214359 0.5368697969464838 -0.001767118817261773 -0.00811657018861899 -0.02017571329275109 0.9997619412503097  738339.4166509624
-0.020305178647603703 0.29227986940361755 0.5334464048566614 -0.004629290543312008 -0.0016136009757348106 -0.019271143654749582 0.9998022749439985  738339.4166519475
-0.03680165108335497 0.2911909401164908 0.528954049143286 -0.005869641593452468 0.005074459489617739 -0.017886147648057835 0.9998099233808218  738339.4166532814
-0.04586016320131733 0.2912262077349329 0.5270046291792928 -0.008358163367201401 0.009956715877599089 -0.01731997251425885 0.9997654842342605  738339.4166542761
-0.05460013341010617 0.2926543719012616 0.5253825616040977 -0.010626617013494936 0.017671908583907096 -0.017152690757338114 0.9996402172069878  738339.416655469
-0.057774755469983126 0.2953758917971976 0.5248520304942086 -0.011129257025064194 0.02438370074179836 -0.0169294644880365 0.9994973576795253  738339.4166566284
-0.055439760854952544 0.2994663144002457 0.5241685380147342 -0.01071375943083363 0.029920830821575428 -0.017110077372455044 0.9993483899492276  738339.4166577971
-0.045676229202442874 0.30557131908255125 0.5227565935869135 -0.010493598911188009 0.03186243051365309 -0.016978123505877296 0.9992929566577926  738339.4166590646
-0.033678652285755346 0.3108477296624217 0.5212425855008801 -0.00917393089640306 0.03285320526571615 -0.016879123876111245 0.9992755381139137  738339.4166600116
-0.01089650474618213 0.3190012891883779 0.5191535146567791 -0.008259704186322579 0.027073262700568358 -0.01692168857377749 0.9994560881746194  738339.416661281
0.01489378150508219 0.32675825611253506 0.5171681264655672 -0.003167611578589422 0.017649752290650363 -0.0160820899257901 0.9997098673438133  738339.4166624255
0.0463961989379658 0.33515244719913856 0.5153592799017855 -0.00030384337654466197 0.005937058786549056 -0.01246973106781105 0.9999045778569394  738339.4166637402
0.06964548872816556 0.3405123867237327 0.5147366199048532 0.0068430562726050055 -0.005015953799207619 -0.007999649260132385 0.9999320068884929  738339.4166647075
0.09940638172626465 0.3466560080576103 0.5153730900796746 0.004556733457354444 -0.02062297442850111 -0.0014028612056504123 0.9997759554451976  738339.4166659483
0.11992341352806303 0.3501850970907775 0.5165913041013106 0.006507629685896529 -0.0305020318967641 0.003938791007463066 0.9995057592287498  738339.4166670355
0.13846401600182384 0.35305211088607646 0.517851709521751 0.0016840576640853326 -0.033918916353751945 0.005430707305170086 0.9994084142538209  738339.4166682563
0.1500220447058653 0.3549543650214728 0.5186488263798965 4.420544413158477e-05 -0.030626614466511964 0.005185316226536099 0.9995174440838085  738339.4166694912
0.15483569833662522 0.3558471584764733 0.5187146441611244 0.002291810584303304 -0.019970955304451105 0.00433394512700456 0.9997885403764686  738339.4166704654
0.15888601224749382 0.3555128640851783 0.5179622109348438 0.01150412100555115 -0.0031853930282531705 0.0006238770991134408 0.9999285570722093  738339.4166717115
0.16265974133786568 0.35252112039159317 0.5167654840569837 0.019385928458503 0.011766504683356353 -0.0019250345905346374 0.999740981148199  738339.4166727958
0.16855528712489667 0.34634567249200243 0.5151620465245011 0.021548302957704928 0.017724343476127096 -0.004984517148068029 0.9995982557391664  738339.416673875
0.18122197653388794 0.33310072995006657 0.5121044485336053 0.011434161231992965 0.015402585534002701 -0.007695943443651245 0.9997863735670239  738339.4166751525
0.19513580932109661 0.31972480950962134 0.5087023617417092 0.006059287814184733 0.006969753845681093 -0.007472576092707906 0.9999294315945773  738339.4166763593
0.21041992797508943 0.30606029533926715 0.5056084297648886 -0.007413614007640304 -0.0030454370383608455 -0.005753797146908316 0.9999513275449877  738339.4166774707
0.22508138170885608 0.2950402335429784 0.5031355176315948 -0.02426901107665517 -0.011656081296292866 -0.0043945075360803925 0.9996278503391604  738339.4166786277
0.23793915092296009 0.28972377885213235 0.5011168139615965 -0.04288497439710398 -0.016578090649722946 -0.0028337399541621395 0.9989384444495274  738339.4166797758
0.247068210024184 0.2920168674723476 0.49994350204147525 -0.053324994789606846 -0.01686614127283982 -0.0025494122302319334 0.9984315092716843  738339.4166808509
0.25513811646013346 0.305347117935164 0.4993719673498805 -0.05222591748022812 -0.01743094330024087 -0.002734435634050704 0.9984794132183075  738339.4166821007
0.26010362143136656 0.3266062600142947 0.5001063396888219 -0.03889077080258229 -0.011708619055319261 -0.003862451027976737 0.9991674022195955  738339.416683246
0.26410439198508 0.35619201279101187 0.5024161335326126 -0.015289805099287011 -0.005002524620551974 -0.007355469244553964 0.9998435345991087  738339.4166845777
0.2673140983794608 0.38143528667398663 0.504495555167376 0.0054491958119070785 -0.0005953890410928386 -0.009297036783607092 0.9999417567458304  738339.4166855665
0.27188076397082245 0.4087096718455031 0.5067376184430942 0.027444026407047264 0.000737583738015566 -0.011588855633697881 0.9995558912886763  738339.4166868475
0.2755473906518743 0.4235028506571539 0.508073397730026 0.037317349850681615 -0.0008466163950514624 -0.01332242475458592 0.9992142971552498  738339.4166878246
0.28082731234154673 0.4356367661265586 0.5097196679938747 0.041628512552171565 -0.009878544854572369 -0.014025524602835729 0.9989858687458323  738339.4166891584
0.28293342130531873 0.43655222633894114 0.5109080888969035 0.04282359919518854 -0.0190251346492291 -0.012492201190349581 0.9988233720297941  738339.4166901564
0.28211434927471435 0.42965409848960634 0.513036098023605 0.03415085536510917 -0.03175001591629714 -0.010140679573238583 0.9988607621610428  738339.4166914145
0.27624350934973496 0.41719619550638376 0.5159168518092175 0.026455673453469126 -0.04181762169561122 -0.007541047906885114 0.9987464725616367  738339.4166924901
0.2613799535236826 0.3973119241118408 0.5194319462809963 0.010864519948716834 -0.044455179657819976 -0.005840843265440929 0.9989352250060178  738339.4166936747
0.24081773627471983 0.3776667934974567 0.5214548430001471 -0.0001948740485637645 -0.03969497093666886 -0.004068860238390754 0.9992035406676673  738339.4166948542
0.2178981089285798 0.36083338467934495 0.5218067797921441 -0.011142967895304449 -0.026652553111202758 -0.004027419056901192 0.9995745372781757  738339.4166959429
0.18701630118104562 0.3440912578503118 0.5202267649525973 -0.024356529768556283 -0.008348671421140038 -0.005388170959208594 0.9996539535043363  738339.41669719
0.16232536903217346 0.3348150466530523 0.5179379672332065 -0.02981909263205541 0.008962597434098718 -0.006668631719803817 0.9994928828725199  738339.416698261
0.13866997286362032 0.3299365078807146 0.5141776530317174 -0.030912282642202357 0.023712020183564095 -0.007544880999190253 0.9992123125999653  738339.416699348
0.12124678719052087 0.330361276734259 0.5095746200678044 -0.025077419612478304 0.031401198810712315 -0.008966952945721671 0.999151981178889  738339.4167005955
0.11035011570866558 0.33529195635453485 0.5045833894724133 -0.013838562331765895 0.032563083344950755 -0.009653279233603606 0.9993272507020399  738339.4167017647
0.10793766070237962 0.3412710578986406 0.5005142223947463 -0.00044056159334573676 0.028645712004602055 -0.009424865683402448 0.9995450970296846  738339.4167029354
0.11107410874463244 0.3459014485913647 0.4982889458407821 0.010178346777560887 0.02454990635751035 -0.009638605512324523 0.9996003204473731  738339.4167040146
0.12026315631527303 0.34824116007097616 0.4978672796491427 0.021103940849319675 0.016226006827283097 -0.009509750813161764 0.9996003726602652  738339.4167052775
0.1328023142123752 0.3459544709476265 0.4989756566559122 0.022079428893761157 0.015442678543442601 -0.007959608379176832 0.9996052556552408  738339.4167063894
0.14796988070160608 0.3385730639441248 0.5007308800408403 0.024066468288888383 0.011366608185819168 -0.006880967020488984 0.9996220573873473  738339.416707619
0.1653390779900079 0.3265171479538881 0.5028331801046638 0.019690363798802436 0.012542080776681674 -0.0038475148368874034 0.9997200520209856  738339.4167087148
0.18273119201180069 0.3125188400664784 0.5043877100966164 0.015555409407043702 0.011135295935555074 -0.001396070939890982 0.9998160257810123  738339.4167098001
0.20553795690957202 0.2931485340734258 0.5057494590182412 0.007041080255019613 0.008243237666770835 -0.0011270418272354833 0.9999405992349402  738339.4167110609
0.22724805340191864 0.27516825074975587 0.5065484341741118 -0.0010567628857590058 0.0012570792617247763 -0.0008255578731457547 0.9999983107276388  738339.4167121861
0.246365195663225 0.2601166400404518 0.5072188697668618 -0.008884742612682794 -0.007715783497671269 1.6772573129175044e-05 0.9999307614792158  738339.4167132351
0.2655699428958161 0.2458375434518336 0.5081054461956044 -0.015788411972332002 -0.01890329788404813 0.0004580260827363061 0.9996965447517594  738339.4167144878
0.28120769668342727 0.2352003961065851 0.5089231551924641 -0.019755366614769777 -0.023572410023755493 0.00048269019972860695 0.9995268050361427  738339.4167155746
0.29387241786980767 0.22797540776617115 0.5092520777656078 -0.01803516501908861 -0.02601630127423669 -0.001166457183580635 0.999498136200554  738339.4167169281
0.2987202038360234 0.2261539657084244 0.5091019173838033 -0.014267044314108714 -0.023749337998819137 -0.0014595007674183295 0.9996150710391811  738339.4167179217
0.30121876808863185 0.22599393262401596 0.5084880130486189 -0.006602602725080771 -0.018034409345413897 -0.003876932500838694 0.9998080491330328  738339.4167191836
0.30051590803016553 0.22706597053007216 0.5076435798838358 0.0037858203801936635 -0.01597767139839148 -0.005331297109317244 0.9998509683207124  738339.4167202915
0.2968292967459736 0.22694554641259157 0.5066615158636615 0.012627310730571308 -0.014847686832612977 -0.008777112221854884 0.9997715036549497  738339.4167215561
0.2909192163724787 0.22480828341741552 0.5058586271799161 0.017633078924920588 -0.022602290376739515 -0.010941979347866797 0.999529131183931  738339.4167226092
0.2820622527787417 0.21993608463569586 0.5057042665518581 0.021839898664320893 -0.02669899955329066 -0.011723497746278096 0.999336150576861  738339.41672365
0.26801852175121765 0.21107510443524102 0.5053848000638185 0.02278146253144571 -0.027999242984055008 -0.011978422599120837 0.9992765206634674  738339.4167249082
0.24967547257127673 0.19882182172986781 0.5043244813062844 0.019336388376458145 -0.022958815816799698 -0.013018808759491898 0.9994646104186625  738339.4167259863
0.2281607876698757 0.1840677997321482 0.5027909234262345 0.012434738949702082 -0.013849886417702894 -0.014410758805460942 0.9997229055814018  738339.4167272204
0.20576772843907568 0.16885265717630532 0.5007188778104876 -0.0002487751727439666 0.0004526935030255406 -0.015940377521264003 0.9998728106834316  738339.4167283088
0.1805384890772408 0.1524981687365409 0.49702303246784807 -0.010797978165806521 0.015404667169741712 -0.01696800489640567 0.9996790418463097  738339.4167296649
0.1663842550527119 0.14344524531777766 0.49445574144880927 -0.007341044996675666 0.01942504987766756 -0.01743474198386608 0.9996323355452058  738339.416730629
0.15066018150714472 0.1328380804836776 0.4924324225001069 -0.00947861085429122 0.021551947233190476 -0.0184761523739403 0.9995520503206352  738339.4167319776
0.1426873820674352 0.12663504187269797 0.4932565153651351 -0.0015145806918837731 0.011336570469303269 -0.017213827301485386 0.9997864133728549  738339.4167330207
0.13664951554020122 0.12055999834366496 0.49680494157250543 0.0023654777248455577 0.005703449288707951 -0.014725072831631181 0.9998725155795851  738339.4167342258
0.13234091679103904 0.11493671255875025 0.5012610078134336 0.0047180607687278 -0.0009320473300014299 -0.012451776356131898 0.999910908259298  738339.4167353016
0.12763947006961973 0.10802607503952118 0.5058187433885625 0.003858410758311975 -0.004531126734459503 -0.012082416520695078 0.9999092942702138  738339.4167363906
0.12133861548720391 0.09860034525585476 0.5085282245838303 0.004496930193315933 -0.006130109349876613 -0.013772652293317764 0.9998762490563532  738339.4167377708
0.11668212360985498 0.09199361333219042 0.5086743460203007 0.001724711751670754 -0.005482032426423158 -0.013548718930407164 0.9998916965877825  738339.4167387625
0.1095151374926814 0.08280383187604469 0.5078071225912781 -0.0014439752544640405 -0.004660011762671801 -0.013857185777822027 0.9998920829910372  738339.4167399723
0.10257391389016275 0.07506324105748285 0.507444171468108 -0.004474012530487636 -0.0031133665523234294 -0.015238737752823715 0.999869026939173  738339.4167411304
0.09652980398354052 0.06915376624609812 0.5072254501839086 -0.005735636111604246 0.0004921156804714371 -0.018139053901716915 0.9998189011136481  738339.4167422176
0.08970701020984319 0.06296285893631898 0.5061652407206204 -0.005571968473827606 0.004601473006202579 -0.01892582943827162 0.9997947752381853  738339.4167435531
0.08603439418103243 0.05959431533038731 0.50523490332043 -0.005700540902920418 0.008366897368300914 -0.017569848941069395 0.9997943784949136  738339.4167445863
0.08377284788034453 0.05725398567925299 0.5046607190104231 -0.009875472960925936 0.00818742944210318 -0.016304878214001943 0.9997847728283099  738339.41674575
0.08326589393640037 0.05655250460465555 0.5049779960278195 -0.009199168895309298 0.007728266121573937 -0.012682842941217914 0.9998473856990967  738339.4167470321
0.08383096940887515 0.05720594660920061 0.5053227040654613 -0.00953274107477593 0.00490841691526231 -0.009545424465984503 0.9998969542721647  738339.4167480207
0.08541787645731472 0.05943534166443892 0.5060262048461605 -0.005481749297756876 0.0022493656769686575 -0.005434734773987471 0.9999676766959141  738339.4167492823
0.08698739783742053 0.06206069375179311 0.5073300500244966 -0.005440686454745723 -0.0032995373913146755 -0.0010477217158869033 0.9999792069153791  738339.4167503585
0.08811278607577498 0.06566210499059077 0.5088816012420317 -0.0030612117669227413 -0.004868961972852422 0.00020571655595673504 0.9999834397991417  738339.4167515442
0.08854344094955383 0.06944763896813887 0.5090933701571314 -0.0075226355885664896 -0.002076913736790926 -0.0013598517514267906 0.9999686231009179  738339.4167528101
0.08831595252207337 0.07296689847117496 0.50849944859342 -0.009182650654781313 -0.0032589544652166305 -0.004564692628237257 0.9999421091863047  738339.4167538467
0.08844795930704392 0.07890556851826154 0.5078532259180708 -0.013764584307768139 0.0025808111282108388 -0.009614227888966133 0.9998557107177285  738339.4167551262
0.08875220733387874 0.08478246775135403 0.5074683029601389 -0.01574965775098159 -0.0009424097092662262 -0.011994565137461518 0.9998035759847181  738339.4167561545
0.08959155210362915 0.09511838909635278 0.5073156597267797 -0.01709853674813699 -0.0016058135388841615 -0.014191806332184241 0.9997517962159311  738339.4167573289
0.09067789530686124 0.10798226493402674 0.5077655456621181 -0.015463858499043148 0.0013494410342955808 -0.013917439780287783 0.9997826528596996  738339.4167585969
0.09175132331379793 0.12009468245411507 0.5084921678566265 -0.014050881656623167 -0.002629987732547903 -0.01145050124553773 0.999832256886336  738339.4167596395
0.09308661875015133 0.13454533751273282 0.5096540150313158 -0.012002615974554605 -0.00225533406612798 -0.008748018842127973 0.9998871550551869  738339.4167608428
0.09395908178356223 0.1497634595417388 0.5104210937119213 -0.0068944254460330525 -0.0078454735154745 -0.004662189269558759 0.9999345875777584  738339.4167619575
0.09395293367715173 0.1621411392015648 0.5104178202971241 -0.003918285200930367 -0.010255370951065386 -0.0005142254967927773 0.9999396031660506  738339.4167629926
0.09203317239002083 0.18038543536489163 0.5099411434946491 -0.0016717370208519159 -0.011769303650969764 0.004675598899887626 0.9999184104524887  738339.4167642649
0.08854324864683158 0.19450892815493673 0.5091841421167367 -0.0003800573269929273 -0.012912996477371716 0.006559470655251022 0.9998950362028639  738339.4167654329
0.08319485492474109 0.2076147590959399 0.5081859549521826 0.0007657471951095766 -0.014068720048903553 0.007439027177360515 0.9998730647547585  738339.4167665826
0.07613873034005694 0.21930832932372255 0.507420765404588 -0.0019043516521250557 -0.01032747987856737 0.006987268668436706 0.9999204441757844  738339.41676775
0.06804215941323828 0.23017825248282342 0.5064887585902099 -0.005144627701961881 -0.007858320217642099 0.0018499905040184382 0.9999541775223004  738339.4167689398
0.059566943514380855 0.24076881845517814 0.5050106053655609 -0.009855717831716715 -0.0021061604922122377 -0.002934920417503524 0.9999449060604018  738339.4167700515
0.051961879946600745 0.2519206819359904 0.5031538182649334 -0.014307146968513375 0.0037908004717335957 -0.008599451733356132 0.9998534816698348  738339.4167712718
0.04637958233511797 0.26393552003248494 0.5010015811702572 -0.012201673069820491 0.010190571486381639 -0.012522853256959803 0.999795203815953  738339.4167723734
0.04421443206292341 0.27559985776836715 0.498572551505627 -0.009992542760577967 0.01481391362952879 -0.014110849170840259 0.9997407568904214  738339.4167734126
0.04642170139808971 0.289911403314576 0.49501595039198326 -0.0008534990489917831 0.02570648226336845 -0.014137418860696438 0.9995691980533282  738339.4167746806
0.05418504258885637 0.30163471129154706 0.49250416498577754 0.005241660080860911 0.026304286481216188 -0.0129154198825417 0.9995568025087761  738339.4167758401
0.06561035418268907 0.31003283064491843 0.49160469030312026 0.01081815845295707 0.0189974637883206 -0.010234270364548966 0.9997086193123492  738339.4167770001
0.08185268431272447 0.31567713380810525 0.4922786512350435 0.014367095999907244 0.010084867178797646 -0.0076525843209140154 0.9998166431699999  738339.4167780855
0.10432156185978646 0.31715120617782133 0.49558803336361656 0.012840932785443864 0.0042553925485016054 -0.004176001312243672 0.9998997765238764  738339.4167794404
0.12222489773341295 0.3147744378524008 0.4995361163233541 0.010760698773069717 0.002866520618120034 -0.00300587302977597 0.9999334753616312  738339.4167804737
0.14255505524469922 0.3098282979022492 0.504486557948902 0.004188487945073774 -0.003100651426667582 6.705491469187031e-05 0.9999864189243286  738339.4167816498
0.16168312639911078 0.30340108888068523 0.5086353019889173 -0.0012403663273754348 -0.013648348220784997 0.0009626484611638044 0.9999056242416873  738339.4167828428
0.17772352438783987 0.2970736079649062 0.512211323496824 -0.0072319068957261 -0.020635307155111228 0.0019511716819353285 0.9997590092368928  738339.4167839631
0.1902331933701629 0.2918374572634308 0.5148128571266226 -0.009460916193862511 -0.01889928461329241 0.004067499403741339 0.9997683549475244  738339.4167851029
0.20011687924421526 0.2877715422153532 0.515958757989052 -0.007900439837701397 -0.0077609539543962176 0.006015117439035121 0.9999205813494806  738339.4167863117
0.20935679854118255 0.28453516632096587 0.5155707377316359 -0.0011466847875330531 0.007361442137624954 0.007503048372136341 0.999944097711856  738339.4167874184
0.21936705205212886 0.28205548948210984 0.5146250172874535 -0.0005949028316572409 0.015795464154199825 0.007613519593609171 0.9998460800154052  738339.4167884678
0.2327330879171192 0.2786072452018362 0.5132888272499105 -0.0012591418300865632 0.01236180701381385 0.0063748621233353205 0.9999024759555871  738339.4167897262
0.25012995438038016 0.27480050803579714 0.5117694846866377 -0.0018750507083943996 0.0030729669050201663 0.005831717785809253 0.9999765157877001  738339.4167909011
0.2659734873879799 0.2712481090659095 0.5116086507263206 -0.003830678709116614 -0.011456878333692903 0.005914884023700465 0.9999095359013538  738339.4167920571
0.27831652253313005 0.26854079836255046 0.5117506246809409 -0.010294711424180227 -0.01902719927892104 0.005282738780355896 0.9997520078875919  738339.416793143
0.2888686294662245 0.2673518585197225 0.5120024790502509 -0.022512098473183768 -0.03607351286618886 0.0052698430914437005 0.9990816462359912  738339.4167944839
0.29078316088394973 0.26952396319736677 0.5119875435252784 -0.03163035073290995 -0.04064330618557043 0.0058616999649463 0.9986557380040131  738339.4167954859
0.2873063734155076 0.2757815778404847 0.5117416221713941 -0.03813750108061095 -0.04316764471050692 0.006568128691481841 0.998318058109221  738339.4167965556
0.2737657711379892 0.29223074507722285 0.5112099073586474 -0.03936028350561548 -0.030590766125108335 0.005653935355521707 0.9987407101571619  738339.4167978306
0.25585122051362275 0.31434359659218297 0.5106819258902597 -0.02836012533493984 -0.01185366053761922 0.004130118787888017 0.9995189523674093  738339.4167991072
0.24048014318505534 0.33519660207677204 0.5098943106378151 -0.012576755379391371 0.004107233383011717 0.002365801539103099 0.999909675341299  738339.4168001465
0.22562557981261036 0.358487491861653 0.5085645763954636 0.004996620418197517 0.018323635117000987 0.00014421558362558054 0.9998196124213412  738339.4168013149
0.21536238333688817 0.3788798924925343 0.5064092068487533 0.017990550168770877 0.026836406176259438 -0.0024134181895643495 0.9994750236103002  738339.4168024727
0.2104457019897103 0.39259860490638765 0.5040150060009374 0.027140280623798942 0.023594757591242424 -0.004348101875050837 0.9993436779166396  738339.4168035503
0.20874767479288428 0.40212332048947413 0.5003151750771274 0.03191185930509949 0.006019977360545902 -0.005591927389494448 0.9994569142571083  738339.4168048999
0.2087203622293732 0.40293141351323436 0.49746114659132523 0.035359724347518454 -0.010591587038638082 -0.0036450179260260613 0.9993118742526726  738339.4168058954
0.20439611063689225 0.3961677793152473 0.494149452337219 0.020763249931411546 -0.03592331621080251 -0.0043644476137418954 0.9991292981400012  738339.4168072102
0.19656630175412726 0.3880686200620824 0.49238504023598545 0.012035701808512479 -0.0487495748158691 -0.001627590846863519 0.998737188546258  738339.4168082189
0.17870425458501682 0.3761445724444588 0.49196009137621827 -0.003007346649248425 -0.05101082117439303 0.0005339183230305718 0.9986934298975185  738339.4168093109
0.1493485590042637 0.3640546908091209 0.4935047767163251 -0.01755508846998221 -0.040204728671507685 0.0018477195088579387 0.9990355271930415  738339.4168105691
0.11656487110287193 0.35652981581533233 0.4966089482260867 -0.02778929205059366 -0.01838124142069238 0.00038398200268049493 0.9994447147136167  738339.4168117292
0.07941572730730752 0.35366080515144394 0.5008295157241722 -0.029536254372527992 0.009762960715968449 -0.0007365325156861601 0.9995157586529355  738339.4168130533
0.05494090783524716 0.3554861548955794 0.5040108036245617 -0.027631684861108004 0.026307652620155716 -0.001135001269408846 0.9992712890789328  738339.4168139859
0.03142306921791231 0.361033179982111 0.508015219520578 -0.019872283836080428 0.04404434638760785 -0.001819461029896472 0.9988302545718103  738339.4168150873
0.017384701251688436 0.37012399723990447 0.5118034871612622 -0.012944726369810955 0.059918813389333 -0.0024975603211298643 0.9981161916599026  738339.4168163476
0.016630767278326068 0.37818410849232537 0.514179214200065 -0.004917524711142012 0.06492909274716085 -0.003431016170245101 0.9978718650176411  738339.4168174183
0.029090373252941785 0.38720509858242397 0.5166075195620863 0.003271449952243573 0.056037147812624866 -0.003869684037535945 0.998415825808909  738339.4168186905
0.048292444453466414 0.39294359400882556 0.5180647865776291 0.008136035542202148 0.03607375634231439 -0.003801842948289912 0.9993087786161032  738339.4168197823
0.07725156453461668 0.3963668952544507 0.518977402711371 0.012497483463980854 0.0018272599695755148 -0.003531970547931838 0.9999139959077079  738339.4168210366
0.10019203911948057 0.3961310801337545 0.5177012397907588 0.015929078813021788 -0.021814281799155816 -0.003079242293604421 0.9996303916071444  738339.416822112
0.12014229998065011 0.39214778006635015 0.513537873684098 0.021257795236687912 -0.045501355323235834 -0.0024780267136997746 0.9987349959769258  738339.4168231994
0.13182020504591907 0.38165125294323116 0.5067579186199989 0.025191722484899454 -0.05766947505021284 0.0013795919421892885 0.9980168863760521  738339.4168245704
0.13029980529293955 0.36934153647071155 0.5013230135863317 0.018927464058139193 -0.054201159815464986 0.0028234159600555725 0.9983466400510911  738339.4168256178
0.11943199804217443 0.3525373397290085 0.4963621457825745 0.004151857183802337 -0.04115724055021254 0.002496819824370386 0.9991409357658118  738339.4168267867
0.10353256598001326 0.33646608810863016 0.4938359556136447 -0.0074753935751425155 -0.02425906928862681 0.0010806724315041987 0.9996771719886586  738339.4168278702
0.08593385706660901 0.3225572769146935 0.4927910497015911 -0.02711198820146104 -0.0031899214781015294 -0.0002056056870575879 0.9996272916557595  738339.4168289689
0.06354636255587154 0.3110457001647736 0.4929496411238587 -0.042138595458983345 0.01415622625526426 -0.0003756832828237293 0.9990114107922016  738339.416830248
0.049325187954690056 0.3102858629423184 0.4915381557301629 -0.0562555550573254 0.018374165993914785 -0.0018057085210602822 0.9982456821674499  738339.4168314522
0.040057950386066805 0.31889724054496504 0.4892152430332462 -0.05688892531662972 0.022684034320552934 -0.0028316822816632013 0.9981187636442462  738339.4168325639
0.03613113495253195 0.33711383387144955 0.48664877391413613 -0.05035315558569304 0.021104637785382286 -0.0025026914938086867 0.9985053282390624  738339.416833718
0.037117141096141656 0.3629342390070173 0.4858263691213521 -0.03198466608207905 0.017644738775355627 -0.0027568067039030406 0.9993287969161926  738339.4168349114
0.0408977042758476 0.3890983715086125 0.4867504971271283 -0.010003332866781706 0.009688816320023847 -0.004832903533727671 0.9998913457037755  738339.4168359791
0.048106434863514506 0.4200215493744521 0.49045668346864163 0.01366557404986846 -0.0011468427144765273 -0.006370713791192027 0.9998856688859314  738339.4168372509
0.05463136433343095 0.44207408069955473 0.4957744800471899 0.03767924559558857 -0.007828504814500778 -0.007459737668448986 0.9992313752468117  738339.4168383394
0.059420308283158405 0.45467882036499385 0.5034090344597149 0.0523524554288641 -0.016605396092109478 -0.00881554412331939 0.9984516850669354  738339.4168394997
0.0611721787155788 0.4557911294395759 0.5109789430765213 0.06248459865090472 -0.023322220804174443 -0.008480539516661573 0.9977373549174668  738339.4168406662
0.05975647839554752 0.44710805992918745 0.516023538105759 0.052923480611573634 -0.02191732663733772 -0.0069852068775893604 0.9983335829660875  738339.4168417533
0.05387202562874968 0.4260831967065754 0.5185350819556573 0.029706416486876892 -0.020754901323105226 -0.005366358840920544 0.9993287572582743  738339.4168430151
0.045299041999902166 0.4019656706058845 0.5177733749864881 0.003452324486424064 -0.012619854346606231 -0.0039966496871250414 0.9999064193829288  738339.4168441312
0.03444693278960674 0.37608699108877963 0.5151907255905864 -0.02079017583439558 -0.0030632897335649218 -0.00017674852232523947 0.9997791524155437  738339.4168454007
0.025622746500291994 0.35866513707189507 0.513411814993156 -0.028007444963386297 0.0040399516286582764 0.003746041101227148 0.9995925314814676  738339.41684644
0.017247972762189707 0.34441941349636884 0.512301548400324 -0.02443327624756142 0.009195570367348227 0.007762293603866231 0.9996290328394014  738339.4168476589
0.01207946465646361 0.33560735351594384 0.5118572212404046 -0.013864790998230334 0.015309267466472643 0.010471174654377325 0.9997318382454232  738339.4168487398
0.009420241720248492 0.3268990534016009 0.5106254305421768 0.0011642729101817768 0.015721600690731 0.012519554607129169 0.9997973477124007  738339.4168499114
0.010218008957357838 0.319129148594533 0.5085621990230812 0.011920297311808948 0.013203412428494538 0.011659844733706959 0.9997737866302692  738339.4168510736
0.01396893915357581 0.307014322921551 0.504950881215591 0.014222630938589647 0.009119188703503544 0.010613509250479648 0.9998009354806409  738339.4168522896
0.019483260700249867 0.2915065155121935 0.5006606351844423 0.011132674265423729 0.0030782619789956624 0.008233658504788521 0.9998993923063036  738339.4168535137
0.023491576820050514 0.27853930366513496 0.4976913903656789 0.008423658567700318 -0.004246802904751949 0.006103835331017767 0.9999368729253236  738339.416854496
0.02769369797994903 0.2570282664286959 0.4939788604000231 0.009711610057873635 -0.016131948406758745 0.004255059585127685 0.9998136523065748  738339.4168558149
0.027898447680682607 0.2397830820680202 0.49196707952019436 0.007299618245238907 -0.021604272470078 0.0039029110578320406 0.9997323333121657  738339.4168568568
0.02491389038324869 0.22149755041533825 0.4904658040228261 0.0028441968745932314 -0.018769792216417856 0.00373130466935242 0.9998128238874292  738339.4168579176
0.0185159029346349 0.1992475478784116 0.4896737079281124 -0.0037041121309599506 -0.008423344700654272 0.004947706167322273 0.9999454220211507  738339.4168591861
0.011828202908192625 0.1820060208637703 0.48959421646510837 -0.006932808454343146 -0.0005010008101949107 0.007121303225588491 0.9999504848768727  738339.4168602459
0.0037491614998159564 0.16147648675909995 0.49139523373168115 -0.011947277302392045 0.009297993366218614 0.010728029341556523 0.9998278448167306  738339.416861621
-7.879253594434694e-05 0.14970933979229478 0.4929300320928887 -0.012068187083973088 0.013936738123919058 0.011506707316474622 0.9997638330514385  738339.4168625897
-0.002606834486134826 0.13617292846796777 0.49462248519024604 -0.012013498352068473 0.0160931384789757 0.011236487410060754 0.9997351789858777  738339.416863856
-0.0020719425011983877 0.126320423859917 0.49554850026926817 -0.010228327477096844 0.011168111019712363 0.010502246922713858 0.9998301642893392  738339.4168649553
-1.4087929584865822e-05 0.11919436123347549 0.49646914136768855 -0.010297057400117127 0.006743900025099871 0.009337605629130621 0.9998806426481438  738339.4168660251
0.003788968773442228 0.11247210747254754 0.4984543161548817 -0.008603565976874537 0.0030335922406633455 0.007143476966717665 0.9999328711005679  738339.4168672931
0.007632444586667617 0.10755868277058962 0.50093266116142 -0.002140283798149602 0.0019271220436984345 0.00028780079493106575 0.9999958112695245  738339.4168684391
0.011171493955882525 0.1029418252399003 0.5035664445402002 0.0015483386836366584 0.0010481602560277262 -0.008904419338300953 0.9999586068051248  738339.4168696424
0.014186066932724917 0.09840006211659383 0.5064497064620077 0.003894314425152526 -0.0015419606130092844 -0.016992153656162176 0.9998468499659092  738339.4168707351
0.016343446708716524 0.09322651339510177 0.5094152258120977 0.006826741488595971 -0.0009658215094563142 -0.025686283478456553 0.9996462762550182  738339.4168719087
0.017764094127144994 0.08611202050862846 0.5119728968719574 0.008715541432869582 -0.0004287701228927019 -0.03170112371039456 0.999459300946873  738339.4168731876
0.018323065753820197 0.07894916269685655 0.5126153240841299 0.0093311433739558 -0.0038786138167320153 -0.029945211679400147 0.9995004604379486  738339.4168742101
0.0181288384159982 0.07022109910918023 0.51213660986559 0.003466713927738576 -0.004425835534434306 -0.02407359924237723 0.9996943811454994  738339.4168754149
0.016293342263481968 0.06116086083465231 0.51141127583163 -0.004179761297819213 -0.0047266816780160556 -0.01475514487597683 0.9998712285967113  738339.4168766664
0.013559823568530482 0.05528482055181472 0.5107073172261798 -0.006572568897784508 -0.0023248826860985663 -0.010242928538717671 0.9999232363904395  738339.4168776884
0.00938126082541662 0.05022448566091993 0.5099174050304371 -0.007693816031098933 0.002696914044672766 -0.010994002532783853 0.9999063274916428  738339.4168789726
0.005987829335727724 0.048102742401020096 0.5092558694766705 -0.007289724831650972 0.003037724118135601 -0.01407859030453655 0.9998697042310553  738339.4168799965
0.002916786602600565 0.047420102990846966 0.5084753481757684 -0.0063381366540644244 0.00678503494650111 -0.017749896516939798 0.9997993461180934  738339.4168810692
0.00041709983691459376 0.04802922047045102 0.5053457065806083 -0.0004769372944225237 0.007731280202118719 -0.020337077660278566 0.9997631735113538  738339.4168823381
-0.0007192276287610288 0.049278494969468324 0.5016962162825752 0.0012340465720732734 0.006124799783482694 -0.021152291460724115 0.9997567426742522  738339.4168834186
-0.0009292712948649279 0.05049115189640207 0.4966583940395465 0.004681209982140987 0.007281852539383475 -0.021546449165122227 0.999730369362196  738339.4168846628
-0.00014706769498866446 0.050791594159698535 0.4931567692307549 0.007073824662670659 0.005838578124641531 -0.02062275210806971 0.9997452546051986  738339.4168857568
0.0018107483744951988 0.04976184252124493 0.4900138473369466 0.006872532901064887 0.007889646790977272 -0.02018822640274107 0.9997414452145861  738339.4168870059
0.0044764579114844015 0.04763459682836881 0.4895509053798387 0.0063802410543675105 0.003237672880345829 -0.014943896580973767 0.9998627355559289  738339.4168881094
0.007464393469912256 0.04496086746240647 0.4909675191597108 0.004046569820077998 0.0012216145937316365 -0.011573230442856517 0.9999240937529169  738339.4168891858
0.011464078290682985 0.04112620805699395 0.4944068295612712 -0.0002593923053850192 -0.003141624256084599 -0.009558673501280502 0.9999493460538696  738339.4168904349
0.014544180177453434 0.03784185322404276 0.4975612379710074 0.0001641662137841594 -0.004418165982786897 -0.011309621604783215 0.9999262699409189  738339.4168914992
0.018179191906822132 0.03400780769922535 0.5019288409485068 -0.0016240615843812745 -0.0035445705938552748 -0.013965394265403578 0.9998948775777817  738339.4168927679
0.021712475530641373 0.030406822387861358 0.5061017925634597 0.0003112679598333835 -0.0025545154362479634 -0.014393030505889115 0.9998931034045588  738339.4168938969
0.025568276801908117 0.026540689165292158 0.5106143402186568 0.0005460767683262546 -0.0014254251658105202 -0.0142407309086045 0.9998974305129744  738339.4168951203
0.02958826260443947 0.022768138579513545 0.5141018236869864 -0.0009930249469895982 -0.0004937131012864123 -0.012290010713618665 0.9999238599940935  738339.4168962047
0.034808519729051725 0.01803647437855738 0.5168632468688887 0.0003973301011404046 0.0005760444275476754 -0.008387956754639742 0.9999645756141018  738339.4168973014
0.04222068327543724 0.012090780213184238 0.5175862739570464 -0.0026798116846435565 -0.0029550298854922117 -0.00034123610248557935 0.9999919849506961  738339.4168986456
0.0483697893846357 0.007560035534799418 0.516362429023945 -0.003507399431064825 -0.0021564164478238995 0.006898338965523238 0.9999677299477475  738339.4168996708
0.05532235984024763 0.002983126920001462 0.5132645687030112 -0.0045752269389982255 -0.005779866421359764 0.015457809005270735 0.99985334753821  738339.416900839
0.06294573639315978 -0.0013752366183351257 0.5089079130292647 -0.005737772953101633 -0.006530195287912954 0.0248696972457119 0.9996529060978852  738339.4169021186
0.06855198526968885 -0.0045056111764124294 0.5054079369402 -0.004249847692231794 -0.008500952958954398 0.030674114071266034 0.9994842526620045  738339.4169031425
0.07386093357433682 -0.007764907381855354 0.5020304334180424 -0.003236631941872853 -0.010708793566065222 0.034886324495881436 0.9993286698164926  738339.4169043162
0.07809715447375815 -0.011007907492813976 0.4991447511738078 -0.004014336715600829 -0.011055029394160898 0.034775273479014296 0.9993259487175783  738339.4169055839
0.07987781891396194 -0.013960041626282782 0.4980937009850896 -0.00040452750966301406 -0.011208593921748642 0.03251487208129028 0.9994083183931024  738339.4169065455
