-0.3145100140957976 -0.22069537467787143 0.01718977403470869 -0.0004905106652245794 -0.014001723438658764 0.32580560860422403 0.9453329659659955  738339.4021098015
-0.31450099741025056 -0.22069810037761278 0.017180566255957166 -0.0001845859884687177 -0.013825697511822025 0.3258247066993766 0.9453290837166651  738339.4021110592
-0.3145519595506926 -0.22070490080566985 0.017133924577776138 0.0008400933288710712 -0.013684198407600505 0.3252993348602416 0.9455117025698967  738339.4021121991
-0.31450844142613077 -0.2207026247579261 0.017189911678998752 -0.00023075777687799387 -0.013760704618299698 0.3257984621443356 0.9453390671201748  738339.4021135152
-0.3145710236115932 -0.22071942577429912 0.017156029985416075 0.0003007745752269134 -0.013727473940643095 0.32541974411548014 0.9454699657491397  738339.4021145622
-0.3145323150882121 -0.22069736722785985 0.01717126763640729 2.9520466836292908e-05 -0.014130081999879408 0.32545963295159047 0.9454503515416528  738339.4021156814
-0.31447842053619285 -0.22068007568757064 0.017186667826914376 -0.0003142497144099255 -0.013948975302789378 0.3258525291168383 0.9453176485199455  738339.4021167733
-0.3145172316526747 -0.22070521076597654 0.017186986453063414 -0.00024263353607846167 -0.013815730025205865 0.3258047812040231 0.9453360837699133  738339.402117837
-0.31451692595638486 -0.22071642074240266 0.017218211934479033 -0.0007424777568566135 -0.014098513734769984 0.3258375752896034 0.945320345262199  738339.4021191064
-0.31451785876044785 -0.22070599138607833 0.017206211737603734 -0.0005492816018715373 -0.01411601537684368 0.32579687768107124 0.9453342429494807  738339.4021201906
-0.3145593579619921 -0.22071922451096793 0.017141735355857883 0.00029653002724097996 -0.013501820022468377 0.32548023702437406 0.9454523934247463  738339.4021214568
-0.3144981391330417 -0.22069450758854045 0.01718212533652698 -0.00038727753008575247 -0.014166511931345032 0.32572699977058145 0.9453576474415751  738339.4021225466
-0.31449037248451867 -0.22069862123773215 0.01718285425810659 -0.0005249548791434435 -0.013849727020934207 0.32591848706967785 0.9452962759209584  738339.4021236543
-0.3145298971970974 -0.22069157909372236 0.01714165144299586 0.00023627019095246528 -0.013902028563820862 0.3254836813531254 0.9454454246285318  738339.4021249277
-0.31449843595359017 -0.2206989732172932 0.017202654716933132 -0.0006525333865787382 -0.014217831222127898 0.3258445641251541 0.9453162156154981  738339.4021259658
-0.3145015272076057 -0.22069596596940194 0.017194275831879723 -0.0006280731763264098 -0.014070452314907368 0.3259078901844692 0.9452966068971406  738339.4021272315
-0.31451240866346336 -0.22069725646762345 0.017151054786973294 9.843231675791323e-05 -0.013747506462535206 0.32565768581025945 0.9453877871275088  738339.4021284014
-0.31450186799673313 -0.22069122916483022 0.01717210129939407 -0.0002779058658988306 -0.014112671897677002 0.3257726488931021 0.9453427613799187  738339.402129557
-0.3145170134880097 -0.22069930198800403 0.01716534779029 -0.00031373305302528985 -0.014044453552082826 0.32571558989485694 0.9453634271514  738339.4021307172
-0.3145155349883756 -0.22070909272843434 0.01716602168596633 -0.00019516294682388392 -0.01380858296300936 0.3258030964604974 0.9453367798222652  738339.402131722
-0.31449612339080707 -0.22069346030150194 0.017165404442126095 -0.00027128730666992653 -0.014082493140760126 0.3257843471896969 0.9453391819428204  738339.4021330298
-0.3145121920298325 -0.22071104594429414 0.01717932215123551 -0.00042174590481922503 -0.013934956107811567 0.32582800511711535 0.9453262665397943  738339.4021340709
-0.31457379731976665 -0.22070580696514416 0.017122713820764118 0.0008591116950871045 -0.01373608155180003 0.3251131060986097 0.9455749839296785  738339.4021353425
-0.3144944423740976 -0.22069025727641503 0.017163990097021548 -0.00027007065491138144 -0.014073045062650249 0.3256869426010425 0.945372885100737  738339.4021363847
-0.3144785786296125 -0.220687180464086 0.017190455969991955 -0.0003902926411762109 -0.014149351878559886 0.3258419551916494 0.9453182870070558  738339.4021376233
-0.3145270679629054 -0.22070867086886187 0.017156405696355903 0.00023014782946843674 -0.013469025344531788 0.3256413782797127 0.9453973900642704  738339.4021388219
-0.3144877966336433 -0.22069712305130096 0.017182160863772097 -0.000499167901540367 -0.014145214968487724 0.32584241584487633 0.9453181389147656  738339.4021399744
-0.31448134171370035 -0.22069428158982016 0.01718801030875888 -0.0006448378579295659 -0.014221246948987258 0.3259229233374847 0.9452891559530878  738339.4021411288
-0.31449753155348514 -0.22068961521665528 0.01716845089657827 -0.0004901443291156618 -0.014120785271764457 0.32580769344825605 0.9453304766438945  738339.4021424188
-0.31451915634262373 -0.22070115875205773 0.01717182652105429 -0.0002894439594247313 -0.01404483724829497 0.3257655676319586 0.9453462083883826  738339.4021434026
-0.31453120540126306 -0.22069066167030751 0.017155790555726858 0.00012338928355053842 -0.013952125171666935 0.3255382821313913 0.945425909230978  738339.4021444804
-0.31454536494688035 -0.2207216437389224 0.017176962997391895 -0.00018853045121409122 -0.01387487484313676 0.325720503621154 0.9453642714981025  738339.4021457582
-0.3145170451147314 -0.22069265789293685 0.017180831170514558 -0.00013649596756860674 -0.014119807036146374 0.325663026238734 0.9453804555622792  738339.4021469231
-0.314547970854403 -0.2207062725181125 0.017153676530074543 5.429987997117934e-05 -0.013913823632320207 0.3255945080927623 0.9454071180519448  738339.4021479501
-0.31456224577147635 -0.2207155957601836 0.017147677474100464 0.00014734191998344134 -0.013635772316348422 0.3255053099377826 0.9454418740493798  738339.4021492192
-0.31446499584628496 -0.22067757228869414 0.017179610686690664 -0.0004371546180724994 -0.014134655029664024 0.3259952276907738 0.9452656409422026  738339.4021503169
-0.3145399422312172 -0.22069733627092883 0.0171256429187273 0.0008522240027936751 -0.013461055531119124 0.32531808464289946 0.9455084439086267  738339.4021514335
-0.314490922935997 -0.22069773231915918 0.017202746747610236 -0.0006447882038569205 -0.014047485507681914 0.3259764583896516 0.9452732943307048  738339.4021526506
-0.3144810403483184 -0.22068337777451344 0.017198160187321097 -0.0006426782722330918 -0.014258579810079159 0.32591957415582584 0.9452897497849658  738339.4021537495
-0.3144913074642347 -0.22069601408384976 0.017209153762068843 -0.0005816158304159163 -0.014019423068790147 0.3259519846070125 0.945282191322038  738339.4021550148
-0.31449890300753136 -0.22069358397544436 0.017183942948902162 -0.0003192081464416004 -0.01408037011979767 0.32588325462070533 0.945305107169778  738339.4021560788
-0.3145020392675269 -0.22070682850182274 0.0172057093842833 -0.0007729987404999588 -0.014198016972096444 0.32588844298615394 0.9453012966853835  738339.4021571879
-0.3145195822804561 -0.22071754466642796 0.01718711548747132 -0.000716407274477534 -0.01410958426737898 0.32591980758461137 0.9452918519782284  738339.4021584464
-0.3145110905123486 -0.22069093570811066 0.01716485986278995 -0.00029579469453891373 -0.014328310769702906 0.32572072418909276 0.9453574042920055  738339.4021595498
-0.314497307753251 -0.22069031308721823 0.01718478456299844 -0.0005714564734037957 -0.01430812179252462 0.3259140856253875 0.9452909392770232  738339.4021609307
-0.31450143022434 -0.22068899350985355 0.01720042654202096 -0.0003944414393741146 -0.014257968714957072 0.32574487546517894 0.9453501101984647  738339.4021619235
-0.314508587562516 -0.22069938948795312 0.017176141900996818 -0.0003093393103943001 -0.014071707593728161 0.32575723019153 0.945348675533282  738339.4021630056
-0.3144934769789434 -0.22068166181328133 0.017197517756107436 -0.0006062332995640389 -0.014380217925482356 0.3258585736596153 0.9453089610207466  738339.4021642725
-0.31449897647235286 -0.22069791286821375 0.017192317105870856 -0.0005571442863648585 -0.014242184151703861 0.3257936723149704 0.9453334506195995  738339.4021654389
-0.3144898798327771 -0.2206915230341957 0.01716990650310037 -0.00031692104036623944 -0.013970553344184584 0.32582706272216916 0.9453261069060535  738339.402166477
-0.3145708574217978 -0.2207213423744358 0.017156074293525503 0.00019432634935675897 -0.013714394411295124 0.32548039225462283 0.9454493068805848  738339.4021677357
-0.31450172490217515 -0.22069937009797302 0.017201516883287603 -0.000739123173188415 -0.014239743442616224 0.32592296542507476 0.9452887939736453  738339.4021689394
-0.3145154169740633 -0.2207023988072304 0.017206086713192972 -0.0005275029084482808 -0.014140165085911318 0.32587167671128986 0.9453081126222271  738339.4021700822
-0.3145299859888245 -0.2206897248963626 0.017148503444965116 0.0002408021947502464 -0.013987541349090079 0.32548787119204176 0.9454427197922587  738339.4021711574
-0.31454909937632336 -0.22071399663085917 0.017157989794946815 -3.5378846145868526e-05 -0.013785595599285484 0.3256173945883467 0.9454011151060735  738339.4021724119
-0.31454887416347066 -0.22070767662395047 0.017168082100975604 -1.3893969754846427e-06 -0.014099288616038944 0.3255442911971812 0.9454216649344969  738339.4021735546
-0.31450966929989976 -0.22071242298046534 0.017195382181794186 -0.0006110147166697115 -0.013973880919419066 0.3259533070686014 0.9452823911001982  738339.4021746365
-0.31448471172017234 -0.22074135382679388 0.017074784663578535 -0.0005001176347722683 -0.014302519289229139 0.32595563594225524 0.9452767379036747  738339.4021757329
-0.31453157077440697 -0.22076159043640223 0.01707315001474447 -0.0006656717098385566 -0.014255669791160046 0.3258116269526666 0.945326989196033  738339.4021770066
-0.31455911894695654 -0.22076385268428056 0.01701326703787364 0.0005479045417905447 -0.013828713260092215 0.3254659617528628 0.9454524706353394  738339.4021781643
-0.3145146801400255 -0.2207715209868967 0.017088993108694318 -0.0007917480822946572 -0.014209960834986938 0.3259673775004715 0.945273885682614  738339.4021791865
-0.3145010357802603 -0.2207634848684012 0.017068783413147586 -0.00075468977083919 -0.014320212933151711 0.3259949283408517 0.9452627511125898  738339.4021804758
-0.3144861263934613 -0.22074843632162422 0.017045001344905976 -0.0003248940190036398 -0.014149020554469028 0.3258762780277977 0.9453064852628353  738339.4021816774
-0.31457750902812787 -0.22077742627338273 0.017013805992810133 0.0002725403823109914 -0.014048468944932724 0.3253567257921779 0.9454869471461977  738339.4021828199
-0.3145961154881875 -0.22086514613258765 0.017001403860491638 0.0007319073733509325 -0.014620595514490999 0.32561369720312605 0.9453895613407785  738339.4021839432
-0.31463596674532485 -0.22091300735855218 0.016926612689926224 0.0006586792357150173 -0.015250299341891387 0.3257232830098495 0.9453419156140982  738339.4021851172
-0.31464563121108075 -0.22077144225021436 0.017030334855142805 -0.000856835553480914 -0.015668637076919692 0.326470084301687 0.9450772686405252  738339.4021863864
-0.3144977454042922 -0.2205873523500346 0.017029909726399672 -0.0012178601242396677 -0.014741938444078322 0.32586536124053234 0.9453004593308978  738339.4021874253
-0.3155135332764539 -0.21998201340447382 0.01705429682215083 -0.0009921206516920926 -0.014942992968322227 0.32275258693555803 0.9463648822120178  738339.4021885861
-0.31560671832714354 -0.21999604814946808 0.01703380514724925 -0.0014227498871936554 -0.014773533264460507 0.32307875901053984 0.9462556916467408  738339.4021898931
-0.31558051544070503 -0.21998501158840733 0.01707204746519393 -0.0006911568210885055 -0.014829221051543289 0.3227494805830892 0.9463679988717916  738339.4021908395
-0.3156204505509818 -0.21993784864100877 0.017103223473824276 -0.0013099818526918162 -0.014440893662853001 0.32261783133116223 0.9464182370627383  738339.4021919477
-0.3157049575757711 -0.21990150477799 0.017148301802037972 -0.0010593969876582952 -0.0140945258802662 0.32240266054612393 0.9464970927007721  738339.4021932087
-0.3156930806510346 -0.21991269127655244 0.017139608819682656 -0.0011704163323011966 -0.014151720737313642 0.32230982972194994 0.9465277241530698  738339.4021943004
-0.3155981672654336 -0.21999622423317475 0.0171990889356868 0.000823309207717191 -0.011949236628919913 0.3222627838365018 0.9465744746505067  738339.4021954086
-0.31603891632097864 -0.22016546006669713 0.01676070397748009 0.003159655883264038 -0.020911274071404296 0.3222485796291618 0.9464188227832315  738339.4021966783
-0.31479606345418587 -0.22133704182221522 0.0180356523660284 0.014992381714887109 -0.014593055138779974 0.3216778487499297 0.9466179973230221  738339.4021977518
-0.29962584749351906 -0.1855425625931414 0.04542347306411501 -0.0036042426176863835 0.03170599754137601 0.035180834965113476 0.9988713871195913  738339.4021991139
-0.28336855574481334 -0.1368183150040689 0.05787581569102308 0.023102075438048875 0.001055157156656949 0.022974010495565182 0.9994685465764189  738339.4022001297
-0.28109983159103047 -0.0954230313100911 0.048985655650686175 0.07728976918825996 -0.008801332126016248 -0.11582684923585228 0.990218647131899  738339.4022012147
-0.27799940808090856 -0.07144944821537311 0.024392766035860262 0.016994618108211616 0.06978245071591473 -0.13038847841806434 0.9888581481806473  738339.4022024954
-0.2823404648154501 -0.06955139468264648 0.019374933508378024 0.001355478750034951 -0.028554560240951717 -0.15202076162423617 0.9879638089535422  738339.4022036243
-0.2857752136265561 -0.0700799746502459 0.019742301467244046 0.00781083980686568 -0.032489623827643484 -0.12085552727138442 0.9921075328073088  738339.4022046641
-0.2842569985251986 -0.0699253670161293 0.019644892668817197 0.0043167832832636515 -0.015973604534062127 -0.13237350928516675 0.991061785853841  738339.4022059453
