0.1596969838348594 -0.028088544716537378 0.017373533771050508 0.004154815115519854 -0.0003022620278157588 0.023689012867357084 0.9997106965609563  738339.4372837543
0.15975205326693873 -0.02804971292005845 0.01738195988038206 0.004031955508090037 8.695628630879414e-05 0.023738761837229373 0.9997100614477281  738339.437284826
0.15976485076474836 -0.028029688779513656 0.01738894577379181 0.004000099437652693 -0.00015688013267804902 0.02417428743041004 0.9996997441333797  738339.4372860827
0.15972747164158074 -0.028060814063210843 0.017368640027351816 0.00448943593740271 -0.00027341689547806986 0.0237988473928276 0.9997066495082135  738339.4372871643
0.15973699857482462 -0.02805038792456611 0.017378806259326147 0.004226934896873805 -0.0002989631745805614 0.0238421847035427 0.9997067539388539  738339.4372884053
0.15967782784213272 -0.028112425888404423 0.017371931233801333 0.003951513202700777 -0.00028167316346009916 0.02390156118324651 0.9997064677077174  738339.4372895
0.1597075908189002 -0.028069575995006105 0.01737967956211547 0.00438266316274655 -0.0006559597514294917 0.024221734359369505 0.9996967888140036  738339.4372907388
0.15970257307521993 -0.028092636922313095 0.01737220682716796 0.004171728403464193 -0.0002934336889133089 0.023712035672926336 0.9997100829455727  738339.4372917901
0.15973118843716608 -0.028051756093590695 0.0173777103858555 0.004210458002043588 -0.0003286809601040198 0.023725216709052397 0.9997095968851895  738339.4372930445
0.15976497696959033 -0.028028787039482077 0.017381394351171607 0.004163774777969222 -9.931416642268213e-05 0.023889957603897838 0.99970591827896  738339.4372941334
0.15974879659185956 -0.028005127149000095 0.01749871784565749 0.004245241325450012 -0.0005335567188739501 0.024593687289345967 0.9996883733388272  738339.4372953796
0.15982824117199673 -0.027986146262111114 0.017803409706783953 0.00337527176803261 0.0018607327258394924 0.02546383972246916 0.9996683140326112  738339.4372964547
0.15981645736762579 -0.02796556900111081 0.018025783908894595 0.003435172649214387 0.0018016844229382892 0.025418033428306806 0.9996693838958697  738339.4373004308
0.15975812629019812 -0.02774473312718628 0.018587424734989925 0.0013866920604482433 0.0014614947621152633 0.026022156604851198 0.9996593362160043  738339.4373004308
0.1598013074499085 -0.027674663253950908 0.01865666758393715 0.0005915191721655584 0.001197584494003189 0.026230757192506948 0.9996550221319135  738339.4373004424
0.16001841979197234 -0.02703870659360811 0.019285615750514764 -0.007773424407834736 0.0016947521929996667 0.027943842029398848 0.9995778325776418  738339.437301119
0.15976865814310157 -0.024783309911429376 0.02292213995904366 -0.013585592271294104 -0.0019304833695969147 0.028315374724010727 0.9995048496484831  738339.4373021933
0.15945908527369232 -0.019900619230674033 0.03176008172870725 -0.01313030390385907 0.0004452245352039115 0.03312474927905936 0.9993648722462207  738339.4373034575
0.15871416397110427 -0.014458480975936794 0.047095301344445784 -0.002092625123570951 -0.0015751097611333585 0.03792560819724811 0.9992771328276263  738339.4373045227
0.15771022869893878 -0.007539325061293061 0.07621007384725272 0.004478936679420525 0.004706058584848412 0.0437543695776761 0.999021194610844  738339.4373057835
0.15739763462091502 -0.003267697936616506 0.10636410412495069 0.011128864719593732 0.005111336540966417 0.04566671076723768 0.9988816617280144  738339.4373068495
0.158334857428949 -0.00010885795688940168 0.14897478945444878 0.01481988161282139 0.006656260745933401 0.04742949494058437 0.9987424634566937  738339.4373081025
0.15990431554015075 -4.592937802246567e-05 0.19370113898633937 0.010718746510627724 0.005215060927438436 0.04489619673810957 0.9989205389475266  738339.4373091907
0.16265862597690411 -0.0021206433219456066 0.24605434412954966 0.014254611037671948 0.003648089772704066 0.043659340013950505 0.9989381159685125  738339.4373104306
0.1653323237206362 -0.006066404098106315 0.28962535470244993 0.010252317986888547 0.00474656580186051 0.04246620644873016 0.9990340241447426  738339.4373115099
0.16859536471657277 -0.012092060529028857 0.3393552681549447 0.006302216760418401 0.0020670780708134705 0.042089130486634395 0.9990918448005833  738339.4373127621
0.17116627933948636 -0.01776232207398066 0.37618187507377426 0.002019680327674565 0.002084176732072113 0.04325781528626405 0.9990597272012235  738339.4373138366
0.1741361915795899 -0.02441470709047308 0.4143082258813061 -0.0007872887749522337 0.0013255133262618326 0.041996417281564925 0.9991165718405032  738339.4373150789
0.17620147779591103 -0.02925667788210604 0.4397429062966167 -0.0014784749787180936 0.00159488268168335 0.039524082307461295 0.9992162515585513  738339.4373161553
0.17815470874150124 -0.03413497299589982 0.46322082397309494 -0.0011611524869856507 0.0007380476890205503 0.036912729789401987 0.9993175458231509  738339.4373172417
0.17945675949577217 -0.03873540372116786 0.4837113752394309 -0.003962834196995797 0.0009834423017300057 0.03497458373923642 0.9993798613533462  738339.4373185016
0.1803341227221213 -0.042494903878346715 0.4999570638528595 -0.0005911209159461208 0.0012725760877975172 0.03439112331610476 0.9994074653329442  738339.4373195916
0.18133319085801528 -0.047449806997220095 0.5204581077994151 0.0006089942364507842 0.003854529460379044 0.0325921376425121 0.9994611169488039  738339.4373208587
0.1820346682750068 -0.05141453987358617 0.5347757319802777 0.003073672860227171 0.0038076433582620644 0.03173056819442054 0.9994844798341113  738339.437321963
0.18307065495312547 -0.05649111701252538 0.54946416884234 0.0037599988585730773 0.004094944663739666 0.0316959784136042 0.999482095281946  738339.4373230668
0.18427691110690803 -0.06248665972294501 0.563989806451948 0.0043087836451402095 0.003239820402658509 0.030927362913007673 0.9995070966083758  738339.437324321
0.18541391075362565 -0.06792901438996507 0.5748785892871201 0.004721555788369439 0.0047953252228889725 0.03016520403860002 0.9995222720041078  738339.4373254116
0.1870124930166011 -0.07531677551345033 0.5872603882604374 0.006002237870478613 0.0035963378435669695 0.02862640120468357 0.999565690011782  738339.437326662
0.18849234795076117 -0.08227661375274019 0.5967613619745883 0.006995736050597198 0.0031962375313366715 0.02709523387360356 0.999603267323636  738339.4373277395
0.19027342254699445 -0.09083156277220432 0.6068003397424881 0.006774587390792381 0.0041825814768793905 0.026136782138034453 0.9996266701110684  738339.4373288152
0.19208435944180452 -0.1002339233316141 0.6164253639982342 0.004783385965659436 0.003645279821521643 0.025037886627675202 0.9996684127184103  738339.4373300775
0.19424681705673183 -0.11009803795548773 0.6260399256282436 0.0038375107504045494 0.0036753491018990943 0.024312778710074794 0.999690279092287  738339.437331177
0.19656791485808778 -0.12155164315374607 0.6367733763364187 0.0037776180549928063 0.0028547945562351165 0.022393539648877882 0.9997380202492383  738339.4373324345
0.1985039035664442 -0.13119704982127134 0.6452882905428577 0.004611320982267884 0.004214448569975282 0.0209541983597459 0.9997609192767789  738339.4373334923
0.20101789774084775 -0.14362504086767866 0.6557245346746224 0.0050676555872630775 0.003938979241670742 0.019725447707392537 0.9997848318623991  738339.4373347536
0.2030924163689991 -0.15463839266905277 0.6647993819400552 0.005307789777231191 0.003752859279746524 0.01950046349575779 0.9997887153485769  738339.437335845
0.20601690605155154 -0.16873377601995934 0.6764760279031625 0.003796198784769427 0.0050644132606733365 0.020203496305795734 0.999775854544474  738339.4373370812
0.2084779457571019 -0.18095821702563997 0.6863582204165588 0.004785263492508282 0.004406028594935086 0.020782643168075696 0.999762856835698  738339.4373381559
0.21124315568482224 -0.19519522894803107 0.6969241656121511 0.004370736128862141 0.0031907405780552314 0.02158351313434995 0.9997524032484417  738339.4373392436
0.21384962487309878 -0.21026452490284067 0.7069930660847769 0.003498395858577422 0.0029859720796529708 0.02226044430422519 0.9997416255295839  738339.4373404834
0.21590857302401725 -0.22441761480767208 0.7158417289379513 0.0027848530407558344 0.0020009063988970055 0.021780805262657896 0.9997568891931851  738339.4373415582
0.2179722655218975 -0.24233928581662814 0.7263671477227291 0.002998006205032353 0.0027537283867405823 0.020032174789092083 0.9997910486256546  738339.4373427974
0.21958445066355997 -0.25765631951564727 0.7347841490824956 0.0044750316292985785 0.0041559023341651916 0.01917720764368922 0.999797448123717  738339.4373438822
0.22147133514736556 -0.2771539861857405 0.7451903105478794 0.001964858642863186 0.004606455654832516 0.01920831932606791 0.9998029607705118  738339.4373451358
0.22322949747170262 -0.2951551110449574 0.7549748645929677 0.0007238077625383335 0.0035975548338255258 0.019511954457746183 0.9998028892410641  738339.4373462258
0.22528445020970075 -0.31307842402769215 0.7651044467431664 0.001583283807650383 0.004007412356740267 0.019813834409327574 0.999794401776979  738339.4373474674
0.2277043153801256 -0.3312356738417335 0.7748561117593481 0.005608356758096908 0.0019498067739524621 0.017574558008197808 0.999827924944505  738339.4373485469
0.2309204296478019 -0.352484301243824 0.7846410922306857 0.00717654934042522 0.00400631039318881 0.017568072167143553 0.9998118870352202  738339.4373498096
0.23399780022527406 -0.3709261976257724 0.7925305777524904 0.0051666290451736225 0.004066581225023264 0.01665617972880046 0.9998396574142735  738339.4373508875
0.23816037539555646 -0.3924494307295325 0.8014008148349802 0.003925993357559915 0.0034599934425833434 0.014786777187760941 0.9998769755534594  738339.437351964
0.24279153328051248 -0.4145169570194646 0.8107971048590982 0.00135608805209697 0.0026687057392286353 0.013413200482935131 0.9999055580842008  738339.437353219
0.24794700998227004 -0.4370355201743001 0.821200765020417 0.0007566116874837346 0.0034340644389617807 0.012264978784731628 0.999918599204752  738339.4373543028
0.2538448313677484 -0.4620156309473994 0.8332970909410077 0.0017964340293310718 0.001834954398377302 0.01049690003274949 0.9999416087236478  738339.4373555533
0.25867133424043137 -0.4829361185385032 0.8434986326422611 0.0047273716913640625 0.0006904481029849895 0.008788172715682118 0.9999499703778325  738339.4373566285
0.2648897534217636 -0.509288853848197 0.8562625569858289 0.00562824995221665 0.0019260657425227978 0.007175254748917142 0.9999565634528927  738339.4373578959
0.270018644344632 -0.5316384526785344 0.8671563427688748 0.003638628810864103 0.003151258005943756 0.006476346702203577 0.9999674429133929  738339.4373589732
0.2765593391201436 -0.5596831779412997 0.8813249091064432 0.002998582570698832 0.0047333588323349085 0.0056379313847356475 0.9999684082741975  738339.4373602333
0.2823783108001155 -0.583198641151712 0.8941183156760151 0.0020447961381026506 0.004542171288923437 0.004454131109970989 0.999977673853167  738339.4373612916
0.2892934701876081 -0.6098704064192698 0.9090841462354704 0.003534213864151686 0.00524597904862148 0.004263067359452008 0.9999709072232416  738339.4373623875
0.2965537378486679 -0.6373962511940318 0.924045086933996 0.003972049200673587 0.00532108255500397 0.0039899032303144285 0.9999699943387317  738339.4373636385
0.30324834709945 -0.6629299942112559 0.936512498206136 0.005008535285378326 0.002825274234899677 0.004136633540102614 0.9999749100166202  738339.4373647079
0.31197070516161407 -0.6981215749207031 0.9516720952835582 0.002992206981144839 0.0011319431549622818 0.004237359864383182 0.9999859049923933  738339.4373659538
0.31806348724430067 -0.7251601377494462 0.9624486134815076 0.0018953251468267806 0.0020014942452696166 0.004795561768422504 0.9999847020583361  738339.437367023
0.3243002256679404 -0.7553182841682101 0.9737678790340649 0.002472798449421808 0.0029640947505884547 0.005053912134817032 0.9999797784866811  738339.4373682992
0.3304123906798313 -0.7860331593605249 0.9842216626933487 0.004877837869869433 0.004550546155157591 0.006617729026733203 0.9999558514704207  738339.4373693862
0.3375379297878502 -0.8207669939933072 0.9948267734375095 0.0053588860983451985 0.007407224916827232 0.010053991307476813 0.999907662045654  738339.4373706288
0.3441477196544221 -0.8500039327592274 1.0030710067272115 0.004488245940492133 0.005875420586823828 0.012748389731509522 0.9998914009233999  738339.4373717078
0.35298564662815535 -0.886169906827981 1.0142370596523897 0.0007998190146914793 0.007244680312608906 0.01292413730214721 0.9998899147264698  738339.4373729425
0.3605586237402276 -0.9155085506684668 1.0245867482146727 0.0014171261601166425 0.004532333259163052 0.011422553263505605 0.9999234845655025  738339.4373740152
0.37032753404846197 -0.951054122737313 1.0392901604378 0.001379571801628073 0.0021586166305501424 0.009937755788235234 0.9999473376962309  738339.4373752577
0.3780203257854469 -0.9801060708809548 1.0517907238806397 0.005852521074987839 -0.0010142287348965397 0.008258609803803387 0.9999482560119042  738339.4373763499
0.385656512245684 -1.0098391374884583 1.0645298915014585 0.007297777607858218 0.00187032958930653 0.009046326164625886 0.9999307017449444  738339.4373774262
0.39516259522000435 -1.047059713870786 1.0800002762901177 0.006626820641154567 0.0019688339528571544 0.006417073605215588 0.9999555140642015  738339.4373786793
0.4047739565259939 -1.0817172794484715 1.094629205422175 0.00466794418037007 0.004445447205422601 0.004174141823409332 0.9999705119833839  738339.4373797753
0.41606588524749666 -1.1162514537646038 1.110490498987332 0.001050465226672774 0.004222127132643129 0.004146273064955707 0.9999819391293796  738339.4373810146
0.4305036564777371 -1.1497317048056426 1.1282254023618137 0.0006160869798479072 0.011298895879782318 0.006264585665966398 0.9999163516790617  738339.4373820932
0.4507382231534546 -1.1847701826053625 1.149359668896011 0.003969941555240516 0.0070628904343511744 0.007605992535879673 0.9999382501036275  738339.4373833534
0.4703065863522362 -1.2128139216459004 1.1669313991210009 0.0071032778498538295 0.005245668336286366 0.0056433690224608505 0.999945087889115  738339.4373844301
0.49669241843520057 -1.248212492690398 1.1885389934909119 0.010822744052512968 0.002128309732848757 -0.002200312930450377 0.999936746565433  738339.4373856686
0.5195156103931263 -1.278944660012189 1.205648681419397 0.003412315064770264 -0.0009761621430985408 -0.006750067483163256 0.9999709194783326  738339.4373867542
0.5430705610492096 -1.3103818808493588 1.2211920472037827 0.0007711087230907493 -0.00698036593650317 -0.005106431171531375 0.9999623014111183  738339.4373878427
0.5715633034833699 -1.3486254019610846 1.237667627887444 -0.0008696059658273042 0.0007007829963183416 -0.004627007377518572 0.9999886716815269  738339.4373890908
0.5981778891428574 -1.383354436082782 1.2530690243148481 -0.0030644008622463734 -0.00048015396523636093 0.0004406246794599534 0.999995092362666  738339.4373901741
0.6266962966556725 -1.4166694863519338 1.268020909056067 -0.004906875494037572 0.007227376180436081 0.008512081275167607 0.9999256132727061  738339.4373914128
0.6575125023125014 -1.4489230521270169 1.2840069733260764 -0.005972370263790479 0.0064383130433452364 0.017635389892496106 0.999805917136885  738339.437392502
0.6944201856953682 -1.4824129808405107 1.3019012973059747 -0.005953952088503221 0.008969147023292741 0.021187199212765895 0.9997175638377676  738339.4373937598
0.72650727195063 -1.50913411935546 1.3169362452944493 0.005035987164176441 0.006010444272197761 0.02645919234532735 0.999619139739414  738339.4373948325
0.7635590561304191 -1.5390241358077557 1.3339007623032872 0.007815322537588052 0.009323205514680188 0.029026516272141843 0.9995046072558483  738339.4373960736
0.8018651812102591 -1.571147964052572 1.3514518437605665 0.011922294279686592 0.007389121865530204 0.023762858687170176 0.9996192206656386  738339.4373971467
0.8448658469889624 -1.6077934450051423 1.3707281385960346 0.010842653908764413 0.010473651151603352 0.020440728621222107 0.9996774060171626  738339.4373984181
0.8799338016332335 -1.6387328989257604 1.387465120777616 0.010819244565807618 0.008199849630888998 0.01707075210765496 0.999762119624231  738339.4373994966
0.915258790064823 -1.6709957196960676 1.405508076664215 0.0029394437334595634 0.007203284106800044 0.014516057685499071 0.9998643690210617  738339.4374005771
0.9581112133728439 -1.7099660299954444 1.4273753092898491 0.0043283398287894 0.007504724965773502 0.013556934577940261 0.9998705686749482  738339.4374018254
0.9920671756036484 -1.741515443990862 1.4453318144427112 -0.0006464356472307151 0.0005776728283463405 0.009499749376103556 0.9999545005533245  738339.4374029116
1.0364056739313248 -1.7822744729462974 1.4681397950660267 0.0004894536757752175 0.008805871548133592 0.006952824207670098 0.9999369356599017  738339.4374041702
1.0656670813965161 -1.8093411006019162 1.4834629965641162 0.002103101979576163 0.006807196141365145 0.0037324078495271284 0.9999676535640547  738339.4374052299
1.106232089331582 -1.846138458057651 1.5046504352972518 0.006264784609260077 0.009935258759710752 0.00019540049557817082 0.9999310000824174  738339.437406478
1.1436548742847379 -1.8796903746377407 1.5253150568055593 0.007205851256893369 0.008743634850404438 -0.0027495737234553225 0.999932029890835  738339.4374075547
1.1814383760170268 -1.9138666134287061 1.5465537899140704 0.005782899055505326 0.0073603433574744356 -0.0037423254005959183 0.9999491879214514  738339.4374088149
1.2187175853709127 -1.9489352886151854 1.567366597834075 0.004136448703981854 0.00633621327759219 -0.004354264136240226 0.9999618905624614  738339.4374098906
1.2592066493677996 -1.98829164583219 1.5895547822274474 0.0013291053991579297 0.00427632248556299 -0.0034198911641332074 0.9999841253186287  738339.4374111552
1.2921001782359125 -2.0207233321637976 1.6070872316982219 0.0007480445854586895 0.0035293140591245516 -0.003180904914876973 0.9999884330408492  738339.4374122393
1.3312847142655364 -2.0601682942027377 1.6282774597355665 -6.586799647843736e-05 0.0029840219387663298 -0.006006197295482656 0.9999775081813209  738339.4374134814
1.3634068239878165 -2.0913536707788944 1.6460541019004997 -0.00033628852585104025 0.005839410960103537 -0.004571634807569279 0.9999724437927541  738339.4374145932
1.3978236591466027 -2.125925883411204 1.6661835212152691 0.004739697705066698 0.0067565465326570665 -0.006851392112783495 0.9999424697305008  738339.437415668
1.4360256833529854 -2.162984471906753 1.6873908798024841 0.003697119177190757 0.008477917342231292 -0.010039798035637093 0.9999068250005755  738339.437416936
1.4666299562574003 -2.193849116251494 1.7042762098917832 0.007319371202719126 0.006466373615883005 -0.013681848523533323 0.9998586999363639  738339.4374179973
1.501145986190235 -2.2281532543410107 1.722489759576878 0.003432485549821328 0.008463336718154883 -0.014459788282570971 0.9998537415529177  738339.437419101
1.5390945385614974 -2.2662273645108235 1.7409871009749927 0.007057847147386412 0.010742600118943436 -0.01156117462754687 0.9998505501211469  738339.4374203554
1.5705293579212334 -2.2975649517724093 1.7553971969041857 0.001788106913302843 0.011463363019389319 -0.008328390820356475 0.9998980107432436  738339.4374214368
1.606391151193391 -2.332013083161764 1.7705318753787145 0.004562018504030059 0.009923798874461216 -0.005992034523228436 0.9999223978516236  738339.4374226796
1.638937732611896 -2.363174503513985 1.7856444346424214 0.0024112427125908874 0.007580433481287677 -0.003344547194014819 0.9999627677773227  738339.4374237484
1.6826568190981253 -2.404785897835385 1.8059055245372329 0.0021329143719199663 0.0066041835549093715 -0.0018950965164489758 0.9999741216876807  738339.4374250207
1.7151275986642247 -2.436245797204135 1.8212183620419726 0.004723152096234495 0.004459094231622534 -0.003772300161575948 0.9999717886342596  738339.437426096
1.7540165863375863 -2.475174541129243 1.8409639351816505 0.0016716480598219497 0.004525868464711327 -0.005774176901602235 0.9999716900935313  738339.4374273642
1.7850788887445823 -2.5074387400161977 1.8578423389525915 0.0040921875465419495 0.006308620610596186 -0.005019595377467471 0.9999591286494274  738339.437428439
1.82230061203502 -2.5474183399440036 1.8775733155484637 0.006134821404842857 0.006786429037156821 -0.001882302255775306 0.9999563816914577  738339.4374296834
1.8521616080089078 -2.580718836626192 1.8937996562509665 0.0024727216438164105 0.008772862862024472 0.0015438442783878106 0.9999572686218748  738339.43743076
1.8815018813191036 -2.614450699663853 1.9097849704958847 0.0022187725473196205 0.00838543937847911 0.0028396796643108536 0.9999583479696629  738339.4374318213
1.9024886904975533 -2.6657911301768458 1.9462361722691286 0.011109289051511104 -0.011112266485210645 0.0650438220101284 0.9977586894879175  738339.4374330646
1.9069245287728087 -2.6750359791567027 1.967924054993382 -0.13072209765272685 0.0030051849803480126 0.013831200690901543 0.9913180115058703  738339.4374341376
1.9172186404262435 -2.67391046501487 1.953674809810857 -0.16117713508173978 0.01842401274092707 -0.007020888500129018 0.9867285310590921  738339.43743539
1.918005387059401 -2.6519534570934167 1.9137903559649423 -0.16272071933010404 -0.004953964249204187 0.02732083963178856 0.9862813987198203  738339.4374364665
1.909735170975973 -2.60589891238385 1.8414823441656896 -0.09904949245013982 -0.04535161911654703 0.09137347237158244 0.9898400462881046  738339.437437729
1.9023790623352081 -2.5542387038039633 1.7676349902733328 -0.024074078390268663 -0.052617003500582814 0.14499087416169637 0.9877396094629931  738339.4374388022
1.8835147295531869 -2.4945926278261847 1.699324679090842 0.02845372868159889 -0.056453341869415724 0.18435539978622917 0.980824394112192  738339.4374400513
1.8601392405188202 -2.4368379957625455 1.640665330974649 0.06951909952275148 -0.04384889772034536 0.22848384121785043 0.9700719062381884  738339.4374411298
1.8256301692224175 -2.3829971969073545 1.5923835090073755 0.08031802742757822 -0.01971165666530712 0.22118899803005831 0.9717180106451206  738339.4374423942
1.7943321925928486 -2.3482825225236232 1.563541766703172 0.05924528083620163 -0.003456969372136185 0.1928100634082771 0.9794398018816144  738339.4374434686
1.757128724719956 -2.3139873887696463 1.546718287521119 0.0313695307095041 0.011304427157695274 0.17295830852528477 0.9843645594909308  738339.4374447163
1.7373350509348047 -2.295391714579221 1.5410996768172376 0.020388869991994085 0.016866674901818098 0.16289519958938053 0.9862884786962393  738339.4374457956
1.7265966620665576 -2.274028026597958 1.535036162548735 0.016238730351731463 0.023653235602426874 0.16876893185458763 0.9852379792328153  738339.4374468707
1.718709184878363 -2.245436915782857 1.5325960483885832 0.011191967144258434 0.020700728046880675 0.18618881532120135 0.9822321236749787  738339.4374481103
1.7129741705094463 -2.217524826126003 1.5315509095329136 0.0031702882585408396 0.013658263324188572 0.20341091426306074 0.9789930546607523  738339.4374491966
1.714486433752591 -2.1862455611528233 1.5263962613398347 0.001506466016386156 0.018562146965844847 0.23440538517269446 0.9719605406919567  738339.437450446
1.708546339924424 -2.17328655026615 1.524249525326148 -0.005068678796501237 0.013315209685139147 0.2458648696767042 0.9691994013334697  738339.4374515248
1.6878725676818371 -2.1615225676991816 1.5214162017388848 -0.021789574199852276 0.0021078772449803257 0.2561837241757141 0.9663801895616294  738339.4374527761
1.6628702217510924 -2.152724006917703 1.5176439865744924 -0.02960435937380085 -0.0026435388172693463 0.26385683611814453 0.9641038137266708  738339.4374538584
1.6167202391471318 -2.1404400251321904 1.5147135171091022 -0.028383940255246015 -0.0041003301052646825 0.2758481328005874 0.9607733066957284  738339.4374551374
1.5626535156280386 -2.1247706463520255 1.516784566432291 -0.010360663936741735 -0.0014835165949423114 0.2902015382326931 0.9569083148497985  738339.4374562037
1.4948401594972365 -2.1005219636307446 1.5224356269814912 0.00636244641668535 -0.010366924197698035 0.30828901099189165 0.9512149766797805  738339.4374572963
1.402961434959696 -2.0563125947470176 1.5286063477371192 0.0232383132486929 -0.017843381701338642 0.3401774211249666 0.9399047380897615  738339.4374585492
1.3228114216696212 -2.0071262537604357 1.5310966394000856 0.031842968165311375 -0.02134689222351374 0.37973550681504 0.9243004275855039  738339.4374596358
1.24449071784805 -1.950198800187096 1.5303308821061352 0.022983372239187956 -0.02691704097165796 0.42023966136554924 0.9067225951310652  738339.4374608814
1.1678480545940797 -1.8904300768012527 1.5318506203792106 0.01263644286334543 -0.03023345695733199 0.46464795624648536 0.8848889959470254  738339.437461986
1.0829129940564461 -1.8247719194617202 1.535445202096828 0.0020615936181535713 -0.034721303553435584 0.513320678834782 0.8574917268358351  738339.4374632473
1.0106811689126811 -1.7715206970747719 1.5363925586745322 -0.007514308583818354 -0.04154634767785826 0.5539806602108093 0.8314582757261687  738339.4374643235
0.9320653250380503 -1.7143124850514917 1.532275563490819 -0.013640251806704614 -0.04239768266068732 0.5944570787444753 0.8028929950910259  738339.4374654109
0.8566409130741501 -1.6542598199778833 1.5238531784907043 -0.019787264077745125 -0.04860879717077458 0.6282318430951483 0.7762540823333562  738339.4374666923
0.7871157230237975 -1.5899969737286994 1.5150129237514256 -0.02280318809518764 -0.04765189817251274 0.6566212426002378 0.7523681645174599  738339.4374677655
0.7112104164600274 -1.5230896251582118 1.506226229055246 -0.01839643695537317 -0.041794867220145124 0.6799630307113386 0.731823091359687  738339.437469012
0.6518131081864388 -1.468086227878664 1.4997192597325442 -0.024168133466931276 -0.03579673980428358 0.7024498689922379 0.710421477924828  738339.4374700881
0.5942192592993087 -1.4189581113729612 1.4938209252773154 -0.029107903140034315 -0.03151206688449948 0.7225055585608705 0.6900329249130811  738339.4374711743
0.5419204886400492 -1.3800240355007884 1.4884522918185321 -0.04073727853089758 -0.02852064314516783 0.7345118742437289 0.6767712712929286  738339.4374724142
0.5012776841174387 -1.3506339681691129 1.4848559819335583 -0.04531821957429143 -0.02359035063709845 0.7426435782712638 0.6677351795314429  738339.4374734866
0.4438041619454093 -1.3183281931964657 1.478875188467353 -0.04414164165718021 -0.018884970970717275 0.748460130345395 0.6614395714096629  738339.43747475
0.3946367114269482 -1.2966865486627661 1.473712903364421 -0.04130953129433645 -0.023303217816145923 0.7481402356733932 0.6618433881442161  738339.437475824
0.3311656233384251 -1.2678904307508834 1.4662813599769013 -0.022429962546338077 -0.021089120293296543 0.7449728097864642 0.6663840172635336  738339.4374770732
0.2736016438118564 -1.239561729224227 1.4605471811642785 -0.005888323133789458 -0.009001582868385824 0.7484134341913847 0.6631452560928062  738339.4374781492
0.19866133881226575 -1.2058649920875937 1.4578453977325112 -0.001002413903653802 0.00010540832670392283 0.7430487058116898 0.6692365836137647  738339.4374794182
0.14082645875265393 -1.182848619300616 1.4560227922359672 0.0025767262295626004 0.009889465948436536 0.7420886833864236 0.670223802125079  738339.4374804783
0.07372712169547725 -1.1553440360990035 1.4531329255211596 -0.004306506140553844 0.010049534169233078 0.7392224394511909 0.6733725906804294  738339.4374817257
0.02510222623406482 -1.131959153341426 1.4491752359963908 -0.006903472802715248 0.012626712042632772 0.7359373826731793 0.6768966516318462  738339.4374828055
-0.029289508104284205 -1.1040496108105244 1.4426542334441974 -0.012589050227753867 0.011676604586351162 0.7268124098662636 0.6866213611475334  738339.4374840714
-0.06933695651600562 -1.0803728910704085 1.4362942182263148 -0.012940088266617054 0.01085441967712768 0.7199223448830016 0.6938490851959708  738339.4374851554
-0.11264917326584674 -1.0511692762988971 1.4310640144362812 -0.011510789534265773 0.010381685103652174 0.7169433610309426 0.6969590658082884  738339.4374862269
-0.15355383694204333 -1.0224138310050717 1.4270162328533913 -0.014149379391334706 0.01211642821026836 0.7137611622671779 0.7001414074808551  738339.4374874986
-0.19078091309259368 -1.0008480768051884 1.422492858714277 -0.02018574740356644 0.014538193546204526 0.7141297397921647 0.6995712195870752  738339.4374885631
