-0.4100059799497497 -0.045691258063800304 0.03127998387640144 -0.029900826464437723 0.0041970039465266855 0.6793137792331997 0.6793137792331997  738331.7289967345
-0.4100090058827124 -0.04569110511332884 0.03124525617207886 -0.029801296731967613 0.00452967074403124 0.6793048124930035 0.6793048124930035  738331.7289978189
-0.40999023612184504 -0.04569030380751739 0.031245019387152715 -0.029600938455471237 0.004602218351124967 0.6794796786655234 0.6794796786655234  738331.7289991016
-0.40999812144963566 -0.045702872425498475 0.031236087137050374 -0.029956600912551524 0.0042531603386406335 0.6793266347877626 0.6793266347877626  738331.7290001921
-0.410012741755808 -0.04569416900192912 0.03125549128171305 -0.029659172570224594 0.0037307378413659036 0.6793885449851554 0.6793885449851554  738331.7290012719
-0.410006320284549 -0.04568635031885754 0.03125335902739311 -0.029914547184447016 0.0047190477250882434 0.6792577020327359 0.6792577020327359  738331.7290025355
-0.41000560988895496 -0.04566884219691125 0.031237947847819827 -0.02994705330915296 0.004321125067692387 0.6793681557636897 0.6793681557636897  738331.7290036231
-0.4099834065361389 -0.04567964683554757 0.031223271710374187 -0.02950630881559674 0.004749341180065696 0.67942600415225 0.67942600415225  738331.7290048866
-0.41001683533677163 -0.04569169313891181 0.031242581113378853 -0.029809277465852442 0.004397358057448177 0.6794896627809047 0.6794896627809047  738331.7290059695
-0.4100155183259433 -0.045665241609550336 0.031205485156318886 -0.029765208340735497 0.004216562562129609 0.679400126251922 0.679400126251922  738331.729007208
-0.40997669901624306 -0.045738592254117826 0.031301602892186205 -0.029392763847183576 0.004161025448556816 0.6793623889079 0.6793623889079  738331.7290082716
-0.4097756340674776 -0.04645747617257285 0.03175868299199438 -0.019939346276778413 0.007811366554548739 0.679732441329893 0.679732441329893  738331.7290095259
-0.40803622649072346 -0.047042130552276774 0.033607422245123475 -0.007617096182224902 0.010658763717782484 0.6781252136660062 0.6781252136660062  738331.7290105938
-0.4027153606078192 -0.05104422340900031 0.03969306256896919 0.07900358513117767 0.003882241498891199 0.669173823180938 0.669173823180938  738331.729011682
-0.3956756744318345 -0.056602930931633544 0.0448881452178021 0.15265949530151832 -0.020352537112034764 0.6309680350323053 0.6309680350323053  738331.7290129364
-0.38964943221483744 -0.06202973561366014 0.04915902675459113 0.213819652433451 -0.02282354925840066 0.6008524640639352 0.6008524640639352  738331.7290140119
-0.3821204423996141 -0.06917012786711707 0.05222893029685101 0.08148770003661414 -0.02900810924178969 0.5801468920760774 0.5801468920760774  738331.7290152773
-0.37832018772770243 -0.07883027620409697 0.05337929085787713 -0.2538726353180537 -0.04352491079720613 0.5320861035043253 0.5320861035043253  738331.7290163593
-0.4030031858681034 -0.0726296063083335 0.05315432277557907 -0.1818756088386251 -0.09725088116184955 0.516493859050469 0.516493859050469  738331.7290176251
-0.4499581651947677 -0.05302698530530372 0.05334877228749413 0.013605351593657104 -0.03161463146423848 0.4879003963165985 0.4879003963165985  738331.7290187052
-0.5049152980125283 -0.03148782206950949 0.07083747599347931 0.07065205448746885 0.11486968331569222 0.4210673307376197 0.4210673307376197  738331.7290197902
-0.5376460439553378 -0.02579391840837167 0.10351746386405546 0.11104023130597593 0.14324325858100032 0.3365095815662282 0.3365095815662282  738331.7290210382
-0.5393686037847073 -0.02621998898567181 0.12638153314603678 0.08486655440510632 0.07616997167056966 0.2562050933805631 0.2562050933805631  738331.7290221142
-0.5293135294148127 -0.050509254996787586 0.1692872870638023 0.05601331374235972 -0.03720387883186119 0.15817731724100395 0.15817731724100395  738331.7290233922
-0.5229259608088475 -0.08157100698075341 0.21652095397186216 0.029950488934264677 -0.06412491887343387 0.09860989300137732 0.09860989300137732  738331.7290244942
-0.5281867186603031 -0.12000834979335115 0.27591736064650635 -0.016645419257387776 -0.05547014484878304 0.05293304159606223 0.05293304159606223  738331.7290255792
-0.5496126872062883 -0.15697232216874435 0.33850539234778954 -0.05453074204002496 -0.06836867797259491 0.013474272339002004 0.013474272339002004  738331.7290268604
-0.5764200954704335 -0.1780700176297641 0.3856682357096473 -0.07225306527045314 -0.030919984411466615 -0.003801921067655862 -0.003801921067655862  738331.7290279337
-0.6101290570728581 -0.18857046022033533 0.43187571353224746 -0.07763235735816604 0.030829493483804808 -0.017706616616476312 -0.017706616616476312  738331.7290291871
-0.6328153876797177 -0.18556944891408608 0.46122638432846674 -0.06538166965644732 0.06656213279697394 -0.022526443813757867 -0.022526443813757867  738331.729030263
-0.6460334066328852 -0.17025109143081282 0.48480512991021635 -0.05457534144231212 0.08991932117667104 -0.030106399821458386 -0.030106399821458386  738331.7290313548
-0.641652482580917 -0.14491353401214838 0.5035710762878328 -0.026778298526004433 0.09371078378955808 -0.027554902023766484 -0.027554902023766484  738331.7290326302
-0.6230677651527805 -0.12063849112729304 0.5146153460520043 -0.003157163365953408 0.0838431565040237 -0.02843415043309375 -0.02843415043309375  738331.7290337211
-0.5836047383492607 -0.0932773797737848 0.5266725820643627 0.032641121141158545 0.07834178585317055 -0.017125901845056638 -0.017125901845056638  738331.7290349724
-0.5427254712265704 -0.07625580741254948 0.5388056596042624 0.02411726750686669 0.058616197486502715 -0.024791481226310575 -0.024791481226310575  738331.7290360661
-0.48916167540024624 -0.06406941205894325 0.551414570744547 0.033208606449135675 0.029799121155981254 -0.017067115272348384 -0.017067115272348384  738331.7290371653
-0.425573410100872 -0.05746256405504291 0.5692606840094995 0.011386850639931383 0.032979385504192923 -0.021277576175668014 -0.021277576175668014  738331.7290384296
-0.36872419579530813 -0.05664494763680871 0.5836318830181005 0.016446946401318066 0.030343866090089017 -0.0072128036521718975 -0.0072128036521718975  738331.7290395086
-0.29789064609806437 -0.05862049629197009 0.6033968969890177 -0.0006809399079194688 0.034682958856276196 -0.003748695455106271 -0.003748695455106271  738331.729040761
-0.236872829174752 -0.060486790740166226 0.6210419036118945 -0.013676952973410478 0.040997817547353314 -0.006517060355599071 -0.006517060355599071  738331.7290418406
-0.1640376219985548 -0.06164702515241183 0.6403357171354022 -0.007563515578486063 0.056773995448190194 -0.0036450567985997447 -0.0036450567985997447  738331.7290429341
-0.07891429046122724 -0.061240446271781 0.6600690146895771 -0.010481329830127577 0.044711633861378594 -0.004375413052308542 -0.004375413052308542  738331.7290442046
-0.006960153068059955 -0.05917238546011324 0.676161856793479 -0.014211152729373988 0.03384476790474857 -0.0029351569602354523 -0.0029351569602354523  738331.7290453131
0.07250114792517852 -0.0552213743719465 0.6938605363802284 -0.009455176129650062 0.01499585012277579 -0.00455175039980375 -0.00455175039980375  738331.7290463975
0.14778530801695966 -0.05012215893221032 0.7102791970095326 -0.007233139462454159 -0.010685993415560608 -0.004608689183610537 -0.004608689183610537  738331.7290476594
0.2155481747663106 -0.04432651720850164 0.7243484977509849 -0.0072537682133582415 -0.024157684070509573 -0.004237560060983387 -0.004237560060983387  738331.729048737
0.2780504216225297 -0.03783281583373956 0.7353934068275686 -0.0013981850552761332 -0.030381065693664746 -0.004592105279869426 -0.004592105279869426  738331.7290499972
0.31821878041678725 -0.03315663503082808 0.7411803232888629 0.007384067923627802 -0.04166406520709492 -0.007798011781894506 -0.007798011781894506  738331.7290510661
0.35467841658727567 -0.029254527279125125 0.7433869528298045 0.009122260957441175 -0.03288455594901182 -0.0006588794027591819 -0.0006588794027591819  738331.7290523199
0.37319287517809 -0.0271151245580804 0.7431300601349653 0.004718765615687974 -0.02992120703100928 -0.0033049410291288443 -0.0033049410291288443  738331.729053399
0.38546638267634686 -0.025512635684007346 0.7400009284740064 0.004036374638829479 -0.015379065873349296 -0.0036736931777823583 -0.0036736931777823583  738331.7290546624
0.3896140490845065 -0.024555444055504163 0.7363849871382858 0.001930994234364283 -0.002379482674078312 -0.003775196895845169 -0.003775196895845169  738331.7290557501
0.39118467474428187 -0.023632184927060464 0.731874643096058 -0.001786327412375228 0.01862556023542895 -0.0005453220503541361 -0.0005453220503541361  738331.729056834
0.3928406339515436 -0.02275031692682546 0.7273109898546889 -0.002006080141119354 0.024559993594429553 0.0004311646240301764 0.0004311646240301764  738331.7290580991
0.39597289499885435 -0.02081938293858068 0.7240394531490809 -0.008766969877104654 0.031056718608708723 0.002759099540772076 0.002759099540772076  738331.7290591772
0.403706381957934 -0.016487410961449747 0.7210378379621296 -0.014882462026378048 0.031224597151581643 0.005190436123502061 0.005190436123502061  738331.7290604522
0.41295921016214154 -0.010581119209556391 0.7197608879219687 -0.02127834329372956 0.031054440614577933 0.0071904047496791105 0.0071904047496791105  738331.729061548
0.42613058181116753 -0.00038153551134988416 0.7195731679448119 -0.02174718325742212 0.023968333104397627 0.005882223318225416 0.005882223318225416  738331.7290626201
0.44278827849288865 0.016153074680460247 0.721242140896413 -0.029408967432011452 0.01999347779608478 0.006813936055291038 0.006813936055291038  738331.7290638883
0.4563913129933555 0.034082829552882235 0.723758848961895 -0.03204811349895412 0.009839148329093224 0.0025298356753980554 0.0025298356753980554  738331.7290649723
0.4726278459810656 0.0623089823420677 0.7272264371911237 -0.035373408628841196 0.005467543177613292 0.0007327901604399931 0.0007327901604399931  738331.7290662276
0.4839902700142955 0.09065447166928382 0.7306371179426726 -0.03576069353727789 0.0009698971217925042 -0.0018883676119113783 -0.0018883676119113783  738331.7290673068
0.4940239914924099 0.12744148054377466 0.7349975518287041 -0.03530952310433479 0.0006697072281472913 -0.005734461657022926 -0.005734461657022926  738331.7290683881
0.5006437293338956 0.17013739770359151 0.7400827298014045 -0.039762855953194856 0.001399139164758837 -0.01646047731291621 -0.01646047731291621  738331.7290696419
0.5062117204317724 0.21715810985244263 0.744189025405436 -0.029666109105634993 0.00455952531226801 -0.01250112178058362 -0.01250112178058362  738331.7290707312
0.5091574718909702 0.27344671474469695 0.7495257222622541 -0.022101633885836327 0.007050095827336697 -0.011439807365676052 -0.011439807365676052  738331.7290719906
0.5099349791872182 0.3217973473969548 0.7539959825965016 -0.021505586793467545 0.009094155560190043 -0.021305625756301395 -0.021305625756301395  738331.7290730673
0.5111175975778971 0.38113422624840615 0.7580916747177364 -0.005850882114975511 0.013531415886945099 -0.014613836519609052 -0.014613836519609052  738331.7290743408
0.5108287654056077 0.4289893517302254 0.7613704704398884 0.002555783938843927 0.008097695636340975 -0.015467295123128548 -0.015467295123128548  738331.7290754066
0.5102170112080308 0.48457761610384437 0.7652031690047144 0.005716633879220246 0.019209568212265105 -0.0179736162451192 -0.0179736162451192  738331.7290766655
0.5099579293371895 0.5308816868050017 0.7673562362797619 0.022804910553299376 0.013955722350620217 -0.011373258264478086 -0.011373258264478086  738331.7290777548
0.5098540860174486 0.5684106920119756 0.7685028590890225 0.024933365774715305 0.01151749636089576 -0.012928030784530895 -0.012928030784530895  738331.7290788282
0.5098674651848152 0.6086901876644174 0.7690449708172321 0.021221337886673665 0.011175444958191366 -0.014793838834900251 -0.014793838834900251  738331.7290800969
0.5091945643987584 0.637796481833516 0.7705250239186748 0.015876523439826262 0.010664142531616735 -0.022128327660029777 -0.022128327660029777  738331.729081173
0.5103211083660381 0.6684706068027836 0.771740465732639 0.011048491074925887 0.0212997636039887 -0.02058713684594274 -0.02058713684594274  738331.7290824462
0.5118601140551015 0.6901360680450377 0.7727986975947281 0.012670107476059898 0.014582542409544458 -0.02015356818122374 -0.02015356818122374  738331.7290835306
0.5146235506258959 0.7106944509017361 0.7735853370420483 0.012690295538153361 0.013608701954434095 -0.01900855434290024 -0.01900855434290024  738331.7290846147
0.5177141514307586 0.7279048103935408 0.7743878681403457 0.010777653593525137 0.013665498853406035 -0.02121470169542815 -0.02121470169542815  738331.7290858569
0.5212405762898025 0.7421690157567794 0.7746403962615528 0.009599251419711128 0.010492065876976663 -0.02134406111173246 -0.02134406111173246  738331.729086957
0.5249952678946062 0.7548774616171929 0.7750225809474054 0.008212853251667757 0.010118811858098457 -0.023464458947201325 -0.023464458947201325  738331.7290882177
0.5276881171367155 0.7634647205550925 0.775225489010859 0.006073261757757138 0.007398040685803976 -0.025076797750899323 -0.025076797750899323  738331.7290893032
0.5301158970176936 0.7713904984748507 0.7754482241685461 0.002920844727929996 0.006691096907048898 -0.02671786846448357 -0.02671786846448357  738331.7290903882
0.5317447367889403 0.7782704987367627 0.7755765213778635 0.007153232850952116 0.0029569533177311725 -0.0290430444511533 -0.0290430444511533  738331.7290916559
0.5319558650649924 0.7822195754435537 0.7753588724488751 0.00854085800006855 0.0035930080223115835 -0.02909683530997796 -0.02909683530997796  738331.7290927437
0.5304455999649256 0.7842611633365211 0.7741149419769223 0.01586196755821725 -0.0001208052001702188 -0.02710741635788614 -0.02710741635788614  738331.7290939894
0.5271313681782492 0.7832813063307945 0.7724791082568421 0.018069649371184715 -0.00488143185681991 -0.026288494391413227 -0.026288494391413227  738331.7290950748
0.5207314414928202 0.7784201687782097 0.769256667535617 0.017345577178165837 0.00011635630097156312 -0.02377708262136345 -0.02377708262136345  738331.7290963283
0.5130573962700763 0.770562730041254 0.7658541142865875 0.02395326213056282 -0.006225136842902614 -0.02064061187763655 -0.02064061187763655  738331.7290974197
0.5020003380961056 0.7577048553429632 0.7611534582600501 0.018995366030122876 -0.001207664607115833 -0.019701663660882964 -0.019701663660882964  738331.7290984985
0.4863314489242005 0.7383869461519146 0.7537338104880376 0.028397620446699915 -0.009342007561856248 -0.01808939924502278 -0.01808939924502278  738331.7290997604
0.4709737664932879 0.7182277465792076 0.7470249374207687 0.025983768376447718 -0.006922747777115454 -0.017477062388386765 -0.017477062388386765  738331.7291008345
0.4480203229834779 0.6882672565115633 0.7387209890914123 0.030379417604572582 -0.011062913241374692 -0.0178923006294996 -0.0178923006294996  738331.7291020969
0.42706651754686503 0.6592967036682486 0.7308179967389596 0.04185245458499978 -0.013878186120529493 -0.009138089222046626 -0.009138089222046626  738331.7291031915
0.39966739017835007 0.6233939996955687 0.7239763428752666 0.025005282376082884 -0.012403481948186483 -0.010149848695426908 -0.010149848695426908  738331.7291042829
0.36521878663509183 0.5806651123921103 0.7173604494909382 0.020564824240237194 -0.008007069741836162 -0.008372908529715973 -0.008372908529715973  738331.7291055674
0.3338086194113942 0.5448494279448594 0.7137225537855969 0.009277835923188817 0.004530769547245393 -0.012511018501425115 -0.012511018501425115  738331.7291066672
0.29902471944609005 0.5046537841801587 0.7079963539200467 0.008405900946718557 0.005485304700006511 -0.010680472246427236 -0.010680472246427236  738331.7291077363
0.26149012095797847 0.4607666179314108 0.7019711984774485 0.0046714761988226605 0.016734712588137187 -0.009769379614989684 -0.009769379614989684  738331.7291090065
0.2303335596358563 0.42540826130404485 0.6977623524624665 0.0017198741046542234 0.013935877145299182 -0.010590126221250348 -0.010590126221250348  738331.729110071
0.19427867529043755 0.38298763985584394 0.6923274118606801 0.004008558328546152 0.013500798735721426 -0.01008458290779295 -0.01008458290779295  738331.7291113312
0.1660683694212938 0.34902186350934183 0.6883809985580076 0.0007154139626755756 0.01577437447603325 -0.008188694657609652 -0.008188694657609652  738331.7291124184
0.13412020012610265 0.3088584303380664 0.6829830062418162 -0.0010868032679801428 0.020897975387399324 -0.007478275681987626 -0.007478275681987626  738331.7291136908