0.05300648290110251 -0.01650982577670851 0.03498290092411013 0.0014087054301875944 -0.017156693748117093 -0.24306995825918687 -0.24306995825918687  738318.7025742569
0.05299290435462439 -0.01652981505698395 0.03498145073774802 0.0021325811136678825 -0.01743241223205867 -0.243105384354703 -0.243105384354703  738318.7025753795
0.05300642647871185 -0.01650218199015258 0.03499182706573664 0.0019216850375201188 -0.01749287543675874 -0.24309819128713966 -0.24309819128713966  738318.702576664
0.053000077313386455 -0.016506810106299633 0.03498875035696242 0.001311564400086067 -0.017180666257250964 -0.24306663250355298 -0.24306663250355298  738318.7025776564
0.053002333886250155 -0.01651339124211665 0.03499431860415942 0.0010769648335996718 -0.017264145823796817 -0.24297219090381864 -0.24297219090381864  738318.7025789772
0.05300718016944054 -0.016496524881273275 0.03499803042144012 0.0013744519909855346 -0.017053249126859606 -0.2429433366529459 -0.2429433366529459  738318.7025800182
0.053006339229844025 -0.01650200832887746 0.03500926478814499 0.001364922080454602 -0.017200520101888203 -0.24294967571041803 -0.24294967571041803  738318.7025812934
0.0530010160798789 -0.016507216184659054 0.035000447220709656 0.001464164731824344 -0.017519363759637144 -0.2429204465498857 -0.2429204465498857  738318.7025824492
0.052990491331202934 -0.016498269875551714 0.035003416406841056 0.0016187231333591341 -0.01740343115479822 -0.24291452591091472 -0.24291452591091472  738318.7025834274
0.053011030387162726 -0.016620196058127333 0.034776947424582566 0.0009582531028973643 -0.013773487609177142 -0.24393871738374778 -0.24393871738374778  738318.7025846796
0.05298545931995745 -0.016783581827758624 0.03484231044590114 -0.00012846226812247345 -0.013607413883346024 -0.24573771605575928 -0.24573771605575928  738318.7025857542
0.05308097374096175 -0.01691306295646501 0.035237507177670636 0.0020270959908603088 -0.011298895216704524 -0.24581295801953215 -0.24581295801953215  738318.7025870815
0.05348031085946439 -0.016839452033381924 0.03553986964690913 0.00328174518588881 -0.006363904971149876 -0.2450443340049566 -0.2450443340049566  738318.7025881236
0.05444824784211414 -0.017087418586018355 0.036965043711647244 -0.0024861792196044833 0.0029710225339480583 -0.2389366919256437 -0.2389366919256437  738318.7025893837
0.0550202668489917 -0.017940092369198524 0.038187221872455476 0.002255174347294609 0.012365398320921577 -0.235067962284368 -0.235067962284368  738318.7025904577
0.055671362313427425 -0.019302754581136217 0.03832945343776929 0.002270888754658533 0.020358785499846117 -0.22195962856290968 -0.22195962856290968  738318.7025917068
0.05598316283012992 -0.02034477079269557 0.038373056864980486 0.0047998148788048174 0.017152259983959074 -0.2061359153797153 -0.2061359153797153  738318.7025927833
0.05669870244821587 -0.02122560090344564 0.03931688875331602 -0.009804849400640032 0.023106147175822624 -0.19546769882867923 -0.19546769882867923  738318.7025939103
0.05707438486393289 -0.021166018062543316 0.039605276332530186 -0.018652674836502948 0.0229802738696601 -0.18900429365921914 -0.18900429365921914  738318.7025951113
0.05724843709370065 -0.020377623002770025 0.03934554086327206 -0.017854214711432552 0.022906708230792508 -0.19716350391942866 -0.19716350391942866  738318.7025961778
0.05789188156432341 -0.016643544002299254 0.03919695152811112 -0.01805411667445106 0.008680322848453251 -0.2079890827392479 -0.2079890827392479  738318.7025974973
0.061338011270876014 -0.01215050783664783 0.039503398925127636 -0.023811927024412847 0.01494828483512263 -0.21069455330311276 -0.21069455330311276  738318.7025985166
0.06914744522108415 -0.003460221410021997 0.04321588889842739 0.00339818641657036 0.003746012650886134 -0.19875206966824446 -0.19875206966824446  738318.7025997888
0.07852303689520762 0.005775420224924138 0.054091943007367436 0.015349308230601308 -0.031049960918786736 -0.17104547407146614 -0.17104547407146614  738318.7026009676
0.0827844857201571 0.01315197469413383 0.07490683734459604 0.02319866135131844 -0.043848052828918016 -0.13567039654713292 -0.13567039654713292  738318.7026021244
0.07918369238472074 0.01859640208317685 0.10432207105288589 0.01930693710529181 -0.05064044660114554 -0.09836194615809919 -0.09836194615809919  738318.7026032832
0.0698996398729981 0.021511298841785965 0.1350162886174138 0.025379561939049063 -0.030444496935664776 -0.0652149703667616 -0.0652149703667616  738318.7026043251
0.055610227579059306 0.021967163564207914 0.17218980478207688 0.023294012918500605 -0.011698769975575 -0.04471197827045082 -0.04471197827045082  738318.7026055659
0.03943995806730785 0.019284971361805615 0.21687427242006985 0.02110703318429688 0.010734207391354198 -0.016514560593946924 -0.016514560593946924  738318.7026067575
0.029494636829787885 0.01501401292337635 0.2544979326440613 0.015734283914312534 0.02560934735368911 -0.005760886167027469 -0.005760886167027469  738318.7026078992
0.02413896210359614 0.009143184635323298 0.29670323313637365 0.007677513021984878 0.033908242155167 0.00724651780842547 0.00724651780842547  738318.7026089903
0.02527453893688546 0.004397354718730568 0.33351870560362995 -0.0027836501192321133 0.02906272076687338 0.01603888157220127 0.01603888157220127  738318.7026100656
0.03232663782059196 0.00017041014450596748 0.37545236356443035 -0.008356684426676614 0.016861454866227428 0.024254246149141272 0.024254246149141272  738318.7026113374
0.04159767963594956 -0.0008142838463143929 0.4058858689425532 -0.00899224392099012 0.00417514752067741 0.02477576608090348 0.02477576608090348  738318.7026124143
0.05563186869711521 0.0016046428963866909 0.4396832389546377 -0.010310839101588844 -0.009033988727756046 0.026272885662617165 0.026272885662617165  738318.7026136975
0.06535225279536273 0.005934841279391981 0.45920207234052807 -0.006111829236710759 -0.016121784276366093 0.026648551453332194 0.026648551453332194  738318.7026147674
0.07347612564881013 0.011811518603162383 0.47873346167510444 0.03113028290052888 -0.049505416594129076 0.013640489051531687 0.013640489051531687  738318.702616014
0.06922114220374637 0.010441912742019348 0.496483205184973 0.10771146241931409 -0.13495028262216077 0.011038546177478122 0.011038546177478122  738318.7026171588
0.04140036533433076 -0.009501031596888056 0.5272243385976215 0.13154304000457878 -0.16139143174932777 0.01926760997737909 0.01926760997737909  738318.7026182321
-0.010619814273878238 -0.05047135788288742 0.5603963342595096 0.1511123326288742 -0.1708055263982118 0.0311693688597564 0.0311693688597564  738318.702619346
-0.10473516060937882 -0.12882110387080586 0.6050467390096469 0.11660274118482833 -0.11805730722901593 0.04211684393021417 0.04211684393021417  738318.7026206274
-0.20939354457987658 -0.2197455504204803 0.6491651170434042 0.07205323237674892 -0.06388296318957051 0.045141352491974436 0.045141352491974436  738318.7026217354
-0.31829700670477235 -0.31747377250293135 0.6973918035646672 0.0007726161547522454 0.023151519244927005 0.04599455346818899 0.04599455346818899  738318.7026228324
-0.4095618427846567 -0.4400809868138274 0.7552086686467161 0.8007541760799061 0.5885610088784764 0.09990988468126873 0.09990988468126873  738318.7026241138
-0.5067792672782303 -0.5168791044867713 0.7581235010975772 0.16962433822730155 -0.009672358212196825 0.12252857863745428 0.12252857863745428  738318.7026252741
-0.5792597076586928 -0.6427886189701917 0.7672773861682877 0.13330352724817549 0.046879551933790196 0.18641051293060554 0.18641051293060554  738318.7026265699
-0.627641027156565 -0.7583984023056289 0.7795189472672289 -0.032421086481709924 -0.01604283495447454 0.1911916029372045 0.1911916029372045  738318.7026276322
-0.6744858925752293 -0.8659437596234727 0.7987204935012542 -0.11059822804187411 -0.056063924747979395 0.1709882493287233 0.1709882493287233  738318.702628742
-0.7484181508534518 -0.9728302837661738 0.8311186913283106 -0.15716791280352999 -0.057792827874193334 0.11538709900392324 0.11538709900392324  738318.7026301848
-0.8130032491469233 -1.019561530253591 0.85718752182129 -0.14664210214496767 -0.04420309668838484 0.07527341284272195 0.07527341284272195  738318.7026310622
-0.888147536638302 -1.0405510376849734 0.8847581599771882 -0.12816674641450015 0.01994581198237872 0.03659557766582627 0.03659557766582627  738318.7026322125
-0.9630492931030425 -1.0335388515920592 0.907947336276436 -0.10333348346900625 0.07287278570655469 0.006812712861851201 0.006812712861851201  738318.7026334944
-1.005640441605859 -1.0136349591755442 0.9183707346806387 -0.07398623008184321 0.1057008773980839 -0.005075624955802775 -0.005075624955802775  738318.7026344991
-1.0414689162505892 -0.9730864641945097 0.9220556974048539 -0.04524998862447712 0.13051110902086457 -0.014635399653391877 -0.014635399653391877  738318.7026357149
-1.0483297008233623 -0.9343053464799369 0.9171537444404941 -0.007239491917279248 0.1293352551379885 -0.018969434473286986 -0.018969434473286986  738318.7026367538
-1.0301963931122653 -0.8852736021234555 0.9027226544527184 0.014238765805766397 0.09901266261994185 -0.023958843868354767 -0.023958843868354767  738318.7026380128
-0.9936184483495639 -0.8448868864109574 0.8886999659698996 0.030522190591334864 0.05768966992358242 -0.024179354187689687 -0.024179354187689687  738318.7026391563
-0.9555819240633319 -0.8172366877598829 0.8797719877823903 0.04511024217471735 0.025067909238096594 -0.023490933248180607 -0.023490933248180607  738318.7026401835
-0.8889311149016229 -0.782803157564226 0.8730106950543187 0.040539067438173225 -0.03704330276775978 -0.017877224457099536 -0.017877224457099536  738318.7026416302
-0.8518326852972731 -0.768392470907249 0.8736773266377975 0.03498781142228272 -0.05685786643459323 -0.013379475154921949 -0.013379475154921949  738318.7026425722
-0.8176969668320945 -0.7568869995941956 0.876766264889409 0.03135344770500086 -0.062429477848404975 -0.006326320124373414 -0.006326320124373414  738318.7026436685
-0.7876676267974001 -0.7477250899961909 0.8809894401982822 0.02709359894191045 -0.056842777695404585 -0.0009924673271321674 -0.0009924673271321674  738318.7026449386
-0.768201221157089 -0.7418793479570438 0.8836026362611897 0.014671056489603956 -0.03857308902576913 0.003892481888924371 0.003892481888924371  738318.702646351
-0.7567616100830984 -0.7380617718483602 0.8839427506545613 0.005780407338564176 -0.004529566837967112 0.007099353447787875 0.007099353447787875  738318.7026472627
-0.7470675727089964 -0.7347064482545431 0.882288295671228 0.005566119374815451 0.006030573344686507 0.004279846713589425 0.004279846713589425  738318.7026484075
-0.7342239363071069 -0.7306356006407485 0.879195450593902 0.005998229061498508 0.01948841685017555 0.00020669544280469467 0.00020669544280469467  738318.7026495619
-0.715208508841726 -0.7260546477748118 0.8762096240963383 0.010060946765920358 0.017305659205321483 0.002426489345238357 0.002426489345238357  738318.7026507397
-0.6962963557685753 -0.7231260159015318 0.874433811015464 0.014996838591283842 0.0071114080758099925 -0.0009083833052466636 -0.0009083833052466636  738318.7026518594
-0.6717212879970991 -0.721164089217884 0.8739629856761204 0.018369533330923487 -0.009240105592493443 0.001014978890117006 0.001014978890117006  738318.7026530484
-0.6521676287785214 -0.7212751542856054 0.8743334335756212 0.01675193068438676 -0.017815844735004138 -0.0005312196053729231 -0.0005312196053729231  738318.7026541602
-0.6359657612821844 -0.722696311034186 0.8748768238821337 0.02099481557091779 -0.03969488747529155 -0.00048243189004306043 -0.00048243189004306043  738318.7026552345
-0.6200132137463799 -0.7284169122941595 0.8759147179969615 0.021192178293702645 -0.033839109590730256 0.0007422059491866506 0.0007422059491866506  738318.7026566411
-0.6143435206336559 -0.7350685618166377 0.8757022055878296 0.02364960573143275 -0.02713500999861209 0.0043509211035067654 0.0043509211035067654  738318.70265768
-0.6113718250118185 -0.7437555802437844 0.8744130255562811 0.02542058579918012 -0.012550464244112174 0.00396427144907303 0.00396427144907303  738318.7026587771
-0.6091540790398121 -0.7563795840305555 0.8706305040320059 0.012311777283802176 0.004636878460568739 0.005069436042126708 0.005069436042126708  738318.7026599896
-0.6065575328504904 -0.767880984255011 0.8669503095974394 0.01073654884939237 0.012248566643834195 0.0037494508002985246 0.0037494508002985246  738318.7026610618
-0.6007683752608233 -0.780730284302988 0.86163825085267 0.00912607727888147 0.015568802410308094 0.0031987789017001566 0.0031987789017001566  738318.7026622179
-0.5903345123643914 -0.7943139083913827 0.8561312690339444 0.003549597411112703 0.02057487488375082 0.0012835138664733404 0.0012835138664733404  738318.7026636862
-0.5770733811736635 -0.8056815603669389 0.8517386097535352 0.004425568924804465 0.009901434019937197 0.0009629564061110486 0.0009629564061110486  738318.7026646215
-0.5646002561146826 -0.813731024589568 0.8491341777573606 0.002330870206408891 0.006523543726213876 0.0018754830664036166 0.0018754830664036166  738318.7026656372
-0.5463134569410417 -0.8236539856323141 0.847275183753678 0.006681546958913516 0.0020940234524948463 0.005502703065300234 0.005502703065300234  738318.702666917
-0.5307517226603409 -0.8319213821931923 0.8470186124099011 0.006843722243527173 -0.013905654537246319 0.005862602987937392 0.005862602987937392  738318.7026679934
-0.5175002729645853 -0.8396913096733776 0.8470790271531002 0.004863797676708744 -0.019631094853331525 0.011414029569165901 0.011414029569165901  738318.7026692289
-0.5067311908544708 -0.8475199444830777 0.8460010978110025 0.003112660449667732 -0.015943485883391353 0.01590594606003089 0.01590594606003089  738318.7026704148
-0.49968281419142385 -0.8543345698308447 0.8438574933032043 0.001513181868596412 -0.01568306782949657 0.018776531601697122 0.018776531601697122  738318.7026716858
-0.49606193517219094 -0.8590760545530319 0.8417237932818112 0.002150976742393256 -0.009064261005929006 0.019055233386149076 0.019055233386149076  738318.7026727247
-0.4932630275548984 -0.8626443614575565 0.8400501625064525 -8.154166197497643e-05 -0.0012620408757774786 0.022552404005537253 0.022552404005537253  738318.7026737937
-0.490405809756899 -0.8652080830855069 0.8389529506593972 0.0007877159675419181 0.0012207220730698866 0.024343354657241332 0.024343354657241332  738318.7026748747
-0.4857987425588161 -0.866684220952386 0.8385521368797361 -0.005252871748077895 0.00877572818482287 0.022654955334293226 0.022654955334293226  738318.7026761767
-0.47967338281959215 -0.8659559612054188 0.8375864526730635 -0.005652972787783908 0.009144617496711664 0.021689323867509134 0.021689323867509134  738318.7026772731
-0.4714229085488087 -0.8627447706477893 0.8347393810828132 -0.00546399097585361 0.007644094902293669 0.020533554762169958 0.020533554762169958  738318.7026783957
-0.4606450924997231 -0.856497784655983 0.8289448394772916 -0.007122765124544107 0.0030032046563249408 0.018295397964598736 0.018295397964598736  738318.7026796897
-0.4507544716155037 -0.8492562266028904 0.8221932086790877 -0.007871998890089825 0.002948453100305589 0.01543583403078052 0.01543583403078052  738318.7026808166
-0.4406540438380158 -0.8390987934729186 0.8145907296986534 -0.005317917262022467 -0.010813113463979635 0.013785532919376908 0.013785532919376908  738318.7026818672
-0.43103537196182157 -0.8256590492522069 0.807361487187756 -0.0017944369489928918 -0.013629738040040947 0.010611603733983656 0.010611603733983656  738318.7026832118
-0.4240395609587727 -0.8105921503222229 0.8026463981041525 0.0030347363029510975 -0.011590126799261613 0.007454614397937362 0.007454614397937362  738318.7026844533
-0.42092598412555543 -0.7990191635024413 0.8008682580050628 0.007311962338995216 -0.012872949917718812 0.0030786149427761067 0.0030786149427761067  738318.7026853423
-0.4183911233415006 -0.7835073140212798 0.7987955372805692 0.0023748338725695633 -0.015780641287212613 -0.0026191315947807817 -0.0026191315947807817  738318.702686612
-0.4164577938486057 -0.7655257564324969 0.798230932825639 0.0035777500085527473 0.00033214569816191706 -0.004859958162188745 -0.004859958162188745  738318.7026877668
-0.4148359956367991 -0.7516211295223986 0.7979674197835991 0.004831886262121657 0.0020032367721234535 -0.008014381432812481 -0.008014381432812481  738318.7026887599
-0.41170570566848436 -0.7317977646563634 0.7974491093442755 -0.0013823102273204542 0.0066109860869186556 -0.01203931826910403 -0.01203931826910403  738318.7026900754
-0.4071774794668063 -0.7126393055468055 0.7954117124837548 -0.0035933126580895034 0.00047308978594203834 -0.01614259386315939 -0.01614259386315939  738318.70269113
-0.40015884104566696 -0.6886455371377008 0.7925647636327761 -0.0012693484186630589 -0.0068602497584571995 -0.01632396595042144 -0.01632396595042144  738318.702692518
-0.39487275471557826 -0.6722044531294086 0.7914669831310848 0.0008841089393593219 -0.000508886659237343 -0.015985994401258242 -0.015985994401258242  738318.7026934876
-0.38803474582318903 -0.6511234813679291 0.7915928750104839 0.0044155638419901225 -0.005143417558943451 -0.014048314615542599 -0.014048314615542599  738318.7026945977
-0.38153077868552554 -0.6300057165575845 0.7941526407985681 -0.001422651481081908 -0.008309580130906474 -0.013396429046914415 -0.013396429046914415  738318.702695848
-0.3763757116439977 -0.6086785467446845 0.7994080276342835 -0.001016848536354099 -0.014901608998537944 -0.01307140007680537 -0.01307140007680537  738318.7026970977
-0.3726038719861928 -0.584748881752185 0.8071744464373652 -0.00014266350044302216 -0.010154960686525601 -0.011237328590145977 -0.011237328590145977  738318.7026981824
-0.37161602537301663 -0.5631442980912893 0.8151108225937677 0.0037518025097039265 -0.018685515706437058 -0.009708994065807138 -0.009708994065807138  738318.7026993482
-0.37252531311674825 -0.5457858731047447 0.821273394565084 0.0027938706060083736 -0.014547100457299256 -0.009170956917806197 -0.009170956917806197  738318.702700364
-0.37629631724867957 -0.5201592072695558 0.8283214287269944 0.0033886974593088912 -0.014746366211316805 -0.00840146772160401 -0.00840146772160401  738318.7027017145
-0.3803747366782156 -0.5008846912108369 0.831160203667659 -0.0018952029286394393 -0.005020175401520603 -0.010059552845234195 -0.010059552845234195  738318.7027027763
-0.3851783149118192 -0.48146299162909656 0.8326087259234686 -0.0033422626807269743 -0.004795145408178148 -0.009643432014512591 -0.009643432014512591  738318.7027038614
-0.3914554718941048 -0.45460166633880633 0.8334401642112751 -0.004461313067511159 0.0019206680992993664 -0.011284301150571758 -0.011284301150571758  738318.7027051311
-0.3954774293355762 -0.43372094117263926 0.8347314280323065 -0.0024081890473353286 0.003237335431887915 -0.01133300624153259 -0.01133300624153259  738318.7027062429
-0.398443736774717 -0.41240222195934867 0.8365142806847298 0.00024253261000167393 0.0015992509520340698 -0.011491234756796077 -0.011491234756796077  738318.7027073166
-0.40095464454948027 -0.3863113533302234 0.8388411197255328 0.002636302944621997 -0.0010053088788945334 -0.01091708962794862 -0.01091708962794862  738318.7027085993
-0.4025971362076682 -0.36298200192464886 0.8408028128093958 0.00014778093950434457 0.0034367234837475173 -0.010006062901253382 -0.010006062901253382  738318.7027096907
-0.40410953469245514 -0.34239387697125484 0.8419671824552262 0.002239745422239171 -0.005904129880951633 -0.009342510885000587 -0.009342510885000587  738318.7027107844
-0.40657456530517466 -0.3155551678300693 0.8434407492465101 -0.003723894256901889 -0.00861169249075541 -0.007512459024146309 -0.007512459024146309  738318.7027121354
-0.40996255893186095 -0.2937111787158162 0.8450602531544938 0.004537478470684484 -0.01246114884851328 -0.006139969016164744 -0.006139969016164744  738318.7027132316
-0.41309213381092763 -0.2763276890893706 0.8461840485646763 -0.0001500551275864271 -0.006505076697740138 -0.006426191747520139 -0.006426191747520139  738318.7027142704
-0.41797123947714543 -0.2530198486644129 0.8486641621398254 -0.0006248722706790761 0.00035139168642019287 -0.007394929215854135 -0.007394929215854135  738318.702715506
-0.4223269472953996 -0.23217676224000347 0.8507643087779853 -0.00046649642172538183 0.000252916168633874 -0.007290329975420089 -0.007290329975420089  738318.702716603
-0.4260336482868325 -0.21164782861304784 0.8523646622492722 -0.0020634936896193586 0.005929420718447743 -0.007538664606058271 -0.007538664606058271  738318.7027178496
-0.4288122894428713 -0.19099197644163474 0.8532634504683458 -0.0013173864566756205 0.003424512894732265 -0.008116155179753998 -0.008116155179753998  738318.7027189528
-0.4307051112622515 -0.1684295228302776 0.8541826753899524 -0.00020889918456631844 -0.0023186575772149026 -0.007357162423940645 -0.007357162423940645  738318.70272021
-0.4316502501802696 -0.1481828782872153 0.855748763267543 -0.003331338581266118 0.004458536079680791 -0.0062704993161473805 -0.0062704993161473805  738318.7027213653
-0.43203380692106813 -0.12780865294327565 0.857426875023148 -0.0028226705416525186 -0.0002057144863787882 -0.0063053685393770105 -0.0063053685393770105  738318.7027224909
-0.43159436491736336 -0.10472004909551565 0.8599666538872431 -0.011338366473617629 0.003436225565186702 -0.00638574087835607 -0.00638574087835607  738318.7027237631
-0.43046333958204486 -0.0827524084867871 0.862622433213829 -0.009545865179524797 0.0010946032410606792 -0.006235932001252038 -0.006235932001252038  738318.7027249173
-0.42925621709331857 -0.06404877120217531 0.8648462246339316 -0.011265025439989081 0.0004683799587486668 -0.005837494261003995 -0.005837494261003995  738318.7027258524
-0.4280871488693107 -0.03668328466682775 0.8681846102249803 -0.011334704921633349 -0.004171254701314387 -0.0040245829328581905 -0.0040245829328581905  738318.7027271345
-0.4277842143356861 -0.013090436879944874 0.8712819583238475 -0.009455429092335656 -0.006727358594747659 -0.0033841234029950104 -0.0033841234029950104  738318.7027282425
-0.42883606067883273 0.01387855384646643 0.8752903358346665 -0.002981559578590383 -0.01092418322246791 0.00034018538611363375 0.00034018538611363375  738318.7027293277
-0.4314467039748954 0.04093747508348953 0.8791150651994042 -0.0027767635942240057 -0.006782660328785563 0.0025385316775475126 0.0025385316775475126  738318.7027305858
-0.4353828697319449 0.06729422741384207 0.882059662548741 0.00408068666122138 -0.00411996194325865 0.0029606660238753087 0.0029606660238753087  738318.7027316364
-0.4401317383655089 0.09252932773203063 0.8833797974539733 0.005156106604446065 -0.005138985182083716 0.004257054806951256 0.004257054806951256  738318.7027329088
-0.44497344729199234 0.1160546279207429 0.883135753848629 0.007590298989805063 0.001276271789447567 0.004084310924536274 0.004084310924536274  738318.7027340402
-0.44906329082600965 0.1360034512049878 0.8802886771498212 -0.000907017011369311 0.008729093879029924 0.0027891300728479958 0.0027891300728479958  738318.7027350904
-0.45328532675804833 0.1611325301497365 0.8744536300927693 -0.0019306723973756483 0.0029136448169564434 0.0018082939543694685 0.0018082939543694685  738318.7027363951
-0.45568801901702854 0.1818367389227888 0.8683434366641798 -0.00651866401497695 0.008008094722320887 0.004130285629686673 0.004130285629686673  738318.7027375958
-0.4563734274731414 0.2004828136244638 0.8631389151948045 -0.0066481831994490885 0.005785490647833487 0.0015816583973648564 0.0015816583973648564  738318.7027385886
-0.45561958778596695 0.22352239718935824 0.8588376558653289 -0.009378428872237048 0.01088538932093923 -3.392857545104622e-05 -3.392857545104622e-05  738318.7027399065
-0.453751962166283 0.24247624914454916 0.8570183411184353 -0.003658322700741782 0.004562731014476126 -0.001784017679687598 -0.001784017679687598  738318.7027409227
-0.45102250324769494 0.2608021165281714 0.8569889561516468 0.003964384387762986 -0.00025225753202238934 -0.001586732487842806 -0.001586732487842806  738318.7027420438
-0.4469067889310572 0.2812179640956096 0.8590093728474875 0.007433365853508658 0.001410691550504208 -0.00263206300670465 -0.00263206300670465  738318.7027432672
-0.44319359229045024 0.2966668031133737 0.8616789705773265 0.016237422873070603 -0.002030960124873629 -0.003502220325400336 -0.003502220325400336  738318.7027443643
-0.4396960319782039 0.3084845777280766 0.8646583392955792 0.015547551633874552 0.005222341398983561 -0.0021725516078979316 -0.0021725516078979316  738318.7027456014
-0.4360784309452657 0.3166615259555234 0.8672659450700307 0.014934328768488145 -0.003203397514546767 -0.0030016733515237713 -0.0030016733515237713  738318.702746718
-0.43279484716677946 0.321599062320727 0.869689692141435 0.005629501497061381 0.00398129529583344 -0.002236572775692309 -0.002236572775692309  738318.702747812
-0.42777517002060406 0.3260367960667661 0.8724692527469946 0.0002142669331028476 0.0038447920001252194 -0.003339107453322758 -0.003339107453322758  738318.7027492337
-0.42305951331767616 0.3292679165973676 0.8751239682742561 -0.003693676950294249 0.0018682229158483853 -0.003939728200134503 -0.003939728200134503  738318.7027502726
-0.41791522490343924 0.3329288672052521 0.8776688070748255 -0.010149678697186859 0.006476027200990246 -0.0049235810702912535 -0.0049235810702912535  738318.7027514579
-0.41202154140151126 0.33774835219268584 0.8798294366817089 -0.00676505314159844 0.003580195601285891 -0.007029966698057227 -0.007029966698057227  738318.7027526723
-0.4057513790030774 0.3435967304726579 0.8818238105291978 -0.0024250011032128046 0.001159529473625651 -0.006732634921517897 -0.006732634921517897  738318.7027537416
-0.3993946560847012 0.3494339767543168 0.8833346146058306 0.005783928273410742 -0.00463301075428154 -0.007332914883604199 -0.007332914883604199  738318.702754896
-0.3930559686856291 0.35431128378552845 0.8841261799420657 0.006050570448676955 0.003069833052970619 -0.007601321660333871 -0.007601321660333871  738318.7027560744
-0.3873441034328317 0.3571622002006706 0.8841345748287084 0.012284823024802282 0.0018875751642896382 -0.007458962163471426 -0.007458962163471426  738318.7027572171
-0.37987860411244717 0.3582488615537004 0.8843911566344872 0.013386936827796722 0.002168586576827478 -0.007217780740946389 -0.007217780740946389  738318.7027583715
-0.3731611985225937 0.35695335457980376 0.8851429760156974 0.010704072393216283 0.01059056686703198 -0.00838054292611329 -0.00838054292611329  738318.7027594224
-0.3628430313002999 0.3525411948009093 0.8865409915372564 0.011225713190143302 0.007345512098897583 -0.009247440741094293 -0.009247440741094293  738318.7027608107
-0.35409429451504687 0.34731770796551326 0.8880854280551391 0.014668543430238507 0.0028346195627423007 -0.007701341459712689 -0.007701341459712689  738318.7027619653
-0.3446523430106813 0.3407126500482169 0.8902583928587732 0.013392660287644416 -0.00011043046234649404 -0.008197766506114352 -0.008197766506114352  738318.7027630042
-0.3335112878551002 0.3300993376112498 0.8941260260711373 0.018045963426411588 -0.002653403090414276 -0.0057656153011608376 -0.0057656153011608376  738318.702764182
-0.3250527485809914 0.31934526689341164 0.8981054076871902 0.016582253361676156 -0.0019113361132967212 -0.0038994755708917205 -0.0038994755708917205  738318.7027652449
-0.31682992122969195 0.30557412472779544 0.9032243222029464 0.009334152635209009 -0.00812756461114877 -0.0010326786540891307 -0.0010326786540891307  738318.7027663542
-0.3087417690164983 0.2900723751203811 0.9082435559359185 -0.007288930616183475 0.006395138996260719 -0.0006232290075095419 -0.0006232290075095419  738318.7027676355
-0.3018859765753835 0.27905589924279495 0.9096638211326596 -0.015505715409401535 0.005676764072023911 -0.0020161881981084415 -0.0020161881981084415  738318.7027687783
-0.2934944524458506 0.26992896423276164 0.9079978963878165 -0.017483294625289792 0.004694324811739622 -0.0036670783557615416 -0.0036670783557615416  738318.7027698633
-0.2832627879028954 0.2640028585854743 0.9030281508645592 -0.012920042523217665 0.002673773259722196 -0.004842666610194199 -0.004842666610194199  738318.70277111
-0.27476968434415483 0.26147010747672716 0.8979665976312742 -0.0014914510773699173 -0.0024160934007446126 -0.005187225849882536 -0.005187225849882536  738318.7027722154
-0.2659644887753256 0.25944210686474234 0.8923128235446208 0.011929397700693132 -0.0129985047377319 -0.004051564604054923 -0.004051564604054923  738318.7027732999
-0.2588771576603477 0.2554186061991225 0.8878180936354547 0.02083760943508558 -0.014762827393062122 -0.004332319167875206 -0.004332319167875206  738318.7027745715
-0.2556329324628997 0.25014852785549063 0.884398809649067 0.019924599369570962 -0.014468014317688446 -0.004149920755249036 -0.004149920755249036  738318.7027756498
-0.2533547031574829 0.2411292370941645 0.8796569708183158 0.019117395420638984 -0.005919707438840616 0.00030372087820286384 0.00030372087820286384  738318.7027768875
-0.2524669167112503 0.23087380161261942 0.8741920579662966 0.015654285727980364 -0.004556608665383861 0.0029636861027072933 0.0029636861027072933  738318.7027780492
-0.25184054282031487 0.22184929426898 0.8687995872332721 0.0066905497030454175 0.002074029671234046 0.0029657793653366593 0.0029657793653366593  738318.702779088
-0.24937216446103708 0.20938280487248992 0.8579196243364853 -0.010069449245708574 0.018467165681928733 -0.0012577626542185354 -0.0012577626542185354  738318.7027804374
-0.24457922650673702 0.20228839199648083 0.8449957676689249 -0.016586866530509285 0.014337540995731184 -0.0015864858111862622 -0.0015864858111862622  738318.7027815224
-0.23760795577776692 0.19909233002833351 0.8321784495717958 -0.01854948567176495 0.012513493313019767 -0.004903223411712584 -0.004903223411712584  738318.7027825613
-0.22761411586764776 0.19890269100449526 0.8162217439122134 -0.00804646972346055 -0.00011549640962293356 -0.006362349293356177 -0.006362349293356177  738318.7027838434
-0.21889749079857476 0.2006620977059702 0.8020216648697267 0.008299402859528219 -0.017056362130896858 -0.0027124262975036168 -0.0027124262975036168  738318.7027851522
-0.2135592140298605 0.20196186748265413 0.7902472539963513 0.01352501821931274 -0.019445866511926098 -0.0003619722296332553 -0.0003619722296332553  738318.7027860292
-0.21131545558889817 0.20092546653434437 0.7762318079660178 0.027399964899671232 -0.02778571082375927 0.0003108921042611599 0.0003108921042611599  738318.7027873045
-0.21261505190977087 0.19813254883630163 0.7657521664981647 0.023654477340065455 -0.017796973812157262 0.001679743957336058 0.001679743957336058  738318.7027883319
-0.2181608659187878 0.18914821956723846 0.7482391552869303 0.020350510483377365 -0.00522646648609188 0.003741765999608234 0.003741765999608234  738318.7027897366
-0.22207705954293605 0.18175064280698752 0.7376913693174149 0.011770115908518649 -0.001684422172846931 0.005160311390107894 0.005160311390107894  738318.7027907007
-0.22622028531331032 0.1714053943019097 0.7259359391721688 0.008454199966796357 0.0050966830906450785 0.007749122272085008 0.007749122272085008  738318.702791919
-0.22927039897640908 0.16026758169543331 0.7151490444685344 -0.003173041200990364 0.007143954475615787 0.008734074196181153 0.008734074196181153  738318.7027930964
-0.2296344659033814 0.15314466331486018 0.7064550728442003 -0.015287938577601278 0.015355666155887883 0.010326735401399062 0.010326735401399062  738318.7027941468
-0.22705821304462204 0.14724550940421938 0.6946052881000893 -0.011932305893861591 0.009635584996375702 0.009904719664517043 0.009904719664517043  738318.7027955281
-0.22363063447812342 0.14550105285159526 0.6859392503934147 -0.0017953203461564264 -0.004373201406752289 0.011457499461880072 0.011457499461880072  738318.702796567
-0.22037987159368685 0.14506351548156837 0.6779406572431124 0.002922946113251742 -0.008623305010247398 0.012787353685406238 0.012787353685406238  738318.7027978024
-0.21913866351118189 0.1446096880011741 0.6700674065355144 0.013073797838281897 -0.020920292407982433 0.014426733142892063 0.014426733142892063  738318.7027991479
-0.21991173555899057 0.14387539035170066 0.6644998952898807 0.00688679560509978 -0.010279776728953825 0.014355352266736258 0.014355352266736258  738318.702799949
-0.22269744407963618 0.1420190684783646 0.6536313989801462 0.006036836581491665 -7.855556919294546e-05 0.009892870987948048 0.009892870987948048  738318.7028013491
-0.22477006867407504 0.1404604864688932 0.6447200711098771 0.010157262667497969 -0.0015225345792133026 0.009072906093158672 0.009072906093158672  738318.7028022957
-0.22737308331979983 0.13694741497145824 0.6326218217888612 0.01564978807976106 -0.005737377110789972 0.008182758404492922 0.008182758404492922  738318.7028035114
-0.22928205809050983 0.13336353176490956 0.6233592586544997 0.010472963311260039 -0.000983844379076801 0.0073382069002393335 0.0073382069002393335  738318.7028046657
-0.2313236481815894 0.12851098486647505 0.6143954104266397 0.011954553426356096 -0.00563998492192614 0.008651569953437755 0.008651569953437755  738318.7028057161
-0.2330658755542455 0.12366574705763957 0.6062735572947047 0.0019144153420314874 0.0015156386942937862 0.010613353947237985 0.010613353947237985  738318.7028069766
-0.23395272623141647 0.11902190034725531 0.5978601850976698 -0.003126887591846868 0.0052792016727006095 0.009158223482338182 0.009158223482338182  738318.7028080293
-0.23410563825904243 0.11492262610306399 0.588278724206765 0.006800842746904071 -0.0036995546053365425 0.008887305654600837 0.008887305654600837  738318.702809305
-0.2335900667501321 0.111287172878631 0.5759434855523652 -0.0006060230804844492 0.0034815740820881916 0.0068017768567119295 0.0068017768567119295  738318.7028104942
-0.23214153138643162 0.10904056586402992 0.563931211895982 -0.0017263746481253745 0.005738266482817701 0.0037762595218697437 0.0037762595218697437  738318.702811597
-0.23022490257757755 0.10709231409841083 0.5497279635894412 0.007877988469023421 -0.006817210909544515 0.004732653661556872 0.004732653661556872  738318.7028127672
-0.2283102975513213 0.10508740269754903 0.5342352755875116 0.007286008033229821 -0.007554798716181501 0.00640866941984668 0.00640866941984668  738318.7028139215
-0.22756097099717917 0.10358856386101874 0.5226522285993713 0.007843153924306512 -0.0057432431950328496 0.00789840401077466 0.00789840401077466  738318.7028149604
-0.22782342435070593 0.10170992856214064 0.5074670395585518 0.0072353212427927385 -0.010041646679697817 0.011297960743368297 0.011297960743368297  738318.702816105
-0.22931059290612277 0.09958694383210398 0.48957626099833973 0.0005530421756673641 0.0028912028907372624 0.012406776616924478 0.012406776616924478  738318.7028174445
-0.23103981405122773 0.09840586066295288 0.4761846450797379 0.0007869267032376237 0.0019406115527305864 0.011110373257411467 0.011110373257411467  738318.7028184384
-0.2327397866545479 0.09813183085035675 0.46049894969800215 0.004429648057492491 -0.0005962199792663039 0.013137583026164995 0.013137583026164995  738318.7028196853
-0.2344687339494613 0.09865393946703085 0.44392632085748085 0.0010116952599342544 0.002207068505255322 0.016801601324353564 0.016801601324353564  738318.7028207587
-0.23601338446486722 0.0996052894083734 0.42628739853274317 0.002982930415234741 -0.002342862264125549 0.016977929476399825 0.016977929476399825  738318.702822032
-0.23745504728513855 0.10026382880346536 0.4077317481293134 0.005816341225470573 -0.0020211770524545384 0.014774257876750106 0.014774257876750106  738318.7028232208
-0.23913190635050893 0.10078958374500391 0.3902004235554629 0.012620655293342161 -0.006827573042735471 0.016873402107940905 0.016873402107940905  738318.7028243663
-0.23946410048508399 0.10154980984779916 0.3722049546833822 -0.002956484468427941 0.00854923623107069 0.017949404089504795 0.017949404089504795  738318.7028255207
-0.23913372823459084 0.1019445681725007 0.35385836073668137 0.0077733199267151715 0.0013540858486827511 0.01630243208716469 0.01630243208716469  738318.7028266573
-0.2374454420364161 0.1027076683810352 0.33799710953800893 0.004381190130707499 0.0022989820867006117 0.01643424686965832 0.01643424686965832  738318.7028277076
-0.2178915960614738 0.08637815954352199 0.2966856948640644 0.38999329075595895 0.30074478611995104 0.04283563002164907 0.04283563002164907  738318.7028290909
-0.19344392716513667 0.07162885943456633 0.18243706218361092 0.7649412293127218 0.6377729405800954 0.06761518872166904 0.06761518872166904  738318.7028300765
-0.1661148801943064 0.062375500644225305 0.04061901405625946 0.10612173436983521 0.1928671908680144 -0.025207860359328895 -0.025207860359328895  738318.7028311571
-0.2305725274219402 0.07616488256017229 0.09706993814771682 0.07855913476259906 -0.3054194308226124 0.05551896503199173 0.05551896503199173  738318.7028327404
-0.25646998575373325 0.060867761627947735 0.10804191061241777 0.5702601106869939 0.6217714705230478 0.34038111393726095 0.34038111393726095  738318.7028337215
-0.3107261294680164 0.05474143902652347 0.07145629813534324 0.10449151428811876 -0.2075359960550488 0.12151960612014674 0.12151960612014674  738318.7028347648
-0.3363255979676858 0.021224185456087334 0.05891754669983003 0.23656562784888419 -0.15653794627203693 0.5047238815751469 0.5047238815751469  738318.7028359077
-0.3476295904046433 -0.00989260077631093 0.07349307972967538 0.21162002488317325 0.3406601482224183 0.731053928640404 0.731053928640404  738318.7028370278
-0.3656229518380239 -0.005251426229644496 0.04691585310439807 -0.3543087670209492 0.7746626683833924 0.48837187130837656 0.48837187130837656  738318.7028381022
-0.3626086035535312 -0.027439510844898898 0.025067735413499048 0.67578533614072 -0.12558642947842982 0.704797815002907 0.704797815002907  738318.702839372
-0.3738967272995558 -0.03332027003024133 0.031167797827829774 0.8627718474450492 0.024730721883795274 0.4587502137320251 0.4587502137320251  738318.7028404596
-0.35821054912334127 -0.02551668033590794 -0.006036406656796782 0.9614154572513589 0.271474897255167 0.04088402731346776 0.04088402731346776  738318.7028418238
-0.35385458818246246 -0.022260666359221536 0.007486075822160428 0.9346757765784728 0.34658145460409384 0.07734937495437423 0.07734937495437423  738318.7028428627
-0.35152101557884174 -0.01997583513040933 -0.0073033466762124685 0.933771072339105 0.351640950470959 -0.06294972247930543 -0.06294972247930543  738318.7028438789
-0.354091033310365 -0.019595509764073298 -0.0076398203073712685 0.9243801658684982 0.37913453432748584 -0.004462511329896075 -0.004462511329896075  738318.7028451529
-0.3515373810544764 -0.02263329166196149 -0.001200125840628238 0.9298845842606139 0.3663400900116325 0.02745771839690076 0.02745771839690076  738318.7028463534
-0.35084980361702206 -0.02255623397717014 -0.0019535091498880967 0.9302031230692813 0.36601469897690053 0.01658902933274728 0.01658902933274728  738318.7028473781
-0.35332148677067704 -0.02053782023215832 -0.00689133404401702 0.9283682144374436 0.36925585448739495 -0.04151850673937818 -0.04151850673937818  738318.7028486446
-0.35317373907499877 -0.019449472619317468 -0.006755885292258023 0.9237365113166234 0.38143518618264327 -0.034749189397158854 -0.034749189397158854  738318.7028497999
-0.3530538299035234 -0.020247140143078397 -0.006213852183519601 0.926580679060087 0.37485895051383356 -0.03037853847434181 -0.03037853847434181  738318.7028508388
-0.35306443718867875 -0.020193391822831162 -0.006252659508941881 0.9265575823281467 0.3749148021410975 -0.030373296728980526 -0.030373296728980526  738318.7028522921
-0.3533344131843195 -0.02063412655468812 -0.006825174048695857 0.9286260595360413 0.36861492039147375 -0.041467655414478145 -0.041467655414478145  738318.7028532856
-0.3530093324315425 -0.020229232986136183 -0.006182674460635758 0.9266597895084668 0.3747039934154203 -0.029878474245680242 -0.029878474245680242  738318.702854322
-0.35301398697515807 -0.020268070108662845 -0.006147501703907208 0.9268682108393365 0.37427039105099824 -0.02885402848513829 -0.02885402848513829  738318.7028557119
-0.3532186777812622 -0.019444463010790104 -0.006841689453716452 0.9230645485816464 0.3828377306966342 -0.03708257113075656 -0.03708257113075656  738318.7028567392
-0.353031787697247 -0.020268952890112272 -0.006196351054823217 0.9266965510217151 0.3745566203305154 -0.030583356549213524 -0.030583356549213524  738318.702857882
-0.3530361937097081 -0.020253582361641674 -0.006193221479203965 0.9266911248958984 0.3746039527210828 -0.030146509698754046 -0.030146509698754046  738318.7028590479
-0.3529913539437454 -0.020221745121332887 -0.006159435885842982 0.9266073539580337 0.374867921383832 -0.02946185798244457 -0.02946185798244457  738318.7028600967
-0.35317970056482706 -0.019450828281506377 -0.006780716228056599 0.9235099729026804 0.3819002233263876 -0.035630810036387156 -0.035630810036387156  738318.7028613202
-0.35317878863975777 -0.019463358523167124 -0.006768925084844117 0.923542608115729 0.381889100487757 -0.03486855763294483 -0.03486855763294483  738318.7028624753
-0.3532077019765041 -0.01940888647225961 -0.006821972253324593 0.9235217590700151 0.38187620263070854 -0.0355611816525786 -0.0355611816525786  738318.7028636879
-0.3528967485458682 -0.02036464301666951 -0.005386418704047367 0.9267436633453732 0.3752728323143739 -0.017773745193505466 -0.017773745193505466  738318.702864856
-0.3531954562014545 -0.019426479847611137 -0.006882929898088582 0.9230931913489903 0.3826218013320494 -0.03860270678229986 -0.03860270678229986  738318.7028658722
-0.3531576293776042 -0.01945985240593814 -0.006802420139058263 0.9236549393746227 0.38158827542555 -0.03520791112324502 -0.03520791112324502  738318.7028671531
-0.3531585533938429 -0.020232046161013317 -0.00557354556968915 0.9263788429753321 0.37599796471062435 -0.021039027019013064 -0.021039027019013064  738318.7028682267
-0.35397017946896475 -0.019173145242471164 -0.006907328141942183 0.9209812034391746 0.38719309400558327 -0.04295735443624122 -0.04295735443624122  738318.7028693713
-0.353672527725467 -0.01898331419084816 -0.006721689263868809 0.9199222694555699 0.3888288878508166 -0.050512782848317506 -0.050512782848317506  738318.7028706189
-0.35390539596497517 -0.019302782878697435 -0.006680990334458082 0.9223157691003712 0.38441654287927823 -0.038979789097408526 -0.038979789097408526  738318.7028717976
-0.35487968275548143 -0.02109483736883175 -0.00446943074705092 0.9316310968133245 0.3632082543795358 0.007418970454160116 0.007418970454160116  738318.702873072
-0.3548163780251145 -0.02009798933129169 -0.0069967252120834485 0.9275766491782489 0.37194757462338673 -0.0311297805033884 -0.0311297805033884  738318.7028740667
-0.35376201885409886 -0.019660185769586103 -0.006212688115490025 0.9234333182244471 0.3816120701407917 -0.04014368771997479 -0.04014368771997479  738318.7028751883
-0.3543400896995257 -0.019521817455989084 -0.008086576243294957 0.92731461756814 0.3715422965273665 -0.03100936051141896 -0.03100936051141896  738318.7028763657
-0.35035936657419214 -0.017074026377478475 -0.010562396930851472 0.934036882791182 0.35234683224642604 0.0185652315748451 0.0185652315748451  738318.7028775865
-0.35282291736543453 -0.022361982310831592 -0.002690176391617152 0.9381644966620307 0.33927125869138186 0.06240608760145372 0.06240608760145372  738318.702878741
-0.35190128738645193 -0.021565000710186605 -0.0030764366201366526 0.9350938262612433 0.3471820098485101 0.06704928394858294 0.06704928394858294  738318.7028797796
-0.35366096747514614 -0.02237934876785068 -0.0024127542258341986 0.9388020763942978 0.3412145652694764 0.03649363247704132 0.03649363247704132  738318.7028811661
0.0 0.0 0.0 0.0 0.0 0.0 0.0  738318.7028821256
0.0 0.0 0.0 0.0 0.0 0.0 0.0  738318.7028833911
0.0 0.0 0.0 0.0 0.0 0.0 0.0  738318.7028844714
0.0 0.0 0.0 0.0 0.0 0.0 0.0  738318.7028855562
0.0 0.0 0.0 0.0 0.0 0.0 0.0  738318.7028869564
0.0 0.0 0.0 0.0 0.0 0.0 0.0  738318.7028879379
0.0 0.0 0.0 0.0 0.0 0.0 0.0  738318.7028890455
0.0 0.0 0.0 0.0 0.0 0.0 0.0  738318.7028902808
0.0 0.0 0.0 0.0 0.0 0.0 0.0  738318.7028914697
0.0 0.0 0.0 0.0 0.0 0.0 0.0  738318.7028925085
0.0 0.0 0.0 0.0 0.0 0.0 0.0  738318.70289379
0.0 0.0 0.0 0.0 0.0 0.0 0.0  738318.7029001407
0.0 0.0 0.0 0.0 0.0 0.0 0.0  738318.7029001407
0.0 0.0 0.0 0.0 0.0 0.0 0.0  738318.702900199
0.0 0.0 0.0 0.0 0.0 0.0 0.0  738318.702900305
0.0 0.0 0.0 0.0 0.0 0.0 0.0  738318.7029003978
0.0 0.0 0.0 0.0 0.0 0.0 0.0  738318.7029007346
0.0 0.0 0.0 0.0 0.0 0.0 0.0  738318.7029018889
0.0 0.0 0.0 0.0 0.0 0.0 0.0  738318.7029030201
-0.3539049953285096 -0.017611085750952413 -0.006206002840625383 0.9216549579214084 0.38014591245889673 0.05861136442964608 0.05861136442964608  738318.7029041628
-0.35381257323822063 -0.01639453742753606 -0.007318131421763996 0.9203673393342152 0.387651262877483 0.026259218253750053 0.026259218253750053  738318.7029053519
-0.35400215049251965 -0.017344026169311647 -0.006195974023957194 0.9217198756235996 0.38305688084020595 0.035963025851158556 0.035963025851158556  738318.7029064369
-0.3586499478464556 -0.018189593588809554 0.016075733467719115 0.8801529205915843 0.4457045605608968 0.12780027364601174 0.12780027364601174  738318.7029076066
0.0 0.0 0.0 0.0 0.0 0.0 0.0  738318.7029088184
0.0 0.0 0.0 0.0 0.0 0.0 0.0  738318.7029099615
-0.3597097005500288 -0.004629269344479303 0.1535947929323222 0.4147341197972224 0.7263964966433577 -0.4331012750758615 -0.4331012750758615  738318.7029110115
-0.3456936885911446 -0.022146964186263527 0.20221807248774915 -0.21965672399193395 -0.27629473895046 -0.6066305305357735 -0.6066305305357735  738318.7029122701
-0.33787544244445616 -0.024344076851412252 0.2111420855405567 -0.17422716508749778 -0.21581256561150847 -0.6317811282119769 -0.6317811282119769  738318.7029134711
-0.33007004450978716 -0.02137676134606608 0.21213417931522272 -0.3535844875146375 -0.09701759805827354 -0.5976887378115308 -0.5976887378115308  738318.7029144985
-0.3355208589736166 -0.017271811666736768 0.21867438005260828 -0.22898779758731544 -0.14223259775006375 -0.5528539681636048 -0.5528539681636048  738318.7029157799
-0.3418040487219417 -0.018760037779349325 0.23128277784736087 -0.16172943854713484 -0.14473555023507864 -0.5355847344360815 -0.5355847344360815  738318.702916934
-0.3486394472045374 -0.0190804021028003 0.237999974910463 -0.11145632712743053 -0.1501371148609467 -0.4378303377864307 -0.4378303377864307  738318.7029181346
-0.351722581047571 -0.02227133065366698 0.2441982345007691 -0.06695681637283073 -0.1502640173743732 -0.42684975812878534 -0.42684975812878534  738318.7029192039
-0.355350912882091 -0.02909529101154397 0.2507903447838099 0.026101653097684804 -0.10281268798761854 -0.3240641874099752 -0.3240641874099752  738318.7029205258
-0.35357366751381863 -0.03114506583658814 0.25650409836438826 0.059650233431649234 -0.05877324049887874 -0.2705223476973183 -0.2705223476973183  738318.7029215993
-0.3530178402602358 -0.03460002725308164 0.2628969692258886 0.10066314403396848 0.00822599156561976 -0.2024126412677713 -0.2024126412677713  738318.7029226728
-0.35563117582944337 -0.03674570242176289 0.2705891395021381 0.07928692515875331 0.03796422412401575 -0.15960386110476119 -0.15960386110476119  738318.7029239098
-0.3570640152581752 -0.03562850097283912 0.27617540676219127 0.056441670323020124 0.0921562583883253 -0.1270561283421328 -0.1270561283421328  738318.7029252714
-0.3564609102958999 -0.035350656938881855 0.28086458144425863 0.06937201016351249 0.10209030348266968 -0.12411144551801914 -0.12411144551801914  738318.7029261948
-0.3541338925628472 -0.03325201717144721 0.2841350159889107 0.06729041664932102 0.12014881993055344 -0.11224290568569419 -0.11224290568569419  738318.7029273551
-0.3523775318469384 -0.030147378054495067 0.28433518908378647 0.06680212237187619 0.13409989093681213 -0.10881124484463167 -0.10881124484463167  738318.7029285094
-0.35065097920604066 -0.02847783844263068 0.28661144674033084 0.07374322588685196 0.1231791596402927 -0.11300185666942371 -0.11300185666942371  738318.7029298882
-0.3494194906899712 -0.026715079267260806 0.28698174331331455 0.05665401792221389 0.13332574266835676 -0.10367413129660377 -0.10367413129660377  738318.702930685
-0.35185695124067257 -0.024196359420183392 0.2876591267466188 0.05614113203718354 0.11630777788690591 -0.07263442463219036 -0.07263442463219036  738318.7029319548
-0.3567165976764317 -0.02434040549322113 0.2898631973256567 0.10196359155708229 0.10381459147945732 -0.033321397274426096 -0.033321397274426096  738318.702933051
-0.3624698415279106 -0.02182211472649506 0.2925321122823545 0.08739642838269288 0.11378022602408022 0.010409096974929432 0.010409096974929432  738318.7029343133
-0.36744898904830514 -0.020106200403859603 0.2944661575641049 0.0682598989037491 0.08569128239058939 0.044326257592987875 0.044326257592987875  738318.7029354611
-0.36815650355701424 -0.02243024656400434 0.2931316321158578 0.1455535231216911 0.08034235792252926 0.05333670802421306 0.05333670802421306  738318.7029366059
-0.37471012290721634 -0.016494729254198277 0.279823325694481 0.06518977619985927 0.040067008778737 0.0699497922857167 0.0699497922857167  738318.7029377717
-0.3803867199686648 -0.01570740111323845 0.26264973345768977 0.009247562283149238 0.0021594448572436822 0.08970999591856788 0.08970999591856788  738318.7029388106
-0.3845656679379431 -0.019820055836002205 0.21268475154672473 0.04511102993438131 -0.11210103462973461 0.11183682820699371 0.11183682820699371  738318.7029402045
-0.38208354472410266 -0.026116286603127148 0.1782162428120725 0.08902960862011924 -0.12527167381174656 0.1364850655385169 0.1364850655385169  738318.7029412667
-0.3817864564285505 -0.02796254362962268 0.15110350725541177 0.03762061486293314 -0.17548162332313477 0.28275333380478257 0.28275333380478257  738318.702942294
-0.3825514114463468 -0.025928151369599257 0.1392444841582631 0.04246252901954824 -0.31320617941795736 0.3937430256539701 0.3937430256539701  738318.7029436663
-0.3845101331461182 -0.020974786068160854 0.1397468571187906 -0.049760507184067465 -0.3626201219491839 0.4275278555655967 0.4275278555655967  738318.7029446936
-0.3821770951723583 -0.00785380652645586 0.13426580468576244 -0.14341233403628967 -0.42177192747026543 0.3902431104919955 0.3902431104919955  738318.7029458248
-0.38485652920391 -0.007095160969630179 0.1505095161879695 -0.1345964683435506 -0.4252245838040229 0.41074214272381177 0.41074214272381177  738318.7029471177
-0.38576087394261954 -0.008109916275368374 0.16072887654915893 -0.18272857702530249 -0.44317414560379204 0.42020197393805747 0.42020197393805747  738318.7029481912
-0.3870853843636569 -0.010139649801702465 0.1710416832606304 -0.18087693911301816 -0.43151593022715784 0.44754335384100913 0.44754335384100913  738318.7029492416
-0.3882999860487258 -0.008349070902599252 0.17354481182626255 -0.2332083178060294 -0.39933521349611834 0.4393166615384078 0.4393166615384078  738318.70295062
-0.39313249796644534 -0.016354544971866277 0.17685671844945083 -0.2730895012948004 -0.37949044597074516 0.4240664417196493 0.4240664417196493  738318.7029516601
-0.3969944302433269 -0.02523026407933954 0.17401437538541498 -0.31350451067995094 -0.37676259656945793 0.40107187595820315 0.40107187595820315  738318.7029528721
-0.3996511209058029 -0.03412624145051975 0.17154419559128378 -0.3240493856145683 -0.3395506999868391 0.3935828344971527 0.3935828344971527  738318.7029539479
-0.40265946260345803 -0.06152957161874236 0.1722275848184969 -0.08223835153008589 -0.3856120327271017 0.4764939358891822 0.4764939358891822  738318.7029550441
-0.4055712560945296 -0.09882964939933662 0.19030110989114252 -0.07031695561630145 -0.42577237025951087 0.4758894654975275 0.4758894654975275  738318.7029563916
-0.39392729072232535 -0.14815211632309733 0.23548098073181215 -0.06273579488282521 -0.44833033824263474 0.49125758681391785 0.49125758681391785  738318.7029574465
-0.3634981765536846 -0.19478691197773956 0.3209796706294024 0.11935062406674808 -0.4354144016350724 0.545020051169016 0.545020051169016  738318.7029584853
-0.2931456409845193 -0.2591339018899818 0.47511774400052786 0.09882094814037269 -0.36792467766632386 0.5936007448801471 0.5936007448801471  738318.7029598706
-0.22346761574116558 -0.31421526436224767 0.5956318991849618 0.07505542961170016 -0.35461212179414514 0.6549380941510604 0.6549380941510604  738318.7029609195
-0.14597947063036934 -0.36875653620651383 0.71226661689083 0.06115084566377944 -0.3850405490910968 0.6674689513101486 0.6674689513101486  738318.7029619584
-0.03724794540283656 -0.45004617967097066 0.8363452368646688 0.09692362708709645 -0.41239632995439895 0.7368961164166553 0.7368961164166553  738318.7029634127
0.03463688112172278 -0.5095402400457213 0.897051349993151 0.14184562235760442 -0.41207739656758624 0.7598354089625805 0.7598354089625805  738318.7029643903
0.09724703790003335 -0.5777206121040755 0.9174476114808067 0.17780918551754152 -0.3993619957731942 0.7971540473127495 0.7971540473127495  738318.7029654292
0.15631793538994102 -0.6814406521590933 0.9184483660652426 0.23556461163196987 -0.3620046226318189 0.7978008848189593 0.7978008848189593  738318.7029667187
0.2355531183832613 -0.7654346358442957 0.9297033561793392 0.20476287307565877 -0.33177951556993207 0.8612905686298945 0.8612905686298945  738318.7029677756
0.3255334969166111 -0.8365212410147976 0.9688737895724139 0.1859303404233754 -0.29421098140678065 0.9064977179985115 0.9064977179985115  738318.7029689325
0.4218956439844626 -0.9132169979124571 0.9978525055792703 0.17761389063126526 -0.23697039454945296 0.9416194382176911 0.9416194382176911  738318.7029702943
0.4842138134286726 -0.9745298987409292 0.9842175594755411 0.2120951388341202 -0.2309660402661304 0.9441738715136645 0.9441738715136645  738318.7029713332
0.5284814026963008 -1.0330911839231876 0.9645571544069093 0.2321339522831278 -0.216502629973197 0.9466523874567262 0.9466523874567262  738318.7029723374
0.5883239655422369 -1.1254216081992217 0.9322754781100173 0.2722558784588614 -0.23908403994863128 0.9320477110198607 0.9320477110198607  738318.7029736548
0.6457270161814539 -1.1967502559431924 0.9302643662772143 0.275494638252864 -0.2688167843813727 0.9198746813921934 0.9198746813921934  738318.7029748145
0.6989795149729993 -1.2722958936406672 0.9670707193434929 0.21194195588000636 -0.26004947507824944 0.9410597862705239 0.9410597862705239  738318.7029759804
0.7871096043374652 -1.3332662224313063 0.9856786238023544 0.1791066130292886 -0.2066798119154355 0.9544357927376232 0.9544357927376232  738318.7029772397
0.8444469766678304 -1.3677644174170818 0.9684943968037683 0.22577038915106032 -0.19480902170205538 0.9378232973832078 0.9378232973832078  738318.7029781401
0.9303855051444071 -1.444094185291712 0.9278956714285522 0.22528000275324547 -0.21098719841246755 0.9280091659815624 0.9280091659815624  738318.7029794392
1.004093381931017 -1.5155725588594917 0.9008392114150547 0.24487805058977502 -0.23610934442457876 0.9210707865825971 0.9210707865825971  738318.7029805093
1.1033721075732066 -1.5943983381715643 0.9020953992493522 0.27575753156122823 -0.2097539521260863 0.9093099091284187 0.9093099091284187  738318.7029816317
1.1987025895456975 -1.6843037731190078 0.9351938397931212 0.1829486386304274 -0.22123223001308046 0.9381590441865488 0.9381590441865488  738318.7029828788
1.3177178937065381 -1.7814205580223261 1.0471492136558105 0.19918747766618958 -0.17124897970444486 0.9386999435247542 0.9386999435247542  738318.7029840683
1.3855177091682953 -1.8416837500282608 1.0707457702681111 0.2206979399007639 -0.14839552533375147 0.9409865438464878 0.9409865438464878  738318.702985061
1.475683598991934 -1.9156368041265248 1.0605792637297604 0.21997022818837633 -0.160003838728868 0.9313286318819015 0.9313286318819015  738318.7029863766
1.5298831829919441 -1.9663322028942578 1.027529402459609 0.20250207373295498 -0.1432046637561376 0.9274755299842085 0.9274755299842085  738318.7029874731
1.5664665091189465 -2.0203309816931125 1.003302307459114 0.1882720627086034 -0.11864551787668735 0.9318471497032508 0.9318471497032508  738318.7029885477
1.5897630306707409 -2.0972087071086705 0.9616724668533653 0.1850219598041988 -0.09249682657322557 0.95006221031179 0.95006221031179  738318.7029900617
1.5950309921447146 -2.140030403882043 0.9259325043814494 0.2070201635814579 -0.036283175997102485 0.9629892599908068 0.9629892599908068  738318.7029908969
1.61070788057793 -2.1892118121385584 0.903588985541977 0.2559680909512492 0.003436062954787238 0.9572942163422253 0.9572942163422253  738318.7029921666
1.6264157256226373 -2.2422286564865797 0.8809283557737076 0.2773061455106273 -0.0019509670867521103 0.9574918937292363 0.9574918937292363  738318.702993379
1.6410990023682976 -2.2858985075404337 0.8900438496285307 0.3050809884170208 -0.015140033338425542 0.9514725529210538 0.9514725529210538  738318.7029943599
1.6463625464566036 -2.328243630176358 0.8765226463098704 0.33865790761381004 0.018791271880918954 0.9406432151426948 0.9406432151426948  738318.7029956405
1.6494771326619582 -2.3557523443479296 0.8674269415579317 0.3477707584421939 0.03353609083706543 0.9364905777017825 0.9364905777017825  738318.7029967975
1.6274888653996158 -2.3601815650453584 0.7732307023597478 -0.1509182937487077 -0.14362814639859695 0.9779902370408399 0.9779902370408399  738318.7029979536
1.6213289570318898 -2.368731445835543 0.7691745625121872 -0.13436789028456012 -0.13934775206967037 0.9807952134704947 0.9807952134704947  738318.7029991079
1.6164592059305711 -2.3769623911911144 0.7671009156989095 -0.07851857108829811 -0.15930928117377552 0.9841002055244656 0.9841002055244656  738318.7030003087