-0.26658984316217227 -0.01875552171059189 0.01974678289991352 0.007398177684273633 -0.009221990986823258 0.9798932567801271 -0.19917185334787393  738339.4044214477
-0.26660765877993514 -0.018755850442880508 0.019743866815250564 0.007372258208203864 -0.009058776877537165 0.9798822433075868 -0.19923447899619662  738339.4044224299
-0.2666250984511668 -0.018773722979909997 0.01973515895574704 0.007174399338418352 -0.008700994639135273 0.9798487160927747 -0.19942245173942613  738339.4044237491
-0.26661060288581373 -0.01876944920481071 0.01974517045463679 0.007184794360758537 -0.009082208896062847 0.9798670469234675 -0.19931498329289007  738339.4044247919
-0.26657387377861336 -0.018764573567737836 0.01974130154688124 0.007321877899334021 -0.008944704314540279 0.9799085433880078 -0.1991121015005005  738339.4044260312
-0.26659877825596356 -0.018756390339665693 0.01974660287344783 0.0072831306372371325 -0.00911383854088435 0.9798830280334012 -0.19923138640099936  738339.4044271016
-0.2665798625373919 -0.01876612188846974 0.019722113761784756 0.007402382180395874 -0.009005549937306373 0.979926974973694 -0.1990156489507481  738339.4044283784
-0.26660710205856164 -0.01875842720167577 0.019764699861185436 0.007029946818336403 -0.009152787265757282 0.9799047070407655 -0.19913204526733194  738339.4044295468
-0.26660497492189694 -0.018759332268802005 0.019768035557190977 0.007029319817801748 -0.009354934892934501 0.9798963681610463 -0.19916370533016148  738339.4044305366
-0.26658862272180744 -0.0187653057315302 0.01972616288483556 0.007475109287479375 -0.009018788867791314 0.9799072454120816 -0.1991094537620071  738339.4044318259
-0.26662449832408025 -0.018766194355126647 0.01978068344441493 0.007378584229133033 -0.008459392451461533 0.9798437841815212 -0.1994496271617534  738339.4044328934
-0.2671329308504677 -0.018787251549100183 0.021470459285669576 0.0005309174411883514 -0.0088888520718495 0.9799012301904009 -0.19928443367923793  738339.4044341691
-0.2722334539638726 -0.013773301280661234 0.03709564289524983 -0.01815041199401532 0.051599812775481195 0.9697377546156173 -0.23794265935103703  738339.404435338
-0.2826220002825673 0.009323300729787105 0.0420195375378558 0.039255843949590676 0.24495671350796597 0.9151798133488442 -0.3176493293900623  738339.4044364713
-0.3005797608135618 0.05631302003789016 0.042101644506480636 0.07493435919830985 0.5773513453713466 0.7830258415990653 -0.21890819353672117  738339.4044375436
-0.3194512707526075 0.11185106498859443 0.008078923322929405 -0.016040975369800106 0.9132128235259583 0.40667031690417416 0.020106700524726316  738339.4044386214
-0.3091257209161686 0.13604569537729308 0.02895817460468969 -0.08949706565748149 0.9310106578848819 -0.2555129041931564 -0.24479090247441512  738339.4044398764
-0.28846549231080576 0.15084620972571358 0.036842527343773565 0.06751893316720435 -0.8192149069389792 0.1139358609830389 0.557984542344119  738339.4044409966
-0.2649264543602619 0.15871834496624918 0.03992269067563401 0.033817465081316826 -0.6728950342699946 0.12865140922788068 0.727679508309762  738339.4044422657
-0.22540312389422354 0.1597113952166263 0.03486508070884913 0.07992364185746124 -0.39588479233665114 0.1456187519476741 0.903151494351866  738339.4044433112
-0.19011106138165063 0.1770592831599562 0.02882020823185485 -0.026052276227824956 0.03259824043267313 0.08049330158175967 0.995881248957179  738339.4044445148
-0.20171720519868858 0.16608057512121857 0.023539812208219338 0.01472659161046898 -0.03164223194679395 -0.014800021534042432 0.9992811696512427  738339.4044455898
-0.20007056737858345 0.17009093794458408 0.02303831865974692 -0.006758927632573984 -0.004646462732471363 -0.055577635440371045 0.9984206797338437  738339.4044468444
-0.20033506195075926 0.16965776124776158 0.022864038965092908 -0.0047545800937670284 -0.005365387668962749 -0.055733704942281644 0.9984199320509884  738339.4044479477
-0.20030031916491392 0.1696911787791968 0.02288931897030694 -0.004794975016776567 -0.005401686302526739 -0.05574931868480025 0.9984186714329105  738339.404449213
-0.20028933739655483 0.16970053795679507 0.022891560906136036 -0.0047124479816896825 -0.00529017325919052 -0.05578789918362438 0.9984175064598905  738339.4044502566
-0.20035048635184907 0.16957501299754466 0.022770505460544505 -0.005685771911749898 -0.006090139308008605 -0.055044026456134654 0.9984491661333956  738339.4044515291
-0.20040073549268284 0.1695029802574367 0.022749636486165195 -0.004634445672792143 -0.005427980570577524 -0.05613350962234787 0.9983977604330396  738339.404452569
-0.2002933222263397 0.16970151341430817 0.022890572460298273 -0.004941242823990239 -0.005218775566781912 -0.05570839459630673 0.9984212153557436  738339.4044538398
-0.20029457560606426 0.16970474663655352 0.022867602121637427 -0.0048504397850271126 -0.0053211457293112704 -0.05567022368199434 0.9984232493472976  738339.4044550513
-0.20029661846511146 0.16969380071649848 0.022858389881030935 -0.004854032058316862 -0.005243561637680185 -0.05569791043253714 0.9984220982167702  738339.4044561565
-0.20029258799842933 0.1696964527462279 0.022870474128860827 -0.0048894952750574774 -0.0053406937985421375 -0.05573552068424286 0.998419311491801  738339.4044573278
-0.2003000276300296 0.16970038338702204 0.022857472241904504 -0.004879122255700867 -0.005347342332167505 -0.055700418841895236 0.9984212855487578  738339.4044583227
-0.2002978885335994 0.1697016177614443 0.02286403171272081 -0.005005426495057525 -0.005398925762487803 -0.0557018465674495 0.9984203030764098  738339.4044595695
-0.20030042972640547 0.1696980328687094 0.022853764233931807 -0.004763462341597357 -0.005308131772063916 -0.05567463686536457 0.9984234912969148  738339.404460649
-0.20029810277388435 0.16969916583513645 0.02286402040660564 -0.00474879465000414 -0.005364297154021429 -0.05573042407181032 0.9984201485838473  738339.4044618917
-0.20030299441432015 0.169691909043412 0.022840433510559782 -0.004792920920988677 -0.005028536441395984 -0.05581257649089221 0.9984170962256962  738339.4044629827
-0.20029396276888412 0.16970633783575015 0.02285554863855143 -0.004797481474757334 -0.00538761381778633 -0.05571476966379968 0.9984206639639224  738339.4044642615
-0.2002844910104297 0.16973186677531224 0.022894605147838556 -0.004595088944125957 -0.005964937459281204 -0.05556931152157892 0.9984264401024846  738339.4044652984
-0.2002780897213275 0.1697651240591262 0.022932344896910314 -0.004915508273182878 -0.005127647628802848 -0.05557594354444476 0.9984291960411393  738339.4044665725
-0.20028385377466937 0.16976206925979392 0.022942763796847124 -0.005038087354433165 -0.005020539924421881 -0.0555860771139753 0.9984285652392741  738339.404467636
-0.20028350962469518 0.16976144047224645 0.022938442443647424 -0.0047596266280166485 -0.005059459939197606 -0.0556636922584018 0.9984254109264484  738339.404469063
-0.20027675961010005 0.16976095819058828 0.022922079542700466 -0.004807869891432812 -0.004903210844899173 -0.05553376520105639 0.9984331944767819  738339.404469981
-0.20028138688801095 0.1697589458155578 0.02291873902607285 -0.004956388585222936 -0.0050540168302814995 -0.05563598564297658 0.9984260254158072  738339.4044710699
-0.20028470479127258 0.1697623890096318 0.022927528380955322 -0.004904968449891366 -0.005083227406778454 -0.055580848805655975 0.998429201961601  738339.4044723623
-0.2002866805452056 0.16976284566325706 0.022924371994382443 -0.00492649376663709 -0.005060936876330708 -0.05563285537042786 0.998426312744428  738339.4044735696
-0.20029170509174293 0.1697580121168918 0.022925312439529225 -0.0049138043869961165 -0.005040228203850051 -0.05565300320352635 0.998425357180259  738339.404474499
-0.2003076436473055 0.16977743272972248 0.022947900036109567 -0.004804993248215453 -0.005209193893810081 -0.05542307707347262 0.9984378092132575  738339.4044758354
-0.2003925167447136 0.1698422689735742 0.02301162460047415 -0.005054676774008074 -0.005589577727914359 -0.05552862846253735 0.9984286545790858  738339.4044768728
-0.20040997872406002 0.16985204525069417 0.02301315952332171 -0.004841689230564196 -0.00549165963499928 -0.05551483769834706 0.9984310204091088  738339.4044780995
-0.20040941413835714 0.16985800098798906 0.02301359476585082 -0.00469166358683216 -0.005532730029551293 -0.055592180365814765 0.9984272064969899  738339.4044791897
-0.2004141026261376 0.1698569622136762 0.023012794043397015 -0.0046877072393860155 -0.005406147841444542 -0.0555859336859034 0.9984282662978952  738339.4044804628
-0.20040507511625572 0.16985403668214816 0.02301834515371182 -0.004587478362699534 -0.005581696428232141 -0.05559241207522369 0.9984274051862325  738339.4044816227
-0.2004097349569569 0.16984965517856954 0.023000328017262935 -0.004714750514179157 -0.005510652144500699 -0.055597677590502034 0.9984269137433516  738339.4044827822
-0.2003553088868416 0.16977503565960606 0.022899223656929705 -0.004751187369755642 -0.004798271563545771 -0.05556382945884666 0.9984323029952747  738339.4044839364
-0.20036470081329294 0.16978449783614247 0.022914050899675662 -0.004038297496678939 -0.005388592077872753 -0.05518210943557507 0.9984535993359867  738339.4044850915
-0.20046458859742416 0.17164351040508083 0.022938827614349205 -0.00676903213102442 -0.006229849100799558 -0.05710698157621875 0.9983256792447261  738339.4044861547
-0.20046661758925688 0.17105086261071392 0.02279967404053708 -0.0047395173310274975 -0.005830775380833602 -0.056740850417753536 0.9983606637522321  738339.4044872922
-0.20035284900281145 0.1709249751971298 0.022800670177804662 -0.003263200774055727 -0.005980437424774319 -0.0573192462002535 0.998332654932188  738339.4044885635
-0.20037677782143068 0.17094168580596886 0.02277466629242779 -0.0034552240226311368 -0.006220873209816103 -0.057448134690851256 0.998323131047259  738339.4044896141
-0.2003872442134226 0.17094625019653684 0.022727133253597074 -0.0036569555202656217 -0.006760990110606364 -0.0571576126150725 0.9983355763515555  738339.404490853
-0.20038555851665832 0.17092395705688063 0.022756115130067034 -0.003130952837489249 -0.00594590313297562 -0.057617553176396066 0.9983161127299448  738339.4044920384
-0.20038865800703218 0.17091840076962633 0.022749508756710387 -0.0033241281897650504 -0.006731997108103217 -0.057374903544067955 0.998324471717499  738339.4044932001
-0.20039545882248092 0.1709129489413627 0.022737918418719028 -0.003996983865939382 -0.006928317574817627 -0.05728881804467666 0.9983256051322144  738339.4044943646
-0.20044279959398528 0.17090274375723463 0.02272558556708681 -0.002765785747842804 -0.0043720790153634476 -0.05782568452503873 0.9983132902869175  738339.4044955091
-0.19619513375746825 0.16939364752555439 0.02305322857697704 -0.0005849640962347304 -0.003415787852429061 -0.06307933877962829 0.9980024986088353  738339.4044966678
-0.1945857994001303 0.17037996458565297 0.02327134793355281 -0.005280569237703745 -0.0043867459169200365 -0.06347963595029965 0.9979595221592926  738339.4044977048
-0.1926086952658237 0.17185395440952345 0.023175184615307848 -0.003065997719256477 -0.004352454520005937 -0.06320148522743335 0.9979865871156202  738339.4044989328
-0.19246951651992855 0.1719414702097177 0.023194779415848594 -0.0020226235641666993 -0.004787576714404891 -0.06319070902345107 0.9979879369993582  738339.4045000208
-0.19246491880907796 0.17199136387624878 0.023186833342758725 -0.0025691790421772573 -0.004303255625902252 -0.06365572013441699 0.9979593331415044  738339.4045012931
-0.1924420897700766 0.17241545587886567 0.023156429495518493 -0.0016052970898951524 -0.005619400090656427 -0.06445908439184665 0.9979032376955389  738339.4045023404
-0.19243981732549223 0.17263129914026604 0.023269879007700136 -0.0004363864023427996 -0.004431902965790983 -0.06503304293819082 0.9978731738699108  738339.4045035704
-0.19228791766080572 0.1728323339706546 0.022876005520666844 0.0010840619685216217 0.002241489456044914 -0.06259332725658716 0.9980360093291307  738339.4045046528
-0.1923906210489887 0.17289303044933513 0.022849286019608492 0.00022478335801565024 0.0013985100018677854 -0.062111004752344795 0.9980682425219585  738339.4045059151
-0.19251343087871448 0.1727081788474376 0.022998963303328405 0.0008456939582618407 -0.0017785201206669456 -0.06543236623157567 0.9978550631816459  738339.4045070882
-0.19094139763635562 0.1735960024422833 0.02196110442330314 -0.007692185846860228 0.03753633419459327 -0.05458786401948415 0.9977735309146658  738339.4045082283
-0.19006255687326643 0.17501599815609897 0.020803386455742996 -0.013461004084862801 0.0705429841815444 -0.05156173606243495 0.9960842715985518  738339.4045093475
-0.18432915116235393 0.17358511654942543 0.025018282872625065 -0.018578436045665097 0.007273114998729201 -0.003490384969436336 0.9997948593211897  738339.4045103916
-0.1808866186626781 0.15668278605305752 0.03629208571498822 -0.012813332439510895 -0.1311130582721228 0.09198232668453926 0.9870078196448214  738339.4045116595
-0.16630233996401045 0.10949020479796055 0.04994046408747233 0.1825258663202779 -0.26450605646590675 0.35965902802956506 0.8759944279353123  738339.4045127422
-0.13584131582980993 0.07276149324896589 0.06247349150442252 0.21240101705090272 -0.11355459897604434 0.6103009501456139 0.7546680801905515  738339.4045140261
-0.15555938481220846 0.08083345977675802 0.03000294814552067 0.1821926330048483 -0.11420167612977707 0.6764326592140171 0.7044165523300567  738339.4045151826
-0.16207474450974238 0.09792544525026757 0.02098536669919542 -0.01376782018660059 0.004152419819714215 0.7200515606127013 0.6937715435185877  738339.4045163449
-0.1645975131446013 0.09569186373845469 0.022438076334124073 -0.027688645848749367 -0.009546836842978143 0.7238060044700811 0.68938165386846  738339.4045175
-0.1660520233187681 0.0950548729054144 0.023389046143472314 -0.03749800234810497 -0.02642240254199248 0.7147015539746155 0.6979236671800721  738339.404518495
-0.16560136284188234 0.09428822354549593 0.023771629142524838 -0.027758701034681144 -0.032112804021888056 0.7084872381074234 0.7044459211136325  738339.404519755
-0.166364269880768 0.0937747982043712 0.02386701298735365 -0.03030687041404368 -0.015042969238248119 0.6904492709449808 0.7225890996505192  738339.4045208347
-0.1685976885793419 0.09069958353941612 0.022360092774742803 -0.022142302668894734 -0.006246217317279948 0.6634427950070673 0.7478732251892395  738339.4045220974
-0.16929308771145873 0.09104775036055136 0.02141157806316764 -0.01891767642525678 -0.007059341186372455 0.6654213450590017 0.746194827615786  738339.4045231816
-0.16838206143227585 0.09046767361952257 0.020362937907927526 -0.00908769453448085 -0.0030647830260223485 0.6646302747527044 0.7471108477295695  738339.4045244183
-0.16840463862226243 0.08924584944069665 0.018694738980313493 -0.0022760911341225968 -0.004165701518366579 0.666553280331186 0.7454422786639785  738339.4045256011
-0.16856200195023796 0.08865912306173108 0.018764561641548112 -0.0018937219019958854 0.00036358915077167736 0.6667154559382245 0.7453098566592106  738339.4045267461
-0.16909013414899246 0.0898212665164956 0.019127043763674776 -0.006530215979755969 -0.0033655717612327387 0.66639520693083 0.7455625107163008  738339.4045279205
-0.1688803115516053 0.0902658380666984 0.018299298167159236 -0.007386052464705027 0.0016661233465001173 0.6647866199723724 0.7469949264671691  738339.4045289143
-0.16810865869854122 0.09120623086278809 0.018129204849072166 -0.008412486467857921 0.011792530925403147 0.6631026046757931 0.7483883363321348  738339.4045302315
-0.16837635973831025 0.08985771327221101 0.018410489190892384 -0.000450163710658168 0.004412903359095797 0.6657498596276229 0.7461618108978624  738339.4045312719
-0.16882409332784812 0.09032554666741321 0.016821830239649956 -0.004932368148091489 0.011052952573305947 0.6645531297287708 0.747142986148943  738339.4045325465
-0.16873387461780373 0.09130681876607244 0.017352900351525362 -0.008271907105936678 0.01666054429822395 0.6656169457365642 0.7460617155201341  738339.404533601
-0.16879270680097325 0.09214637459261067 0.018367119816113765 -0.013259240932264172 0.015019548930298877 0.6685070304496928 0.743435912449193  738339.4045367236
-0.1689103901036117 0.09207397584220067 0.018459385295182564 -0.014874142409506345 0.015067715705675585 0.6682561119170392 0.7436299433969268  738339.4045367236
-0.16886555927326408 0.09200686470978606 0.018459477221433877 -0.015027874275522232 0.015184871851821593 0.668111828479279 0.7437541040610649  738339.4045371768
-0.1687561719674143 0.0918216303647053 0.018309681040730698 -0.01693798099640754 0.015559498153404414 0.6661823453272233 0.7454341618086067  738339.4045383411
-0.16884280392253193 0.09147262933456657 0.01806689464694139 -0.015984035339940524 0.01460049370868085 0.6654345932525346 0.7461421703003711  738339.4045393814
-0.16850961033437484 0.09063870908047666 0.01694399066740846 -0.008317670720959172 0.015237886087129442 0.6657117611672803 0.746007020224965  738339.4045406586
-0.16782685169262895 0.0911275370497613 0.01686373490874921 -0.007384621083032965 0.01919321052907895 0.664205956716802 0.7472667094839461  738339.4045416814
-0.16739040018638998 0.09306674808224279 0.02011445553131927 -0.0206541198785798 0.030934979052270273 0.6704712940013373 0.7410024819953366  738339.4045430038
-0.16752451151278375 0.09118009182956285 0.021302380084989813 -0.01062689862340011 0.003874706517108869 0.6678895483449763 0.7441744465423399  738339.4045440045
-0.16786833329031914 0.09080409232346368 0.021718858494398446 -0.008769979129400482 -0.0038187994366580998 0.6677062759379265 0.7443633745087396  738339.4045452785
-0.167838147274422 0.09073403273037203 0.021773569665441136 -0.008622551220112082 -0.005206527161527264 0.6672501441708579 0.7447655931830782  738339.4045463406
-0.16786700952131828 0.09067974790421329 0.02183855324561118 -0.008269931650858499 -0.005729737316518075 0.6671372332692261 0.7448668943688235  738339.404547482
-0.16794062553453085 0.09066208886841667 0.02179416222874969 -0.007698605154458863 -0.00569258636218096 0.6674907747558693 0.7445565066232344  738339.4045487171
-0.16768997495563467 0.09063397138680178 0.02180176536887 -0.007471103950443952 -0.005657914417532555 0.6672478892009527 0.7447767618334227  738339.4045498252
-0.16765170787615472 0.09061512959133489 0.02187037502918873 -0.006668157448972786 -0.006303445408236096 0.6671750702490747 0.7448444320060151  738339.404551074
-0.16767740313635335 0.09064075825956058 0.021834982063368112 -0.007357712461629833 -0.006562725618692921 0.6671136758783095 0.7448906887295045  738339.404552231
-0.16766693026989918 0.09063880486598064 0.021836316168096673 -0.00745210728839526 -0.006903374208545877 0.6670779312886543 0.7449186822124603  738339.4045532483
-0.1675904092977911 0.09033898007421713 0.02201335716756884 -0.0059709730614922255 -0.00663128229075763 0.6682774804854588 0.7438585770506961  738339.4045545693
-0.16912385815176095 0.09082774122096071 0.02205414283780622 -0.005631892020426834 -0.005436372815689887 0.6703172180238772 0.7420333920138696  738339.4045555729
-0.16935948527972006 0.09079680473601795 0.02176936662965538 -0.006393927214603011 -0.007036289303478607 0.6703787036752824 0.7419582211865168  738339.4045568804
-0.1693680592490899 0.09077658155665455 0.02174502872670364 -0.007029964078275279 -0.0069440899359192254 0.6704884150326551 0.741854193576486  738339.4045579131
-0.1693669744477965 0.09077376311621967 0.02177418960184613 -0.006283166448597808 -0.006604132603047624 0.6703329106843816 0.742004512186648  738339.404559215
-0.16939005289071798 0.09077133458430728 0.021779729984885268 -0.006187907722130762 -0.0068833842313089045 0.6700896351077145 0.7422224799484025  738339.4045602394
-0.16934198549321633 0.0907721990836805 0.021797140858052764 -0.006346153224895544 -0.007277374296656704 0.670304725518303 0.7420231405491509  738339.4045614153
-0.1693961995399598 0.09076102167443599 0.0217724302825172 -0.006845351862548905 -0.007914087168011619 0.6703976200286235 0.7419282576112952  738339.4045625831
-0.1694816516571505 0.09071573002153402 0.021802873141807483 -0.007355694156571596 -0.008637456493357714 0.6703866085611455 0.7419252544365139  738339.40456367
-0.1694940415915224 0.09072861043301607 0.021831419445827747 -0.007196593538549209 -0.008210108354252194 0.6701099897248841 0.7421815174424437  738339.4045649291
-0.16952978378479003 0.09076330451208839 0.021840239875308882 -0.0066927437625225 -0.00825145389949625 0.6705226722145436 0.7418129594013181  738339.404566049
-0.16956331823016807 0.09081839868464431 0.021904481468105183 -0.006848737414164501 -0.008389411561450833 0.6701900672565222 0.7421104946840347  738339.4045673049
-0.16961939441428422 0.09086316866728336 0.021936178481518312 -0.0070558669250282225 -0.009099945903170323 0.6702339437030802 0.7420605544257908  738339.4045683602
-0.16962392369858875 0.09084939353281936 0.02194359907469938 -0.0073216980196631224 -0.00890366422521833 0.6702962652433893 0.7420040662302582  738339.4045694106
-0.16960887700303537 0.09084908498685465 0.02197174664303128 -0.007747844948225043 -0.009393183652948207 0.6703787678348371 0.7419191644888046  738339.4045706773
-0.1696291859748555 0.0908504084784286 0.02197118365437425 -0.0073061540223876885 -0.009065355509869298 0.6703153875470113 0.7419849868161625  738339.4045717843
-0.16964001095581563 0.09080674342260135 0.021937154279017237 -0.006964136072940539 -0.008959426553952063 0.6702199970748299 0.7420757272715479  738339.404572992
-0.16955673677944524 0.09079617005438001 0.02191685367331727 -0.00771868799673018 -0.009348416905966312 0.6704159423352805 0.7418864422670489  738339.4045741428
-0.16949197651599154 0.0907065209720283 0.021780811269866994 -0.0063438203952322966 -0.008994631697920663 0.6703020153098176 0.7420067794939672  738339.4045753403
-0.16950828286282343 0.09068687094533473 0.021754856105310617 -0.006420193903053077 -0.008733552617641112 0.6702856548256689 0.7420240205706595  738339.4045765206
-0.16952710963191867 0.09066286105259491 0.021782765232802995 -0.006949395526701661 -0.008302195813594048 0.6701007506371371 0.7421911906254558  738339.4045776876
-0.1695166091892541 0.09070377089096913 0.02182820390450248 -0.007548149527840933 -0.008016187612857342 0.6701955724188933 0.7421028640862215  738339.4045787823
-0.1695222510145977 0.090715143564006 0.02184753187833919 -0.007174604414609164 -0.008246837233056893 0.6701257809872908 0.7421670650084917  738339.4045799064
-0.169506108509738 0.09068149852384857 0.021781880401330746 -0.007022719758182782 -0.008888687790900187 0.6703250793485308 0.7419811053072307  738339.4045811018
-0.16951830624229586 0.09069151927226832 0.021792584473038567 -0.0068161163805608846 -0.008649757249265972 0.6702705247022579 0.742035137963409  738339.4045821776
-0.169503319101837 0.09068534903515806 0.02177951978508987 -0.007002972510818109 -0.00880440997070887 0.670303625468748 0.7420016781817498  738339.4045834851
-0.1695148956355694 0.09068611395847556 0.02179531181142033 -0.006846479282123847 -0.008605679748929456 0.6701893591083516 0.7421086786552461  738339.4045844902
-0.16952629411403067 0.09068963930267882 0.021797869956826525 -0.006783704162216529 -0.008580754707481065 0.6701377551979276 0.7421561433180837  738339.4045857564
-0.1695000555390483 0.09066981354412999 0.021769396607978442 -0.006735322645506374 -0.00840814457666135 0.6702489843310889 0.7420581092723012  738339.4045868829
-0.16949907725838517 0.09068422364162441 0.021782992331407434 -0.006833139241697924 -0.008768953226115888 0.6703047308833994 0.7420026828945806  738339.4045885394
-0.16950540929494096 0.09066125072071136 0.021774098455752358 -0.00672175527671088 -0.008448665153145891 0.6701272314524012 0.7421677247961339  738339.4045891974
-0.16946924800124133 0.09073263546806644 0.021824102153187083 -0.007383245026392168 -0.008089838315933387 0.6703200370671927 0.7419913005656736  738339.4045902918
-0.1695148737549004 0.09067526775911994 0.02181340017343217 -0.006223920203860624 -0.009169000301720812 0.6703265098478277 0.7419835324628123  738339.4045915732
-0.1695495900890917 0.09060541058785745 0.021788282875325898 -0.007029284373802274 -0.009179745865039864 0.6703648477720151 0.7419415693291815  738339.4045926698
-0.16956440768462067 0.09059792503469649 0.02179438884606305 -0.007054758513661456 -0.008623186649961439 0.6703655395706235 0.741947379798932  738339.4045937549
-0.16954734249287517 0.09058591876345144 0.021781400641133975 -0.007359174015394745 -0.009021212453234393 0.6705036413992113 0.7418148873904342  738339.4045950247
-0.16953044574539305 0.09058905806985018 0.021784951549039845 -0.00759198329448153 -0.009270858807461481 0.6705233049315301 0.7417916894319636  738339.4045962021
-0.1695531302350899 0.09060633380923204 0.021813327388161916 -0.0072061457039612605 -0.008770595100889646 0.6703729915585908 0.7419374638838877  738339.4045973591
-0.1695374122564035 0.09059040388222363 0.02178890238770171 -0.007239113947199851 -0.009001268907223359 0.6704860763808301 0.7418321870657534  738339.4045985156
-0.169538848951589 0.0905904394204538 0.021794541112714914 -0.007213226423944191 -0.00904516166203363 0.6705048659917391 0.741814922400773  738339.4045995154
-0.16953668623448162 0.09058363238626918 0.021790950090649845 -0.007203233793265873 -0.008977371408314281 0.6705035230589769 0.7418170568213006  738339.4046007834
-0.16953264986892935 0.09059217703882674 0.021792082255659123 -0.0073392253142659765 -0.009186916525061806 0.6705038993771754 0.7418128182072287  738339.4046018783
-0.16953658406726935 0.09059499118357917 0.021802625014730844 -0.007286493493343389 -0.009024183432331303 0.6704403359361241 0.7418727836198119  738339.4046031524
-0.1695448735110591 0.09058964222244818 0.02179667810739391 -0.007046761213186444 -0.00886668809709949 0.6703948053265348 0.7419181423781134  738339.4046042259
-0.1695464026935412 0.09057734059476467 0.021788887127273945 -0.007094038545610655 -0.008790797323768949 0.670471391000216 0.7418493852189685  738339.4046053109
-0.16951813125921367 0.09058658021835717 0.021809906162736068 -0.007420364484446044 -0.00920373941409942 0.6705011610151822 0.741814277598516  738339.4046066037
-0.1695257459111322 0.09058268087643716 0.021797891434455284 -0.007387385890334006 -0.009220292996091922 0.6705310798436358 0.74178735746203  738339.4046077696
-0.1695429968920613 0.0905717808910826 0.021785980271510717 -0.007197432502955734 -0.00897384686004948 0.6704665228356471 0.7418505973540592  738339.4046087628
-0.16953922070735633 0.0905807756813592 0.021812898145049744 -0.007286856822669163 -0.00888646507819382 0.6703932217558058 0.7419170173812776  738339.4046100209
-0.16952328961633498 0.09059829397201667 0.021809440053811042 -0.007377531798863352 -0.009215257372614841 0.6705026216891665 0.7418132415669512  738339.4046110903
-0.169535317867687 0.09058152884816821 0.021800500470278785 -0.007351220116809209 -0.009003883040317651 0.670407645667352 0.7419019330637633  738339.4046123457
-0.16953972170271855 0.09057563393285752 0.02179872790408271 -0.0071470328643649175 -0.008850040366189508 0.6704943704223664 0.7418274030653405  738339.4046134468
-0.16953094640578267 0.09058347835187547 0.021802455620003207 -0.007417882029918373 -0.009217638910685517 0.6704626504647908 0.7418489364357344  738339.4046147773
