-0.14392003338945658 -0.22856122774040977 0.015934306874568486 0.0011173854658748884 0.0012918285016506818 0.03828837232276915 0.9992652716740015  738339.4329657226
-0.14393939163070996 -0.22856411478654692 0.015957912422182773 0.0018679332683864392 0.0014670399586503382 0.038379711439861075 0.9992604046838129  738339.4329667989
-0.1439284773139702 -0.22857404276996676 0.015934374806638164 0.0014381763775377858 0.0013919523663766017 0.038271243342664685 0.9992653831942361  738339.4329680521
-0.14391934935417636 -0.2285846618187581 0.01591842362593534 0.0010550501355680243 0.001324719596743791 0.038149709593579564 0.9992705998102451  738339.4329691402
-0.1438899002772515 -0.22854467346534119 0.015913206212725337 0.0009038386952571751 0.0012911273928135716 0.03847907558575917 0.99925816324298  738339.43297038
-0.14388807436697748 -0.22855513733480615 0.015906031150951114 0.0008084794241629663 0.0013383840787072534 0.038373723533866734 0.9992622340663261  738339.4329714576
-0.14388048126485042 -0.2285306185755499 0.015918150842253533 0.0010444615730879347 0.0013343134954089274 0.038543170898975555 0.999255499201566  738339.4329727049
-0.14389477735540254 -0.2285636326157406 0.0159082203410537 0.0008731447546459758 0.0013152092323644425 0.038219329353772126 0.9992681275346775  738339.4329737853
-0.14390583737787702 -0.2285598100322535 0.015927806496388374 0.0011723837966138816 0.0012945437913979873 0.03833569811157351 0.9992633906647956  738339.4329748829
-0.14390669456166466 -0.22856735700669162 0.015924077905516934 0.0012074383268021855 0.0013158525661470474 0.03825470227901721 0.9992664251230774  738339.4329761352
-0.14390910634003737 -0.228530952464359 0.016009139413814707 0.0015023354735378303 0.0014530849811897552 0.03851244421977671 0.999255934769657  738339.4329771947
-0.14379967747981426 -0.22850217468533277 0.016340819944243343 0.0007856698923538239 0.0012472450298337775 0.03794211597659419 0.9992788514413155  738339.4329784351
-0.14352000535001172 -0.2284839348079059 0.016519062980024223 -0.0013941312007390136 0.001558107731653611 0.03739588737771807 0.9992983419908815  738339.4329796789
-0.14343179294583935 -0.22841322798121466 0.01666955982104359 -0.0026800831723526536 0.0016055574308575632 0.03745832002997066 0.9992933070925962  738339.4329807394
-0.1433291660957647 -0.22823898614870483 0.01693745197214289 -0.0017442184549574511 2.220155482567718e-05 0.038455021264244 0.9992588095927095  738339.432981821
-0.14360239534209232 -0.22824129884973823 0.01745097080923248 -0.0011865625926839895 -0.004139452584345377 0.03929413046263204 0.9992184087138813  738339.4329830918
-0.14464771656066397 -0.22786392429092578 0.02033075011629891 -0.0009867470411266835 -0.010443647442377357 0.039336193124169354 0.9991709665862366  738339.4329841672
-0.1471801128129807 -0.22664119784748396 0.029991900951678484 0.0004896215332320996 -0.01022530929215034 0.041472363352308306 0.9990872066034117  738339.4329854263
-0.15042785224629757 -0.22571129271492266 0.044888815238372806 0.0020626476268932785 0.002034937025497511 0.04638915469504566 0.9989192414018006  738339.4329864961
-0.15502858429820524 -0.22487296358803635 0.07322027755855615 0.007999124930278897 0.004372893923702011 0.05198434252966 0.9986062887498961  738339.4329877521
-0.15824376019896153 -0.22512764742867997 0.10434147094756872 -0.0009013526652817299 0.011028641265699026 0.05911467381431931 0.9981898676980407  738339.432988803
-0.1613440797280006 -0.22570053282209826 0.1478011064080932 0.010019771778989271 0.006544115596268052 0.0661426175596145 0.9977384090366183  738339.4329900787
-0.1628070194878819 -0.22628485732167386 0.18778913219212662 0.001732433776708931 0.010117548281523064 0.06943190749157184 0.9975338811850264  738339.432991181
-0.16412097417760022 -0.22779747643028042 0.2350209556309642 0.00723540856921156 0.006666989146565458 0.06954734005145809 0.9975301336853555  738339.4329922665
-0.16534934246281469 -0.22924809173999422 0.282210515708276 0.00010169142196983331 0.005461599573968072 0.06352829691100687 0.9979650876060421  738339.4329935283
-0.1670664120929304 -0.2307543939056306 0.32674725014314476 0.00038951502619538814 0.0007715975268548732 0.05896691113298958 0.9982595635939258  738339.4329945866
-0.1689823854827768 -0.23230650674689426 0.3704711911856711 -0.0043369079107574695 0.0035033381026682744 0.051780255485877995 0.9986429406918818  738339.4329958548
-0.17085377237800287 -0.23277695277074303 0.3997104317474659 -0.0024546870774447495 0.002790651561849539 0.043626361957731244 0.9990410038219378  738339.4329969226
-0.17325437903765184 -0.23309232338916602 0.4282671289053344 -0.0004700515729144123 0.004501448653890287 0.035118935380660604 0.9993728915621357  738339.4329981959
-0.1749573963066591 -0.23311557996086507 0.44713276863664053 -0.0026807745334181273 0.003805678006663614 0.031042576041188204 0.99950722295316  738339.4329992745
-0.17651962492927317 -0.2328952522395856 0.4672812984946224 -0.001360327903173784 0.006051117932577148 0.0277421416729597 0.9995958718678061  738339.4330005201
-0.1770694120937154 -0.2327529667923815 0.4821597648697591 -0.0005645336901822047 0.004658531864888898 0.024698766596694167 0.999683925203951  738339.4330016222
-0.17698106141630163 -0.2328404470317417 0.497513825332132 -0.0021259304007055814 0.004938526114445414 0.020652526621033184 0.999772256328368  738339.4330026973
-0.17612127934697674 -0.23291848719345978 0.5122844805988463 0.00016519022905794715 0.006675773247018357 0.01723921522294206 0.9998290935066051  738339.4330039603
-0.17496932681433858 -0.2333568421090076 0.5227748766012663 0.0020996264723074673 0.0034783928732667244 0.015256415257783344 0.9998753593049376  738339.4330050349
-0.173718332926205 -0.23414395578973335 0.5323223587815943 0.0012159948195632465 0.001994859218125905 0.015266915645449028 0.9998807244766615  738339.4330061311
-0.17245557034974174 -0.23567119792769703 0.5440770911465884 0.0009715381739850339 -0.002274999573496238 0.013988266697042728 0.9998990993521943  738339.433007384
-0.17235672838765345 -0.23757400431525463 0.5567370631109022 -0.001464507250165534 -0.006321495013302005 0.013000498821598762 0.9998944349028555  738339.4330086198
-0.1732735427955345 -0.23901011089191596 0.5688528579546893 -0.004207000136391849 -0.0036945681729435814 0.013408432754506197 0.9998944270506441  738339.433009712
-0.17546696072069262 -0.2397518775553704 0.5850885399489661 -0.009053061044466622 -0.005425158452890791 0.014284201211066818 0.9998422732297569  738339.4330107914
-0.1792164408759003 -0.23873378571185794 0.6071797069455227 -0.012298025826008268 -0.0028973288243398783 0.016521610404255822 0.9997836768201992  738339.4330120487
-0.1833613144752027 -0.23617082942280695 0.6287341829195411 -0.011120958450423046 -0.0036425880490737004 0.017891651045721605 0.9997714462107361  738339.4330131197
-0.18956615709295271 -0.23112045156612598 0.6591419167625403 -0.008890529498328765 -0.0032847668514804657 0.018846852760974822 0.9997774577039518  738339.4330143799
-0.19538838279332243 -0.2258878310422831 0.687472244911524 -0.007264087225984145 -0.003648576405638657 0.01885980202638134 0.9997890921561964  738339.433015468
-0.20368020510940615 -0.21896891531398027 0.7269812754696453 -0.003939195106220156 -0.0032570409931885844 0.018064922149351622 0.9998237509749515  738339.4330167164
-0.2113068767782012 -0.21312144338976316 0.7636288857166175 -0.004038918081815058 -0.004404939798005872 0.017459795581188913 0.9998297050920059  738339.4330177952
-0.22072975736403389 -0.20666087722368612 0.8087699072704109 -0.003916195505730563 -0.00411178305950808 0.01680841044355364 0.9998426046089423  738339.43301888
-0.23128549020586286 -0.20010107829232318 0.8582443841571068 -0.0043372687153494915 -0.003108898570971866 0.015885578803520123 0.999859575758438  738339.4330201248
-0.24154474098361328 -0.19401750579887408 0.9062844737942295 -0.0035851224594445814 -0.00270689252152725 0.01636634306618574 0.9998559708500357  738339.43302119
-0.25622043802494127 -0.18544685960900442 0.9756515501168466 -0.006245910924765545 -0.003218460756055052 0.016546267010453336 0.9998384125222938  738339.4330224753
-0.2674265111312113 -0.17867489699765682 1.0311342977942148 -0.00626103577933135 -0.0007875416803194385 0.01581733646035927 0.9998549850235141  738339.4330235689
-0.2813268203778824 -0.1702273225906683 1.1018776255444187 -0.005052649448378873 -0.0002589532887286027 0.014244862334511658 0.9998857372589215  738339.4330248056
-0.29238136020551525 -0.16299549630036886 1.161152853667271 -0.007065175917249916 0.0014744913747125805 0.013798826965139193 0.9998787434178359  738339.4330258893
-0.3059022340045972 -0.15396300845043048 1.2346015756866526 -0.005866866930822195 0.0005578285118361505 0.01367298596426842 0.9998891529337581  738339.4330271315
-0.31658072389582026 -0.14638368294410606 1.2945601783702239 -0.006264874972983003 -7.134231936115178e-05 0.012642837935943159 0.9999004474950353  738339.433028224
-0.328455179584013 -0.1381139950787309 1.3599600448964189 -0.004272984660429869 -0.0008223602307466291 0.010384843013037959 0.9999366081714066  738339.4330293022
-0.34146043626727934 -0.12924624726727296 1.4291541266230372 -0.005689463088704396 -0.0004507591908548166 0.008406980185055944 0.9999483734223894  738339.4330305669
-0.3519245231470403 -0.12232793812004797 1.482673120788985 -0.004189860767004195 6.804683707269089e-06 0.006376368169349285 0.9999708930511019  738339.4330316556
-0.36433526470668165 -0.11424675710992836 1.544118521702118 -0.00420121358268707 0.0015579891529736874 0.0051798653129778915 0.9999765454597279  738339.4330329128
-0.37413893512278656 -0.10804026478259929 1.591258659797233 -0.0027823235403575887 0.003792905356419704 0.004737590507078569 0.9999777136420898  738339.4330339901
-0.3855113539530678 -0.1008468317712718 1.6448366199439741 -0.003420300689062117 0.0027646495052129454 0.005350167844825479 0.9999760166925715  738339.4330352392
-0.3941159819295263 -0.09548087467745671 1.6847969530382148 -0.003152806889247624 0.0036883778927328096 0.004969994555722067 0.9999758771247212  738339.4330363232
-0.40217932043759497 -0.09030314116758581 1.72058222635 -0.0034793574451533436 0.0047150751027920275 0.005309745933598468 0.9999687338795472  738339.4330373943
-0.4111387592178413 -0.08434763923167564 1.7577744088450797 -0.004106506471273275 0.004151035377697324 0.005251621935139593 0.9999691625129972  738339.4330386673
-0.4185406709087442 -0.07903127318760633 1.7835677304722812 -0.0038472853255190767 0.00431867563547061 0.004796274073926809 0.9999717711972611  738339.4330397459
-0.42557246318045006 -0.07340688216029573 1.8040284323576397 -0.003797852994006287 0.006380336676185272 0.0033939481785981137 0.9999666738108303  738339.4330410041
-0.4304930812025993 -0.06911092949431077 1.8168826303463999 -0.00159554167498857 0.0051031341960666235 0.0024116051355974394 0.9999827980664519  738339.4330420853
-0.4345816527645054 -0.06528509934144995 1.827234001503034 -0.001146838401724267 0.006884335397348716 0.0010254173640820178 0.9999751192939986  738339.4330431664
-0.43837368181435393 -0.06157054306909713 1.8370932505683581 0.0012938064025763512 0.005644798166499351 -0.0007500693988523279 0.9999829497119184  738339.4330444279
-0.4409266112592696 -0.0590939126523084 1.8428937992902596 -0.00045742469073630935 0.00439652941620342 -0.0017019439760225762 0.9999887822763049  738339.433045502
-0.44299261618490965 -0.05758306717932217 1.8466516187167137 0.00044028275223070314 0.0020307842016800332 -0.0022110462224287503 0.9999953966600179  738339.433046759
-0.4448958169671836 -0.05686199501762284 1.849830436433363 0.0005408327157916246 0.00048274886863174896 -0.0021124821985833305 0.9999975059331219  738339.433047848
-0.4475226155089837 -0.05710406359822129 1.8545324475298173 0.001311261635422297 -0.006516205508656523 -0.0010177898229853457 0.9999773916257151  738339.433049105
-0.45097485442498136 -0.058277672849446814 1.8600198590665022 0.001933912335316398 -0.009215699405683403 -0.00040202728559092933 0.9999555836343957  738339.4330501821
-0.45726812734104966 -0.0604856217453562 1.8665294944906239 -0.004478705289207544 -0.006819497116393173 -2.7703791268575557e-06 0.9999667172712985  738339.4330514298
-0.4633788881120335 -0.062142465652301755 1.86867092900079 -0.008491854432172475 -0.001624317959656432 -0.0006374926876656561 0.999962421095184  738339.4330525198
-0.46995140367342697 -0.06264612420495258 1.8647646021795867 -0.014562162654545891 0.006748914560517244 -0.0014334898515048246 0.9998701619099968  738339.4330536108
-0.47556533172046467 -0.06080882449705604 1.8523563950340904 -0.018030839064833843 0.01564756936999289 -0.002434191615572154 0.9997120170962276  738339.4330548757
-0.4773969438287772 -0.056838679039715914 1.8355657560762806 -0.019719930949204198 0.022069213539001986 -0.0034154370131458884 0.9995561059426018  738339.4330559617
-0.47554701005875927 -0.04916533770109832 1.8099127870576897 -0.015833308663536445 0.022761412298418417 -0.003950869108076909 0.9996077306024787  738339.4330572265
-0.4702656579375465 -0.04098829851308731 1.7868397304751917 -0.012375131106242268 0.02315987782095737 -0.0045108252984977955 0.9996450013102391  738339.4330582963
-0.45998439171279176 -0.030021130143701256 1.7552750524974832 -0.0061921952822999605 0.017501197084037804 -0.005878343148945877 0.9998103869734675  738339.4330595471
-0.4491344358723671 -0.02122978524533287 1.7273895533691455 0.0002971325743552172 0.012726074388517144 -0.007107424050305861 0.9998937159849842  738339.4330606372
-0.43568004879462824 -0.012727978965897974 1.695448825733247 0.0034948847257262505 0.007926055547505986 -0.008908669798253598 0.9999227965331311  738339.4330617008
-0.42193576786581855 -0.00601995723444933 1.6625195668619386 0.005201742249104996 6.0030983633521496e-05 -0.011232974912961307 0.9999233763386371  738339.4330629493
-0.4087030169867464 -0.0014274058927152711 1.6298472380090396 0.005154507026449384 -0.0003529225072441065 -0.0130673349160655 0.9999012707568731  738339.4330640354
-0.3950912893155391 0.0016426880610146055 1.5928323858584548 0.0006028230594335049 -0.0010952258509234244 -0.013780885134471845 0.9999042575614953  738339.4330653152
-0.3847333118322422 0.0031293687443043837 1.5623473366703975 -0.001671530233428342 -0.0011468900528617217 -0.01430692072310177 0.9998955958745435  738339.4330664012
-0.3747569803097154 0.004376926158106318 1.5324334108805815 -0.0066366921012838255 0.0022406132715265654 -0.014878488989213626 0.9998647731246052  738339.4330674765
-0.36282262385578745 0.006193145703284756 1.4968174459799004 -0.009400230037072662 0.004882363307630046 -0.016655598882206413 0.9998051756365625  738339.4330687381
-0.35161846498772253 0.008800734650359548 1.4682443634022677 -0.010694886613420378 0.0070439535845857075 -0.018675177527253305 0.9997435870574763  738339.4330698111
-0.33794288515202786 0.013031532224114635 1.4414086055347155 -0.012009224171665594 0.012874089250573888 -0.020789698379156788 0.999628843522468  738339.4330710775
-0.32572024070081396 0.017390329430374763 1.4208784687986673 -0.008821296034217227 0.010416579282358526 -0.02217107647273756 0.9996610040310521  738339.4330721648
-0.30906547122631123 0.023507465441925918 1.3987525629421433 -0.007349234242519406 0.008405520179874965 -0.022632049848764404 0.9996815124359345  738339.4330734262
-0.29497735583390083 0.028559191571875912 1.382663951485495 -0.0035730566888986584 0.009280685814294698 -0.02201943980407998 0.999708080595245  738339.4330744974
-0.2768740598461691 0.03436582505836521 1.3609007543982177 -0.00129246148939016 0.005057724800909578 -0.02098455567646277 0.9997661713551815  738339.433075748
-0.2620005175521452 0.03843994448459122 1.3406656479640022 0.0013885723642563137 0.0022346654583802654 -0.02053522219459838 0.9997856684242362  738339.4330768463
-0.2457675867880593 0.04207011676729345 1.3153914134188032 0.00032586874642189184 0.0031969825133954318 -0.02010165072475716 0.9997927769045489  738339.4330779215
-0.22871863027862627 0.04493977414030506 1.2832960133305527 0.0015243580581347882 -0.0001581160343383258 -0.019918384212950703 0.9998004347379409  738339.433079189
-0.21531817485177954 0.04645667628804965 1.2556677144336186 0.0005851496210381791 -0.00107415034043259 -0.019020376284687078 0.9998183480447617  738339.4330802879
-0.20288981026893183 0.04728859204959088 1.228143406919971 -0.000511321667363039 0.0010990304042124918 -0.018142356939304848 0.9998346791180079  738339.4330813664
-0.1882538404869466 0.047632152054307236 1.192018862711786 -0.0014837993559693443 0.0038341643293351322 -0.017268303882694312 0.9998424391894865  738339.4330826261
-0.1765217840056864 0.047472954541779244 1.1605036355665452 -0.0013231945408132117 0.0026888085899397793 -0.01759089259688234 0.9998407773051762  738339.4330836898
-0.16111732105219864 0.04704287841375253 1.1180616768835046 -0.0035836250007275487 0.007328186711389208 -0.01792467609353982 0.9998060618431551  738339.4330849623
-0.14931049802978608 0.04665986150792194 1.0866116780096624 -0.0036239563914524753 0.004846460906753333 -0.018137323819331135 0.9998171914112224  738339.4330860422
-0.13451734936625057 0.04624796535337147 1.0510287789230395 -0.003433201930028465 0.006948124948741271 -0.018772991089480325 0.9997937344721454  738339.4330872933
-0.12221724002255346 0.045704372040911344 1.024304602330128 -0.0014297602229897401 0.007498694256920581 -0.019351950330826748 0.9997835902776857  738339.433088377
-0.10712443559837279 0.04440519818460855 0.9950255005375795 0.0014223704583252816 0.0053130966109352145 -0.019327620763223075 0.9997980750843218  738339.4330896236
-0.0946035389064604 0.04249599178414954 0.973765429502749 0.0030693803685994 0.002646694623578099 -0.019064985805354685 0.9998100320700748  738339.4330907094
-0.0825448788824873 0.039599948771406386 0.9527346393156859 0.002986329665756038 0.001885270313263286 -0.017748911280236316 0.999836238460749  738339.4330917784
-0.06865336726475497 0.034706538539408104 0.9237960131319716 0.004639312442645824 -0.0020434734674277537 -0.016153927636719405 0.9998566655366934  738339.4330930433
-0.05692117072116287 0.029206733289999575 0.89413531268989 0.0021902663396920668 -0.003231301141153111 -0.01566426542639838 0.9998696876168153  738339.4330941332
-0.04534390127441082 0.022446653310784916 0.8594264309762732 -0.0008339234675561474 -0.0015597288792476183 -0.015235352943334307 0.999882371000792  738339.4330953922
-0.03697644936896106 0.016666062599535156 0.8306849705563931 -0.0015785567998353109 -0.003759798669808128 -0.0159873068956854 0.9998638797809507  738339.433096472
-0.028211878752479522 0.009357943881200158 0.7972519849019364 -0.003823664037649243 -0.0031063131789012904 -0.017097246408737457 0.9998416947582256  738339.4330977228
-0.022021057590538535 0.003294154893492176 0.7704989347132501 -0.002708936584983285 -0.001057996328269923 -0.018152651828965964 0.9998309974880376  738339.433098818
-0.01656748829436425 -0.0028885254337735937 0.74416543308824 -0.0021796520107954403 -0.00047634582142515894 -0.018699383303383277 0.9998226619135233  738339.4330998841
-0.01045077068657005 -0.01046955005222947 0.7125123432737521 -0.0030906811124855995 -0.00046102050314291603 -0.018379534633433472 0.9998261988250834  738339.4331011561
-0.005671721856793601 -0.01776471439674409 0.6833762072941068 0.004299809284928754 0.0016459745333191698 -0.018464159593337335 0.9998189222146482  738339.4331022294
-0.000592243019400579 -0.026459104623442874 0.6512229983063711 -0.00031467214568646533 0.003048349510281118 -0.019843664337518913 0.9997983984445884  738339.4331034845
0.003747222752910784 -0.03394914218632708 0.6247781402533847 -0.0006318011975127893 0.004393650708502882 -0.020559134811984892 0.9997787848501694  738339.4331045547
0.010018470646762537 -0.04324718591630714 0.5941589905310087 -0.005456453833240521 0.008734891481063165 -0.020826254750413598 0.9997300615143323  738339.4331058096
0.016628867895969533 -0.050249960311588765 0.5741567920869228 -0.012850181329867328 0.010840902147111734 -0.019759858956439186 0.9996633911744732  738339.4331068863
0.027085236514813038 -0.056223236672031454 0.5603156107582883 -0.020079429777628714 0.01146148402143382 -0.016572280135566116 0.9995953233258648  738339.4331081302
0.03733273296262882 -0.05862036864200191 0.5591973790690927 -0.02185020603537786 0.011346625205022864 -0.01496888769554515 0.9995847912977801  738339.4331092145
0.0488733424647053 -0.05854217481801356 0.565176838061577 -0.018436674117097936 0.00821481332923271 -0.013394690191270596 0.9997065510259227  738339.4331103005
0.06435042502574917 -0.05570212527079281 0.5801480394145764 -0.01871479761065868 0.007698316586010108 -0.009496664707963605 0.9997501215961707  738339.433111573
0.07882283994653928 -0.05147330043391958 0.5986055780687473 -0.01297898465972255 0.00044166145944142543 -0.0033985965144433515 0.9999098961576938  738339.4331126589
0.09384504629951243 -0.04617734075704353 0.6208915493015672 -0.009902910535423939 -0.0013747329193509942 0.002287715211166092 0.9999474030324997  738339.4331139128
0.10516473030334679 -0.04157193485085632 0.6403959147945827 -0.0034190438497101426 -0.0027655155614834883 0.006202793856020243 0.9999710932878073  738339.4331149918
0.1175843917139218 -0.036422249389953566 0.6645865383071041 -0.0012101657507577394 -0.002740623916067818 0.01020501828352358 0.9999434394410712  738339.4331162369
0.1269013336771926 -0.032437448305770875 0.6840532228689344 -0.005060504361534439 0.0023186996992805775 0.012068086083156864 0.9999116842129614  738339.4331173154
0.13594439265663597 -0.028357476665209973 0.7042740027324086 -0.007565834772595375 0.004958777367015517 0.012898077714164125 0.9998758964304008  738339.4331183956
0.14721386912123027 -0.022831229455546137 0.7295717578269313 -0.007548366798227076 0.0052523473395090555 0.013639756922574452 0.9998646868637765  738339.4331196629
0.15776245931631114 -0.017008592602821174 0.7529262124753052 -0.010821113973878936 0.007749120262332507 0.013576480316614818 0.9998192505696901  738339.4331207658
0.1703446662504523 -0.009425704140346517 0.7822181043769894 -0.011125180956411828 0.01011139537131391 0.014755828449319434 0.9997781031604495  738339.433122021
0.1814839361780006 -0.0023733383610795547 0.8094715418903897 -0.007822683328619564 0.007661579516680786 0.014877131098546891 0.9998293738409202  738339.433123092
0.1957539163940307 0.00675668356195252 0.8428617388973395 -0.003309032663512958 0.004118026088577302 0.01370140460967905 0.9998921760248389  738339.4331243414
0.20748324044388108 0.01409377724199332 0.8690183456038882 -0.001528525406676145 0.005021699251381313 0.013117934905320603 0.9999001779830473  738339.4331254226
0.21935263217574913 0.021028531076126792 0.8958956651753966 -0.0010699017151794554 0.004642939690893981 0.012399426714519574 0.9999117724271966  738339.4331265027
0.23363548801614006 0.028730924282787233 0.9298092116172155 -1.0448639042671613e-05 0.0009994224244248855 0.0127188434442013 0.9999186127215982  738339.4331277638
0.2458839009969766 0.03488800603150023 0.9590333203489126 0.0010629032413782794 -0.001759736139236304 0.012367321349168162 0.9999214083757114  738339.4331288482
0.2571715686655118 0.040179528969772775 0.9869137657762861 -6.513029935656635e-05 -0.0001911777476627882 0.011834998555924764 0.9999299435551944  738339.4331300816
0.2675283224838916 0.044702832146831614 1.0164560367409652 -0.0006345508924988573 0.00019662741461731458 0.01154949894383375 0.999933081639452  738339.4331311628
0.2783296102173969 0.049139285624500394 1.0510454993682057 -0.0016709484069094534 0.00046715308491931544 0.01056716596294117 0.999942660707567  738339.4331324268
0.2866760942599394 0.05238791517581947 1.0782944683179905 -0.0018124478049957968 0.00036840630715567985 0.009804753455509673 0.9999502218207783  738339.4331335041
0.29673028894799786 0.05608644499255719 1.110137786494137 -0.002642475743735952 0.003581779160323746 0.00978385099230866 0.9999422305512208  738339.4331347517
0.30489260602514223 0.05887417115447109 1.1370626372229695 -0.001816389493562611 0.003445297052589943 0.010183013015310393 0.9999405666855191  738339.4331358337
0.3132420388816327 0.061420252223334686 1.1641977558429222 -0.0025658845128669764 0.003877581444089597 0.009827415972318797 0.9999408995006246  738339.433136926
0.32345639298054685 0.0640845873106715 1.1961039846128352 -0.0018900985270892748 0.003768707691779073 0.009176843317484104 0.9999490036579957  738339.4331381909
0.3328089222727297 0.06603256426874218 1.2259884370733247 -0.001191416194992094 0.004837184418750347 0.008595941391060558 0.9999506447650058  738339.433139265
0.34254253589048367 0.06749427756720469 1.2584474165618413 -0.0005782770304440018 0.0038901485056466387 0.007788266401597828 0.9999619368989692  738339.4331405105
0.352304274020764 0.06828188747481402 1.2914926725359592 -2.4524088274522455e-05 0.002227878158819969 0.007069676994205209 0.9999725274349672  738339.4331416041
0.3630583533089881 0.06826374114396255 1.326882708595631 0.0017453730695659534 0.0019735061284265744 0.006644654770240881 0.9999744534283831  738339.4331428647
0.371651791669854 0.06737960146390097 1.3563907949458958 0.0017649579015061787 0.0009193204715007073 0.007133991935833614 0.9999725725901366  738339.4331439544
0.37998967616979135 0.06569136226076586 1.3854367819567568 0.0005662077017154161 -0.0005379539509731369 0.008057619849488693 0.9999672318514974  738339.4331450285
0.38961014093658464 0.06292819303676056 1.4188452227074078 -0.0010284950658122588 0.0007524744330621081 0.009349630144175797 0.9999554792070967  738339.4331462717
0.39796974922134304 0.05990737803700867 1.4497158599490763 -0.0006419425683422507 0.0015424096249036364 0.011075495589889933 0.9999372691722848  738339.43314736
0.4061360709612786 0.05666183562202699 1.4809824570421624 -0.0023376571257941745 0.0014438966526991335 0.011653314921959337 0.9999283228176649  738339.4331486004
0.41407671080504593 0.053188526704188575 1.5109467000211256 -0.0009380422888407715 0.003609638054477634 0.011673696143116351 0.999924904884431  738339.4331496933
0.4228979292452348 0.049224333925997704 1.5438750027019774 -0.0010541842169114514 0.005299524193777708 0.009845624027602341 0.9999369317244281  738339.4331509405
0.4303927565887669 0.04569118761411703 1.5706856201674169 7.181002415600881e-05 0.004480270125907378 0.007966162192109532 0.999958230269069  738339.4331520278
0.44003479765243847 0.04088108202741691 1.6033646379887334 -0.0008489506410646228 0.008174748282058402 0.004845174466802244 0.9999544874931661  738339.4331532923
0.44859781093295 0.0366870831552869 1.6298290373385913 -0.0008877796733782855 0.007700289949040673 0.002360121675077449 0.9999671730650117  738339.4331543726
0.45968260446573167 0.030965947095175795 1.6617637376299383 -0.0006595082817503509 0.00897755495147132 0.0008072150993738265 0.9999591576458026  738339.4331556114
0.46947215844723467 0.02571697594293924 1.6870582037652846 -0.0014573894931151437 0.01022407895459896 -0.000574874087605062 0.9999465054417556  738339.4331566868
0.48020973868405087 0.020032530815089454 1.710459266955516 -0.001829975874923232 0.010951690211226484 -0.0013924742301753043 0.9999373843823087  738339.4331577545
0.49345510886391397 0.012899332448880264 1.7343313473195945 -0.003526670791277775 0.00031059791511881934 -0.0014510418149247988 0.9999926802730691  738339.4331590026
0.5039549441168052 0.006420844707885456 1.7511334244432528 -0.004885612486857456 -0.011769152058227211 -0.0020381448298096363 0.9999167284409795  738339.4331600817
0.511591772996065 -0.0003726178176196491 1.7676819486281452 -0.006074737040933312 -0.020402042173437447 -0.00243987457303574 0.9997704242760458  738339.4331613784
0.5131087079631217 -0.005511660028182552 1.7814212796466304 -0.00685943557865746 -0.02886590903227414 -0.002571918364962002 0.999556447968401  738339.4331624486
0.5085928831197424 -0.011186635301457585 1.7992483683712963 -0.008526439626158113 -0.02595295880281323 -0.0021544045942249795 0.9996244806413683  738339.4331637054
0.49966941100253076 -0.01527173492301444 1.8141155568281067 -0.007308667530186449 -0.02513950427618991 -0.0014477661815082876 0.9996561872347735  738339.433164799
0.48531780704922967 -0.01891064359299453 1.8322283153393748 -0.0113608377950901 -0.020092784076425754 -0.0002617340662975554 0.9997335359424182  738339.4331658791
0.4654192114713478 -0.02185684763469034 1.85383812404937 -0.011160654568875602 -0.0067614196846981015 -0.0004819992312363081 0.9999147417006026  738339.4331671469
0.4474466490682009 -0.02346014137508249 1.8720680396137708 -0.010272473185190433 -0.00416624569729456 -0.0013960583944732069 0.9999375829082576  738339.4331682435
0.4293809954133498 -0.02438382074956482 1.8906249146685523 -0.009182608848776124 0.003009120340847667 -0.0026595385916723304 0.9999497746106972  738339.4331693305
0.4078278443874456 -0.02518549769309791 1.9121282120983087 -0.004961165403992303 0.00803983603912484 -0.00423773970137995 0.9999463932814207  738339.4331705758
0.3910235150389014 -0.02574159783010175 1.9276548413839272 -0.0027995907111467142 0.0025556791252808507 -0.005512351117493425 0.9999776221402238  738339.4331716471
0.37098241520221603 -0.02663193411182322 1.944334010068509 -0.003275959977993492 -0.001789835550228791 -0.005596794372248255 0.9999773699777813  738339.4331729005
0.3525156813668062 -0.027625154163072308 1.9578992068158672 -0.0025583744763146943 -0.0028985679983198906 -0.005021410244416247 0.999979919029755  738339.4331739717
0.3330844113509192 -0.028844983016565528 1.9701288231280156 -0.0031736991876119497 -0.010590900636628754 -0.004892892274096089 0.9999269073599159  738339.433175221
0.31247232916281303 -0.030033935962027244 1.9803918874083928 -0.005496081168924743 -0.011775658455295516 -0.004969939899209484 0.9999032086442803  738339.4331763128
0.2877462447375513 -0.031054627298177616 1.9868383086802905 -0.0066877516690479555 -0.007001220496283635 -0.005606625969794495 0.999937409358411  738339.4331775698
0.26631975450320644 -0.031427224444135496 1.9883911468771254 -0.006614671413901998 -0.011837001400055423 -0.0061936273439244655 0.999888879076203  738339.4331786375
0.23923140456847536 -0.03124721625270139 1.9886859570695812 -0.009174010379537733 -0.004521841161251764 -0.006919271717506928 0.9999237541757711  738339.4331799045
0.21639319169217694 -0.03046225834401903 1.9894837208667568 -0.008109626790987114 0.00153231940318373 -0.007002959716761422 0.9999414205371048  738339.4331809807
0.18833410835925896 -0.02906460453283478 1.9922450340258022 -0.004876904439772132 -0.005302568087038383 -0.00678456717457947 0.9999510329126229  738339.4331822412
0.16501716260648547 -0.02776703212853572 1.996626167800556 -0.0028380000836295462 -0.01121748638712816 -0.006173322521602017 0.9999139982237093  738339.4331833102
0.14058782871047493 -0.026669359055637613 2.0026656141670443 -0.001960268436825176 -0.007427419915442319 -0.004847963157569936 0.9999587431660759  738339.4331843817
0.11006860487229121 -0.025615327613410205 2.0114949230553503 -0.002154787789236218 -0.0014858462613165154 -0.002384585018237486 0.9999937314327335  738339.4331856539
0.08221178679393487 -0.025229062180654217 2.020004790541911 0.0005988958687602373 -0.005170725616174972 0.0008356511200873854 0.9999861032072127  738339.4331867096
0.05439606385708876 -0.025643568310580022 2.027942439903015 0.0020475553328960882 -0.004771767893204606 0.0031788409858263663 0.9999814661874085  738339.4331879697
0.02669644328360886 -0.026825644194710778 2.034529459557997 -0.00040465754202057854 0.0012205383190660023 0.004895856317790412 0.999987188482633  738339.4331890286
2.2612369509211335e-05 -0.028613150874828592 2.0388932153272723 -0.0018973946070206076 0.0010033250126447524 0.005504732864605313 0.9999825454220257  738339.433190285
-0.02643350564696315 -0.030761068038767762 2.0409267617817526 -0.0026058721141655225 -0.005593059189473743 0.005275411373333928 0.9999670480342189  738339.4331913622
-0.05564856896750151 -0.033354858923534965 2.040877353590978 -0.003445502925584343 -0.006033527442199162 0.005622158091816157 0.9999600573995867  738339.4331926283
-0.07988805245615867 -0.03557948402202351 2.0400485038449583 -0.0039132031812592226 -0.0022339621010877583 0.005344300368698014 0.9999755670553967  738339.4331937161
-0.10415114128355353 -0.03779352015442397 2.038611275922487 -0.004785771593637281 -0.0068509517678397415 0.005185965119262599 0.99995163213823  738339.4331947913
-0.1342909336008771 -0.0402714452752562 2.0352860369696355 -0.005727179342931689 -0.005809572872263183 0.0037742010400845746 0.9999596010271239  738339.4331960538
-0.16188442590983762 -0.04214583013442246 2.0312162494999457 -0.0065616841779916535 -0.0004211451508389776 0.003606154060488356 0.9999718808998593  738339.4331971303
-0.19160850981338623 -0.04369925019114126 2.0254458302158094 -0.005249604120956551 -0.0025508604551715006 0.003414971125326663 0.9999771361084836  738339.4331983911
-0.2159526795111764 -0.04491563027935455 2.019586644288544 -0.002284231851073007 -0.0061764027818177894 0.002653278267746596 0.9999747969063827  738339.4331994615
-0.2459248215274458 -0.04671970301791353 2.011266634400827 -0.0018998776276437502 -0.002777252831956208 0.001827399658610594 0.9999926689442254  738339.4332007257
-0.27012743928667854 -0.0485722079517232 2.0038947068264723 -0.0007137737058025246 -0.0009217254386357896 0.0012726667186331638 0.9999985106332588  738339.4332018056
-0.2992427523333354 -0.05124523577655608 1.9935406199280243 -0.0016842402301133982 -0.00533699250173649 0.00047453795970295965 0.9999842272054138  738339.4332030518
-0.32312460901225454 -0.05372328715769288 1.9811587864273377 -0.0016849004430223415 -0.00306811477966707 -0.0007173024630671149 0.9999936166093124  738339.4332041431
-0.34668503307193865 -0.056366371547451555 1.965217495260285 -0.002781422353130382 0.0030106834193127986 -0.0022620827078987183 0.9999890411683844  738339.4332052162
-0.37470223905784833 -0.05973178534080743 1.9421967087276772 -0.002143053156800433 0.00018849391135838259 -0.003133242693728069 0.9999927772656334  738339.4332064787
-0.3996946736003287 -0.0628673027298039 1.917986119206699 -0.0027969176128172417 -0.004216587101156074 -0.003692343121589088 0.9999803819312447  738339.4332075502
-0.42669629188489855 -0.06628595778381116 1.889104218820376 -0.004323936963970617 -0.0008795103321278338 -0.004449462523583188 0.9999803659642316  738339.4332088176
-0.4487173081467269 -0.06885111837799382 1.8660877235110267 -0.004481227016370219 0.0012920798637072828 -0.004117707402670788 0.9999806466226232  738339.433209901
-0.4747936705026064 -0.07156309871443098 1.8384710962235686 -0.004888670262797849 -0.000572147021730489 -0.003289370236854336 0.9999824766436121  738339.4332111519
-0.49531352968769926 -0.07347970947710347 1.8159068691945885 -0.004874536529364176 0.001952351105120809 -0.0026765434234240666 0.9999826315162123  738339.4332122309
-0.5196679961847588 -0.07552251282925296 1.7891651100035244 -0.0032938943753910628 0.004250491300343375 -0.001618788596430958 0.9999842314291909  738339.4332134821
-0.5383936058156842 -0.07718387277778109 1.7672663755280362 -0.0016498905757563267 0.0010682415679739835 -3.9743769125547555e-06 0.9999980683507568  738339.4332145535
-0.558678161014198 -0.0792918345341164 1.7413527545796708 -0.0008421682275232602 0.001708073953206774 0.0009411586350338587 0.99999774372569  738339.4332156488
-0.5803479871872274 -0.08193351872831231 1.7104645981573292 -0.0019571101383869787 0.004320612746537258 0.0029147080713711557 0.9999845031310532  738339.4332169049
-0.5971136809579272 -0.08430169635969209 1.6829471758825696 -0.001978726565498383 0.0022748893104844216 0.004672284838881243 0.999984539517581  738339.4332179815
-0.6167149814978291 -0.08730577844350512 1.644362733490149 -0.003295786778533528 0.0039046789350393 0.006491347897113921 0.9999658762549867  738339.4332192313
-0.631805587278053 -0.08984895411888791 1.6110074063538886 -0.0025641949044025187 0.007256258583989468 0.007646929470943475 0.9999411463108822  738339.4332203345
-0.6485786321383061 -0.09257581849159187 1.5720361702359502 -0.004651033793064427 0.006151517345093613 0.010062131543409921 0.9999196368847908  738339.4332215736
-0.6609550390155228 -0.09446990802494085 1.5413650039843607 -0.006319147142855031 0.005746461290845559 0.012681289544115395 0.999883108896994  738339.433222663
-0.673571318793227 -0.09593473587725211 1.5096046680101267 -0.007577111836935254 0.006768729713513762 0.015903579462938206 0.9998219080589013  738339.4332237567
-0.6860912341910659 -0.09677680287329181 1.4793933678221687 -0.005649173943152574 0.005344984171330903 0.01855495891183812 0.9997975952550338  738339.4332250257
-0.6953389235993481 -0.09695335803971787 1.4559615307035276 -0.0030013211013682002 0.0065519885128211995 0.019508336527811056 0.9997837207736942  738339.4332260872
-0.7054337304788517 -0.09683287259567751 1.4258180069127206 -0.0036145806112314505 0.00624746592525417 0.020858350714241525 0.9997563869173327  738339.4332273384
-0.7125443749979328 -0.09650671578685137 1.401576223892806 -0.004014000199331767 0.00524101425807254 0.023022358075653893 0.9997131541600235  738339.4332284037
-0.7197438228989482 -0.09592691799350675 1.3767590906126304 -0.0040171121020494555 0.005684826925592182 0.025158889693198863 0.9996592298491477  738339.433229633
-0.7261440629118152 -0.09495604961248114 1.351731303856096 -0.002801026941470863 0.005712565064136386 0.026897421175782414 0.9996179518108675  738339.4332307051
-0.7317766776059803 -0.09356718856507228 1.3251613036641845 -0.0027268844218038637 0.005779250985544875 0.027343219122609747 0.9996056786190288  738339.4332319442
-0.7366413508362722 -0.09196468157539747 1.2991752373795646 -0.0019857039329310936 0.009152926989842216 0.026564804323077465 0.9996032173210959  738339.4332330237
-0.7405681369422333 -0.0898718861817499 1.270604677263682 -0.003154428787697253 0.013077390464508789 0.02538392780165247 0.9995872586457987  738339.4332343114
-0.742183770323583 -0.08760237435326777 1.2450807614668298 -0.005108619632724707 0.01511463887519844 0.024124129853650953 0.9995816505198186  738339.4332353825
-0.742023756861517 -0.0841589727675369 1.215007945105745 -0.004578411542687201 0.012681540172183153 0.02370101729206893 0.9996281701042284  738339.4332364731
-0.7400751886447531 -0.079913800262796 1.1852503287928404 -0.002359679447679977 0.010293412083923783 0.023978312486104 0.9996567001280457  738339.4332377306
-0.7366140995405901 -0.07501328216870447 1.1555718472786962 -0.0034334870852814835 0.01301180057854469 0.022771291487415142 0.9996501250418242  738339.4332388125
-0.7308474436530226 -0.06910564626926051 1.1209903480128933 0.00023450007835323604 0.01037584858994598 0.021417213688757424 0.9997167547528459  738339.4332400672
-0.725269251345237 -0.06415929029643695 1.0925754818214286 0.0014680303593150022 0.00632448682996377 0.016858138937727835 0.9998368111370766  738339.4332411533
-0.7179529765111088 -0.05813833990457447 1.0594802515149686 0.0006406700334348238 0.009585163745710395 0.008947858888372393 0.9999138212862096  738339.4332424072
-0.7113559659314819 -0.05334988385811093 1.032508246377458 0.004088020960369634 0.012107720859610331 -0.0017042219907775664 0.9999168899501696  738339.4332434725
-0.7039413288328594 -0.04891187364320513 1.0049993504542116 0.0057600592277704575 0.0124557570741089 -0.016168796805581885 0.9997750976310938  738339.4332445611
-0.6933206191302548 -0.04444846335311624 0.9727607838900151 0.007972414891331301 0.013913325137385432 -0.03342964408338418 0.9993124230594155  738339.4332458224
-0.6817541949958578 -0.04154315378555246 0.9444946335892177 0.006989773746608525 0.019148817065979113 -0.04459952416952207 0.998796950491839  738339.4332469106
-0.6669994630364775 -0.04012515744453377 0.9132586651817145 0.008518793692603185 0.012999273768975778 -0.05076993245138654 0.9985894366527135  738339.4332481653
-0.6537544178784029 -0.04049766369629773 0.889100220512912 0.00547720454607763 0.00819391684180288 -0.05070232525480262 0.9986651762081755  738339.4332492357
-0.6373269574971466 -0.04239395633595534 0.862374129842098 -0.0048308119070786274 0.010775518270803761 -0.04599969843008897 0.9988716530198737  738339.4332505055
-0.6236529279166457 -0.044018866010691445 0.8411487969710698 -0.008517754019847376 0.011213407718412787 -0.040928830922237605 0.9990628299327009  738339.433251575
-0.6096074589385958 -0.04520032467304428 0.8214833429614795 -0.008773214358198543 0.011987392680232765 -0.03571397868235971 0.9992516424070721  738339.4332526634
-0.5914072166268726 -0.04626084874657009 0.7997344373397635 -0.005905733589917731 0.01442213685924143 -0.029759562610762486 0.9994355870752224  738339.4332539137
-0.5730391994368856 -0.0474145809099614 0.7793427253653732 -0.0034149117639487793 0.016731723176461166 -0.023426993893675706 0.9995796935583958  738339.4332549946
-0.5530178058452379 -0.04882966176165307 0.7578108535890326 -0.0017159003228693747 0.01224707447951141 -0.020925742926567577 0.9997045454211692  738339.4332562522
-0.5315453940297944 -0.050766920144419934 0.7378975337888726 -0.005898346413951644 0.015148694091397644 -0.01883066694912979 0.9996905183901452  738339.4332573252
-0.5065023176324607 -0.052887073132780064 0.7182090298868891 -0.006999165172349178 0.014637590646866852 -0.01487669290409757 0.9997576889602711  738339.4332586052
-0.4851077211366313 -0.05487007249209651 0.7047720486448018 -0.006163421995458033 0.010332063481535042 -0.011408800443967224 0.9998625405354225  738339.4332596996
-0.4606673819785628 -0.05709991481883597 0.692847391923332 -0.007610054848226852 0.011436313594502598 -0.007840738450673115 0.9998749024838675  738339.4332607822
-0.43509885024593353 -0.05916737109809261 0.6839948626173242 -0.011814154228114757 0.01869962194386255 -0.0026833611819677395 0.9997517439203585  738339.4332620333
-0.4078671361157166 -0.06065259344605614 0.6780108396106803 -0.011593466599115912 0.013501825999721872 0.0023759358881061004 0.9998388105867586  738339.4332631134
-0.37660826913535655 -0.06117050943560522 0.6734550406931905 -0.014980463349606607 0.01011841998405569 0.0059664787742419265 0.9998187857936527  738339.4332643636
-0.35043637695521335 -0.06032902553519701 0.6702030012295239 -0.012244039061677906 0.012938155495484122 0.007224808768826787 0.9998152278186628  738339.4332654368
-0.31810548338959266 -0.0583494729770582 0.6661448699294307 -0.010713790781228012 0.005816915362819701 0.007138620208094136 0.9999002041625367  738339.4332666856
-0.2921605737280714 -0.056306457101631756 0.662983702698946 -0.008314749529729685 0.000366230473778741 0.0060041202013719494 0.9999473392914776  738339.4332677679
-0.2612930508321875 -0.053203275107561614 0.6598233694756611 -0.0075094583721876185 0.009174971412389635 0.006184272430478692 0.9999105873572116  738339.4332690291
-0.23600363084452555 -0.05075608478907124 0.6586231899395628 -0.004474944829638546 0.012837030135608326 0.006119151329355362 0.9998888645809981  738339.4332701052
-0.20475266146047771 -0.04760178849860049 0.6586280314820624 -0.004808782147002682 0.008043359909902901 0.005927028500636388 0.999938523264693  738339.4332713466
-0.17933463846055245 -0.045152336541989455 0.6593822247186116 -0.0048659917837041 0.005137877058736967 0.005713643252154599 0.99995863845665  738339.4332724165
-0.14840860007738063 -0.04183050212233603 0.6615434038754556 -0.007908830744600496 0.012016332462257692 0.006078935516497524 0.9998780449101761  738339.433273673
-0.12310320241132552 -0.038900292753045664 0.6646197087885571 -0.005816967130527385 0.008951046171499236 0.006056633296683919 0.9999246765926659  738339.4332747476
-0.09493573935507309 -0.03522732887618894 0.668929558961355 -0.005181609514427323 0.00496992057500577 0.006040622568144445 0.9999559798767681  738339.4332758206
-0.06701372333162264 -0.031306097282667346 0.6745254092356749 -0.005931439931745636 0.00842064572760339 0.005815789288823383 0.999930041223292  738339.4332770918
-0.03889651649264137 -0.026994400418750338 0.682310194944419 -0.007539906166105098 0.015316412704805637 0.005323752576793993 0.9998400947028298  738339.4332781575
-0.006892308091815307 -0.02178402462244065 0.6932137219058269 -0.003780029060955777 0.0115609693240577 0.0047905605998802454 0.9999145492979515  738339.4332794221
0.019596785831100125 -0.0177538840644632 0.7030691914614315 -0.0010079318739371636 0.006490338612834714 0.003980611766048921 0.9999705067190714  738339.4332805094
0.05201148263115995 -0.013374083084117054 0.715028966514475 -0.0007691998918302709 0.010374369220999819 0.0033004445230432303 0.9999404421568032  738339.4332817624
0.07816134815975635 -0.010349035372107159 0.7245142981127192 0.00220527947336598 0.005544798902836972 0.002889227778385231 0.9999780219136899  738339.4332828482
0.10633470893541934 -0.00779967870531146 0.733755234924949 0.0022148146343864126 0.0007049925053951025 0.002010907248407174 0.9999952769057167  738339.4332839245
0.13339351804197527 -0.0061999949300587 0.7413332639982653 0.0018055555798865818 0.003661441161123076 0.001660149150207966 0.9999902888140818  738339.4332851914
0.1599265562031999 -0.005387419825559355 0.7482952806855041 0.0010084842627552792 0.010930327845250625 0.0018952471160870192 0.9999379575408948  738339.433286262
0.189610221540373 -0.0053924616972319045 0.7574079833411902 0.00012456977361819283 0.012016102456173728 0.0008654855543543656 0.9999274217156411  738339.4332875272
0.21457571977020037 -0.006096891692479048 0.7659392632928148 0.00016934388078021013 0.009463877091205426 -0.0007241965331207501 0.9999549399310121  738339.4332885995
0.2399187171304104 -0.007216292574868982 0.775359524098182 -0.0002025028649820717 0.014308959161615563 -0.0030926621013168966 0.9998928183167575  738339.4332896931
0.2715735039902566 -0.00930977579684253 0.788213601352827 0.0008663974975567241 0.007102467783648233 -0.005440684370844649 0.9999596008141206  738339.4332909425
0.3006191854420402 -0.012104593042372516 0.8010429349642897 0.0006513376335186219 0.008906685985400231 -0.005900182334647125 0.9999427156354821  738339.4332920248
0.3291450935541668 -0.01576227215130085 0.8146341977723393 -0.0012329367577706704 0.005166586300766774 -0.006003641481537613 0.9999678707548104  738339.4332932696
0.3574587552335734 -0.02003029717705979 0.8282295686840788 0.0006132370690056245 0.0038030116181337567 -0.004048694071986553 0.9999843844376977  738339.4332943544
0.3865914209534955 -0.025232603876213358 0.8424022303748313 -0.0010156257642893725 -0.006690041265534342 -0.0009120698239439449 0.9999766897187198  738339.4332956352
0.40763939461535414 -0.029701576024927186 0.8535822691835228 -0.002708422338344958 -0.014570038439619524 0.0034790560764132302 0.9998841305857006  738339.4332967018
0.42779886905723336 -0.03462433676279192 0.869012821488282 -0.00988032256322022 -0.023081610762175048 0.007809551679175496 0.9996542549167889  738339.4332979565
0.43924127375269273 -0.037232293012986764 0.8841872665476375 -0.014816998226763927 -0.022461040459536428 0.010609790218750258 0.9995816077622364  738339.4332990447
0.4471737072188623 -0.03822066234526888 0.9078506222271568 -0.016219496976935786 -0.015782205353565587 0.01421870704998509 0.9996427753361797  738339.4333002911
0.4498971284259098 -0.03723512816164293 0.9303592751550535 -0.013363714285173044 -0.008627017634873514 0.014104193459331761 0.9997740031797654  738339.433301366
0.45094847395630305 -0.03468313661753639 0.9564605325028918 -0.010597395656784239 0.0005089131277508382 0.012580394786128133 0.9998645757700125  738339.4333024388
0.45148492899427756 -0.0312969927332152 0.9852210316865196 -0.009149406973227569 0.005472237820800747 0.010645467212520767 0.9998865020556573  738339.4333036978
0.4526596030302621 -0.027681202845396026 1.0179040620772086 -0.006421935373154129 0.010067318809898765 0.008565135322754587 0.999892017317343  738339.4333047698
0.45562823652799905 -0.023851309006602612 1.0542287854902752 -0.0017634332574304572 0.012221066705771264 0.006164304271880324 0.9999047640573393  738339.4333060306
0.45957390596634357 -0.021129718112439307 1.0821866027379101 -0.0010955683250051154 0.009785272821907769 0.005452941597183425 0.9999366547905841  738339.4333071184
0.4656284056974707 -0.018256143317112804 1.1166744410703828 -0.0012930740096581484 0.006227886041754408 0.006141557647386261 0.9999609105683683  738339.433308364
0.4708557379921195 -0.016390392583976423 1.1461242215249212 -0.002105917365213411 0.0048438211927999564 0.007072676057216886 0.9999610391218714  738339.4333094459
0.47702668542094334 -0.014697524222464904 1.1802293757426576 0.0020459552870087856 0.000666344655710306 0.007959311851742751 0.9999660091256153  738339.4333106963
0.48158304589315554 -0.01423510118688674 1.2055501811662024 0.0017617889115032785 -0.0011569374304520707 0.00811796098679195 0.999964827533964  738339.4333117718
0.4852532011143769 -0.014637713210152756 1.2313486604075332 -0.0004626147631361208 -0.004900402540127284 0.009419969899589308 0.9999435165096159  738339.4333128479
0.48815211728108077 -0.015970936181325283 1.267553413037325 -0.0035063983828197615 -0.003795080320949946 0.009893797370208759 0.9999377057143789  738339.4333141074
0.489120073102466 -0.01745741157549091 1.304241796568229 -0.004837370463415408 -0.004784236165602305 0.008917895686352043 0.9999370890550259  738339.4333151892
0.48909660681258077 -0.01900534361621101 1.3391889374926116 -0.004008369285607117 -0.0017542985786111005 0.007042274657056377 0.9999656302992728  738339.4333164354
0.4885539745961749 -0.020317660874056016 1.3686549796369432 -0.006022817541481613 0.0005956019297117558 0.005214897215718742 0.9999680873779088  738339.4333175338
0.4875797861769972 -0.021574420114402342 1.3954616774418713 -0.005208396850687804 0.0032800744254961292 0.00412722231414204 0.9999725394979497  738339.4333187912
0.4871133205453539 -0.022587129884282048 1.4171109562531243 -0.002785036407133833 0.0027391565212000935 0.003986802671595418 0.9999844228777872  738339.4333198632
0.4866651205932676 -0.023986494535748918 1.4413924995401626 -0.002623909752876046 0.003228868415210579 0.0034612971781221515 0.999985354356858  738339.4333209441
0.4866403485297411 -0.026279793438956534 1.4735771504673616 -0.0037748411079553206 0.002142432971219194 0.0026964353403212105 0.9999869448107955  738339.4333222026
0.4865755538522265 -0.028367258395971418 1.499723615223183 -0.0034318374734877218 0.0014578796303962198 0.002038626609060563 0.9999909704992779  738339.4333232647
0.48621504908344887 -0.03136310413806892 1.5312375307036015 -0.0027269425704096297 0.000951866439179988 0.0007965405853570709 0.999995511618725  738339.433324535
0.48557981109288767 -0.03468730433569739 1.56266529809306 -0.0005017295547956785 -0.0005107985584096082 0.0002770809151907998 0.9999997052891831  738339.4333256383
0.48399182794259155 -0.039458383228676605 1.602735386326759 0.00021994245892298825 -0.0021490066268188457 8.302400944850076e-05 0.9999976632486931  738339.433326887
0.4821132866560558 -0.04417139673586884 1.637797823592715 -0.0004464033409838057 -0.0014761071269109188 -0.00030630586565058137 0.9999987640034981  738339.4333279693
0.47928244918427526 -0.05041276976065491 1.6782378530415276 -0.0036715596778482554 0.0009312027802974302 -0.0011786867434891936 0.9999921315732813  738339.4333292005
0.4767821702921415 -0.05556798934481215 1.7083832620835735 -0.0035199888622257803 0.001000171434628589 -0.0011984009195590854 0.999992586557894  738339.4333302833
0.4737472995348951 -0.061430842477025516 1.7415571498468125 -0.0022219484195628966 0.0003821362396264892 -0.0005477110560705672 0.9999973084612349  738339.4333313747
0.47063644405765837 -0.06751866084732558 1.7756122306897804 -0.003278997698404798 0.001246812398649779 0.00041179758814552684 0.9999937620083852  738339.4333326345
0.46753151496240725 -0.0739231960868318 1.8080050695651741 -0.0024905649405705236 0.0025187082731211842 0.0005478320287358507 0.9999935765168595  738339.4333337026
0.46433679021840796 -0.08124455620418841 1.8407683989224437 -0.002500906151743841 0.003667777718881509 0.0017479645346712477 0.9999886186827381  738339.4333349655
0.4617597760671815 -0.08784121532545923 1.8672443073406435 -0.00019507527620981255 0.001557638794753577 0.00253611763477067 0.9999955518972894  738339.4333360422
0.4586757538623905 -0.09638289788652063 1.8994086555186236 -0.0036744305417680976 0.0014591550513016313 0.003128991134441796 0.9999872893398248  738339.4333372905
0.4559757503339007 -0.10388072176424587 1.9250048370826582 -0.0013599909140368583 0.001935696250064905 0.0031024637490062214 0.9999923890827507  738339.433338357
0.45259271037013515 -0.11330022926122221 1.9577893751711204 -0.0014994139193168492 0.001291868797512026 0.0020729502671580306 0.9999958928466149  738339.4333396262
0.4495666402345688 -0.12150374650103833 1.9856508583803045 -0.003412308538141316 0.00040398045096478745 0.00042992302027950336 0.9999940040402404  738339.4333407007
0.44536487410861475 -0.13183868704748294 2.0192930328596708 -0.0032661732597314714 6.269628298069324e-05 -0.0017310903026682746 0.9999931657305352  738339.4333419435
0.44144225029806244 -0.1404116629271176 2.0459123566775066 -0.0034419034508524652 -0.0006022536671773614 -0.003149385266063828 0.9999889359205938  738339.4333430285
0.4362741529652741 -0.15004177752184053 2.074212983850611 -0.0034248486020803564 -0.004189843051783258 -0.0037274300646901915 0.999978410713135  738339.433344124
0.43000822431528624 -0.15932898482391 2.0999869419100547 -0.007832863945995156 -0.005645561492885667 -0.003076509174301704 0.9999486531663184  738339.4333453631
0.4224628942242047 -0.16737185731897417 2.120162053290242 -0.01606425245476317 -0.008938359325078742 -0.0016603328527042902 0.9998296298972459  738339.4333464437
0.412839364841749 -0.17309206076853104 2.1328525935672342 -0.025126708694807418 -0.005561031977131477 -0.0015009107505416998 0.9996676801319699  738339.4333477127
0.4041339258937094 -0.17454859853338486 2.134904316113044 -0.027651112894124738 -0.00338970433777607 -0.0010866688705253743 0.9996112969604659  738339.4333487969
0.39505945151455046 -0.17223951988964223 2.1302167490035413 -0.03087585976818565 -0.0013215364222445578 -0.0009011744647122445 0.9995219470875285  738339.4333498782
0.3837429768897694 -0.16470568388603843 2.11662921333796 -0.02644148961752946 0.0004998675251593078 -0.0004894086976022607 0.9996501179104568  738339.4333511357
0.37441073363161403 -0.1551038833815583 2.1014641723309135 -0.022571830432731067 0.001246421727213851 -0.0010009194759716669 0.9997439457501089  738339.4333522039
0.36294034678540754 -0.14044691223444483 2.0788083827597594 -0.015239113915383748 -0.0015506389313015598 -0.0015885275095700072 0.9998814137218124  738339.433353463
0.35240019220067054 -0.12591198716867005 2.055717387065152 -0.005817706378931306 -0.0005347804314108257 -0.002506140541417442 0.999979793576833  738339.4333545376
0.34023652402171606 -0.11014886134231243 2.027561311414165 -0.002322911147415591 -0.0032939345263078438 -0.0033289187193341783 0.9999863360962977  738339.4333558065
0.3300368620741412 -0.09814064796380519 2.000889112071896 0.003191999898167062 -0.0022384423911593772 -0.003645158011410077 0.999985756566254  738339.4333568778
0.31706525601275504 -0.08573062361171446 1.9672633737751068 0.005740618792320412 -0.0003212857505922197 -0.0029787131365723025 0.9999790344499218  738339.4333581517
0.30622622802002797 -0.07749001529963452 1.9401485676045407 0.004485403464410006 -0.0027824260271405435 -0.002558167438324041 0.999982797372296  738339.433359214
0.29241974847848773 -0.06975600617017697 1.9067284640785038 0.0010692283469214252 -0.006408518199697301 -0.0009656436364783042 0.9999784273561073  738339.4333604677
0.280245598058157 -0.06458969029636444 1.8797258819781824 -0.001647350624270229 -0.0031499048811250785 0.0010495780411642313 0.9999931313369589  738339.4333615345
0.26486734801900896 -0.05910503819720143 1.8498719604415665 -0.006773347532516965 -0.0023409419401829133 0.0030827250468355265 0.9999695688171326  738339.4333627856
0.251714901395842 -0.054709554647808356 1.8271157999010648 -0.009486007942305408 -0.005488731721350191 0.0030681137520887154 0.9999352359805178  738339.4333638484
0.23652889928101256 -0.04885725953562179 1.8017436005827072 -0.013004125794768033 -0.00152855452191194 0.0017956763637027766 0.9999126620759357  738339.4333649374
0.22135477003634216 -0.0420827137707195 1.7771667267057987 -0.011275640398118002 0.0025795287134754105 0.0006446522246065053 0.9999328929426905  738339.4333662052
0.20614486839078097 -0.034203856099597106 1.7539749989440407 -0.011314737135838616 -0.0004537807865616454 -0.0009297940994393035 0.999935451061456  738339.4333672705
0.189144733942303 -0.02466247510502842 1.7275816571765161 -0.010199581193908897 -0.005932462455654904 -0.0039387588483833615 0.9999226273124413  738339.4333685351
0.17477483234925836 -0.016493703552216986 1.7036594587974159 -0.006748640873645564 -0.004624311532126042 -0.0054172191992691065 0.9999518615040224  738339.4333696162
0.1568090244593608 -0.006603514535998157 1.6744757758352786 -0.004582321838660906 -0.00035879875413328367 -0.005530302786874908 0.9999741443362956  738339.4333708762
0.14208874584994152 0.0009461941496497302 1.6529481017421244 -0.002792201723254622 -0.001248844939747789 -0.004959885197115171 0.9999830216232096  738339.433371945
0.12767735246794593 0.008003627060607903 1.6320346045510672 -0.004165206752668451 -0.0024377660886042867 -0.004216969192102913 0.9999794625491254  738339.4333730296
0.11003981177155911 0.016123054778095905 1.605609924984195 -0.005053302658494328 -0.0014721048695595543 -0.002029732048805422 0.9999840884870642  738339.433374275
0.09442540147877383 0.022989004843771504 1.5839199390995273 -0.004817398669364292 0.001746844114168141 0.00038842283228201157 0.9999867950795174  738339.4333753607
0.0776304333912257 0.02993389879901288 1.5642076654846009 -0.00480497295305217 0.0018130149411916495 0.0030739737116112146 0.9999820877882583  738339.4333766394
0.06423529942160563 0.0350488052383863 1.5477319797216877 -0.0028102775155389994 -0.0020074687959047393 0.0034082155465972198 0.9999882281687655  738339.4333777083
0.048358926986082185 0.040615066557404225 1.5224877251860274 -0.002624323215530545 0.0016807705439157718 0.003127388131609741 0.999990253643261  738339.433378989
0.03575451114098984 0.04449077930153714 1.4980661985325037 -0.0017431635101425914 0.0031117138534621064 0.0020586392225854394 0.9999915202752583  738339.4333800577
0.022570889223349915 0.04799906703805416 1.4699587978554898 -0.00312164387577456 0.0029557105469250992 -0.00021651898841605272 0.9999907360741915  738339.4333811458
0.00823300496736587 0.050941136772375585 1.436475365307048 -0.0023469466569915488 -0.005920345953706825 -0.0030619079670922947 0.9999750327207069  738339.433382418
-0.004053656744637529 0.052970188325421434 1.4040627195903177 -0.003333033600443921 -0.008890275714573312 -0.005204281573010025 0.9999413829510438  738339.4333834865
-0.020268570811219744 0.05520176387473077 1.3612645650544 -0.0052376448173689265 -0.004882055113491475 -0.006885907491069792 0.9999506572289757  738339.433384746
-0.03417759557217693 0.05695256320943701 1.3280420131785364 -0.006395405397637671 -0.002163080965355653 -0.007808383860509398 0.9999467230867973  738339.4333858343
-0.04880411650852441 0.058756463001881865 1.2981276699270514 -0.006581040928874875 -0.0056798014555041 -0.00850593594941822 0.9999260366693843  738339.433386922
-0.06739113135752908 0.061106282558577155 1.2642397033853479 -0.005309594754428504 -0.005291937132632046 -0.008752190872171732 0.9999335991753978  738339.4333881845
-0.0847295049026743 0.06315591286901288 1.235933624488572 -0.0035379110025044185 -0.0001367572338978232 -0.008199012838847297 0.9999601195406074  738339.4333892518
-0.10197278054846669 0.06491240218857552 1.2107530331038585 -0.0016574574390265666 0.0018295694121535722 -0.00644799933539678 0.9999761641235129  738339.4333905032
-0.11838840717392031 0.06612704999787893 1.1869703599860635 0.0009940380517761457 0.0005506064700084115 -0.00454869459700713 0.9999890089887639  738339.4333915742
-0.13460834296068724 0.06659426409521463 1.1614653086630573 0.0014380746457534573 -0.0025097711659361607 -0.0033518056278470094 0.9999901991464921  738339.4333928248
-0.1504746908587611 0.06637657403659039 1.1350397513157942 -0.0007440495212702457 -0.0011299898889960485 -0.0023449032627278284 0.9999963354642102  738339.4333939074
-0.16789576049125662 0.06565191489862306 1.1083064480703615 -0.0007802017923211307 6.120254117253844e-05 -0.0013682793501820373 0.9999987576747444  738339.4333951701
-0.1819988651497144 0.06486862302203353 1.0876137027417776 0.00037334547392679996 -0.0026231961324177967 -0.0010370889674163654 0.9999959519426475  738339.433396237
-0.1991833215003512 0.06396556488755356 1.0614128611398932 -0.00235545437040037 -0.00028367337494607524 -0.0011425793758294079 0.9999965329322373  738339.4333974968
-0.2132011785099006 0.06326499936231858 1.0398446306091416 -0.002120099699685974 0.0011316833623403232 -0.0014370622199353488 0.9999960796534189  738339.4333985855
-0.22715217486788683 0.06280038039744788 1.0186733322804304 9.116882245404473e-05 -0.003161146294895962 -0.0024014404563149194 0.9999921159319622  738339.4333996542
-0.2444440445754178 0.06253492017527776 0.9914185264809198 0.0008922923174655155 -0.003208477973695901 -0.003410444312206057 0.9999886391120181  738339.4334009143
-0.26035097983100125 0.06249517286681448 0.9655524714249513 0.0017572840075872763 -0.0002131431216587977 -0.002871230046967519 0.9999943112642911  738339.4334019907
-0.27807086077865617 0.06230117862072854 0.9372580024340278 0.006214967803604331 -0.0032118364178412968 -0.001567911124430289 0.9999742996381112  738339.433403252
-0.2927015303219059 0.06138955297608718 0.9132181823343495 0.009935800425032603 -0.0019023702014198016 -0.001012701476531541 0.9999483163110232  738339.4334043218
-0.31050773492340034 0.05875123454720876 0.8834970354959301 0.00874388766231929 0.002712603195603721 -0.00048382390229809543 0.9999579751803991  738339.4334055751
-0.32481462074917195 0.0550020779691453 0.8605420950592837 0.011529589567097407 -0.0002467920219824292 -0.001978179957857158 0.999931544888032  738339.433406641
-0.34204226022058276 0.048997471545540974 0.8335716865752624 0.0077584573477389425 5.167577782230816e-05 -0.00509367684301867 0.9999569281351154  738339.4334079081
-0.3564504736848774 0.04329234821703834 0.8125344981483649 0.006684059616879149 -0.0015435567976984986 -0.00796738640844771 0.9999447292392059  738339.4334089909
-0.3742375377898056 0.03605032306217824 0.7878233186802491 0.0036462449303302858 -0.0021913555685194883 -0.01121529504304496 0.9999280574200216  738339.4334102381
-0.3893329436007595 0.03047856879254077 0.769070200317575 -0.002900706927852404 -0.003987421755641564 -0.014573744305775106 0.9998816391673423  738339.4334113231
-0.4065917808638989 0.02549758256715576 0.7515958019971347 -0.00820601040935981 -0.0022815450818482953 -0.01700982242109474 0.9998190445707682  738339.4334124061
-0.42584503630909176 0.022621223636200248 0.7405994902547096 -0.012566412081697478 0.0032298835236611923 -0.01753361138049701 0.9997620845039955  738339.4334136819
-0.44095187954132326 0.02267341334796738 0.7400485757034166 -0.010249612885233293 0.00718388109413669 -0.01578848222370881 0.999797009956121  738339.4334147801
-0.4564361343917325 0.02474892814954408 0.7470652160711097 -0.0066190358848983106 0.011339253453597207 -0.016182977927294902 0.9997828368803269  738339.4334158627
-0.46958865514290865 0.028694292236729133 0.7615473430999163 -0.003382205600644223 0.0166481707976658 -0.019023145030802317 0.999674706615859  738339.4334171276
-0.47992625040188747 0.03343202649121293 0.7831815304550578 0.003152638939182719 0.015292802790181088 -0.024083006340056903 0.9995880150622879  738339.4334181928
-0.48813201426720576 0.03852665741763419 0.8107940478097643 0.005610738438740795 0.01586928202432033 -0.028981841850964585 0.9994382113693324  738339.4334194525
-0.4927176825527957 0.04199986884644635 0.8355704895515402 0.005445912067897034 0.01197104914970759 -0.031247058185229163 0.9994251634708688  738339.4334205297
-0.4958370826467379 0.04565677357284 0.8651948580110717 0.004918112730190375 0.008785886527856097 -0.02892670208639406 0.9995308230722542  738339.433421767
-0.4978136921221671 0.048811614474153754 0.8956755617004667 0.0064328784397727455 0.005371042951832142 -0.023537504462319808 0.9996878292028342  738339.4334228483
-0.49903314879150856 0.05152947538897835 0.9297780511777108 0.001487441725667159 0.004075665177302591 -0.0174095326429379 0.9998390293660424  738339.4334241112
-0.4997426780678983 0.05375918471823542 0.9602556566305969 7.633581584213447e-06 0.002659934881091463 -0.013489152905693743 0.9999054792539361  738339.4334251842
-0.5000738658098524 0.056659233331581786 0.9999431588778716 -0.0025679869035925024 0.001394320787860181 -0.00915000918020963 0.9999538682583341  738339.4334264196
-0.500517515093295 0.05936717703956709 1.0302194918492231 -0.0015120223897799319 -0.0001796255294274371 -0.006222082576570942 0.9999794833952207  738339.4334275017
-0.5013712889613408 0.06317193737755458 1.063063778047543 -0.0006595525898303421 -0.002921000595819024 -0.0013929309147365668 0.9999945462298119  738339.433428756
-0.5025886797564627 0.0664344797639435 1.0894942321773557 -0.0019520064342258036 -0.003151876436268653 0.0031768476752158555 0.9999880814213037  738339.4334298245
-0.5043221477913531 0.06982344908944861 1.1172679908186411 -0.0004569805963703768 -0.0005083162413384916 0.006950019071865336 0.9999756147117959  738339.4334309074
-0.5068130494401648 0.0739446518227782 1.1502390962337596 0.0013844244318097323 0.0016459122817130487 0.008931432666443468 0.9999578010357629  738339.4334321659
-0.5088771306650877 0.07731992673791602 1.177346387452234 0.004462940045836552 0.003620524527861552 0.00821976828029073 0.9999497034239816  738339.4334332466
-0.5103908915740905 0.07965701449511373 1.2043211491374237 0.0055149845269975035 0.0045905534990564965 0.007113490082553906 0.9999489537086804  738339.4334344934
-0.5113689697814476 0.08051565915268173 1.235118931106895 0.005944294936731311 0.0027273936511534383 0.005632875902405273 0.9999627480014668  738339.4334355942
-0.5122109127297544 0.07951631455219516 1.2727129732132445 0.005742169224607299 0.0040195298901632565 0.004501080277529244 0.9999653049723242  738339.4334368415
-0.5124826766690077 0.07737753457237065 1.3022063319641781 0.0034988798087910683 0.002379692098187353 0.004681533518530022 0.9999800888765318  738339.4334379367
-0.5126477818890375 0.07432433481673252 1.3285157095460074 0.0015797487577341304 0.0035224733142566246 0.005015151878448714 0.9999799722130683  738339.4334390102
-0.51241774751157 0.06968449977376896 1.3588319259652555 -0.0010455668201125904 0.0012809173228224896 0.006857074721753815 0.9999751229741154  738339.4334402671
-0.512383623562236 0.065121038468384 1.3870516067754157 -0.0038518154528381877 -0.0004468032910674517 0.00788677238032674 0.9999613806072499  738339.4334413497
-0.5122919417645566 0.06104284145629838 1.4152255414720851 -0.006463070328830901 -0.000674775057485614 0.00961077790090548 0.9999327009097592  738339.4334425982
-0.5122687386130527 0.05752025935617595 1.443393144798611 -0.004811597868988778 0.0005777017950481806 0.010723922181811793 0.9999307537422887  738339.4334436666
-0.512302448979289 0.054188502557392 1.4779429592898172 -0.004779175359032735 0.002354665838491896 0.011316855953466135 0.9999217688414455  738339.4334449277
-0.5123041294818904 0.05165537562756902 1.5097059462845386 -0.0022803406888581615 0.0012482768699912398 0.012135405515895552 0.9999229839263439  738339.4334460178
-0.5122101992639833 0.04888863359752059 1.5451744654630433 -0.0014814982781756966 0.0015248659020844976 0.011427844073443348 0.999932439881148  738339.4334471186
-0.5120491868987729 0.04573283037818952 1.5781665561380545 0.000882482383636137 0.0011438182730942796 0.009211672763283623 0.9999565280498462  738339.4334483728
-0.5118360811063383 0.04188148904441377 1.610435886157625 0.002351030703591774 0.0017934586551812787 0.005551943439388676 0.9999802158466581  738339.4334494469
-0.5115424751907189 0.03723089365816541 1.6432792164349765 0.001035109152524724 0.002429762082153064 0.001726289061103069 0.9999950223532835  738339.4334506983
-0.5109656988199202 0.03204402983933142 1.6750777405325101 0.00032475386619770807 0.002720797648819711 -0.002637514678569635 0.9999927676295469  738339.4334517815
-0.5103911417829002 0.02582281054345078 1.7101697355872663 0.0012669087779038108 0.0009799033234718503 -0.00553742358476691 0.9999833856978165  738339.433453028
-0.5099337703101229 0.020216280049653354 1.7394165726504307 0.0003681023762957106 -0.0009114777978689217 -0.007094249258438686 0.9999743523392607  738339.4334541064
-0.5098043337900896 0.012846989230075672 1.7733248738560705 0.0008174506139875075 -3.2184241572969496e-05 -0.00844253663067022 0.9999640265099081  738339.4334553562
-0.5097655091597375 0.006519980349064393 1.799534463505836 0.0005720914765823786 0.00229959823221013 -0.010078579333585623 0.99994640196259  738339.4334564387
-0.50949690346823 -0.0009736645947186777 1.8279114950272835 9.617898018682473e-05 0.0026410022404717588 -0.010760213387412313 0.9999386149482512  738339.4334575464
-0.5091480262827754 -0.008614942060791875 1.8559306063572227 -0.0014429645609863417 0.002741861355352469 -0.009606259438335506 0.9999490586170814  738339.4334587968
-0.5085372036143245 -0.015653045290029935 1.8820412984411927 -0.0007630031903842197 0.002900295521704687 -0.008066077413068242 0.9999629715680399  738339.4334598775
-0.5075649618094238 -0.025459777030983146 1.9192603747345005 -0.00013880109832777038 0.00278748812645792 -0.006132107735369172 0.9999773036918997  738339.4334611334
-0.5064959401852053 -0.03314596803702484 1.9479923679812905 -0.0013277685362094592 0.002661588358041276 -0.005268149697590931 0.9999816996209933  738339.4334622106
-0.5054256466703445 -0.04080566422444705 1.9730762696725386 -0.0038166773583347634 -0.0003127179203313615 -0.005539761225771187 0.9999773228563766  738339.4334633022
-0.5042648846662668 -0.04928045061853736 1.9920973369186474 -0.00881753544426034 -0.003733310532134033 -0.006293346749167779 0.9999343514690625  738339.4334645685
-0.5043829357448361 -0.055518555811695576 1.9959992437872633 -0.012444924410574074 -0.008281281698319928 -0.006604231721624755 0.9998664552595088  738339.4334656715
-0.5056555924318089 -0.05997775934309788 1.9870207925315722 -0.01577028723022319 -0.007945451812250577 -0.007147179148336534 0.9998185263668589  738339.4334669155
-0.5078424660607077 -0.06155164156480904 1.9718956009483288 -0.017772302665804703 -0.007030137772425167 -0.007494291326995601 0.9997892568028334  738339.4334679878
-0.5122633185621039 -0.060661855833823 1.9465169601836485 -0.016787712008990072 -0.0057756033470728356 -0.007453296411788564 0.9998146145681601  738339.4334692301
-0.516652814152359 -0.05773278775534032 1.9236777825373867 -0.01496946245655989 -0.00333000757095119 -0.00718032081901035 0.9998566243398477  738339.4334703002
-0.5223894805107886 -0.05202136641878956 1.8950025316223589 -0.013280373129460838 0.0010591271923196409 -0.005842823644346367 0.9998941800765688  738339.4334715827
-0.526943527031377 -0.046197102831343276 1.8705046449951128 -0.009112739395542992 0.005653948853719976 -0.004783413422055607 0.9999310525226738  738339.4334726492
-0.5306695792711771 -0.03979312028793096 1.846953920932282 -0.004844835059502053 0.007195631665850998 -0.002757109263947218 0.9999585735452656  738339.4334737305
-0.534042254991129 -0.032156399340408315 1.822085457412671 -0.0009275967199889938 0.006570448490239081 -0.0005095310859637908 0.999977854329302  738339.433474979
-0.5359162664270192 -0.02590571200397918 1.7997838869812586 -0.00043724464015621156 0.003918846938249125 -0.0003044797069412583 0.9999921793433724  738339.4334760673
-0.5376266841201864 -0.02050083148699241 1.7750902076440347 0.001276482548586052 0.0005108213455153736 -0.0015164249497925586 0.9999979050524195  738339.4334773287
-0.5394824402806023 -0.016145283654457533 1.7493013057979903 0.00028657142849933953 -0.0009583734747999037 -0.0028516204260384957 0.9999954338185976  738339.433478415
-0.542383942871132 -0.012213264814165587 1.7168749537226864 -0.0044401645512446904 -0.001777565789511646 -0.004441742918220254 0.9999786978323439  738339.4334796782
-0.5454105513512862 -0.00905949571145068 1.6849151580141688 -0.0055248933270768946 -0.004949655589814323 -0.004488427269569166 0.9999624145356227  738339.4334807516
-0.549528355765329 -0.0050210923688538715 1.646417137926883 -0.008890679252149813 -0.00018039674247872104 -0.003262483535658065 0.9999551387340486  738339.4334818457
-0.554005191906633 -0.0005236205529735051 1.6089536106288507 -0.008414359436623478 0.0018886155153753112 -0.0018741362771447663 0.9999610588917556  738339.4334830901
-0.558554856243046 0.004405737072415601 1.5725852253685029 -0.007358158370341212 0.004611453069462654 7.534289282761006e-05 0.9999622924537873  738339.433484192
-0.562961048114986 0.009709197878672481 1.5300914878752956 -0.005385835475600977 0.007289747691674607 0.0015423936480010658 0.9999577357951965  738339.4334854505
-0.5660004558402083 0.013480274611881683 1.4938533838109362 -0.0022585963542888256 0.00537174409178863 0.0021595307450776005 0.9999806895809948  738339.4334865399
-0.5685034962563273 0.01663819321250468 1.4592343862139032 -0.0021701898331155356 0.0034913020962252478 0.0015576568471431412 0.9999903373487704  738339.4334876098
-0.5717388996740699 0.019627618626638334 1.4187348205927457 -0.0022538514973172736 -0.0027985678155983346 -0.000987268207852931 0.9999930567124431  738339.4334888782
-0.5751068305378222 0.021731409204549267 1.3809160836377008 -0.003933151380565733 -0.0017894440621283548 -0.003359817221455731 0.9999850198069992  738339.4334899723
-0.5796856412395661 0.023700686391532437 1.3394894831605646 -0.005277279030773493 0.0004279095500269781 -0.006461599974879645 0.999965106863841  738339.4334912259
-0.5839691783753594 0.0253217758889969 1.3088484561254772 -0.007521082080823957 0.001810953698007316 -0.010906261654845624 0.9999105996176625  738339.4334923247
-0.5881057207397116 0.027219924927670603 1.280970492437637 -0.00855889470328598 0.0027042144740298197 -0.015456396643366075 0.999840253414684  738339.433493401
-0.5935180932567676 0.030058104311202233 1.2473605531440564 -0.009882531131701738 0.0010480099168036052 -0.01981862285183288 0.999754199512011  738339.4334946617
-0.5986737341890981 0.033164044648896024 1.2147884421804458 -0.007999769410775544 -0.0009524789857233408 -0.022859130487082956 0.9997062351643761  738339.4334957359
-0.6047349002151841 0.03713645840376347 1.1799783874188068 -0.008327850412294871 0.0030072682632396423 -0.024981599845664684 0.9996486997511949  738339.4334969966
-0.6095615694454811 0.04077950976901386 1.1546895519046285 -0.0076052131901971 0.00471193409066802 -0.026296148230820268 0.9996141610629972  738339.4334980799
-0.6155580682410543 0.04553331657626558 1.1248707464482552 -0.00576318130854354 0.003664169983808069 -0.02889930194484833 0.9995589977318173  738339.4334993428
-0.6198086148710169 0.04943917829567756 1.0994654614521748 -0.0027146886545103624 0.0054894657110486685 -0.03172167159683224 0.9994779796387807  738339.4335004321
-0.6241772164304934 0.05357971802940611 1.0691800107147587 -0.0015532921161075608 0.008736921296990285 -0.03435722509561852 0.9993702189747208  738339.4335016725
-0.626868472207647 0.05625032170843909 1.045413030132595 -0.00018143028808826828 0.007465724278241222 -0.036840354352263814 0.9992932594265066  738339.4335027641
-0.6294782222325037 0.05802126192535741 1.0169896903710154 0.00017001970214275443 0.004275052502255875 -0.03995243948704778 0.9991924227086781  738339.4335038564
-0.6324827717434424 0.05887978405730472 0.9811326614331141 -0.002312959161204706 -0.001121738508021892 -0.0444024537509315 0.9990104173748814  738339.4335051173
-0.6352388301683282 0.05862974393746305 0.9510805579630556 -0.003233456440044607 -0.00033614586824028776 -0.04733591052508538 0.9988737374364023  738339.4335062021
-0.6399706852992294 0.05741567806997426 0.9161329432545492 -0.004231006822560883 -0.0007127044028330628 -0.04925472015566692 0.9987770337648382  738339.433507455
-0.644739392930141 0.05581505961472084 0.8872673087056441 -0.003579962522914034 -0.0007990114076794708 -0.050102340556571916 0.9987373533216118  738339.4335085234
-0.6514122510232134 0.05318549865100856 0.8514470472055812 -0.00544973839029228 0.00307891224558761 -0.05010374733763089 0.9987244040042219  738339.4335097679
-0.6572281543443552 0.05081658310171332 0.8232697620206091 -0.0067054694709252904 0.0052893107099097085 -0.04950152821717361 0.9987375323755251  738339.4335108564
-0.6634837199993547 0.04859626171617497 0.7915948622654653 -0.008192911477787949 0.010325115711314328 -0.0482619655455767 0.9987477413585187  738339.4335119245
-0.6688805101713807 0.04708215137143475 0.7584741429970542 -0.011156996922735482 0.010289490586830536 -0.04509740506894622 0.9988672944186214  738339.4335131703
-0.6732264866198834 0.04655333775929601 0.7270729429029487 -0.00795873505475888 0.010837063236037807 -0.04278692411580741 0.998993741582726  738339.4335142515
-0.6764837861016828 0.047060440175423955 0.6951424621368353 -0.007208380340018759 0.013747685985459552 -0.03847835454875904 0.9991388575238873  738339.4335155226
-0.6784553840242579 0.047566695321091534 0.6683635173828436 -0.004786669174483285 0.009017951113960233 -0.03438047201508609 0.9993566668111742  738339.4335166104
-0.6807235893722718 0.04794670938397644 0.6349985130807402 -0.0033325199937974097 0.0071026304172594505 -0.0303399080795604 0.9995088478494678  738339.4335178542
-0.6827572041108257 0.04774474499524401 0.6088271844673406 -0.002166589075228176 0.004029976027432509 -0.028401533828662253 0.9995861233836616  738339.4335189236
-0.6855871607372522 0.04676966944525069 0.5761439234672783 -0.0008314282305705587 0.003946402783747328 -0.028531201798338235 0.9995847663685699  738339.4335201853
-0.6883224725048634 0.04511367182981475 0.546376275333316 0.0001468926918429463 0.006450732177839775 -0.030926233713289807 0.9995008426936007  738339.4335212652
-0.6906587421214829 0.0426143210513139 0.5123057674586117 0.0005615103225731885 0.008090821824940968 -0.0363450527314143 0.999306389677513  738339.4335223682
-0.6924900535930423 0.03956559367494754 0.47929685450089643 -0.0005588819230495483 0.00989506523868167 -0.04034323083938681 0.9991367269099652  738339.4335236109
-0.6934207346523571 0.035921112031766456 0.44609592205273213 -0.00332847973384693 0.010495909214100317 -0.03874385059828958 0.9991885063156242  738339.4335246991
-0.6941796460384584 0.031489536423208314 0.40953949623591446 -0.005726249708411622 0.00819764803909691 -0.0347772008965135 0.9993450629931123  738339.4335259433
-0.6942350248478667 0.027615745075304107 0.38181924828617203 -0.0064564410969587755 0.006517252437793925 -0.03242300298201997 0.9994321330969159  738339.4335270155
-0.6940693047580135 0.023751821731315396 0.35470835358915465 -0.00860907562115984 0.005753817267869864 -0.03397416450181847 0.9993690677373402  738339.4335281212
-0.692795476439353 0.019705059541808324 0.32146839921131415 -0.009831607027638127 0.010647250604603772 -0.03718988938857532 0.9992031263387252  738339.4335293828
-0.6908270444604174 0.016955986364980073 0.2922251971656871 -0.011381245618835797 0.0077815761505297485 -0.03858179630293944 0.9991603271321454  738339.4335304744
-0.6875900100896105 0.015672169699282753 0.26164752597968116 -0.010900908147880738 0.00416409007000655 -0.03768721633631478 0.9992214490693543  738339.4335317314
-0.6845891093583764 0.015913424683054133 0.23735928079587587 -0.008758138012934237 0.006654532938812117 -0.036245704093677604 0.9992823730781336  738339.4335328155
-0.6811428122402033 0.016823046277633508 0.2090168266464748 -0.006157603125288242 0.005634741578898206 -0.03581155121208084 0.9993237045176478  738339.4335340429
-0.6785675282503116 0.01803914920633686 0.18488228203770432 -0.004697167846208549 0.009100470660185763 -0.033864094425029787 0.9993739746244947  738339.4335351171
-0.675966114059298 0.01907904812713729 0.15618672100188316 -0.004284928930390777 0.007491580806163088 -0.030631820867273358 0.9994934752920809  738339.4335363816
-0.6730546695225197 0.020510580188135695 0.12587532082515646 -0.004918642459279719 0.008545310342347704 -0.0271086184009825 0.9995838671346695  738339.4335374618
-0.6704462998859131 0.02186650068667912 0.09491349888518918 -0.004899582258426562 0.006820970256493661 -0.02377818924333498 0.9996819825198218  738339.4335385512
-0.6675198677293694 0.02316473620113566 0.06534421104302236 -0.00315557423056564 0.01040798855938326 -0.017087501891579166 0.9997948456581123  738339.4335398038
-0.6644871097697777 0.024097998406007654 0.03972955727362077 -0.008181301119312801 0.006681006679742142 -0.006174418646670112 0.9999251507068497  738339.4335408792
-0.6614732592761557 0.025202744773969193 0.020225121919632365 -0.007065238903991681 0.0016481786085178957 0.002715719156307998 0.9999699949378321  738339.4335421353
-0.6627523640385098 0.023205401347739275 0.022790786738081655 0.0018058705068040224 -0.005412907886571008 0.013120851753663955 0.9998976360153986  738339.4335432148
-0.6658372889455584 0.0210549941660176 0.02474381264290216 -0.008944103519927615 0.0007437303998856503 0.02297348300361562 0.999695788205592  738339.4335444901
