-0.03998752654472647 -0.10328039481584107 -0.02051604707762261 -0.00018817106360135056 -0.022094342425236505 0.9177849765848302 -0.39646253464814313  738339.3893795334
-0.039985177787207504 -0.10325311720564416 -0.02054258539389163 -0.0003146803619312802 -0.021845630888441967 0.9178482645674385 -0.39632970191230577  738339.3893807752
-0.04000244040868137 -0.10324786217505354 -0.020561536974904076 -0.0003963208112655547 -0.02199710047328094 0.9178266807529545 -0.3963712333136665  738339.3893818465
-0.04002327880587079 -0.10325518736666296 -0.020568235365672108 -4.869161904973437e-05 -0.022108446918818806 0.9177553181025019 -0.3965304405698758  738339.3893830213
-0.04000909577660526 -0.10325286429117898 -0.02054870775284409 -0.00028384270515640535 -0.02173663522449595 0.9178017249349916 -0.39644347873157165  738339.3893843306
-0.040023416140063085 -0.10328057158682696 -0.02051074776548382 -7.460963790312379e-05 -0.022060253193706168 0.9178065549677346 -0.3964145145181877  738339.3893852705
-0.04001505201993956 -0.10333007770436456 -0.02048305990111998 3.35080177390898e-05 -0.02192835055405567 0.9177156243474636 -0.3966322971566187  738339.3893863547
-0.0400070301350992 -0.1032804001005259 -0.020534054124247858 2.79485426891278e-05 -0.021933755100749297 0.917741738703823 -0.3965715706489096  738339.3893876489
-0.039987920833046975 -0.10324206605095111 -0.020594947750290814 0.00016683418047608152 -0.022051153454977934 0.9177804909463516 -0.3964753324431864  738339.3893886872
-0.040007082909559365 -0.10329021485031634 -0.020507490332331266 0.00011763800677138253 -0.022181696408753747 0.9177780549663013 -0.3964737069819412  738339.3893899651
-0.03996182609931455 -0.10331132234537664 -0.020417010349971863 0.00024325569451963272 -0.022065997093373486 0.9177734524545529 -0.3964907597518421  738339.3893910296
-0.03913859334150915 -0.10287293405947417 -0.019394319609689546 0.01016933757555211 -0.021643340755102033 0.918492219671222 -0.39471533131823616  738339.389392391
-0.0272698818180619 -0.0948509572858085 -0.007762063510551434 0.14010969558917885 0.006882085109152596 0.9093481916965384 -0.39167304778947176  738339.3893934257
0.02218315489462003 -0.07313282282282985 0.005345659059630739 0.49511640569395565 0.003940200710566621 0.8177665358188841 -0.2934316147347463  738339.3893946062
0.10177687983142296 -0.0502750869524284 -0.013517399101767075 0.9037829675991703 -0.09263946889597077 0.3919410260094669 0.14483269109892294  738339.3893957925
0.14722784211755016 -0.04346709320842922 -0.02375712923614758 0.8939308774738601 -0.24722353512162804 -0.2893333880219362 0.23675789439114214  738339.389396767
-0.3471211611742385 0.5662234806088999 0.5340743949857611 0.42257706846394383 0.5840059462539863 -0.5381562062356229 0.43675344719702824  738339.389398022
0.18165045938308438 -0.09920517132145844 0.026848006882947358 0.20647520881382037 0.9244607224920924 -0.13336808251878646 0.29146752011150384  738339.3893990974
-0.33734223025024757 0.5643079554139253 0.5326666703122943 0.2942475131801351 0.9120209853661511 -0.2811869218788164 0.05069554421621041  738339.3894004867
0.2006002574961346 -0.08625190275293354 -0.04630432610586304 0.7217792074653321 0.3283057515834823 0.3818709943425744 -0.47478906140278293  738339.3894015289
0.19608306481221988 -0.04755414307394947 -0.05876578025562365 0.7407660852349741 -0.5630401864455098 -0.35873978346399943 -0.07454611440752294  738339.3894025626
0.19760943016962057 -0.04286216019435904 -0.06060102547374418 -0.6583204999998942 0.7516576064476737 0.030287209944854846 -0.0266016327130493  738339.3894038246
0.1973061150013629 -0.043324472368737675 -0.05989156067442484 -0.6576177349443505 0.752370997928724 0.03353352888811918 -0.01876961914125448  738339.3894048884
0.1977102471602053 -0.04293015940036804 -0.06062736729495072 -0.6566744945494868 0.7533034573546195 0.03179751953758477 -0.017361655940896323  738339.3894062717
0.1970778926899227 -0.043582664543061575 -0.05907129688551215 -0.6604476814983207 0.7495064312895081 0.04288985728481617 -0.014471682737222309  738339.3894073118
0.19755421957923044 -0.043074819180921695 -0.06016151243832006 -0.658287399656522 0.7517042471496618 0.037131084544852845 -0.0148225109592761  738339.3894085853
0.19728895802288016 -0.04328018960923045 -0.05906508539790013 -0.6613833999996229 0.748358021731672 0.04993724805407277 -0.006208121421435798  738339.3894095372
0.1973267527214885 -0.043196566014324846 -0.05933414060377447 -0.6607916798017405 0.7490453704013973 0.04720491151610185 -0.007555482366128443  738339.3894107756
0.19743456152232183 -0.04324895216046794 -0.059986870329521776 -0.6584681451967538 0.7515130178049874 0.03680443539369111 -0.01712656901248155  738339.3894118685
0.19765566165467516 -0.043038261436133214 -0.06054586575173389 -0.6567050682027612 0.7532789467747739 0.030842535757483802 -0.018921409322315518  738339.389413213
0.19748042237559632 -0.04312421845565241 -0.05986614685795115 -0.6585631261764029 0.7514001067084677 0.03892478572962071 -0.013317264552823473  738339.3894142567
0.19742561455468768 -0.04325094156609836 -0.05997654919888372 -0.6580210080085648 0.7519467598105782 0.03568032538138806 -0.017644767225536602  738339.3894155322
0.19748047768383858 -0.04313490097807883 -0.059914420345696884 -0.6589246588776794 0.7510369923871903 0.03987471554037764 -0.0131048483208077  738339.3894165625
0.19737759883587558 -0.04321774573685303 -0.05958222933164608 -0.6600516032784591 0.7498431169357362 0.04420321776823317 -0.010642205249368103  738339.3894177268
0.19757289887083204 -0.04308425897212605 -0.060303477219423356 -0.6574686202252835 0.7525360595020772 0.03395099743565289 -0.016487035551378783  738339.3894189124
0.19762268020872267 -0.043063576938063924 -0.060471783258400455 -0.6566195821845846 0.7533327620216452 0.03096608569340997 -0.019533957443627032  738339.3894199468
0.19763822545883053 -0.043053940469133606 -0.060484331956215616 -0.6565676657881943 0.753396019501632 0.030718241998096103 -0.019228303333500146  738339.3894213256
0.19746878970911405 -0.04321447045786554 -0.06011045002122402 -0.6574589982157579 0.7524927551735071 0.03345141808276362 -0.019578603238451966  738339.3894222904
0.19745490588939668 -0.04318604581419121 -0.059848458712802324 -0.6589591004136149 0.7510548819070629 0.03856606081329162 -0.01421714806114119  738339.3894237028
0.1976088108771946 -0.04304669445116496 -0.06047716611470152 -0.6568858579708345 0.7531024495093018 0.03132029360815179 -0.018886750628662526  738339.389424677
0.19747935641147052 -0.04314334721745473 -0.059944530668451276 -0.6587515263017452 0.751230070891284 0.03883904225124209 -0.013832424979149969  738339.3894259844
0.19744566142916342 -0.04318834787399064 -0.05982198232663334 -0.6589108873083571 0.7510804198586698 0.03895857477353569 -0.014031213171091293  738339.3894269541
0.19751912936274163 -0.0430774282588128 -0.060003561587762225 -0.6586487710316413 0.751313866892274 0.03912525354856157 -0.013359804214426715  738339.3894282016
0.19757569792550508 -0.04308977485650422 -0.06026982588724164 -0.6575990263453042 0.7524032718036889 0.03400603279212088 -0.017217051505798196  738339.38942928
0.19730559924863572 -0.04324359306312481 -0.0592532814194323 -0.6609824416127708 0.748816427421656 0.04810744575638903 -0.007864068023873407  738339.3894304592
0.1974725479433679 -0.043124928071453364 -0.05989942820516238 -0.6590624102853582 0.750872900663237 0.041028389080146915 -0.01197070122920769  738339.3894317361
0.19728512365462286 -0.0432959979670082 -0.059569287121957235 -0.659843383658023 0.7500608733026589 0.042883434066178186 -0.01328180958587093  738339.3894327388
0.19730369495698433 -0.04325378203774431 -0.05932028058595899 -0.6610092538672901 0.7487977802514647 0.047991429716367176 -0.008091555231634375  738339.3894340503
0.19720119247418558 -0.04335218077549949 -0.05896178566929348 -0.6622444927018167 0.7474133906292454 0.052697664267551854 -0.005330250927768943  738339.3894350883
0.19738467890272368 -0.043198647664605065 -0.059654436780970405 -0.6603011104316281 0.7496193581921011 0.044266635200318066 -0.010664257801805525  738339.3894362466
0.19725562487325185 -0.043350666138076976 -0.059352850438713876 -0.6605513687303846 0.749286850954535 0.04590477134699557 -0.011569624999636543  738339.3894373977
0.1974349761087086 -0.04320536979295434 -0.05996987874066674 -0.6585753985107888 0.7513970536466302 0.037874819943359506 -0.015697460360742956  738339.3894385664
0.19727432316523294 -0.043236035375841766 -0.05913509219715436 -0.661665455842007 0.7480269243234157 0.05125842966073183 -0.005207535055663836  738339.3894397385
0.19756999870873385 -0.04307732633140148 -0.060374098701289625 -0.65766214036757 0.7523258600183041 0.034269673257335174 -0.017660661643930566  738339.389440819
0.1973404214463415 -0.04327565360968379 -0.05976307927762338 -0.6591523832957288 0.750813970621119 0.03911474808559547 -0.01632646924201884  738339.3894420724
0.19719491910237064 -0.04342761085144785 -0.059342742687407406 -0.660994171501738 0.7489369093394452 0.04488566739024205 -0.012864211314463993  738339.3894431697
0.1974057212513943 -0.0431832189343862 -0.05975107139825988 -0.6596888355912827 0.7502528261716743 0.04234910101197288 -0.01174268543013882  738339.3894443525
0.19724183136007617 -0.043387495887026395 -0.05956592752455292 -0.6603198374937372 0.7496835922438182 0.04170395096727752 -0.014594663626408435  738339.3894456228
0.1975838109636101 -0.043059274262453304 -0.06047453149766037 -0.6572197294275589 0.7527801880810424 0.032225772324871095 -0.018593420392774857  738339.3894466137
0.19753498509448184 -0.043109593357629504 -0.06035844809743297 -0.6574342276012406 0.7525532957753693 0.03289110197051208 -0.019024952224780643  738339.3894478657
0.14703790948464454 -0.06526078517863555 -0.011097339372319435 0.7796807711267916 0.09697579068300488 -0.23311658667677956 0.573018540862951  738339.3894489672
0.16994770551301733 -0.09709078782341433 0.015166600980679528 0.4244224293963423 0.3917717789887778 -0.4854297389167681 0.656306668554018  738339.3894501481
0.1700177522685071 -0.09698026376344966 0.015136570962046179 0.4982490177372153 0.34236558565273206 -0.6051894338292195 0.5179570168132012  738339.3894514096
0.2054622482324855 -0.08063566275885856 -0.05092293427249153 0.787712744197844 -0.30925546586701214 0.41737242606572755 0.331164532248984  738339.3894524991
0.20546543449813173 -0.0805988229616908 -0.05092395180113315 0.7839193448004803 -0.31481658084122116 0.4256312960997524 0.32434392403045476  738339.3894537145
0.20569548716301622 -0.08057710075837417 -0.05131873366407207 0.7853599477714824 -0.31446699452333815 0.4238514691743414 0.323527732768901  738339.389454766
0.23654212966326843 -0.08445168956360172 -0.027854566792549933 0.6595718217206077 0.015442118327015995 0.6987277784951271 0.2765972605305376  738339.389455986
0.15726986964945142 -0.13854176149251174 0.06368102013377462 0.13786430582424705 0.08448335868848371 0.6932785074444198 0.7022968791045202  738339.3894570924
0.1571715119023042 -0.1386163040284406 0.06382627420038542 -0.0052784827989871205 -0.02866839712776911 0.5956579811386531 0.802709056963536  738339.3894581647
0.15717158416643634 -0.13860213063848162 0.0638547512303626 -0.006216285895136602 -0.028527307052135863 0.5951895008919159 0.8030547979870709  738339.3894595259
0.1572199722635097 -0.1385657869924891 0.06386836159902064 -0.005418070222613631 -0.0287330129188181 0.5955093497970715 0.8028160890191098  738339.3894604961
0.180581359474613 -0.11237490642826149 0.011845560892036717 0.708541206390054 0.6980905923237232 0.08053895569409664 -0.0644388110702295  738339.3894618286
0.0 0.0 0.0 0.0 0.0 0.0 0.0  738339.3894628363
0.15461854343948295 -0.1193715786227949 0.020579963182156682 -0.6682356576408747 0.0456935524806165 0.7211880516515918 0.17680780320435477  738339.3894640815
0.19758282742084196 -0.04592748182870089 -0.05391403984065858 -0.2606218165506021 -0.16995956443543367 0.7316814105393042 0.6064918207741934  738339.3894651583
-0.28436782294445656 -0.1291722901240396 0.22801748307180858 -0.4876980736166294 -0.13869674854559208 -0.4792080777382744 0.7164310288952437  738339.3894663404
0.18918310704847122 -0.10662131993253829 0.007440718430077395 -0.601165192399483 0.7927695837380856 0.05744143657699099 -0.08256682088470382  738339.3894674935
0.19286178301459692 -0.04253106444380208 -0.05490502317683033 0.34449865736928786 -0.3898350723317082 0.708786156955919 -0.4764152339698526  738339.3894686472
0.19269596001204414 -0.042258669920122775 -0.055281907381543545 -0.03342008632239199 0.0036229794571230735 -0.8193318656543288 0.572333177243338  738339.389469827
0.19270312781256252 -0.04219650588104743 -0.055383738315298546 -0.03161711903572749 0.0007109186146231235 -0.8191530389759223 0.572702497912411  738339.3894708994
0.19206587308912265 -0.04290485215224638 -0.0540983865537059 -0.03411166644478246 0.00839335209463884 -0.814231946508728 0.579475869331574  738339.3894722296
