-0.02414059048657594 -0.1656421680368592 0.13770926577803222 -0.016305986017924247 -0.03468971070244298 -0.7685801461633148 0.6386041792181929  738339.3923015166
-0.02414000843355215 -0.16565841849938256 0.1376874106515687 -0.01671754461419752 -0.034858143768304206 -0.7685044612100048 0.6386754470115639  738339.392302672
-0.024179399134451225 -0.16558913386591526 0.13757520351359265 -0.016438317471646778 -0.034527793775619105 -0.7685898903396853 0.6385978340421461  738339.3923038283
-0.024209103258219535 -0.16556601642824534 0.1375545108029652 -0.016520886541381216 -0.03455120972882602 -0.7685563122334241 0.6386348480472398  738339.3923049876
-0.024158004811133314 -0.1656231740692864 0.13766618200727793 -0.01642363007493792 -0.034270006318280755 -0.7685473349195074 0.6386633111665558  738339.3923061675
-0.024231123575463486 -0.16555806106036158 0.1375567228331152 -0.016358217557316687 -0.0343764897130148 -0.7685981427986357 0.6385981213250211  738339.3923072447
-0.024176911881638605 -0.16560777461297294 0.13763112624887666 -0.016612710597069605 -0.034498401277849845 -0.7685407111387983 0.6386540953271659  738339.3923085765
-0.024159460610841867 -0.16562380887883948 0.13764896716750177 -0.016510753979663253 -0.03463452195601601 -0.7685629969520373 0.6386225525363193  738339.3923095505
-0.024198892794751858 -0.16559231655274892 0.13756427439748267 -0.016376097725416677 -0.03443608900008925 -0.7686039967951158 0.6385874061616305  738339.3923108885
-0.024217369122198854 -0.1655344981612003 0.13749529791432735 -0.01621247928887693 -0.03449122375362262 -0.7686614347432148 0.638519466999862  738339.3923119319
-0.0242065323490201 -0.16566465040098802 0.13776750279490507 -0.01566237011819999 -0.034073636165056834 -0.7685368736698516 0.6387055278377843  738339.3923132016
-0.06403464412153984 -0.0997518094157346 0.078250035755026 -0.013417356129623638 -0.025499330402864045 -0.7696804061390247 0.6377788261687295  738339.3923142388
-0.06661154585587806 -0.09855083718122495 0.07756271856844459 0.005366056120771189 0.0010088288388133615 -0.7709417319724199 0.6368822760993184  738339.3923154043
-0.057875259863987026 -0.12380490236562756 0.10608857731271526 0.596845267985803 0.66028364328182 0.0072295878935946896 0.4557948766236084  738339.3923166783
-0.09701957557924473 -0.13849822933847658 0.05954554476248769 0.2966622834757524 0.26346967680949146 -0.7104656843157576 0.5812174553251104  738339.392317717
-0.09887061471872825 -0.19539417192176817 0.06860696387518067 0.46386571404132615 0.5431268056148312 -0.50607501332394 0.48345625784421703  738339.3923189112
-0.013479542834756603 -0.3267007506734807 0.07043461542358752 0.27322819228570727 0.868147752157884 0.13768704416190042 0.39077885463962453  738339.3923199814
-0.038543247168881425 -0.30620605642378346 0.06631772742792529 0.7527910443650008 -0.22381135642551686 -0.2898822220783212 0.5469757010889575  738339.3923213066
0.01624112730573183 -0.2727256693263004 0.06353008673495732 0.6556827117066798 -0.550385905842487 -0.46307310717010436 0.22960582230149404  738339.3923223149
0.04299277074636204 -0.2995697878943664 0.06102119988932888 -0.35490042882271516 -0.338754519651309 0.22662676991128966 0.8413865747662242  738339.3923236111
0.0986397573890691 -0.31558341212806434 0.04742238903387333 -0.04269890382960334 0.07901726482862985 0.39789724131090215 0.9130229245905748  738339.3923246632
0.06922794400988623 -0.33890088591265555 0.05277034822035053 0.13408825127784915 -0.16045595582714353 0.5170349364174365 0.8300295787697349  738339.3923258156
0.08092370916248899 -0.3191464406627343 0.04213986658998558 0.008298170926915557 -0.017653163664663855 0.5125003152070153 0.8584654524700491  738339.3923271028
0.08668402663510041 -0.27046739706929 -0.018539012530925044 0.029553107263374744 -0.03270400114367912 0.49990740227322766 0.864956444748929  738339.3923281364
0.0863587572408651 -0.27084543278182427 -0.018483140157334495 0.014408405692900566 -0.022729935553089484 0.49928566572178257 0.8660193830855621  738339.3923294223
0.08616204778794169 -0.271021725757645 -0.01787686100414045 0.009472493765503005 -0.018518280931110662 0.49856324421965037 0.8666037368061578  738339.3923304393
0.08626250850417486 -0.27090451392202997 -0.018253632397704583 0.010984507253616573 -0.02067850772383032 0.49940835973133113 0.8660502468963174  738339.3923316814
0.0862648881326464 -0.2708928106591274 -0.01829616995893671 0.011420497627611489 -0.021598146435648218 0.49962398324157575 0.8658977813081079  738339.3923327642
0.08663303900294536 -0.27074825293777555 -0.018061596313458446 0.010678494301897492 -0.020567723784140818 0.5001073938094328 0.8656532407118457  738339.3923339653
0.13146358049988616 -0.38373638356855055 0.1352815613373133 -0.009178516380117898 -0.009677375609745447 0.5034820236525194 0.8639027463187808  738339.3923351873
0.13155380765658822 -0.3837874411852878 0.13535402070134606 -0.009889792168796976 -0.00981725937499033 0.503591936575167 0.8638292509782793  738339.3923361781
0.1315459079485515 -0.3837511815971379 0.13535915073673238 -0.010013218665991669 -0.009951760239667056 0.5035048798320906 0.8638770363340789  738339.3923374272
0.13151479366550556 -0.3836990346839267 0.13527222497147784 -0.00987797166983545 -0.00977446511577893 0.5034752033865052 0.8638979135767765  738339.392338605
0.13153656901460126 -0.38373894959801264 0.13529491989328662 -0.009823262694807182 -0.009834129814732204 0.5035038436406601 0.8638811682401102  738339.3923396068
0.13155087033203483 -0.38376238999010925 0.13534230893008972 -0.009836382747715589 -0.009856481220330853 0.5034846021863841 0.8638919786140004  738339.3923408765
0.1315760511061357 -0.3837884916613867 0.13536872749062026 -0.009568496777493177 -0.00988098513875373 0.5034628517757617 0.8639073832789741  738339.3923419454
0.1315006662563152 -0.38370450578859616 0.1352765719063288 -0.009910153788152859 -0.01007166439641136 0.5033531750360153 0.8639652375005281  738339.3923432978
0.13146489805997408 -0.3837127812524934 0.13520209975955538 -0.009711871403721081 -0.010082280129466816 0.5032132211293957 0.8640488882359647  738339.3923443352
0.0815336033008223 -0.3234217581795991 0.04385015725572586 -0.0009534833333432509 -0.017414582498238632 0.501528267937854 0.8649654441913858  738339.392345614
0.08526835209237876 -0.3214104815053089 0.04473327052071006 0.003215907391610825 0.0017634915161228691 0.5027858416683259 0.8644032308218164  738339.3923466535
0.08174849923935777 -0.32312273886735415 0.043814548538587225 0.011489160284494617 -0.022546188479447324 0.49964705693999806 0.8658593922064973  738339.3923478733
0.0817939179238183 -0.3230898297738812 0.04387736072161754 0.00925396709983413 -0.02130338484464734 0.49966262360986785 0.8659086513336032  738339.3923489557
0.08177113441531618 -0.32310100052539575 0.04395070868495094 0.008969059530603556 -0.02137249000847506 0.49952150540430346 0.8659913615507908  738339.3923501233
0.08173857978992345 -0.3230930001453228 0.04385884464150327 0.009231426817162092 -0.02134793411143269 0.4992896559417943 0.8661229046374528  738339.3923513931
0.08159576625634937 -0.3231106339921876 0.04375770615033121 0.009565902143501998 -0.02164415825843511 0.498909919982145 0.86633071957127  738339.3923524381
0.08152717191292026 -0.32313194970126247 0.04381873409539321 0.009767913366635315 -0.02164155384948046 0.4989399442987767 0.8663112391043853  738339.3923536672
0.08153436260149713 -0.3231324122965052 0.04383062060445712 0.009665224760041067 -0.02177523469857905 0.49891036237590874 0.8663260776971332  738339.3923547681
0.08155989661151662 -0.32312821600068903 0.043766350199807104 0.009316063662641682 -0.021899695643857704 0.4988476023703125 0.866362905425856  738339.3923559117
0.08155568997829342 -0.32313187172353874 0.04375577530247313 0.009728960940279842 -0.021868505940548677 0.4989496203700202 0.8663004052287887  738339.3923570772
0.081556963222184 -0.3231323015789932 0.04375275317251611 0.009599142358509461 -0.02196542577921215 0.4989576150204074 0.8662947967923309  738339.392358178
0.08155751356874241 -0.3231350469198223 0.04372774762021703 0.009596668903683115 -0.021912924402288706 0.4989142584077339 0.8663211243225883  738339.3923594946
0.08153918393923994 -0.3231323040446956 0.04377162394067081 0.009668591602871666 -0.021916823947267454 0.4989298722455187 0.8663112337639123  738339.3923605507
0.0815326441090309 -0.3231298975685945 0.043787305114729946 0.009641805109093715 -0.021776714780567197 0.4989628459780288 0.8662960744578669  738339.3923617045
0.08153775411250425 -0.3231343326917024 0.04379319977307918 0.009728099833998487 -0.021786456846968696 0.498957405145839 0.8662979985096388  738339.3923628955
0.0815350674707797 -0.32313528081806464 0.04378759105294165 0.009498819530150469 -0.021943790356808116 0.49896282839358475 0.86629344818819  738339.3923640162
0.08153551220898805 -0.3231301593067299 0.043779185321141674 0.009289628765360256 -0.021831970725798244 0.49884786408405896 0.8663647478691651  738339.3923650781
0.08088706460454341 -0.32248558647733544 0.04381310832951139 0.00584270810653192 -0.021381983250583683 0.49800237400159864 0.8668923284024525  738339.3923663459
0.08097389376719757 -0.32228100056067854 0.04374110431145401 0.002733487041165339 -0.018402781398739815 0.4986638665250941 0.866595761533386  738339.3923674879
0.08097447631220349 -0.3220800617807194 0.04379099956734025 0.0018387080799432789 -0.017273521888600814 0.49901536066728464 0.8664190178038919  738339.3923687541
0.08095719030783252 -0.32207343439644115 0.04384752072261311 0.0020111728560149693 -0.017969255359310286 0.4991080163610646 0.8663511118765292  738339.3923698046
0.08097570527605473 -0.32205663566442533 0.04378584999123463 0.0017279885688978958 -0.017409923129059084 0.4988936270834625 0.8664866170274375  738339.3923709479
0.08092516418173985 -0.3220556224002889 0.04390152525763318 0.0019480237121340962 -0.01809786021546149 0.49910544063579887 0.8663500630732266  738339.3923722254
0.08078538555427311 -0.32210387524583484 0.044307123627207144 -2.365931612244506e-05 -0.023829663074129856 0.5003320163944981 0.8655056440998095  738339.3923732686
0.07376608494783077 -0.3052652334131678 0.06045054685220402 -0.5130672147127118 0.8147413655956562 -0.13373123837897838 0.23467956079703742  738339.3923745364
0.1036803931498942 -0.32431779306807823 0.050492034634938156 0.21834940638135938 0.6031639631585337 0.30979089854856917 0.7018164784730189  738339.3923755388
0.10369837105727595 -0.3244772289664927 0.05052354359097079 0.39094980370116716 0.5074802632175957 0.4093467074123927 0.6496593773365021  738339.3923768156
0.08063571051618953 -0.32217918521957245 0.04456682043309553 0.05877033342870903 0.01728403144269328 0.4969118963954652 0.8656361114154313  738339.3923778962
0.08057640085789625 -0.3221831320357842 0.04446026778118603 0.006430861433711403 -0.017769537663617174 0.49739887657046394 0.8673161160377928  738339.3923789959
0.10007315233440213 -0.30768050592373236 0.055625101619854365 -0.012153830297512115 -0.6233217877391163 0.5427827565934725 0.5627691467054697  738339.3923802779
2.185218079197157 2.486048851873077 0.7920780515546487 0.21953438113625665 0.9065285512378359 -0.05317356167793337 -0.3566275559014391  738339.3923815365
2.1852189574172836 2.4860973207906687 0.7920949001559702 0.2188440618017811 0.9189988301291769 -0.031454831325393805 -0.32643379178876913  738339.392382464
2.1852462021937935 2.486104384321179 0.7920462679074789 0.21879241775038696 0.9191601784507799 -0.030808213818286634 -0.32607560204130187  738339.3923837957
2.1851733708639993 2.4860879611216 0.7921315838251538 0.21882668111464043 0.9192311000743386 -0.03116345072922855 -0.3258188263853391  738339.392384824
2.1854078824456007 2.4860398126441297 0.7921167420408437 0.21813970663350737 0.9190641113354177 -0.03214684002306045 -0.32665395806819525  738339.3923861091
2.1852299904853276 2.4860800356695045 0.7920757013618741 0.2188037836527807 0.9191948789481095 -0.03105236861052624 -0.3259469729549176  738339.3923871827
2.18523229222723 2.4861220631611984 0.7920778248611777 0.21884717268657122 0.9190742416593316 -0.030949011691761164 -0.3262676999041154  738339.3923882876
2.1853573123874597 2.4861600570530076 0.7919966378854784 0.21855248823276777 0.9191246322088819 -0.031061472653056182 -0.3263125882812018  738339.39238958
2.1853126202965054 2.486096725476982 0.7919985854662556 0.2189305807393445 0.9191181414801547 -0.03099402246465352 -0.32608375211080415  738339.392390782
2.1853362443720834 2.4861076584626973 0.791979240373825 0.21890739902369002 0.9191571486361214 -0.030983099217231296 -0.3259903899299692  738339.3923918752
2.1852895554135787 2.4861117437982245 0.7920099647741751 0.218964644706794 0.919212242457912 -0.030934721969224387 -0.32580113667789923  738339.3923930589
2.1852949068273158 2.486114310458943 0.7920343301679543 0.2185648418070049 0.9191976420671087 -0.03084165937548225 -0.32611945172147155  738339.3923940419
2.1852580725876116 2.486112442897876 0.7920752570146492 0.21889947763144652 0.9191234957550395 -0.03093294988847583 -0.3260953401306324  738339.3923953682
2.185206278579271 2.4860875423622164 0.792097620496756 0.21889681408060127 0.919239734699837 -0.030998478382765773 -0.3257630876454379  738339.3923964187
2.1852759076234114 2.4860980245285536 0.7920446041220209 0.21859418545937476 0.9191387524415265 -0.030771670836463004 -0.3262723404113793  738339.3923975001
2.1852629748143726 2.4860894886383043 0.7920352503292802 0.21865235033676944 0.9192553058678056 -0.03072056823573534 -0.3259096178595648  738339.3923987924
2.1852742395840035 2.486090699356413 0.7920531011005557 0.2188074094710255 0.9191395070123928 -0.030808384339492345 -0.3261237919318135  738339.3923998699
2.1852197632367187 2.4860774616390744 0.7920797033276613 0.21879092138272518 0.9191221323999461 -0.0306525477685861 -0.326198497495572  738339.392400961
2.185243385071884 2.4860867978590315 0.7920451695895986 0.2190596191006899 0.9191848064689477 -0.030840198626508292 -0.3258236593385774  738339.3924022131
2.185272009042221 2.486080175055622 0.7920309392589638 0.21882528009764607 0.9192373237418264 -0.030685714414596495 -0.32584755079794175  738339.3924033607
2.185263045481577 2.486045847606829 0.7922067805820429 0.21886566032631088 0.9191033088390125 -0.028093523863846902 -0.32643174528225405  738339.392404584
2.185258528628447 2.4860815654831687 0.7920407667555699 0.21875114286227162 0.9191822755820377 -0.03058193851661943 -0.3260623050719643  738339.3924056697
2.1852543935224773 2.486085110062625 0.7920385773699736 0.2190752525453059 0.9192291706480233 -0.030817772853570388 -0.3256900834049196  738339.3924067293
2.1852233130566865 2.486093967744806 0.7920831586322409 0.21872162898027872 0.9192209774680007 -0.030649620172721707 -0.3259666307802913  738339.3924081076
2.18529983797192 2.486089697477687 0.7920122506936911 0.2186655167139441 0.9193271823419211 -0.03076437132925302 -0.325693839463082  738339.3924091321
2.185293956542785 2.4860888561756918 0.7920172177915525 0.21879693537324313 0.9192292808291033 -0.030814720082865888 -0.3258770985569578  738339.3924103051
2.185320516980031 2.486094317199616 0.7920262371566259 0.21867222003580852 0.9191999547257437 -0.030946967103194205 -0.32603096270740234  738339.3924115782
2.1852648000999992 2.486077054990717 0.7920472591370156 0.21889998479289868 0.9191791241936725 -0.03095473444563443 -0.3259360960673458  738339.392412616
2.1852925428009415 2.486059589432023 0.7920699339951405 0.218471456758595 0.919272764196313 -0.031217082126819028 -0.3259345047277673  738339.3924138382
2.185236008142704 2.486107646119161 0.7920865047271158 0.21899612174140426 0.9191523682882934 -0.03079389970617079 -0.32596220374934887  738339.3924150803
2.185243740502592 2.486164296415075 0.792063230783766 0.21906912728167863 0.9192354766569835 -0.03128441533716402 -0.32563191072784003  738339.3924179189
2.1852153087411277 2.486387021415525 0.7921040123080761 0.2200676002701848 0.9189492382766397 -0.03203418131872611 -0.32569365976227577  738339.3924179305
2.1852111882485925 2.486468202147914 0.7920762584662104 0.22091660965362442 0.9189154366292324 -0.03241620637416624 -0.32517604688531854  738339.3924184054
0.07141620046720952 -0.20614779958232055 0.061111200402615064 0.7094578768094988 0.6501798470174557 -0.06826154155881295 -0.26320343749527747  738339.3924196375
0.07156621280638982 -0.20384784969082131 0.06075317934041035 0.7820072942394887 0.5694946725258196 -0.08280678835827598 -0.23933960291337256  738339.392420746
0.07773112361250098 -0.20717992557232084 0.06363287527752397 -0.05963378335873728 0.44157630116502805 0.5571698378573418 0.7007253056039573  738339.3924218852
0.07746338158856264 -0.2076817752467402 0.06633184728525336 -0.050777943969115745 0.44449565381435413 0.5545889515672316 0.7016240510030838  738339.3924229341
0.05796200259020103 -0.21539399128728562 0.07790133314859565 0.7741566368856564 0.12926511634699514 -0.49107514219363535 0.37791167748719895  738339.3924241835
0.061629325854356695 -0.20752691226710254 0.06078226644143244 0.006460784421533288 -0.004506275554082345 -0.7296832282110406 0.6837399638845193  738339.3924252711
0.061663459405123605 -0.20773199900643063 0.06086923822177026 -0.00045199643429927767 -0.004029939002848933 -0.7301213578713119 0.6833054646869204  738339.3924265284
0.06166377321942832 -0.2075113114143143 0.060851390210605996 -0.002804437760868155 -0.005618485202333597 -0.730201579783324 0.683202913221844  738339.3924276752
0.06166366191359273 -0.20749575933115674 0.06088135935121754 -0.0030271357920801864 -0.005646683705355862 -0.7300934468879433 0.6833172837147543  738339.3924289505
0.0616596355527376 -0.20768095424684332 0.060945487614687856 -0.0021190178174647946 -0.00460824029713009 -0.7302335917157705 0.6831787287487358  738339.3924299907
0.0616447910076848 -0.20766303413639298 0.06095899539340813 -0.0022173880085731884 -0.004649067340108556 -0.7302901388614361 0.6831176929673473  738339.3924310572
0.0616420538491693 -0.20770666802746723 0.0610132841740878 -0.0019248363524735045 -0.0041718992927787 -0.7303589534153011 0.6830480871998789  738339.3924324489
0.06281497245655478 -0.22153413692831359 0.04379256191788915 0.00026271415032334524 -0.007024480384772401 -0.7292943370166115 0.684163984474556  738339.3924333954
0.06282526627718596 -0.2215745857453574 0.043805468802982986 0.00043019678886443665 -0.007240728483637602 -0.7293122770747399 0.6841425211823973  738339.3924346551
0.06280099854495805 -0.221566729716704 0.043835105975497855 0.0004266309020258061 -0.007083618349795392 -0.7293237205529485 0.6841319689767119  738339.39243577
0.06280236544156992 -0.2215821520270274 0.04383271811521674 0.0004549298452824862 -0.007135665118477611 -0.7292835540130802 0.684174227202548  738339.392436927
0.06283723958133551 -0.22157398307871579 0.04378118785993598 0.00035505497556654713 -0.007201343520956874 -0.7292782046608319 0.6841793001795153  738339.3924382045
0.06287151557503963 -0.22157231758378015 0.04377345129028133 0.000308465969553812 -0.007177355632995084 -0.72930040239639 0.6841559131362724  738339.392439247
0.06286224369975096 -0.2215707735468203 0.043783841876558996 0.00018486761748669122 -0.007156122294771098 -0.7293574774783849 0.684095333841734  738339.3924403159
0.06284491347674603 -0.2215724595614869 0.043825002731123226 -1.1515945985597838e-05 -0.0070474722126756375 -0.7292831816812424 0.6841756893661735  738339.3924416015
0.06284010232050245 -0.22157202692098613 0.04381968946757901 -2.5685267927515398e-05 -0.007208365605300613 -0.7293281968853198 0.6841260264261079  738339.3924427155
0.06283321222405253 -0.22157030094776045 0.04383123201616157 -0.0002893732297358292 -0.007186953893554164 -0.7293394914577693 0.6841141499464751  738339.3924439864
0.06282275791763776 -0.221579416200717 0.0438670832623941 -0.00016752918812572743 -0.0069718138661290134 -0.7293252703481162 0.6841315778247884  738339.3924450309
0.06285141689084776 -0.2215881019813919 0.04384840450050922 -0.00014171589252647083 -0.007080823533557938 -0.7293460340952179 0.6841083279746487  738339.3924461858
0.06285221229671613 -0.2215821421652887 0.043810124651549015 -2.667270858602909e-05 -0.007177179903516563 -0.7293417984654128 0.6841118537113915  738339.3924474712
0.0628446221641115 -0.22158025505762832 0.04383430719707849 -5.513714671409182e-05 -0.007091268243709401 -0.7293171780692929 0.6841389951227997  738339.3924485066
0.06281814138508773 -0.2215842164179149 0.04388161922658833 -0.00021277269117246428 -0.007324886272328966 -0.7293922023745582 0.6840565151243508  738339.3924495568
0.06283374712682296 -0.2215831829702786 0.04385107403423356 -4.5821696560708555e-05 -0.007117660050131513 -0.7293665434167479 0.6840860926521516  738339.3924509366
0.06286363760217097 -0.22159320170924685 0.04384090384451109 0.0002101945137969247 -0.007260426747462697 -0.7293870623258302 0.6840626837749644  738339.3924519307
0.06281925769022667 -0.22159150644008474 0.04389037924159316 6.741521688324475e-05 -0.007297109404590193 -0.7294137051931417 0.684033913140232  738339.3924531905
0.06282991678496251 -0.22158593317522723 0.043886654181680855 -0.00014090306952974625 -0.007277302644815029 -0.729398244671809 0.6840505987733835  738339.392454255
0.06283837412160814 -0.22158822730215727 0.043889382682526325 -0.00013016276368537036 -0.007121352127736968 -0.7294561742529293 0.6839904672185189  738339.3924554467
0.0628669450696403 -0.22158740188931358 0.04387133083611978 -5.232052323799009e-05 -0.007079557754214217 -0.7294093789626275 0.6840408138451401  738339.3924566277
0.06286426506245303 -0.22157914769026216 0.043847539233458736 9.638233195164055e-05 -0.007150644851493572 -0.7293711416439778 0.6840808407824432  738339.3924577652
0.06284719488828437 -0.22159239012950696 0.04388664718751705 1.4434702569527074e-05 -0.007021047082543414 -0.7293786263927939 0.6840742094618575  738339.3924588141
0.06286291083863374 -0.22158936441907057 0.04386239542985526 -0.0001921752850153828 -0.006865778196329302 -0.7293111754655776 0.6841476693663704  738339.3924601913
0.06285763951721361 -0.22158767745928282 0.04387557063483284 -9.737877921039924e-05 -0.006909620114782108 -0.7293317045982265 0.6841253630257309  738339.3924611653
0.06285169644534334 -0.22158565376689784 0.043889028180056286 -0.00015879313087486675 -0.007103339929752819 -0.7293542025615825 0.6840993820727674  738339.3924624124
0.06286364276079685 -0.22158603210388617 0.04386744468823601 -0.00030841550087305037 -0.006923026611123366 -0.7292904121822645 0.6841691832298815  738339.3924634912
0.06282243955395601 -0.22159322304891804 0.04393622592509476 -2.0271749886553768e-05 -0.007083251038801699 -0.7293188076926996 0.6841373428555676  738339.3924648265
0.0628376537829975 -0.22159671397497196 0.04391656187184737 -0.00013662170645590378 -0.007096576188010998 -0.7293421916955415 0.6841122622447731  738339.3924658325
0.06282670296952063 -0.22159215476641675 0.04392447125427708 -0.00024175802387118165 -0.0072021970648870025 -0.7293613629605475 0.6840906899898792  738339.3924670251
0.06285332568610191 -0.22159366974112496 0.04388691226557295 -8.389008904132008e-05 -0.007017278906888197 -0.7293453602469386 0.6841097106791126  738339.3924681802
0.06282554634530439 -0.22159518228218905 0.043941387344952794 -2.5343609536558724e-06 -0.007142112700537735 -0.7294043608034263 0.6840455165123847  738339.3924692846
0.0628638789183602 -0.22158627648199816 0.04388894788844486 -0.00042721675213397214 -0.0071942353011812295 -0.7293446281449706 0.6841085249142512  738339.3924705375
0.06286374383507375 -0.2215938719216342 0.04388782682849061 -0.0003427189957523852 -0.006900088951713713 -0.7293368340162881 0.6841199119037874  738339.392471603
0.06288920171629149 -0.22158786366568875 0.043854811229554695 6.572383640339138e-05 -0.006811800809874593 -0.729276413592704 0.684185287497084  738339.3924728729
0.0628644868858179 -0.22158909151824308 0.043884650312522526 0.00025291911002309095 -0.007081162544591925 -0.7293372259058867 0.6841176829148963  738339.3924739484
0.06286059673334735 -0.22157773478213835 0.043902940792046506 -8.217903148270391e-05 -0.0070055732109099555 -0.7293514364218973 0.6841033528494862  738339.3924751262
0.06286677280845057 -0.22158933515654694 0.04389854914493806 -0.00011214032978660343 -0.007314370929473922 -0.7293974413049829 0.6840510653600335  738339.3924762851
0.06285317388414831 -0.22159451066723745 0.043927989952816646 -0.00015519595548515493 -0.007210420463614614 -0.7293618369786288 0.684090123090601  738339.3924773936
0.06288904253316098 -0.221590787638871 0.04386468679601027 -0.0002509321544249501 -0.007114867642047414 -0.7294020888653537 0.6840481769951213  738339.3924787091
0.06286017398883381 -0.22159414877427344 0.04391388463515118 5.9664059890149646e-05 -0.006982578389987701 -0.7293403095145744 0.6841154529437355  738339.3924797728
0.06288246342655181 -0.2215952952493756 0.04389375646403716 -2.332711205514356e-05 -0.006989798350077914 -0.7293691444357052 0.6840846390030978  738339.3924808643
0.06286612052413766 -0.22159588345254103 0.043904861732912664 -0.00021671688029853897 -0.007083824033683441 -0.7293938713481738 0.6840572731216132  738339.3924821373
0.06285733384637449 -0.22159255918543344 0.04392792250372889 -0.00011090067324121394 -0.00727991520879933 -0.7294263150973154 0.6840206439714706  738339.3924833412
0.06286239047420555 -0.22158357929785874 0.043882042658696364 0.00018084610170538196 -0.006757980509919022 -0.7293450282164498 0.6841126565194225  738339.3924843004
0.06285630017759974 -0.22158244221738205 0.04390454807972415 -0.0002379144679313519 -0.007347146978547895 -0.7294003848266739 0.6840475432619297  738339.3924856578
0.06287947001378308 -0.22159043329575448 0.043870931076904936 -0.00037211352161872676 -0.00708983252425019 -0.7294182976618218 0.6840310978621039  738339.3924866972
0.06289716918617357 -0.22158710531099207 0.043852409205341475 -5.518389268992526e-05 -0.0068862028173229135 -0.729417664176322 0.684033952631779  738339.3924877758
0.06288613290930987 -0.22158378777768314 0.04387853860637008 -0.0004584960858113035 -0.006556446578921199 -0.7293849122797136 0.6840719644367189  738339.3924891257
0.06286619350464596 -0.2215853220165609 0.043915522449897056 -0.00019191584396930836 -0.006933103154259715 -0.7293998638211948 0.6840524350563951  738339.392490172
0.06288826237656844 -0.22158344364484872 0.04385422493195202 0.00012229613550248123 -0.00647550712460529 -0.7293710758589474 0.6840876307546395  738339.3924912433
0.06286362705119747 -0.22158780215019913 0.043927180456002614 -0.0003789034044671538 -0.007090193939047455 -0.7293972588352631 0.6840535245035444  738339.3924926033
0.06289066736380297 -0.22158407068460098 0.04387701946560114 -0.00032021827042647265 -0.007014115689255499 -0.7294484274024685 0.6839997744162075  738339.3924935864
0.06284268755174331 -0.22157992490956713 0.043974989985173484 -0.00025477573147981135 -0.007205419547631497 -0.729435321867664 0.6840117895404192  738339.3924949131
0.0628300782859669 -0.22158796965523547 0.04399776952909345 -0.0003850276186159583 -0.006974661672011091 -0.7294144107096546 0.6840364195694417  738339.3924959567
0.06287699510079872 -0.22158166399770682 0.04389245475122662 -0.00018937302362182133 -0.006940373260885559 -0.7293464220952666 0.6841093420891801  738339.3924970453
0.11237310010589047 -0.2867597102044472 0.1373191566926584 0.030711954465086094 0.07412356065889858 -0.7187532993046607 0.6906201331751384  738339.3924983948
0.11222289338056163 -0.28713422288723683 0.13802843192949324 -0.011334285137566553 -0.01641375120175262 -0.732147081316905 0.6808544441149259  738339.3924994342
0.1122130117109752 -0.28714714774442285 0.13792435217862647 -0.012518443597255515 -0.017566321697565467 -0.7321784305615364 0.6807712234902158  738339.3925006394
0.11219454441579617 -0.28714215100697543 0.1379160296879402 -0.012312662657166896 -0.017365724166591587 -0.7321023484707658 0.6808619399893417  738339.392501746
0.11217915057144948 -0.2871959751968393 0.13794508434148542 -0.012270924929432754 -0.017495793021076417 -0.7321592694883107 0.6807981534421809  738339.3925028254
0.1121428749786773 -0.287199626590907 0.13794529501595867 -0.012708405825771063 -0.017678071504609993 -0.7320139079782444 0.6809417161076737  738339.3925041727
0.11212714920197665 -0.28720450996685953 0.13792800304127187 -0.012540895925835342 -0.017733555176447428 -0.7320627446065686 0.6808908759186594  738339.392505335
0.11213150431432896 -0.28719644004420536 0.13791478905224105 -0.012678660627164473 -0.017705852393558492 -0.731969871876545 0.6809888846528649  738339.3925062964
0.11213037117775432 -0.28720544823329747 0.13793520506255458 -0.012807408326576125 -0.017473958964519927 -0.7320207370160776 0.6809377883687329  738339.3925076404
0.11213965406067927 -0.28720152291734014 0.1379388808897683 -0.012716896204418269 -0.017546798546597412 -0.7319764131069509 0.6809852575987042  738339.3925086869
0.11211658155461317 -0.2871871643440114 0.13792197475837145 -0.012827565757557046 -0.017745210268066858 -0.7319591440338733 0.6809966024397459  738339.3925099659
0.11212611875472003 -0.28719270779086786 0.1379206422663517 -0.012742640660859767 -0.01761944684034292 -0.7319740670651762 0.6809854222713535  738339.392510986
0.1121227886271293 -0.28718940483142513 0.1379187354961597 -0.012825652252163302 -0.017508930190658842 -0.7320497550696946 0.6809053503316636  738339.3925120916
0.11213099582901512 -0.28719923388509166 0.13792563184774628 -0.012741487678779324 -0.01751565195231825 -0.7320052740416706 0.6809545764613052  738339.3925133824
0.11211890944906545 -0.28719587456647094 0.1379296001996394 -0.012740243683660819 -0.017661241396329113 -0.7319992577096752 0.6809573066321456  738339.3925144746
0.11206175583691336 -0.2872175092401171 0.1379381844083829 -0.012660801127775461 -0.017608444197612774 -0.7319693218622287 0.6809923337749783  738339.3925155425
0.11206093107656838 -0.28722644502609335 0.1379470076917879 -0.012772999803369321 -0.017456521320423725 -0.7320468846532943 0.6809107716939271  738339.3925169113
0.11206335435679037 -0.28724050876959895 0.13792922483289297 -0.012864108799903892 -0.0176567322235667 -0.7319839023273188 0.6809716009097881  738339.3925178943
0.11205062933640891 -0.287223323004609 0.13796817373102852 -0.012732777687868749 -0.01766913075700247 -0.7320554153019295 0.6808968696636538  738339.3925192228
0.11204718073228986 -0.287224868651492 0.13791742415129926 -0.012839097837921037 -0.01746065897490234 -0.7320609907181621 0.6808942567121663  738339.3925203802
0.06015255874799949 -0.2228065694349419 0.043804807111490346 -0.0036520969101265024 -0.007584413175669533 -0.7332952945369546 0.679858183649282  738339.3925214204
0.06013929405708628 -0.22279557131698952 0.04384675601394018 -0.0022958537903660227 -0.00540013116777589 -0.7332993877804967 0.679880559745234  738339.3925226908
0.060103648211542064 -0.22275437547462837 0.04381931618484011 -0.0023065254241802806 -0.005557377172465662 -0.7333142702837164 0.6798632042533933  738339.3925237339
0.059733335649646335 -0.22252814974743795 0.04371485218809547 -0.0019015711331413542 -0.004928967848174287 -0.7333448182694084 0.6798363529707614  738339.3925250064
0.05962915823291485 -0.2224764771696723 0.043734386251262636 -0.0019265375363197814 -0.0065446707658472075 -0.7335007658937232 0.6796543843535546  738339.3925260445
0.05963175671629586 -0.22245297782278464 0.04371501566479458 -0.0017766290483840256 -0.006695820970427267 -0.7335309302300964 0.6796207648141174  738339.3925272819
0.11126757980209857 -0.28663930442173086 0.13770524208949392 -0.007529827206735342 -0.014076555428408948 -0.7325669351498609 0.6805077793931875  738339.3925284805
0.06287943455409 -0.22648959652134062 0.04960418776172731 -0.007964211581112763 -0.013098686803848023 -0.732525758288906 0.6805666823913507  738339.3925295199
0.05965285822742324 -0.22245642349913292 0.0436670249588618 -0.0033341125164261724 -0.008183210438534058 -0.733275288215879 0.6798744519781328  738339.3925308026
0.1114707888881202 -0.2868894121479331 0.13804071903683687 -0.010458506430434172 -0.01767335859575075 -0.7319922901263592 0.6810033474475428  738339.3925318151
0.11161253134089082 -0.2868979910730005 0.13829129859569944 -0.010825183070388263 -0.018850622866004266 -0.7315558018754749 0.6814349405272577  738339.3925330549
0.11157965719063097 -0.2868987034727892 0.13827374483352822 -0.009455346145253595 -0.020504758620043795 -0.7313682617594193 0.6816088445686521  738339.3925341364
0.11158186870000432 -0.2868768287165459 0.13823295952101458 -0.010251487577504747 -0.019334073657816607 -0.7314555225835895 0.6815379072951193  738339.3925352087
0.11147085305718825 -0.2868839478136466 0.13805656341425676 -0.011666085353038097 -0.017370557439815717 -0.7318516833752186 0.6811426280358797  738339.3925365387
0.11146618364474264 -0.2868684970293823 0.13802398481190614 -0.011299588520918207 -0.01797089068809811 -0.7317174493349586 0.6812774330079315  738339.3925376371
0.11148961271473135 -0.28687278062754057 0.13807933668959993 -0.011079873999294953 -0.01830302278570593 -0.7316761745013429 0.6813165280661744  738339.3925388057
0.11145811600469854 -0.2868697258533471 0.13805292338654707 -0.011547662658076144 -0.0176682475822146 -0.7317767798851057 0.6812174608269332  738339.3925398713
0.11151794938536476 -0.28691061459679 0.13831079450975464 -0.008883951864884866 -0.020732228591200174 -0.7311114827247329 0.6818850709063423  738339.3925411794
0.11146908512019603 -0.28673759796777704 0.13855192069314637 -0.008299286122207993 -0.018905769076443736 -0.7314827571031961 0.6815472616086112  738339.3925422193
0.11153520472108065 -0.2869143042494576 0.13829643955100443 -0.008854127270004786 -0.020258746407157066 -0.7310156094334542 0.6820024680226111  738339.392543462
0.11153013975880975 -0.28691377381598554 0.13834980610657885 -0.008829295749931474 -0.0212294752349394 -0.730897258505261 0.682100102937467  738339.3925445679
0.11145989608181348 -0.2868179984572798 0.1384835845959231 -0.008262130570943558 -0.021117644099411595 -0.7311784277237208 0.6818092762184944  738339.3925457987
0.05956684518353809 -0.2224457208895173 0.04367895792579454 -0.0021932823918340274 -0.007119497715412964 -0.73345793757012 0.6796940165103823  738339.3925468728
0.059587051443052756 -0.22245425501470154 0.043690519841917325 -0.002059934790800383 -0.006929896806755243 -0.7334270888986789 0.6797296804381244  738339.3925479674
0.05956795103877549 -0.222454753060221 0.0437128106723528 -0.0018202225347686573 -0.0066019230060947835 -0.7333781517633544 0.6797864281660174  738339.3925492113
0.05956354140805829 -0.22245426579784003 0.04366602696881931 -0.002073936081063181 -0.006943039122700631 -0.733479659905904 0.6796727753126439  738339.3925502928
0.05955404401276545 -0.22246724244143729 0.04369424624733928 -0.0018306941696492121 -0.006748768766830814 -0.7334248966405431 0.6797345244040482  738339.3925515725
0.0595407733363103 -0.22247336428007258 0.043732419943829925 -0.002095927909941195 -0.006946900053948713 -0.7334345755336904 0.6797213186869691  738339.3925526255
0.059551898270219436 -0.22245590334175808 0.04368653641363284 -0.0018380631541437885 -0.006984941542956026 -0.7334714352489407 0.6796819004426572  738339.392553883
0.059585413580974946 -0.22244751486356115 0.043651231096905635 -0.0019096351154032484 -0.006951864060451519 -0.7334463322857024 0.6797091308320509  738339.3925550494
0.05954765734796393 -0.22246993696533723 0.043709430406802044 -0.0021110496295119814 -0.006757463113562374 -0.7334374369789795 0.6797200940088767  738339.3925560496
0.05955066476135885 -0.22246861327101414 0.043706110436965206 -0.0018485358666627768 -0.006782551594370159 -0.733403632099247 0.6797570833265747  738339.3925572856
0.05954597966498416 -0.22245928526848333 0.04369765246039192 -0.0019294547226128785 -0.006929290611876079 -0.7334867869355871 0.6796656498065782  738339.3925584024
0.059573786109777774 -0.22245692555236116 0.04365736552207366 -0.0018862028880629244 -0.006663670807583096 -0.7334812173009729 0.6796744379456361  738339.3925596633
0.059553520226716485 -0.22246125689311014 0.0436821110643835 -0.0020581706872068463 -0.006788548869177351 -0.7334904115817719 0.6796627808371413  738339.3925606983
0.05954093125906943 -0.2224611102267021 0.04372628332647804 -0.0022657498902644616 -0.006804196096811904 -0.7334398158685462 0.6797165628345567  738339.3925621165
0.059556282120754714 -0.22245821902039192 0.04370697025263236 -0.0022060972135524684 -0.006942217313811585 -0.7334755000755703 0.6796768567067327  738339.3925631458
0.05957414383982318 -0.22246408157720055 0.04373478977564224 -0.0019273759485562278 -0.007012844381520194 -0.7334594792257736 0.6796942677185756  738339.3925642873
0.05954765008909061 -0.22246183343732187 0.043724988665372506 -0.002209117243542176 -0.006940282747946858 -0.7334887951598356 0.6796625189396246  738339.3925654603
0.05955261280609698 -0.22245732390164433 0.04374985269068821 -0.0019776131298218608 -0.0068826143393310776 -0.7334297925377115 0.6797274881040595  738339.3925666141
0.05954788564630191 -0.2224602685642315 0.04373951986787273 -0.002274966273220801 -0.006972449704330121 -0.7334925206946389 0.6796579518835936  738339.3925677125
0.05957723073795792 -0.2224588379393781 0.04367957265232181 -0.0018761390677690837 -0.006742952901896558 -0.7334448430001247 0.6797129357051283  738339.392568933
0.059607849418786996 -0.22244473389933328 0.04366716885593224 -0.0019430042607792106 -0.006793628652812091 -0.7333995095557332 0.6797611571188665  738339.3925700326
0.0595573252764815 -0.2224456152787432 0.04369144517179529 -0.002229550371461258 -0.0068718727729000706 -0.7334993523453539 0.6796517538995104  738339.3925713081
0.059544858171386224 -0.2224497683338501 0.04373413907189157 -0.0022215186566291274 -0.006872404899890868 -0.7335029987759014 0.6796478394672568  738339.3925723428
0.05955843746865518 -0.22245464850226745 0.04368384035230836 -0.002059615808225418 -0.0067885982068124975 -0.7334689199821158 0.6796859689131282  738339.3925734446
0.059560443898818434 -0.22245408471084618 0.043704541222536336 -0.0021797823202650574 -0.006858958242906299 -0.7334456798515715 0.6797099660501709  738339.392574668
0.059564308376494866 -0.22245433098131287 0.043699363724877455 -0.0022680852587752655 -0.007072493806413628 -0.7335238337838346 0.6796231462300873  738339.3925758103
0.05958661882887535 -0.22245819472004535 0.043675206702540444 -0.0020677754947799527 -0.0069220248670998075 -0.7334443671180182 0.6797110931999657  738339.3925769991
0.05956238678862782 -0.22246105673231795 0.04367979705210451 -0.002113800115081675 -0.006841213585393052 -0.7334776746085957 0.6796758275064073  738339.3925780862
0.059575334866233474 -0.2224472345695782 0.043665534836005535 -0.002010398928176489 -0.006998058706147061 -0.7334577488683416 0.6796960468440874  738339.3925793407
0.059565574242041945 -0.22244394521543176 0.04366793832149869 -0.0020246947949497233 -0.006877549271932768 -0.7335012804011576 0.6796502568062943  738339.3925804109
0.059564674934875564 -0.22245475260055292 0.043708286752886766 -0.002194599947099484 -0.006810821744423088 -0.7334184961360226 0.6797397339892769  738339.3925816576
0.05956166252201354 -0.22245331675601415 0.04369772319029642 -0.0017755717687946413 -0.0066303645423433245 -0.7334160272510963 0.6797454057087466  738339.3925827679
0.059542413947534185 -0.22245574169307103 0.04371992639339901 -0.0020843625566665087 -0.006937071481468104 -0.7334563717197538 0.6796979353033874  738339.3925838332
0.05959724373929357 -0.22245245080572335 0.0436641230953642 -0.0021151772011016893 -0.006772436653814697 -0.7334404364309088 0.6797166956425421  738339.3925851954
0.05955611836309558 -0.2224563340625272 0.04372171008020659 -0.001994991852971056 -0.006868106761298049 -0.7335216458067717 0.6796284604472852  738339.3925862343
0.05953000841461752 -0.22246195285919954 0.043759692336225245 -0.002208219306930845 -0.007070881236309221 -0.7334865199458377 0.679663631117466  738339.3925873172
0.1114376211328407 -0.28683777379678377 0.13823447245667925 -0.006515101256290408 -0.015057014523859668 -0.7321826191469283 0.6809107518525412  738339.3925886066
0.111524820968525 -0.2869417432385344 0.13835400954023191 -0.00913520991526065 -0.021209249369782354 -0.7308395824777211 0.682158500910723  738339.3925897266
0.11152219674025424 -0.2869053320287918 0.1383373759059924 -0.009110564080860294 -0.020710147949409202 -0.7310308381712876 0.6819692082760239  738339.3925907605
0.05967957391362319 -0.2226100325244992 0.0439033407321504 -0.003924699845340717 -0.011024635735226627 -0.7327145287511434 0.6804355028178788  738339.39259213
0.05953612757808202 -0.22247277197015491 0.04371863785152258 -0.002141754673681725 -0.006843408651615782 -0.7333782270666893 0.6797830217867054  738339.3925930964
0.059585849156197426 -0.22244978972335883 0.04370344649131447 -0.002266787318871629 -0.006804163860325703 -0.7334733141994078 0.6796804119486966  738339.3925943532
0.059566014429404734 -0.2224527658596196 0.04366078177014074 -0.00204454489944751 -0.006845887095171115 -0.7334403180643303 0.679716303691274  738339.3925954392
0.05956551201233749 -0.22246439164071335 0.043672085434513896 -0.002149470825361034 -0.006966172259508613 -0.7334997076218129 0.6796506684598617  738339.3925967625
0.05953961522497506 -0.222466131520264 0.04371962370371803 -0.001845927359632656 -0.007012811307951372 -0.7334520361798219 0.6797025258548148  738339.392597816
0.05953667608888195 -0.22246150442815343 0.043712700520874205 -0.0022859867478093104 -0.006948197541026409 -0.7335108850157126 0.6796383438116083  738339.3925990837
0.05957433442008603 -0.22244516641436626 0.043664299412545474 -0.0021003087426192395 -0.0070471486772415905 -0.7335194255452246 0.6796287065350538  738339.3926001204
0.05956968765538324 -0.22245857173786288 0.04367742900668552 -0.0019537059937177366 -0.006725958931015827 -0.7334059557247785 0.6797548444967293  738339.3926013403
0.05954619356373837 -0.22245704014491918 0.043706984163109565 -0.0021719579520776628 -0.006999724209048408 -0.7335034269831349 0.6796462381736904  738339.3926024793
0.05955571513145198 -0.22245023247883575 0.04370863641583982 -0.0020549933677187857 -0.00694475594369831 -0.7335294911355984 0.6796190351965513  738339.3926037361
0.05955938323912771 -0.22245556289049126 0.04368718458163379 -0.0021266705910476607 -0.006933285803577038 -0.7335153242788653 0.6796342221138031  738339.3926047523
0.059561227022667106 -0.22245247900742085 0.043676229964900705 -0.0021314490638776984 -0.007189596214287989 -0.7336003569605081 0.679539758144127  738339.3926058192
0.059561867574392295 -0.22245670086539235 0.04370134099139569 -0.0019178524499709837 -0.007010647442937292 -0.7334426418702996 0.679712486093  738339.3926070689
0.05958409602943259 -0.22245840902361116 0.04365495143386899 -0.002156645573607898 -0.006967031448910376 -0.7334867867916876 0.6796645812124282  738339.3926081453
