-0.029823311996491637 0.02887450210592378 0.037214753302999004 -0.002144106065885164 0.011634407645798324 0.03469137813507374 0.03469137813507374  738331.7320029814
-0.03017895401862958 0.028876165324719937 0.037659115988420803 -0.004427905852123149 0.011256071533527957 0.03375839447059154 0.03375839447059154  738331.7320040566
-0.03016365042134297 0.028887930040407878 0.03765449995687761 -0.00447657670373946 0.011112262827597759 0.033663842166551945 0.033663842166551945  738331.7320053253
-0.030177314046221565 0.028858844666318686 0.037667795735857296 -0.004324931031603757 0.01118780889185156 0.033686097715804934 0.033686097715804934  738331.7320063915
-0.030153321526550186 0.028873529410443584 0.03765358970106985 -0.003977842897822277 0.011130326795829723 0.03384999165993435 0.03384999165993435  738331.7320076416
-0.030153587684818333 0.02887768070143681 0.03766626521154637 -0.00478792722941777 0.010981169275020186 0.03361392714852342 0.03361392714852342  738331.7320087373
-0.03016722209015754 0.028874155424295937 0.037679798149423877 -0.004174707562631576 0.011129527836101806 0.033785725095126756 0.033785725095126756  738331.7320098258
-0.030169290570388883 0.02886193186641836 0.037668771277955954 -0.004385612097728375 0.01106675616324895 0.0336468768560614 0.0336468768560614  738331.7320111113
-0.03016491869546183 0.028874150590182786 0.0376764968170898 -0.0044822936055930645 0.011011864123156499 0.03387807336201691 0.03387807336201691  738331.732012195
-0.03016379280254369 0.028856303652842707 0.03768269059236215 -0.004169793896791931 0.01126135538254663 0.033855682467573055 0.033855682467573055  738331.732013449
-0.03017717262429734 0.02885766725689929 0.03777220510271506 -0.004349197001963106 0.01092695236340569 0.03372860704253839 0.03372860704253839  738331.7320145273
-0.03020615708649477 0.028846314941833217 0.03802902668236677 -0.004826151117061229 0.009987460523364881 0.033605010326487675 0.033605010326487675  738331.7320157748
-0.030343711839936314 0.028837794112086795 0.038277206631827425 -0.004279600974877922 0.010332100593332156 0.03286547821777289 0.03286547821777289  738331.7320168724
-0.030078161750312107 0.02883137282105652 0.03838311321581658 -0.004538858878669599 0.009324286694089976 0.032993255129627835 0.032993255129627835  738331.7320179616
-0.03040581041138023 0.02904062827949503 0.03832217701777202 -0.007523713372970809 0.0018025885165136467 0.02962487893452844 0.02962487893452844  738331.7320192237
-0.03136629177089585 0.02901010310830092 0.039923353179308334 -0.018409961561672055 -0.00535834295324449 0.027388018926210036 0.027388018926210036  738331.732020298
-0.033917146973159035 0.02873403269599281 0.04191082552426715 -0.016316986165628804 -0.034164865359926244 0.02898116848299229 0.02898116848299229  738331.7320213913
-0.04081160864819852 0.02674772349979331 0.04703771164454364 0.01994346553078256 -0.040496836297468364 0.053139934046312114 0.053139934046312114  738331.7320226601
-0.05112216409843969 0.02265247962259409 0.05483126927891681 0.020618537675423345 -0.0013808296871795826 0.06788081041529455 0.06788081041529455  738331.7320237301
-0.06874947198212865 0.01298038169934322 0.0712350390020101 0.022168680827730172 0.02348275664754752 0.07618701055987084 0.07618701055987084  738331.732024988
-0.08288235011220267 0.0025884394626120885 0.09239035496010992 0.006420121911988535 0.027587168079258772 0.07719232813923048 0.07719232813923048  738331.7320260645
-0.09654783037366246 -0.010799439629912764 0.12713613826889772 -0.007430877932181453 0.032469471898003095 0.06965983985539398 0.06965983985539398  738331.7320273267
-0.10464078900472175 -0.01935098870070024 0.16095397126017527 -0.016669479517582447 0.032066288735611966 0.06622647134369422 0.06622647134369422  738331.7320284009
-0.11169806685776236 -0.024153399595698757 0.2074138614781903 -0.02384045839266179 0.018709923118433447 0.058608016529916554 0.058608016529916554  738331.7320296483
-0.11554700114617118 -0.02436508876528955 0.247920429419273 -0.015446431300119376 0.01332135692120132 0.05861991734866758 0.05861991734866758  738331.7320307144
-0.11837551899028109 -0.02006602197392013 0.29730626951767675 -0.015982322027199628 0.009639750980448053 0.048948851627741236 0.048948851627741236  738331.7320319765
-0.12040908837085965 -0.013460568579774257 0.33931847059464043 -0.013572365846051612 0.010164400195279968 0.037895320272105855 0.037895320272105855  738331.7320330668
-0.12119018437676997 -0.005827022985372352 0.3722592035552058 -0.002450719807317133 0.006119845426701196 0.031794431518451245 0.031794431518451245  738331.7320341541
-0.12150371801432187 0.004111969970869097 0.4066220916123357 -0.004827709824651381 0.015069751554428667 0.021829290042836187 0.021829290042836187  738331.7320354151
-0.12114442482857256 0.011584448837338283 0.42884251596941336 -0.0014369298851249627 0.01502195091650588 0.013210046108424552 0.013210046108424552  738331.7320364804
-0.1187207959223076 0.01864804240562779 0.449588606058363 0.011731826604784647 0.012365309566131938 0.010060264631765342 0.010060264631765342  738331.7320377548
-0.11552972931054478 0.0214794484967131 0.463311360334717 0.015050457979343746 0.01050145048737347 0.007077239566260554 0.007077239566260554  738331.7320388468
-0.11190727511071341 0.021095482919649345 0.46935264317197256 0.02022212588811663 0.008401896751901275 0.008106612539147934 0.008106612539147934  738331.7320399497
-0.10625726953098863 0.017213566450090746 0.4688676117605148 0.011910860556324359 0.013979315528210618 0.0068551078975311866 0.0068551078975311866  738331.7320412351
-0.10076922638248367 0.011329294522913319 0.458447664993018 0.008302598148764353 0.0063489318456922865 0.003995603393948315 0.003995603393948315  738331.7320423116
-0.09446856624179094 0.005414350698361032 0.43893216257974416 -0.006273628804130991 0.01362741185608622 0.00391385534223412 0.00391385534223412  738331.7320433876
-0.0865027533366835 -0.001905143550187776 0.40127642726731294 -0.002371525451706342 0.005226000633732736 0.0038376159825040967 0.0038376159825040967  738331.7320446442
-0.08037526941133788 -0.007335999939928063 0.3617446920021782 -0.009541367889414848 0.0060518615854489415 0.0023518883930731724 0.0023518883930731724  738331.7320457139
-0.0736043906955216 -0.012493882800815639 0.30859338328799796 -0.005529745028245827 -0.005564232492223574 0.003023950444728472 0.003023950444728472  738331.7320469687
-0.06892365818504126 -0.016889673299724205 0.2516006495672345 -0.0058280933950464195 -0.005323483573398369 0.007981817373603322 0.007981817373603322  738331.7320480422
-0.0657100149294242 -0.020880991201298445 0.188149068946378 7.244199865868566e-05 0.0030760055533004243 0.01631197665032792 0.01631197665032792  738331.7320493113
-0.06449433912131936 -0.023867244480575367 0.14114731223059684 -0.0020680249767093283 0.010062173641434052 0.023972109095412256 0.023972109095412256  738331.7320503809
-0.06230286736983627 -0.027924959121897616 0.09273004464355564 0.004560141759210432 0.023418556262151172 0.04406781578294183 0.04406781578294183  738331.7320516439
-0.060140114915164904 -0.03213673650385137 0.06212895375909379 -0.011903340195108249 0.02794304509157487 0.058144195577218935 0.058144195577218935  738331.7320527327
-0.05796640394642081 -0.03477722806291592 0.04597814267023716 -0.016048876965037026 0.004440637689121547 0.0711154273555677 0.0711154273555677  738331.7320539755
-0.05755481202528759 -0.035910301994350906 0.04539633645679735 0.005584710565820189 -0.0037128563985773743 0.06865415001632319 0.06865415001632319  738331.7320550506
-0.060487064562167014 -0.03640286162400216 0.05022720472997997 -0.009094139562884577 -0.016361179872613072 0.05857554462550478 0.05857554462550478  738331.732056136
-0.06666940752501993 -0.03667371222242961 0.05567655392306822 -0.010603300664305263 -0.0016030399781680848 0.06341168016450732 0.06341168016450732  738331.7320574004
-0.07607000749073209 -0.0348954006705012 0.05740900521738001 -0.017124211124226574 9.96311913834558e-05 0.05242350178383817 0.05242350178383817  738331.7320584821
-0.08739011038627477 -0.03195268875166983 0.05615838477392049 0.0001537783699320746 0.013195608472783556 0.04762309020637804 0.04762309020637804  738331.7320597626
-0.09675714534070261 -0.027463805388283316 0.054240517947729126 0.002024455418443303 0.0007405556977476102 0.040477263984259916 0.040477263984259916  738331.7320608373
-0.10213317847433001 -0.024071856004796416 0.05595201324212713 0.004340721211022708 0.03511121594821813 0.040939679987887535 0.040939679987887535  738331.7320619196
-0.10021386533018022 -0.01865466511969067 0.05753390243459528 0.007267721885247049 0.03212015561547266 0.033504806118426766 0.033504806118426766  738331.7320631973
-0.0890907668254042 -0.014460964336438514 0.06093445662238001 0.0021002797977353336 0.051526878931821514 0.02879068832283733 0.02879068832283733  738331.7320642916
-0.0627489306258198 -0.011399372624658169 0.07178373410665335 0.01819119012377434 0.07127702827795764 0.031161168314055472 0.031161168314055472  738331.7320655372
-0.02693689890228718 -0.008925186804529375 0.08256874857124559 0.012641781957700524 0.060201922495481085 0.032163206512049305 0.032163206512049305  738331.7320666169
0.011940155656993898 -0.008990503133096102 0.09431967004466422 0.02323466150614864 0.043345670921453805 0.02821323058938971 0.02821323058938971  738331.7320676842
0.061407579195874716 -0.011799955380353125 0.11241939664911037 0.019402857007950285 0.011532383368711409 0.015757107007373407 0.015757107007373407  738331.732068946
0.09953996719643982 -0.01692712266587826 0.1314804601002135 0.017760201392130415 0.007828114835650619 0.004215580767308904 0.004215580767308904  738331.732070034
0.13744060366580169 -0.02583617149856066 0.15930956566148288 0.003744653793339528 -0.029059499358065344 -0.011509401671833449 -0.011509401671833449  738331.7320712968
0.16108813598705524 -0.03350379822267272 0.18794890493626998 -0.00921759920313934 -0.0160446026735293 -0.017007430427420495 -0.017007430427420495  738331.7320723818
0.18259886139976778 -0.04256464712058269 0.22653126625846878 0.005954286982680149 -0.007244296052431888 -0.003888560566708049 -0.003888560566708049  738331.7320736075
0.19642907961190076 -0.04932608401070161 0.2627167857464724 0.004913117360119816 0.026614553609862125 0.0066686809848786515 0.0066686809848786515  738331.7320746856
0.21294812043248054 -0.057001878578189634 0.3086212754028567 0.010477659382213005 0.04526613803629025 0.00529997465812612 0.00529997465812612  738331.7320759402
0.23066063326054986 -0.0637113914512305 0.3455461298152921 0.018873627610278765 0.045190719281471975 0.009950908341759272 0.009950908341759272  738331.7320770125
0.2569400770641675 -0.0739974773018433 0.389739325957431 0.018507374619279843 0.045033480385412904 0.009361479164880778 0.009361479164880778  738331.7320782775
0.281898223284719 -0.08367627285375735 0.42425757378308837 0.010579361675425626 0.038579264314094884 0.007866454327557308 0.007866454327557308  738331.7320793422
0.3122695160634272 -0.09494567768676594 0.46033753614435485 8.760396370665818e-05 0.032729677955082095 0.007032617747982744 0.007032617747982744  738331.7320804222
0.3470431207760279 -0.10687109108103315 0.49691446299388387 -0.005615056087249575 0.022609928742174053 0.0012648141579684848 0.0012648141579684848  738331.73208169
0.3750353853828911 -0.11496115752275712 0.5239653472132841 -0.010969523073564844 0.013510969651456305 -0.004320449572025514 -0.004320449572025514  738331.7320827757
0.40762534393368555 -0.12261186648812723 0.5526479302959951 -0.0027655185300052825 0.002674657766188755 -0.01150259241334523 -0.01150259241334523  738331.7320840363
0.4332138542969151 -0.1278295491480655 0.5744232457014398 -0.0006287865246993395 -0.004268024581555752 -0.0143529269394393 -0.0143529269394393  738331.7320851302
0.4519055859254845 -0.13156153434839704 0.5901788737786076 -0.0005640863525906624 -0.007107046354263911 -0.014142356122515567 -0.014142356122515567  738331.7320862131
0.4691877030342119 -0.13515070142712765 0.604825083444279 -0.0015670966477547947 -0.0039416331699971986 -0.012819601125117527 -0.012819601125117527  738331.7320874799
0.47907458053296537 -0.13767386305310755 0.613524802494261 0.000612294019621125 -0.0017992735016514243 -0.014443917785396538 -0.014443917785396538  738331.7320885613
0.48687716609079956 -0.1408320385573092 0.6208594919483981 -0.0012931535435905695 0.011207304540669661 -0.011246868206107798 -0.011246868206107798  738331.7320898201
0.4905758506992746 -0.1438296813862479 0.6238329926867859 0.005686902936272748 0.006263187717229645 -0.011048332536069575 -0.011048332536069575  738331.7320909039
0.4936037598292621 -0.14827462406002673 0.6251966397325298 0.00304751451267796 0.014444986254078128 -0.012996639188147238 -0.012996639188147238  738331.7320921606
0.49521365635008285 -0.1537120460741307 0.625730873149102 0.00281131160934916 0.016514845159242408 -0.018134009012839777 -0.018134009012839777  738331.7320932343
0.4974230971019626 -0.1599622635418622 0.6263033841148927 0.0024614608179910004 0.019643339403328686 -0.020458093476341335 -0.020458093476341335  738331.7320944928
0.5001028610169144 -0.16700994953658063 0.6271243471312428 0.0022065016678724887 0.019879780151659112 -0.021169719526687513 -0.021169719526687513  738331.7320955805
0.5031930975074794 -0.17323169003235123 0.6278262201633276 -0.004295700881602297 0.018050101759316563 -0.02352590159598506 -0.02352590159598506  738331.7320966526
0.5071168778395712 -0.1798589333133406 0.6283367665653481 -0.009446964531396868 0.010017176501687023 -0.03245346483694594 -0.03245346483694594  738331.7320979093
0.5094838139974136 -0.18397509594795886 0.6284037548653285 -0.00955016532205179 0.003791427145867822 -0.0366855689247363 -0.0366855689247363  738331.7320989904
0.5110761082618925 -0.1867344694526189 0.6270702628745131 -0.008838816961601702 0.0030515970003216473 -0.0379514007513538 -0.0379514007513538  738331.7321002339
0.5098312235686089 -0.18762286139455786 0.6256304857327852 -0.008114684645681429 -0.0016606682377789523 -0.042752664032692185 -0.042752664032692185  738331.732101329
0.5051649388656271 -0.18703677643689567 0.6232995422447111 -0.007737678238597363 -0.0027631725139300495 -0.04033697536672246 -0.04033697536672246  738331.7321024111
0.4953393160920221 -0.18544511665776878 0.6211872613140743 -0.0003445112988572781 -0.014950841498307672 -0.040762473469975684 -0.040762473469975684  738331.7321036664
0.4822802746131691 -0.18340213052875684 0.6203215809453588 -0.008118635273944774 -0.014847810873793619 -0.047053704636465514 -0.047053704636465514  738331.7321047552
0.46044837970622277 -0.17967660672800037 0.6191728490556421 -0.006118190228695824 -0.020774404974399283 -0.0498432377134634 -0.0498432377134634  738331.7321060158
0.4378512844391808 -0.17476255654052222 0.6171610290116769 -0.005739860762583815 -0.015436325435519468 -0.050663609764687145 -0.050663609764687145  738331.7321070955
0.4050205674647303 -0.16845868136239078 0.6140442973930419 -0.004100629443238858 -0.011539929863085087 -0.050623551873671895 -0.050623551873671895  738331.7321083567
0.3748885598494095 -0.1617137713949417 0.6109461161066279 -3.2658974525402925e-05 -0.007895901881578685 -0.05194280468249323 -0.05194280468249323  738331.7321094247
0.33317786027734103 -0.15118523934235567 0.608407399124664 -0.010585544427184566 -0.010336212739189306 -0.05897426380865607 -0.05897426380865607  738331.7321106762
0.2928579206430793 -0.13870872550757307 0.6063192299858972 -0.007632444328437396 -0.007031003584828776 -0.05381208640651442 -0.05381208640651442  738331.7321117625
0.25425234641570565 -0.1247399363356792 0.6039796790209777 -0.001175219904000589 -0.007563011317052132 -0.04658071117470709 -0.04658071117470709  738331.7321128428
0.20456475175817035 -0.10631520732085206 0.6006063618785525 0.008251342878901387 -0.007342763077103822 -0.035338258501653605 -0.035338258501653605  738331.7321141042
0.16098112058228645 -0.09133813522319727 0.5971499686306991 0.012469498508035984 -0.02118104928771987 -0.029091475182561683 -0.029091475182561683  738331.7321151886
0.1053324433347091 -0.07530556862411611 0.5925702479076539 0.013839494680848819 -0.019355487928509184 -0.017038889476596115 -0.017038889476596115  738331.7321164614
0.058033959924848055 -0.06416909850006577 0.588639870611964 0.011088646780695205 -0.01125977982484573 -0.014299872117780471 -0.014299872117780471  738331.7321175203
-0.000995767991135574 -0.05313042504673468 0.5841578848320863 0.01137438198233563 -0.003141581578607663 -0.014518404893686405 -0.014518404893686405  738331.7321187776
-0.05402593729119308 -0.04538312779112645 0.5801668496528758 0.012095360816584095 0.0007984623180836571 -0.012629326226981355 -0.012629326226981355  738331.732119868
-0.10125139577428793 -0.040085333182727056 0.5771806098077559 0.009360228996980042 0.0031912854762577 -0.010157122429658886 -0.010157122429658886  738331.7321209428
-0.15694030194867603 -0.03549611317147071 0.5749201036554641 0.006886447578496059 0.011415105690565705 -0.008146546815697372 -0.008146546815697372  738331.73212222
-0.20053076214710913 -0.032996580686658464 0.5737314157533129 0.0076415031850785645 0.009996420619276488 -0.006445031525052735 -0.006445031525052735  738331.7321232911
-0.2516749056916742 -0.03120577640663918 0.5736300209249285 0.004663831690253665 0.008265623194354511 -0.004904888119887422 -0.004904888119887422  738331.7321245789
-0.29648339731233647 -0.030501040543157453 0.5740082970234444 0.007042222724761481 0.0019227537750837742 -0.0020249033094815396 -0.0020249033094815396  738331.7321256597
-0.33567873862781245 -0.029609928086813463 0.5751040890002628 -0.0046434866432325935 0.012194849507742939 -0.009434057933666497 -0.009434057933666497  738331.7321267328
-0.38218075296972 -0.029209685483800762 0.5743431045965123 -0.004221295238946933 0.006388249286778159 -0.010985374633837464 -0.010985374633837464  738331.7321279813
-0.41758576998526 -0.02836851914940091 0.573704517899737 -0.004638313315868417 0.010131240594710832 -0.012986880268207844 -0.012986880268207844  738331.7321290633
-0.4576356032020289 -0.02679522298318663 0.5720673174758599 0.007474307745953792 0.019361906410246224 -0.009254865445639486 -0.009254865445639486  738331.7321303379
-0.48780608241054496 -0.024328750608407123 0.5710593203127877 -0.002324549009973343 0.020402008136115906 -0.016003216127216113 -0.016003216127216113  738331.7321314164
-0.5192756967219697 -0.020621773632538906 0.5670093632891026 0.0030947987984701044 0.023845193783718858 -0.012994242601132312 -0.012994242601132312  738331.7321326771
-0.5432718874257608 -0.017392655808189682 0.5623606293274475 0.006931694832625252 0.024153253304513223 -0.013127186954881931 -0.013127186954881931  738331.7321337572
-0.5607500826868914 -0.015539833303745781 0.5592737633732016 0.01118566317197927 0.027710744655295026 -0.0071729198094426785 -0.0071729198094426785  738331.7321348665
-0.578094860983353 -0.014537798635567615 0.5559300506867545 0.011176159293453128 0.01421978616302372 -0.00476022289547688 -0.00476022289547688  738331.7321361443
-0.5907362020905359 -0.01456874641269419 0.555108923717378 0.005326711873036383 0.0193931817712655 -0.0055760382026612655 -0.0055760382026612655  738331.7321372137
-0.5989689718264404 -0.015508838736217223 0.553847591136063 0.009066149975835823 0.012456513950898076 0.005478127751745692 0.005478127751745692  738331.7321382955
-0.6099949368075877 -0.01791330588093923 0.5549867515521317 -8.014334553091004e-05 0.00935503445907495 0.002856755073550518 0.002856755073550518  738331.7321395902
-0.6174784344743988 -0.019654278199454246 0.5555969111757777 -0.005210502804206437 0.00611199974264458 0.006716416959626333 0.006716416959626333  738331.7321406669
-0.6242153118686511 -0.02091443881753825 0.5558059174690301 0.00623720774095046 0.012695605912566932 0.013481336465227754 0.013481336465227754  738331.7321417647
-0.6315785477637479 -0.021412870391118857 0.5579898216263975 -0.005254698069475524 0.013633190220689578 0.003506002429194713 0.003506002429194713  738331.7321430237
-0.635981728112659 -0.021257883257211133 0.5589321207380237 -0.004363297785584578 0.011683076644223668 0.0024734423791591487 0.0024734423791591487  738331.7321440972
-0.6405113422569189 -0.020565195559249662 0.5596431887791612 -0.0030686766582789316 0.010318935606324514 -0.0006417246088708931 -0.0006417246088708931  738331.7321453555
-0.6422215044870145 -0.019384145906188616 0.5572904614388615 0.0010254243392763755 -0.0050840131229754485 0.0020179174842347436 0.0020179174842347436  738331.7321464473
-0.6447536226378894 -0.018433005150347345 0.5578967589719861 -0.0025278352319732605 0.022054320941016566 -0.0007901323854138093 -0.0007901323854138093  738331.7321477173
-0.6437484287150269 -0.016078304962649715 0.5555856366555226 -0.011672167370151074 0.029153484234554838 -0.0037033980278761373 -0.0037033980278761373  738331.7321487938
-0.6391705107187609 -0.013102601469382691 0.5528688562573839 -0.006974482158720303 0.02522412917322849 0.0009764072744249679 0.0009764072744249679  738331.7321500382
-0.632268289593899 -0.008147400209588668 0.5509258424638327 -0.015953413039659907 0.013553826920363086 -0.001063665778547369 -0.001063665778547369  738331.7321511023
-0.6209322412026897 0.002153025024703499 0.5513327019079334 -0.03536916865125448 0.029903854559823265 -0.0021524226003212248 -0.0021524226003212248  738331.7321523622
-0.6032239823781592 0.01657010583340677 0.5483781454360533 -0.027122927860932913 0.019440117267313865 0.01530475744767553 0.01530475744767553  738331.7321534492
-0.5850678653539135 0.03401162238984178 0.5484739593586861 -0.03726712567199626 0.04367082366333223 0.013206895369302809 0.013206895369302809  738331.7321545259
-0.5551194469220194 0.06197330570522948 0.5450810107759304 -0.03264524153744696 0.039637254092875544 0.023913652902862882 0.023913652902862882  738331.7321557923
-0.5271539453133979 0.0900698074881058 0.5430735213755592 -0.0385526518982363 0.03133507463434158 0.018243429662034683 0.018243429662034683  738331.732156867
-0.4884770952025445 0.13102591738461805 0.5396156082639655 -0.03477859305171359 0.02280765532722111 0.020022354051060898 0.020022354051060898  738331.7321581278
-0.4516863066945241 0.17389594778307332 0.537329266061123 -0.025652778824706887 0.010610094071127068 0.011280054088081809 0.011280054088081809  738331.7321592201
-0.41800576731032146 0.21406532195677286 0.5360737530511015 -0.00651571352828863 0.008368796906292181 0.006214043617318053 0.006214043617318053  738331.7321603269
-0.37795567407745556 0.26345459208656835 0.5346717030121204 0.013233098752275975 0.007176769759817292 0.0011169111261883017 0.0011169111261883017  738331.7321615937
-0.34305653134342173 0.3064398352916623 0.5320017221964239 -0.002529300677634007 0.006203457782616182 -0.013107367918062803 -0.013107367918062803  738331.7321627
-0.3125947118364193 0.34187582027118696 0.5281266750698594 0.0070611400889686845 0.007352962036745297 -0.014428349123131842 -0.014428349123131842  738331.7321637764
-0.2766538671937243 0.38189659402547776 0.5229279417464817 -6.069706721916435e-06 0.0012677217363902561 -0.013451453611143693 -0.013451453611143693  738331.7321650488
-0.24851957282520637 0.41192620830300103 0.5191109224535599 0.005172292401004965 0.0015884695476938084 -0.01849705809434691 -0.01849705809434691  738331.7321661351
-0.21582511198385768 0.44513245456684125 0.5136802588541082 0.006889672955759876 0.003211623011658929 -0.01803173930505253 -0.01803173930505253  738331.7321673987
-0.18816134005543572 0.47155745203813915 0.5092659115693822 0.007190604733707918 -0.0003556072279244674 -0.020876847904007054 -0.020876847904007054  738331.7321684936
-0.16479905373667791 0.4926957856951707 0.5049427600641614 0.003956617744215397 -0.004152521803780201 -0.020218479704893474 -0.020218479704893474  738331.7321695788
-0.1390531958172448 0.5151477521557288 0.5010280308642787 6.287079638673294e-05 -0.005324818976814221 -0.017524080994412494 -0.017524080994412494  738331.7321708412
-0.12039755345314249 0.5308002753165932 0.49876627803974144 0.008023326644873503 -0.0030200823784541047 -0.012279796835689593 -0.012279796835689593  738331.7321719282
-0.10090894168594716 0.5471399082091739 0.4969650974502141 -8.313516976473297e-05 -0.007372374438149291 -0.010121814224684899 -0.010121814224684899  738331.7321731783
-0.08762940006665138 0.558015855871856 0.496205853839522 0.005882665903925636 -0.01292559803997157 -0.006104328034899159 -0.006104328034899159  738331.7321742505
-0.07639944181695552 0.5677749312323359 0.495867210396764 0.0013933825478649564 -0.011393143592501752 -0.0030395472320827364 -0.0030395472320827364  738331.7321753326