-0.10486762827375197 -0.1490851628831879 -0.03651968180443256 0.009090486018252164 0.0014826567584205084 -0.29750890322493984 0.9546746133080014  738339.3799153836
-0.10487314394939398 -0.1490719422113951 -0.036534990703978386 0.00930410938249272 0.0015149975841466435 -0.2975520016826101 0.9546590724575924  738339.3799164857
-0.10487548425281813 -0.1490942575140502 -0.03650764008463586 0.009330804402056749 0.0017748138440918896 -0.29743698569787996 0.9546942053160209  738339.3799176383
-0.10487793417766053 -0.14910020188402226 -0.036503777351084586 0.00917486091117506 0.0017479694878961755 -0.2974605783054037 0.9546884156017317  738339.3799186812
-0.1048751036196155 -0.14910745938916273 -0.03649142343247603 0.009297925218616603 0.0015279742462825558 -0.29753276173789844 0.9546651085977483  738339.3799199582
-0.10485960804207116 -0.14909795435012926 -0.03651004720806977 0.009322000218015944 0.00173460184352643 -0.2974201428517834 0.9546996124930629  738339.3799209985
-0.10487043730725638 -0.14910277570030467 -0.03651918021555607 0.009372646811227334 0.0017385821527090874 -0.29746608854103096 0.9546847945746019  738339.3799222689
-0.10487135427238782 -0.1490927150933913 -0.03650700524007875 0.009328096170405397 0.0015961012009655805 -0.297563109589625 0.954655243998662  738339.3799233353
-0.10487086120220719 -0.14910889276152636 -0.03650232857718334 0.009226579258865487 0.0015297702544759125 -0.2973902328390511 0.9547102070524246  738339.3799244638
-0.10487124179701984 -0.14910300145463173 -0.03650711667643252 0.009282016849119307 0.0017121393178980786 -0.29744641190944215 0.9546918585514215  738339.3799256779
-0.10485287728362254 -0.14915053768311065 -0.03641733018810791 0.009393537091477689 0.001472478652136787 -0.2975263069583376 0.9546662714976701  738339.3799267542
-0.10480970069330214 -0.14907937038523347 -0.0361697747743557 0.00859526046784083 0.0004300570569957252 -0.2973082998139129 0.9547427461940616  738339.3799280586
-0.10498187996454068 -0.148862881359123 -0.03595117350327892 0.008007977072650866 0.0008472555026988992 -0.2974109894357924 0.9547155900183782  738339.379929086
-0.10508910235240784 -0.14859658586794114 -0.03571984704539382 0.0075496256744888215 0.0010119064099888466 -0.2974531196389886 0.9547060389536803  738339.379930351
-0.10488059574727873 -0.14846839048821697 -0.035091676283052965 0.011579002889048397 0.002337632347834511 -0.2954057350149308 0.9552988610311384  738339.3799314278
-0.10396664378783196 -0.14735450092479283 -0.0336353770585722 -0.003745752988780136 0.006522502286838635 -0.292734944574162 0.956164043730796  738339.3799325746
-0.10095209855185783 -0.1437113654250673 -0.030660852839723203 -0.03609336456951021 0.0059565964242436755 -0.2780656370251964 0.9598652454896275  738339.3799338442
-0.0967377660021427 -0.13723001939854707 -0.026008267792359003 -0.039137073427931386 0.004773083406360981 -0.24745949012879806 0.9680957121604702  738339.3799348479
-0.08905675315959058 -0.11931267613445738 -0.016416160904143794 -0.019127879876669123 -0.008418275047476019 -0.19625223933410021 0.9803307173668485  738339.3799361044
-0.08132446839939586 -0.0988939735788224 0.0033987669602507558 -0.0013955655381117428 0.004820649138576165 -0.1450702315446068 0.9894086322942133  738339.3799372044
-0.07514995310945867 -0.08063213749038146 0.035044453838127085 0.03257125387270044 -0.0009308182288711339 -0.09584222189970891 0.994863063692643  738339.3799383582
-0.0763989955420667 -0.13671563448896407 0.15626421734948084 0.03841028170688556 -0.01326163070795721 -0.051943968775668446 0.9978229319463429  738339.3799395472
-0.07635742632069077 -0.1367052775475986 0.20402190499599912 0.03557764699000211 -0.031047441669901803 -0.011073049941859522 0.9988231449888384  738339.3799406688
-0.08072831202315241 -0.14200895307397005 0.2504785122094532 0.022460827893780237 -0.030594399324731215 0.01847231203158604 0.9991087366390571  738339.3799418785
-0.08803295096394749 -0.1501863431176204 0.2929897087536417 -0.0016522851022386128 -0.017752704042547397 0.03718167502713403 0.9991494555347039  738339.3799429871
-0.09649858050016649 -0.15860148573047828 0.32664896198019977 -0.026564301483843224 -0.0007470075334407992 0.046155438388811 0.9985807205096427  738339.379944212
-0.10420796088332925 -0.16390869200140937 0.35121161570802956 -0.032282800634115344 0.007393563174011028 0.049897755097262006 0.9982050741421141  738339.3799453152
-0.10903327264675669 -0.1650703176493132 0.3684976194036564 -0.03170888461163912 0.016696675662165743 0.05011014794743896 0.9981005664416808  738339.379946467
-0.10987265024019496 -0.16201162572175856 0.38183511096503064 -0.02187294655730133 0.021348620963742248 0.048864587383334504 0.998337649641495  738339.379947668
-0.10671432669282097 -0.1570928868439746 0.3918713826840847 -0.014339393220235244 0.020320253791957295 0.04494228049374879 0.9986799590018451  738339.3799487276
-0.09884988193365765 -0.15034621802084414 0.4047216417033521 -0.004989752924316837 0.010918281340184135 0.042036086252514794 0.9990439734820996  738339.3799499974
-0.08955323587233546 -0.14577482680450296 0.41755307944421965 0.004114430571403032 -0.004458606759902222 0.04048841519756979 0.9991615887941364  738339.3799510845
-0.08085653709048939 -0.1443521790946982 0.4331588506072302 0.009097032613302128 -0.030047896724724812 0.03874465725063071 0.9987558357449452  738339.3799523624
-0.07831720803726887 -0.1451722511773071 0.44524253493271054 0.0017239408690834397 -0.04312786555987099 0.03624093837767088 0.998410541623853  738339.3799534034
-0.0827742250704875 -0.14796305930768744 0.46090905356333844 -0.013810932344991013 -0.05521341262843542 0.033423896479905686 0.9978194126984025  738339.3799546463
-0.09701439717889164 -0.14884129374448987 0.47371086102374077 -0.02881804721225079 -0.0613522201881417 0.03218092886834139 0.9971809329555139  738339.3799557199
-0.12444901913025205 -0.14428627381799405 0.4864703612669564 -0.046735955450275854 -0.056664572602175445 0.030497840131482264 0.9968323622491784  738339.3799569837
-0.1547218024685454 -0.13432004100084433 0.4954337002630168 -0.05512337961830061 -0.04401637749901094 0.028409380233892344 0.9971042466292316  738339.3799580461
-0.18975137670052603 -0.11773185331910627 0.5036911151640809 -0.05444487861732618 -0.02862909992649192 0.025515618556470547 0.9977800774917408  738339.3799591181
-0.23484721557484792 -0.08895641844564416 0.5131636667697526 -0.044925170488007406 -0.007291652438658047 0.021425246722242313 0.9987339584014496  738339.3799604282
-0.27077786079367516 -0.06070806211684193 0.5205407180684206 -0.02388451100685471 0.008292463029708819 0.01996494355430724 0.9994809484025885  738339.3799614778
-0.3081650950688014 -0.024274274943462338 0.5295307871577317 0.0015791241225797093 0.023835004707200402 0.01664235822705877 0.999576125580366  738339.3799627199
-0.33019869542057834 0.07314190015773991 0.46435249028406095 0.024636831212679275 0.04244923616948838 0.0176691145574482 0.9986385188280996  738339.3799638015
-0.34671204434558317 0.09993445900453855 0.47180863099176584 0.04119961674666862 0.04476128609773694 0.017425908308956083 0.9979956696130561  738339.3799650604
-0.35179327116706394 0.11471452376267584 0.483106982120132 0.05549766373016212 0.02195141834941933 0.01883056135038807 0.998039856174177  738339.3799662535
-0.35060365397987936 0.11680993048181446 0.4984769394148006 0.051789131955766156 0.0011503345293331652 0.022985683746665153 0.9983928189267175  738339.3799672959
-0.3490554378732828 0.10889324220978223 0.5228551583057316 0.027524444283422655 -0.02265114528788015 0.02539358958163928 0.999041789011949  738339.3799685668
-0.3505150779488984 0.09953614884590643 0.5428599292207128 0.00711923112883212 -0.033947620412201535 0.026749692490439615 0.9990402041800671  738339.3799695646
-0.3584740956483517 0.08699964512631406 0.5686311991751478 -0.024380320790450282 -0.037397859231691616 0.027509106638544726 0.9986241781245788  738339.3799708016
-0.37026780242952956 0.08139103151701063 0.5849892394473951 -0.040425129454560366 -0.03073323924104622 0.027344064232578263 0.9983354040930229  738339.3799718879
-0.38839668463313487 0.08211374160927207 0.5980747632443992 -0.04580356444142501 -0.0117407795810448 0.024129336973014073 0.9985899872703172  738339.3799731593
-0.40694275908439 0.09262487756755412 0.6037606729790866 -0.036681682400029135 0.011326891746541327 0.020733925805764955 0.9990476765501968  738339.3799743621
-0.4179596217277901 0.10525423755470041 0.6035740579066847 -0.026555875946928254 0.021549501519718902 0.016977780966179665 0.9992708138389751  738339.3799753333
-0.4272962320943396 0.12835023221967493 0.6000797197866817 -0.007878759715864577 0.029888969687762185 0.01216942172333847 0.9994480876019841  738339.3799766782
-0.4275967420073114 0.14485122549760757 0.59534746008266 0.004490380682046871 0.03577953615236868 0.009675484388177887 0.9993027800801446  738339.3799776768
-0.4206896316602293 0.16505427548974178 0.588701813463914 0.016954594555793 0.02830443929057635 0.007077413710198695 0.9994304931585135  738339.3799789426
-0.38803665892850825 0.10777382084159115 0.6783069345519995 0.012342302013032304 0.013149045675194882 0.00650371271707461 0.9998162190621557  738339.3799800314
-0.37348915910748604 0.11760621450758098 0.6733529467944556 0.0032977047282556544 -0.004110579400261501 0.006424345165993683 0.9999654774389503  738339.3799811831
-0.3776324172997051 0.19886323927003394 0.5667111288959581 -0.007475780536517746 -0.018137265359051417 0.005506813647099111 0.999792392106542  738339.3799824552
-0.368116016567576 0.20650558330926544 0.5518374187647208 -0.02104686362121614 -0.0215872688644064 0.0048883737394458185 0.9995334527452642  738339.3799834724
-0.3578093974575262 0.220999307557286 0.5251670651699587 -0.019459168450837974 -0.016284270536765257 0.0038428708282848664 0.9996706435822174  738339.379984767
-0.3497414091510077 0.1676484075318996 0.5605747731222263 0.32439752720984055 -0.6659167645599517 0.00911538276329021 0.6717425227088317  738339.3799857915
-0.36503517622093157 0.19688979077260055 0.5434360559608393 0.2509067107757912 0.297011924187179 -0.009437839254382074 0.9212712231305782  738339.3799870724
-0.31665340376792017 0.22007299649623377 0.5773321133059467 -0.16579821872125877 0.26363313730148225 0.016348667040658387 0.9501269602907967  738339.3799881516
-0.2440781380097406 0.30031115213816545 0.5720753326020732 -0.2977145870965266 0.27782947390095386 -0.004682241908336546 0.9133208005255194  738339.379989287
-0.12783264214925233 0.4334907636506109 0.5503814018258267 -0.26373769322747187 0.17210022783885628 0.020643204390989548 0.9488929332971858  738339.3799904716
-5.272413590698074e-05 0.5884114726980294 0.5271510968293796 -0.1561688339345805 0.0708849556885385 0.02331395681614908 0.9849076493672502  738339.3799915466
0.15591705854763757 0.7901408451613122 0.5135304993788915 0.044189608939212935 -0.07064126522560543 0.005515548463159881 0.9965072347124609  738339.3799928233
0.30077846124338453 1.0672123905892783 0.4341228340825269 0.12002535485281782 -0.12526308211283435 -0.01056198163499358 0.9847799342980088  738339.3799940989
0.3836192720638221 1.1897067019145946 0.4379705340190302 0.1548841073536173 -0.13133052223788907 -0.008151729627419297 0.9791306125957241  738339.3799951633
0.44290909870588346 1.2874168543841955 0.447655964592615 0.14822886217373504 -0.13015571804862117 0.0013333561678897795 0.9803498944964789  738339.379996259
0.45511437694462903 1.2392343986522594 0.5410708953068315 0.14503548543922934 -0.15434842469738236 0.007984043468326962 0.9772806796446656  738339.3799973809
0.44650307417363594 1.2578561892687659 0.5629929134745935 0.16663631286461875 -0.16391449759559223 0.02625759075208564 0.9719438850266848  738339.3799985958
0.41284556635279274 1.2451651012887237 0.5826342953311845 0.16394812782191887 -0.15917888250400133 0.03374154779065122 0.9729566294039814  738339.3799996685
0.3398387245577121 1.1947486650768864 0.6063501270816831 0.14927002170629594 -0.1299072948378131 0.03710280659676869 0.9795233213713527  738339.3800009546
0.25816005265066966 1.1236939627303222 0.615158104189708 0.10485730940072037 -0.06862078090961919 0.040465109280047463 0.9912914344548477  738339.380002039
0.1718560313053569 1.0351675835078544 0.6202272522678118 0.049840817917371966 0.005133659755693396 0.03671810255280707 0.9980687948993104  738339.3800031713
0.08775123423179124 0.9330799079962765 0.6226155844371164 -0.03969895118983322 0.0835665118620894 0.02865869035342382 0.9952986038555751  738339.380004448
0.04337637135391122 0.8679687842248192 0.6175363221255925 -0.08502028784428338 0.1101369846119658 0.026278960987407944 0.9899246493975595  738339.3800054675
-0.003557361662603553 0.7905320053126758 0.6132813654621034 -0.12598388040898606 0.11213342170205351 0.02383298462546938 0.9853862930132151  738339.3800067602
-0.014034469892558616 0.7502193926190944 0.5992778044125696 -0.1079243459178163 0.09693197697961614 0.021520752973382896 0.9891882452741204  738339.3800079993
-0.0047468196537732875 0.7314367959897612 0.5798871266210455 -0.07534762490292968 0.07120020420622894 0.014827359537376883 0.9945015916285042  738339.380008965
0.00864823103789252 0.7212514977323448 0.5710889597062675 -0.019749716358306364 0.032999851847028513 0.011262713423193337 0.9991967322645665  738339.3800101515
0.0351627104889524 0.7123700646008054 0.5584580460688349 0.019401663551153244 -0.0220844543632843 0.01095317696148889 0.9995078189996186  738339.3800112768
0.05789645579171237 0.697693789201866 0.5500940817577881 0.044885191140910954 -0.06087672521438284 0.011446629637235636 0.997069866465417  738339.3800125533
0.06794546522896112 0.6774164858447348 0.5460102366394283 0.051204165321132075 -0.07242119534298626 0.01372330730622547 0.9959643441185222  738339.3800135879
0.06895824941744065 0.6442168077599595 0.5405344542365288 0.062195037754143555 -0.07381219534780223 0.017467014164905276 0.9951775924491375  738339.3800148073
0.060119353802276995 0.6059888701681089 0.5387717881712935 0.04109254439719637 -0.04520039951438959 0.015386573801117055 0.9980138175523258  738339.3800158714
0.041536077758965985 0.5486043276998342 0.536089340760133 -0.002286542487783076 -0.018113549956726135 0.013089890507643542 0.9997476310539148  738339.3800171663
0.024016056235835907 0.5015590148927336 0.5376511090196581 -0.029774733169278977 0.0040577978062342375 0.012837665204546825 0.9994659543444979  738339.3800183391
0.011444854621302018 0.46923628627259445 0.5404310581223389 -0.04939428951462967 0.014969869541718635 0.012525341321101916 0.9985886154939073  738339.3800193195
-0.0007531887471992616 0.4361056387912423 0.5437764914437679 -0.07169446726763173 0.020171781463787265 0.010614314670322207 0.997166154118694  738339.3800205681
-0.006493520249546482 0.4175046635464244 0.5466223080227817 -0.06163061754650682 0.020568398875056976 0.010375836844684346 0.9978331273105365  738339.3800216825
-0.007326226360205619 0.409114400304293 0.5478585704992999 -0.04293031676083831 0.011779540917630383 0.009104520988273121 0.9989671356036485  738339.3800229582
-0.004878862617511598 0.40858590302713305 0.5481626047940701 -0.029125786432930043 0.006179618038114111 0.0036109429648216117 0.9995501297966357  738339.3800240097
-0.0014634324721782312 0.41053310149305833 0.5478347321358089 -0.0033602431860290643 -0.008546195948904807 0.0009234175983669973 0.9999574083932139  738339.3800251583
0.002307728776587008 0.41276371256979577 0.547364721248897 0.010276837625922469 -0.016772455736508245 -0.001127375114244938 0.9998058813401375  738339.3800263626
0.0041152822504147745 0.4126111289709956 0.5465932347508906 0.014570994221521739 -0.02031332911970288 -0.0024214003096522745 0.999684546048408  738339.3800274571
0.00349841826414667 0.4090090249718203 0.5456110724331074 0.012100303109977803 -0.022004074815528775 -0.002940844952214186 0.9996803262979252  738339.3800287303
-0.0005084149969016345 0.40281928840911846 0.5450299348676493 0.007736656422612974 -0.01992631968886172 -0.0015805381566830466 0.9997702675265908  738339.3800297999
-0.006135287472429247 0.3953053118892469 0.5445184735245893 0.0014071135677649707 -0.017605777549436475 -0.0018821202747400362 0.9998422446824092  738339.3800309388
-0.01305382293797526 0.3879844396778206 0.5442401966826164 -0.010751287247592575 -0.009783140324931995 -0.0022487398466946983 0.9998918157265837  738339.380032174
-0.019694025284859674 0.3820055852168343 0.5429828888783081 -0.015346914118932846 -0.0017706672549309033 -0.002070389761951549 0.9998785178464092  738339.3800332836
-0.025272752127983574 0.3784277208208235 0.5409162700947856 -0.01373062900681728 0.0009415493584554036 -0.0029903840258294363 0.9999008155388518  738339.3800343722
-0.029841795666495034 0.37694078888486326 0.5376156726422907 -0.01386455988138387 0.005853971351531849 -0.004277084169113352 0.9998775982837705  738339.3800356901
-0.03118471210244749 0.3778846306313161 0.5348582747615723 -0.011269656456309734 0.006350308465938413 -0.006051681978475563 0.9998980175852814  738339.3800367297
-0.02968393016596043 0.3806410247709089 0.5314025909446213 -0.008482201358575818 0.005837621332922621 -0.006542268924354809 0.9999255838084189  738339.3800380006
-0.025808100904541855 0.3836972747054563 0.5282321950825106 -0.003673388456099819 0.006124592332399812 -0.007780127562877441 0.9999442310454708  738339.3800391703
-0.020324174858222847 0.3861369152103694 0.5254140518706328 -0.0015078873988841452 0.0035672304284231466 -0.008016969492666039 0.9999603638858975  738339.3800402096
-0.013122754840418315 0.38733170751737 0.5222991932000693 0.005611186838868773 0.0004272564630082783 -0.008312093312746894 0.9999496193003597  738339.3800414277
-0.0046284132622899715 0.3865840090362941 0.5193291225012843 0.008724551636654004 -0.0025391075087467176 -0.007816244852291758 0.999928168144196  738339.3800425378
0.005096364759540281 0.3837798658643479 0.5167853354849289 0.004330866702226236 0.0018320121995535495 -0.007895012432801303 0.999957777160413  738339.3800436817
0.01567722603772197 0.3792468454865235 0.5140958274819905 0.0010033104849103127 0.004656109063678713 -0.008321079834617693 0.9999540357670667  738339.3800448867
0.027736273372261984 0.37345747175176586 0.5114308748989317 0.0004382090462496187 0.002089804157149013 -0.006846200664173383 0.9999742847833051  738339.3800460593
0.04221327043562279 0.3666610222834717 0.5089227619835099 -0.0028045499280428057 0.0019479542868866035 -0.005573503405624633 0.9999786377886204  738339.3800472709
0.05352823005048627 0.3618907784455686 0.5073531711421401 -0.00504926583024077 0.0018807486235580945 -0.006463910693825164 0.9999645921520086  738339.3800482849
0.07032538189967749 0.3555591919862881 0.5051738679410538 -0.0067697267934752545 -0.0010486712720129614 -0.00760324770549058 0.9999476294846815  738339.3800495423
0.08463483401330006 0.35107684090427127 0.5037754427726635 -0.006887248204965485 -0.002071328828958984 -0.009204616668865878 0.9999317728930434  738339.3800506173
0.10448564285252868 0.34613227317414663 0.5028715028520143 -0.0077946305013822 -0.0003130623472369209 -0.013646664715007329 0.9998764495023722  738339.3800518914
0.12215422862759004 0.3425336617286894 0.5026828887899409 -0.008050341229038529 0.002217808225673222 -0.017322680972863925 0.9998150819309952  738339.3800530601
0.1392363819011685 0.33975271164254484 0.5028568391324797 -0.006268993520755956 0.005324619077098226 -0.01950473938875449 0.999775931543312  738339.3800540993
0.16235976998795734 0.3355709815322802 0.5028884471717732 -0.0035082175732198914 0.009733094218565098 -0.024227264801218753 0.9996529392377352  738339.3800553756
0.17991677283914947 0.3317828274076963 0.5034248562961415 -0.0022469772192114297 0.010571195818253994 -0.02568079804998606 0.9996117734019865  738339.3800563574
0.2054926991480663 0.32553082550664325 0.5039522209537506 0.001172319898882269 0.0016952467274463543 -0.02650859750241744 0.9996464605364451  738339.3800576167
0.22730646829999324 0.3184538414874666 0.5042658707026878 -0.00990657068167983 -0.0030350221064348215 -0.028449486993303765 0.9995415324977548  738339.3800586853
0.2548873467585999 0.3072729627775081 0.5056899498749989 0.0018304716363933583 -0.009530250812338834 -0.021906337875869073 0.9997129268214504  738339.3800600038
0.2761709390623315 0.3003041318579685 0.5012694340959728 0.0009148120462437444 -0.014322926251785044 -0.011886209897984772 0.9998263523816359  738339.3800610254
0.2970902101844445 0.28655345261317633 0.5022349177707243 0.0015974852593917893 -0.02123905628843664 -0.006746674787828268 0.9997503853003159  738339.3800622812
0.312535576795633 0.2722752098839537 0.5033634579551504 0.0013775953552391028 -0.023275141042644033 -0.002815498640739826 0.9997241834665631  738339.3800633772
0.3247056073434658 0.2563858156783339 0.5044362163434792 -2.1055980008583264e-05 -0.01952081209875154 -0.0007827309655169919 0.9998091441789712  738339.3800645162
0.33518152207740987 0.2376878639816634 0.5053882871281917 -0.0022646381881707605 -0.01640376643779142 2.0420075009638577e-05 0.9998628843214211  738339.3800657878
0.34175285372412156 0.2234411724300042 0.5062373589422473 -0.002633947263815261 -0.01009444877331254 0.0001366352217484964 0.999945571397059  738339.3800667777
0.35047469547840426 0.2013113812271199 0.5081909990918206 -0.002719561286805519 -0.0066960498684319 -0.0007242522575666624 0.9999736208326869  738339.3800681029
0.35721783015541564 0.18419986653083 0.5099330627733443 -0.0030389471140712205 -0.0028712112398409325 -0.0016184000337774473 0.9999899508133994  738339.3800691405
0.36518544786602697 0.16487612218015202 0.5114639620034265 -0.0020790161796787553 -0.0027989609643080194 -0.003166730514973035 0.9999889076020246  738339.3800703743
0.37378454759406954 0.14485890097227036 0.5121493673166039 -0.0002424935451602362 -0.0030366208041851146 -0.003889764336726211 0.9999877948577057  738339.3800714593
0.3834556989041987 0.12209334141617717 0.5115039273246496 0.0006169324341075685 -0.007336560990622976 -0.0030600911436531506 0.9999682145495402  738339.3800727348
0.3909421406217752 0.10237016055626481 0.5104519711105266 0.004592822103194626 -0.01337595973301751 -0.0018167314539124105 0.99989833941915  738339.3800737956
0.39813713677370105 0.07930168512147669 0.5090839679169737 0.0029163322285519497 -0.015389891323203059 0.0005338742879027151 0.9998771730715916  738339.3800749283
0.4036217390980341 0.054812928953661744 0.5078526655562831 0.0010597297768677422 -0.018322104838787573 0.003784484679539958 0.9998244121458462  738339.3800761617
0.40653572142846467 0.032172966048403306 0.5063445186797891 -0.0015911783500377667 -0.01661435744581075 0.0062758932642289576 0.9998410095819521  738339.3800772273
0.4081692623252976 0.0037141672706066647 0.5042307751721885 0.001119604218943061 -0.0166008434769568 0.008341797445043849 0.9998267714447501  738339.3800784819
0.4081153966771484 -0.02233420003944429 0.5024480110894765 -0.00593947631468202 -0.011939846274262481 0.008381000469882226 0.9998759530677684  738339.3800795773
0.4077667256763974 -0.048344765370810505 0.500266192290496 -0.0015186092010629668 -0.008166879261290283 0.00852894316041818 0.999929124007193  738339.380080714
0.406886251553891 -0.07395095370318282 0.4990407115083813 -0.006118895239577243 -0.007717685659888245 0.007670473333134967 0.9999220771079854  738339.3800819113
0.40589621731258874 -0.0996947908364125 0.49799313844906407 0.0008724497912840003 -0.006214461282690777 0.007222455574081158 0.9999542266713053  738339.3800830328
0.4054135661565255 -0.12524758655632076 0.4974693825008133 -0.0039580252003334595 -0.00557206498836302 0.004981124916722989 0.9999642366219119  738339.380084254
0.4050852482850128 -0.15141178208159783 0.497476478758478 0.004135578455449549 -0.005551008707635732 0.002766622797858618 0.999972214159704  738339.3800853495
0.40509537051329364 -0.18072548528140653 0.4980626481979115 -0.003246448326712361 -0.004111101638320264 9.615609859103554e-05 0.9999862749911052  738339.3800866255
0.40572585598128513 -0.20283163898961226 0.49857734313633045 0.0053018595763014795 -0.007591499030953015 -0.001119055136234762 0.9999565026255384  738339.3800876762
0.40620891824352084 -0.23390095413120765 0.49959670609942874 -0.001998169674112888 -0.00431290211749903 -0.002430256887209141 0.9999857499208379  738339.3800889171
0.40609143682492865 -0.2661762918500625 0.5002479335476147 0.0022542408884446592 -0.012465946816842377 -0.003237644395676505 0.9999145144594831  738339.3800901626
0.4058901971706754 -0.29004868071142387 0.5004002965572419 -0.0011946863772534936 -0.008853919220091338 -0.0025843257693602428 0.9999567501143347  738339.3800910735
0.4051693303932385 -0.32339955435123663 0.5007484691356592 -0.0006736245192470073 -0.010048728353545597 -0.0019661989479353827 0.9999473502890944  738339.3800923048
0.40408299182839374 -0.35399218779357494 0.5009952956875153 -0.002498227040406674 -0.00379975925778356 -0.0013777152764085567 0.9999887112322092  738339.3800935206
0.4040624234557894 -0.38712575649841735 0.5015220139710053 -0.006159499866222671 -0.0026944408093311206 -0.0010637593133163575 0.9999768342147964  738339.380094727
0.4045964399376647 -0.4136236586038505 0.5015291205461482 -0.007742516431910141 -0.0005700882842803474 0.00039232623308045817 0.9999697868029697  738339.3800957616
0.4063357451565041 -0.4445559298714062 0.5014264931332495 -0.01051174669601924 -0.005408717272168788 0.0007812519679998567 0.9999298168392775  738339.3800970359
0.4079630300865924 -0.4682552213377603 0.5008957369890666 -0.011826334327280691 -0.009290413885280386 0.0016427570979710953 0.9998855571390841  738339.3800980832
0.4087364988066594 -0.4927276397746237 0.5000357562797656 -0.013777118292871681 -0.017059027558838584 0.0016637716868668777 0.9997581769878479  738339.3800992949
0.40743127265374995 -0.5149459253301661 0.49894265871636373 -0.01682704397579931 -0.020490778302797025 0.0034269447501275347 0.9996425534386087  738339.3801003919
0.40268093436745966 -0.53468893855505 0.4984117394003429 -0.014091468936771746 -0.024392619046178055 0.006585125229039354 0.999581445788681  738339.3801016465
0.39573439750699274 -0.552107353520039 0.4974550551667782 -0.017486665902570444 -0.024370217902955772 0.004917311759235385 0.9995379577785112  738339.3801027073
0.38440249337019045 -0.5679209475419945 0.4969075068108478 -0.016706222764711592 -0.02320265027723621 0.0048245709317894184 0.9995795429361148  738339.3801039788
0.3726332532751662 -0.5784271291418093 0.4966246189353945 -0.017360484024604196 -0.016254512308781707 0.0027337606062717806 0.9997134244257115  738339.3801050361
0.35977142136972506 -0.5870139429355897 0.4964867643116307 -0.013686736474416032 -0.013108068584472332 0.000748443617547013 0.9998201296307332  738339.3801061242
0.34228167891221084 -0.5961547559456521 0.4964558020314571 -0.008831152388101981 -0.00977317968884635 -0.0015117572572870283 0.9999121012850393  738339.3801074637
0.330381979855777 -0.6019844950412027 0.4953251777044918 -0.004974608069915543 -0.008099315831193627 -0.001612877350449172 0.9999535254121913  738339.3801085323
0.3132155740110221 -0.6094861847356516 0.4983301280031423 -0.0012273895822033142 -0.009899114225458194 -0.0009115616200231936 0.9999498337955649  738339.380109767
0.29986272497266414 -0.6157802828410147 0.49957451251004636 -0.0005949925648282771 -0.01200684882108817 -0.0016536034792731006 0.99992637086976  738339.3801108076
0.2826100587665116 -0.6241619399012199 0.5011304527682356 -0.0022334160802252403 -0.01500717270428678 -0.0015115705947138906 0.9998837491300544  738339.380112077
0.2693473227469265 -0.6307699722993723 0.502432549206719 -0.003841600846922127 -0.016277628428257057 -0.0010766399929350572 0.9998595510180468  738339.3801131085
0.24980156207192405 -0.6402370943458092 0.5039304514616225 -0.00482703582815344 -0.022288503004005405 -0.0014496780955191599 0.9997388763033943  738339.3801143754
0.2281667142684777 -0.6496629324640145 0.5048087613719028 -0.007515218892585354 -0.021028138047249036 -0.00031264541586776634 0.9997505894712473  738339.3801155682
0.20481022233383928 -0.6561831849627777 0.5096859113029147 -0.0097407796297726 -0.018973580036389583 -0.004926120163677914 0.9997603982019592  738339.3801166947
0.18163885751650571 -0.6643271920540424 0.5093726036182438 -0.008885525610375677 -0.015654331624015354 -0.0048632096023627815 0.9998261541530089  738339.3801177801
0.1571390353308469 -0.6717124127179508 0.5086823176783647 -0.009211724493650434 -0.015299109058242069 -0.003871148666454431 0.9998330338620941  738339.3801189134
0.13191384443635443 -0.678810831117798 0.5066313839238235 -0.0065282635309843505 -0.015676875775814406 -0.002499796704606476 0.9998526733262333  738339.380120129
0.1058535972618758 -0.6856435244086471 0.5042666299360626 -0.005745058058258485 -0.01551517520027098 -0.003688422370564195 0.9998563242720568  738339.3801212301
0.07988635804803208 -0.691994872869157 0.5017748216418332 -0.00865789614591601 -0.0149453969847613 -0.002970943629896016 0.9998464129241262  738339.3801224717
0.054280023125709356 -0.6974223496228614 0.49984207706566613 -0.010634096487397163 -0.01040768707986886 -0.0024461435837947938 0.9998862997476822  738339.3801235743
0.03192449076507341 -0.7012512682104192 0.49845425064060545 -0.014784811063480554 -0.007015363254782467 -0.0034438113795361787 0.9998601573237144  738339.3801246403
0.0037230250643992564 -0.7038184566571929 0.4969009886799862 -0.014276456719870491 -0.0025079840532646787 0.0009404327287360962 0.9998944986276287  738339.3801259631
-0.013406365397735669 -0.7049887148733114 0.4957327257250265 -0.02313329947688079 -0.0028614076795795036 -0.004668380899965855 0.9997173945776762  738339.3801269799
-0.03766767342960395 -0.7044070773598217 0.494689300910484 -0.019701778109575775 -0.00749133563674364 -0.0017312952305598677 0.9997763362105163  738339.3801282838
-0.05395276081171877 -0.7035670704178149 0.49410846917092804 -0.017609561556297948 0.0004743748560564306 0.0032471416326190095 0.9998395543193461  738339.3801293187
-0.06920355221420876 -0.7036368912744193 0.4901610076948406 -0.004543317625401326 -0.007467922137584206 0.014054013078658747 0.9998630271793665  738339.3801304928
-0.08873433132486994 -0.7046859511852681 0.49136167745974274 -0.002015944195499917 -0.012651598956498694 0.01863161574844479 0.9997443352714968  738339.3801317575
-0.10502920745133024 -0.707293230735126 0.4931874493880443 -0.000873857402727141 -0.013754541330028887 0.021261783498875194 0.9996789412248751  738339.3801328106
-0.12372988483639451 -0.7114617405701665 0.49566409717182314 -0.008587055785999515 -0.013979032862487679 0.02209740508802703 0.9996212051580005  738339.3801340148
-0.14083088921427944 -0.7158248440370818 0.49802294564856353 -0.012159087675755263 -0.011714162235889405 0.021554466512103725 0.9996250997065766  738339.3801350804
-0.16406256837145808 -0.7209330393584977 0.500813090951592 -0.019293274088591057 -0.013040588079758369 0.019746352355222544 0.9995337884264544  738339.3801363878
-0.18126556218067372 -0.7235183092976354 0.5025650369259447 -0.01968040565789433 -0.010061652842837417 0.018161615134779718 0.9995907164989615  738339.3801374263
-0.20143633695150254 -0.7237206929984791 0.5087652699925793 -0.018992087254991307 -0.010956460533347622 0.015828884198710175 0.9996342846357881  738339.380138526
-0.2218180902103236 -0.7230447812932956 0.5098609974104233 -0.01720428963789749 -0.009420963904712672 0.013557514533129617 0.99971568541103  738339.3801398072
-0.23793284325852837 -0.7210006589253977 0.5102862385909396 -0.01818123444015453 -0.006254365100400972 0.011496473304119981 0.9997490468777606  738339.3801408776
-0.2586443653441671 -0.7165589670800243 0.5096862020365777 -0.015638881523914242 -0.011705157967670828 0.008225240972684828 0.999775354803555  738339.380142177
-0.2751150170834446 -0.7118514442684214 0.5084194707210309 -0.01302947660907298 -0.0095420105132653 0.005333186440867957 0.9998553594880838  738339.3801433473
-0.2891752198190622 -0.7071316918491312 0.506495314532318 -0.014670118774199081 -0.010943848171207268 0.004298286404148182 0.9998232566490661  738339.3801443873
-0.30522883486839325 -0.7010825564377208 0.5039252737664346 -0.012667929944318713 -0.0064127257088760665 0.0003852441495582102 0.9998991209551361  738339.3801457157
-0.31589800472419927 -0.6969093840366668 0.5023621522666585 -0.010354752703650076 -0.006582686173755723 -8.432357139703159e-05 0.9999247172806158  738339.3801466298
-0.32958794196034735 -0.6904977636196271 0.5006170605373669 -0.015021409554831291 -0.0008821995335913409 -0.001408254344936957 0.9998857913775298  738339.380147974
-0.3383339025469048 -0.6847496721135797 0.4996421797427578 -0.01495647919251155 -0.004788964928085181 -0.0006339601704593909 0.9998764761907262  738339.3801490136
-0.3461679289529289 -0.6227333116723436 0.43115852255825277 -0.013886143974467012 0.003729094897502987 0.003197000378916384 0.9998915181385144  738339.3801502831
-0.35140004085846444 -0.6149959786442698 0.4312930098990956 -0.01847383515540333 0.006420819095007375 0.0033600186132753005 0.9998030809973125  738339.3801513292
-0.3573990635423217 -0.6017257572793008 0.4348947528783298 -0.014737598208536687 0.0003149753822573512 0.0037955963258029797 0.9998841420075048  738339.3801524859
-0.3619851904749802 -0.5873710832774417 0.445849645845096 -0.010353579625412043 -0.004745219786830845 0.005075343316441011 0.9999222605624576  738339.3801536828
-0.36707933117862507 -0.5736649249542967 0.46250308849817895 -0.007550429241193072 -0.00808494450781001 0.005884057281432066 0.9999214981989777  738339.3801547723
-0.37496264070452595 -0.5559119524806694 0.4875502396018381 -0.005961905952565364 -0.01363073860563766 0.004430153208203161 0.9998795089334661  738339.380156027
-0.3841302748425147 -0.5389887919270889 0.5106166747061023 -0.010404464546944929 -0.013161976334968436 0.0011348811968972833 0.9998586007736885  738339.3801571176
-0.396443234030161 -0.5183224577291292 0.5314565543822749 -0.017375701006799648 -0.012437930183888569 -0.0035458547608172553 0.9997653773867538  738339.3801584592
-0.4077743218489979 -0.5000785103646791 0.5438955536452666 -0.017049320681099073 -0.006925078942867145 -0.006350749081679087 0.9998104980105228  738339.3801594474
-0.41918738862298194 -0.4788393053445046 0.5511302418222335 -0.025483297239425155 -0.003539762464792878 -0.008727774977289724 0.9996308806691827  738339.3801605199
-0.4328923482990845 -0.44956279564898477 0.5547660127062416 -0.02305531165204791 0.002285538692674272 -0.010986767800966314 0.9996712058726104  738339.3801617622
-0.4427162876826938 -0.42256289554971044 0.5540039302636518 -0.024587048055454676 0.006794897816676395 -0.011160847977614876 0.9996122957947248  738339.3801628349
-0.45375819874769574 -0.38319894998830606 0.5495066478208784 -0.01842167779421221 0.00816007705381749 -0.009865403996766055 0.999748332698636  738339.3801641756
-0.4596075154843797 -0.35550263977017443 0.5442585251411599 -0.011295143641297753 0.007450155323395267 -0.009850496617182547 0.9998599315064959  738339.3801651734
-0.4661608794335878 -0.3133735617824787 0.534825156822842 -0.001876726161948676 0.003616148266470777 -0.009373376214533696 0.9999477692304577  738339.3801664939
-0.47043594550246925 -0.2828634605182891 0.526790625031142 0.00211518112930539 -0.002224442812739537 -0.009074290386665011 0.9999541165058233  738339.380167615
-0.476267792389841 -0.2465882142097296 0.5157106957953356 0.0027000308196435895 0.005914764553629654 -0.00785870743497393 0.9999479817026982  738339.380168798
-0.48176638922982695 -0.21614817870925732 0.5075692746877121 0.00355046942268416 -0.008614130802203288 -0.0075507812125241046 0.9999280857244094  738339.3801699611
-0.4874614983416659 -0.19290866742391538 0.5010642723947888 0.0008857131008317526 -0.011582225848457592 -0.006907498680461692 0.9999086728390137  738339.3801709403
-0.4971677278104634 -0.16213532596171099 0.49352330907227243 6.988552536680744e-05 -0.008633512419092845 -0.005084171300819191 0.9999498031308905  738339.3801722168
-0.5073337231426469 -0.13514448171489082 0.48877737429447465 -0.006155860062627855 -0.0041141257911437405 -0.006270567522068294 0.9999529285615475  738339.3801733177
-0.518735117003862 -0.1054818669105739 0.4858205486303672 -0.005600106342793343 0.0018964122392187866 -0.006813268940914712 0.9999593100701184  738339.3801745859
-0.5268211083981719 -0.08035246167576277 0.48474776011008336 -0.012864554220697638 0.007726147972533365 -0.009038534742844 0.9998465456118313  738339.3801756272
-0.5338548191807717 -0.05242446758264087 0.48565417529592847 -0.00881016454836201 0.0120532257509695 -0.007962812983029331 0.99985683693168  738339.3801768803
-0.5129419862462533 -0.08621313486342665 0.5868193235607759 -0.019827030214018118 0.010413570794402296 -0.008215183488036792 0.9997154381004928  738339.3801780575
-0.5139562090413977 -0.0629685034914022 0.5877025426522272 -0.018111648048533827 0.006257134582325356 -0.008355323896262506 0.9997814786413945  738339.3801790386
-0.5132691019558497 -0.02613490070459835 0.582740599672109 -0.029618607736244907 -0.005002133252227369 -0.009108867422601358 0.9995072512358132  738339.3801803723
-0.512526895415073 0.003032823884148426 0.5688775853413973 -0.02620318144318628 -0.010625164327893392 -0.009054551558485288 0.9995591599606977  738339.3801814162
-0.5124709896541095 0.04225174904552456 0.5416742135189666 -0.031063415004070564 -0.012347940498545006 -0.01020608086772609 0.9993890276199008  738339.3801826802
-0.5130602118057597 0.07189053535747625 0.5165902622707549 -0.01834711493213128 -0.007145781082230011 -0.011840291929750018 0.9997360294964918  738339.3801837174
-0.5139906402117741 0.11430124884993764 0.48357639937980923 -0.016272623243185777 -0.0034504968899986637 -0.012842953762428859 0.9997791527845805  738339.3801849792
-0.5145023738368232 0.14788222906596613 0.46127378246582595 -0.004147100902251005 0.00018602440643753843 -0.009553144602125195 0.9999457507171264  738339.3801860396
-0.5887374462810796 0.2628281212509191 0.30750946355209907 -0.5630646488354354 0.6896526821278066 -0.015598107493553783 -0.4550759038977675  738339.3801871333
-0.5518955046123549 0.1981032607784156 0.4364131139438604 0.9207655364373003 0.0015316620679310295 0.10331759936414053 -0.3761834055115555  738339.380188465
-0.5128169312154733 0.3335637587244339 0.3293907679643738 0.9012393768277092 0.012681968507360508 -0.43156943915630896 0.036804517607079715  738339.3801895136
-0.3818375347704038 0.35833625387224505 0.357637784024769 0.9827012524938562 -0.09583048767150208 -0.1328259278877664 0.0864409559202247  738339.3801907793
0.0 0.0 0.0 0.0 0.0 0.0 0.0  738339.3801919476
0.0 0.0 0.0 0.0 0.0 0.0 0.0  738339.3801929756
-0.1264270892825637 0.7725427681282452 0.24014980614366843 -0.21604746364318364 -0.031568420433741765 0.6495516696149193 0.7282922193633106  738339.3801942597
-0.09278909761716463 0.8525351424182418 0.33632323836956574 -0.18875001138057057 0.08740434940760923 0.5581566042128613 0.8032403862369187  738339.3801952678
-0.08078516414623772 0.9512117273747264 0.338824228708928 0.09320246262136794 0.05676856739136938 0.32424601322536145 0.9396569340057588  738339.3801965377
0.016044655454105092 0.9616178667483898 0.21928104963291395 0.10891365025514717 0.7147520654184647 0.6194342673060371 0.3058896700694083  738339.3801977369
0.002846499313636352 1.0391723798246777 0.09734528908412408 0.3172723642156099 -0.40044256375747517 0.18647348029761632 0.839173189027195  738339.3801987057
0.07270630535036894 1.1198321479201636 0.047572193183278266 0.7726840449500343 0.3228249951369155 0.2854225901861876 0.4661301687360642  738339.3802000496
0.10908511606461709 1.274197646859629 -0.05339961305567235 0.014013517498977815 -0.00231528523452496 0.509910932848727 0.8601099356145874  738339.3802010642
0.1266619986081845 1.1933003820235002 0.036723683355535656 -0.005035484003496604 -0.010013451430025813 0.5956953525624041 0.8031322566220722  738339.3802023125
0.12750023112491057 1.1941958813831175 0.03724117376040567 0.004166698943102289 -0.012636975599483246 0.603109411386464 0.7975474803199422  738339.3802034172
0.12751712153123984 1.1942543456453807 0.03730358265069025 0.0061418131728729905 -0.011625005924025014 0.6032358738067686 0.7974544613461011  738339.3802045046
0.1274424334308497 1.194171803178312 0.037355096679236165 0.006031781618218295 -0.01198399751434347 0.6034206746879492 0.797310159707768  738339.3802058233
0.12744244603143362 1.194168472221453 0.037357305087767634 0.005837156392750368 -0.012324875537011585 0.6035016476147704 0.7972451231425007  738339.380206844
0.12748699432069577 1.1942181281084407 0.03730629553872154 0.006003181795030083 -0.01203751539161346 0.6034056926509568 0.7973209078582798  738339.3802081521
0.12744545162821844 1.194188767335619 0.03733405727115844 0.005661448404368093 -0.012343721460828764 0.6033294069197261 0.797376452679883  738339.3802093002
0.12754333854693134 1.1942890917999625 0.03724440734000482 0.006528350986103674 -0.011283950537069614 0.6031020179546246 0.7975575270992926  738339.380210451
0.12749539466102022 1.1942356415625508 0.03732832847639056 0.006203248674804425 -0.01182315299535419 0.6032473473708534 0.7974423933107369  738339.380211525
0.12743878203281822 1.1941725602716655 0.037354163013959225 0.004894810591784239 -0.012361836007261812 0.6032580880848051 0.7974352042643125  738339.380212654
0.12748856135338016 1.1942315145432911 0.03734961720253979 0.006308644290434385 -0.0113109104900045 0.6031568542924107 0.7975174439667057  738339.3802138777
0.12751885902830293 1.1942637731731593 0.0372925232844411 0.0066549884544161424 -0.011283814916282454 0.6031291873092538 0.7975359365353298  738339.3802149558
0.12745122436927078 1.194192744805564 0.03733647649960045 0.005697759881336847 -0.012391927238033288 0.603433619110487 0.7972965840883064  738339.3802161933
0.12753069826434865 1.1942763958577933 0.037274143161248934 0.006512541932101031 -0.011446955988036025 0.6031927407963191 0.7974867217996895  738339.3802172715
0.12808219643279417 1.2107939879166885 0.02364885462729891 0.006840685320282671 -0.01690612806132443 0.602204089447854 0.798133837467504  738339.3802185073
0.12751960269804236 1.1942656543069001 0.037287444705685215 0.006270340368645373 -0.011457496369645784 0.603166702104338 0.7975082056513134  738339.3802196042
0.1258406530442004 1.1930005807779012 0.04022735281968893 0.010451980828498658 -0.007666562763785475 0.6030986031008917 0.7975613172978633  738339.3802208831
0.12755975950424445 1.1942968196433164 0.03721372736543814 0.006818491667262699 -0.011072083247228467 0.6031350700421337 0.7975330741914222  738339.3802220968
0.12745970198442017 1.1941766252406014 0.03731601493570503 0.005862369998211077 -0.012473486041940771 0.6034220712689277 0.7973028588118086  738339.3802230117
0.12748154636217307 1.1942417993184642 0.03735523709994257 0.006714465396181113 -0.01131986622779335 0.6032734678113795 0.7974257956812414  738339.3802242738
0.1275100874535653 1.1942552544179066 0.03730957154880819 0.006603564479553896 -0.011262056403062777 0.6030819827999482 0.7975723672769899  738339.3802253867
0.12748984765957505 1.1942480703498188 0.03732160834148361 0.006184788055931887 -0.011459316441700309 0.603115774829372 0.7975473619888406  738339.3802266004
0.12749037209238148 1.1942303270479409 0.03731416799596741 0.006219619810896395 -0.011693549839168753 0.6032820718333826 0.797417907389838  738339.3802276636
0.12752099476235285 1.194270230272768 0.03728155715420451 0.006588476025700692 -0.01145557036162257 0.6032080365330524 0.7974744049518383  738339.3802289141
0.12740050269522368 1.1941528995755792 0.03742058574081815 0.005677851945488136 -0.012307993687924141 0.6033586931527162 0.7973547282644718  738339.3802300174
0.13214055395685748 1.304401954116434 -0.053488778107336724 0.006123882913974585 -0.020155944744112513 0.6013343111631011 0.7987197769978699  738339.3802313023
0.12750162071584967 1.1942577553406137 0.03731624160130873 0.006513950508962689 -0.011536015990494159 0.6031208628981758 0.7975397880487178  738339.3802323291
0.12753504197656948 1.194284831153006 0.03724223668464944 0.00669348907919965 -0.011311660433278647 0.6032588444531922 0.7974371512107948  738339.3802335778
0.12749958490936766 1.1942585720750134 0.03731194282586383 0.006268314404200852 -0.011733272851888826 0.6032981409958578 0.7974047852964362  738339.3802348232
0.13241319740134613 1.3051445029501059 -0.05409942952620083 0.00972835038872364 -0.0145846046876403 0.6007272067331556 0.7992618291870319  738339.3802359226
0.12768237060181506 1.1943248573018754 0.037088989045156964 0.0055877573124157465 -0.011909770053283817 0.603115131885399 0.7975456551422955  738339.3802370848
0.12749328121234088 1.194246973875444 0.037333158790417924 0.0066195622282106525 -0.011229068716289968 0.6031593175346524 0.7975142174800424  738339.3802380706
0.1274890502454489 1.1942536472820253 0.03730812414748202 0.006442516665092449 -0.011386760364601378 0.6032489503030971 0.7974456342758613  738339.3802393867
0.12748929952167867 1.1942604705579163 0.03732486704499397 0.0067866307612529314 -0.011272245879238266 0.6032271621936451 0.7974608886381516  738339.380240413
0.1275093494494322 1.1942656507268057 0.03728326554044717 0.006327847498220935 -0.011425188291639287 0.603156682113958 0.7975157930974293  738339.3802417053
0.12748328678977958 1.1942271181220798 0.03733396994670608 0.006149871837196373 -0.011874636742813843 0.6033027605390315 0.7974001198925144  738339.3802427328
0.12747394235941165 1.1942213415230636 0.03730098922534559 0.0058894620182030205 -0.012266267886234033 0.6033371850654101 0.797370111069274  738339.3802440206
0.12753903246958892 1.1942798432618569 0.037261544641633275 0.0067146934334985685 -0.011225646670741793 0.6032230458662354 0.7974652686385655  738339.3802450816
0.12750922391121505 1.1942595251656587 0.03730085246107246 0.0066171274173797215 -0.011286821914896031 0.6032017177399108 0.7974813533816478  738339.3802462241
0.1275326200455953 1.1942757482838389 0.03727288885162389 0.006860053771574644 -0.01100773269440813 0.603162593284038 0.7975127933431876  738339.38024749
0.12752636603817688 1.194273677853207 0.03725466492643065 0.006635252974822712 -0.011522837939653351 0.6032724376470786 0.797424330955062  738339.3802485327
0.12750656098043214 1.1942566210462087 0.03729577771265576 0.0068582673112077466 -0.01118901810361707 0.603267549916113 0.7974308956026066  738339.380249749
0.12754454971097884 1.1942802244717658 0.03724220278703044 0.0067359988182088375 -0.011289467909094532 0.603164576701867 0.7975084122730671  738339.3802508453
0.12750142314014087 1.1942477815612238 0.03727687785353879 0.006299957516610907 -0.011658393940766185 0.6032997393317768 0.797404424936444  738339.3802521214
0.12753440784526385 1.1942792027078608 0.037236677439156714 0.006578087112973208 -0.011509574139104656 0.6032389166081226 0.7974503545441116  738339.3802531728
0.12756207479713555 1.1942868041418595 0.03718595184078156 0.0066746733472784845 -0.011669179592765071 0.603348255446649 0.7973645098904416  738339.3802543179
0.12730872289141926 1.1942066230775348 0.03725407621923377 0.009802583889651878 -0.012196453524103085 0.603542206792443 0.7971774962269248  738339.3802555976
0.12062366585811299 1.1940594222638565 0.03702388768614491 0.003200835812975227 -0.012264445882779335 0.5924591699156587 0.8055007572933345  738339.3802565885
0.11749816344962757 1.1948901891759673 0.0421116132130203 -0.031633395356412436 -0.04685523490148265 0.5745150324171417 0.816539278165651  738339.3802578575
0.10161580994562999 1.195841177023273 0.06531211673665273 -0.17149071720161688 -0.23292162907727088 0.4235410996998325 0.8584587267229111  738339.3802589489
0.0940106384331012 1.1585693651543316 0.1389103552299948 -0.16561535886768292 -0.3459819087936015 0.4248855915476588 0.8199636002834887  738339.3802602324
0.090601667906928 1.1045869313430332 0.22168763276253262 -0.21669729289091036 -0.33653105547344686 0.5095332447077094 0.761685633639832  738339.3802612642
0.08708500062097321 1.0072458636090165 0.4057719822248241 -0.3094767525509892 -0.3466400618448889 0.5900080909715258 0.6602690813167017  738339.3802625411
0.08625422599012506 0.9343282244088912 0.5805401388062504 -0.3389326889227245 -0.2932105581064136 0.7146969226787394 0.5369920946420695  738339.3802636114
0.07831566694297305 0.8688495585949083 0.7520836043077267 -0.36166284714984137 -0.22577435457485573 0.766820160170596 0.47980492678141534  738339.3802646748
0.09167564917232482 0.7750595624572565 0.9434015251281545 -0.30412201669461125 -0.17129917840022357 0.8524464540829918 0.38923185039555114  738339.380266006
0.11170588809531509 0.7037394417389528 1.0523415070651858 -0.2586613579254576 -0.1646321928982893 0.9056171788499294 0.2929984101485089  738339.3802670602
0.14716564892000128 0.6278054609156878 1.14180931270436 -0.15004391930357192 -0.12708616363107017 0.9658384665660316 0.16879569246558618  738339.3802683345
0.1711050593410841 0.5765892967494808 1.1802451160397387 -0.12674269608175423 -0.1176112653654036 0.9819293668015137 0.07693242399570625  738339.3802693072
0.19248636365869143 0.4887864368936718 1.218568141906762 -0.1839071047976105 -0.17953877904180152 0.9650558313097312 0.05110035303423869  738339.3802706407
0.2196727761192324 0.42980211839888677 1.2498686341538008 -0.17678529968193338 -0.18750673279864927 0.9658669781626713 0.026251923100126487  738339.3802716907
