-0.1497440694890641 -0.14529542187736427 0.018528149282416948 0.019388883880198514 0.00671133539256618 0.8874986757796888 -0.46035326614289124  738339.4011635688
-0.14975309559129998 -0.14529152716700944 0.018522224624373754 0.01928298597910485 0.006880080781910025 0.8874641385216719 -0.46042179985112636  738339.4011648638
-0.14973121686150853 -0.14528098024119004 0.018547521451289562 0.01919827265124741 0.006513884896518066 0.8874942488906297 -0.46037262496462633  738339.4011658949
-0.1497393516308399 -0.14529854748814336 0.018528882328425915 0.01955225415026706 0.006781256915927005 0.8874797755340674 -0.4603817675910776  738339.4011669595
-0.14973182797826984 -0.1452883577732465 0.01853672068843828 0.01925399165067328 0.006613565592916284 0.8874700466499855 -0.4604155306402429  738339.4011682271
-0.14980409414752513 -0.1452989456608437 0.018430872104640048 0.018593430730092782 0.008204938286788515 0.8874396049520726 -0.46047574407769254  738339.4011694349
-0.14981496125232352 -0.14528282182766847 0.018427067637885895 0.018169997109017524 0.008242476232286314 0.8873785413429803 -0.4606096364109452  738339.4011705364
-0.14983872935275083 -0.14532913967727884 0.0184599268538259 0.018036388385198072 0.0076923947765096135 0.8873357428626295 -0.4607068430087035  738339.4011715889
-0.14977777643880658 -0.14532105453701383 0.01850154618833881 0.019096985137783646 0.007142974555383097 0.887452607712436 -0.4604477735178506  738339.4011728363
-0.14976937749384828 -0.1452918293199748 0.018484696630959824 0.019121250372329045 0.00715089907739697 0.8873677997343302 -0.46061006330869203  738339.401174011
-0.1498174148329528 -0.14523843176787143 0.018597484867841824 0.018957743005615688 0.008228633701729745 0.8874054245677253 -0.4605263358542171  738339.4011752822
-0.15011010670977248 -0.14516592829230193 0.018885575470490506 0.016435077488335944 0.010987449254084456 0.8873826760392429 -0.4606095422939841  738339.4011763257
-0.15447427734131136 -0.1433951468227895 0.02258891004527247 -0.015084218131747554 0.04661583909435134 0.8866473815636251 -0.4598432892576021  738339.4011775937
-0.16722161388632972 -0.13659221826406334 0.030399049807279123 -0.09495461044597188 0.1514841670973639 0.872818966304282 -0.45411806959577855  738339.4011785797
-0.20590623311188688 -0.11413636706493026 0.03173071976419635 -0.28516294427824845 0.47023396883487134 0.7429100396323086 -0.38163697773917  738339.4011799219
-0.2332573666579167 -0.10336562298991449 0.028263261451792296 -0.3936146515685994 0.668172468091559 0.5555899845638481 -0.2998880257818036  738339.4011809293
-0.26731595457125273 -0.0759719090404359 -0.005993247120059599 -0.5699446600620789 0.8153907046933648 -0.0700114235985263 0.07348117944131705  738339.4011820105
-0.27107537579759 -0.05352439375486378 0.0257433007147794 -0.36886605472670575 0.829557419001661 -0.11307529565626602 -0.40371561743621664  738339.4011832669
-0.27332608672057385 -0.04104265648013412 0.02907643711547564 -0.22213222075614392 0.8397816250617953 -0.10066954376749745 -0.48506673939588746  738339.4011844749
-0.29285979242425064 -0.04041672685990143 0.012054961435590534 -0.14225820441511078 0.9343718693328207 -0.044995610560564586 -0.3235540265649014  738339.4011855824
-0.30992158795945485 -0.04094947148504205 -0.0028427445047017825 -0.12948789297970917 0.9833503831904921 -0.06889322907028979 0.10727829435191687  738339.4011867454
-0.3144952750158557 -0.04086428986247671 -0.009428194812296608 -0.20177107205594175 0.9729362553028507 -0.07214021686588357 0.08648275382528878  738339.4011879397
-0.3145058136179446 -0.040546716220732054 -0.009407096817487484 -0.18715806450654046 0.9779118343977856 -0.053177507705526 0.07637051596756762  738339.401189002
-0.3141223553809447 -0.040524956208641126 -0.008857460158627909 -0.18750253906152722 0.9772527036128227 -0.056687837449810874 0.08128001114771635  738339.4011903272
-0.31445846039390196 -0.040418886620861016 -0.009341378797724705 -0.1873797188140462 0.9770040465847756 -0.05788209006146983 0.08367554950078686  738339.4011913716
-0.31450726068681284 -0.04049307286733621 -0.009231978712957072 -0.1870880605235297 0.977021380173971 -0.05804012578797293 0.08401561813739986  738339.4011925732
-0.3145017104704699 -0.04044826496754677 -0.00928032522665751 -0.1871090023050948 0.9770069457434092 -0.057811131643151395 0.08429426008729986  738339.4011936829
-0.3145027356026751 -0.04045297230015071 -0.00926417930061736 -0.18711249751286388 0.977006608110731 -0.0576036886268953 0.08443231631927885  738339.4011947599
-0.31447509800908735 -0.040435261975096365 -0.009287829647795814 -0.18715473834943303 0.9769920924004225 -0.057688259252055916 0.08444891973771583  738339.4011960134
-0.314536373365685 -0.04047144896706253 -0.009262425286402401 -0.18722795878106258 0.976983666919085 -0.05868340073613847 0.08369506856474276  738339.4011971565
-0.3145191557035904 -0.040512938648492335 -0.009069701517700613 -0.18727248473678706 0.9769904691513591 -0.059863793239601004 0.08267385261909292  738339.4011983584
-0.31430968870203 -0.04048703039394487 -0.009074315657780578 -0.18856123253774293 0.9769877999036608 -0.058060089918570514 0.08104644583138268  738339.4011994592
-0.31410560706342255 -0.040698932796524125 -0.00854006768830782 -0.19230792051114123 0.9762361538200273 -0.06341591674773109 0.07719492979726983  738339.4012005279
-0.3139123338074131 -0.04061821841530711 -0.00849239031100936 -0.19183417330995178 0.9762296676877776 -0.062485758844842344 0.07918848286387953  738339.4012019149
-0.314056373679586 -0.04066741800590395 -0.008599646790807812 -0.19290863824329058 0.9761031140017622 -0.06361368734821074 0.07721571672364651  738339.4012029935
-0.3144253172597369 -0.040412871425404374 -0.00928975776924145 -0.1874121507025095 0.9770156588835756 -0.05733026529200953 0.0838470556841469  738339.4012041148
-0.31452166943146453 -0.040470778025228894 -0.009258699922549353 -0.18704263420212872 0.9770284868832984 -0.05807752227270701 0.08400827468722716  738339.4012051874
-0.3145047878667062 -0.04044398151792552 -0.009283136748970034 -0.18711952840264776 0.9769812202412016 -0.058565062776982854 0.08404826475491008  738339.4012064516
-0.3145429414007889 -0.040461754715656086 -0.009283655454283746 -0.1871464042659883 0.976983418692237 -0.05878539791671392 0.0838087105408147  738339.4012075714
-0.314304151691626 -0.04050267108510716 -0.009081200330149076 -0.18828826054979714 0.9770295481636627 -0.058042945894731524 0.08118995865316143  738339.4012086208
-0.3140106046043478 -0.04064009088348675 -0.00864558390677024 -0.19240666886658472 0.9762656716374173 -0.06206143279370986 0.07767490403984312  738339.4012098899
-0.3140825961805587 -0.040718252808073244 -0.008584875388020581 -0.1927106119479181 0.9761729207281692 -0.06358494498235572 0.0768505279831267  738339.4012110468
-0.31382255964485956 -0.04062392652564779 -0.008466573128825285 -0.19143134288819605 0.9763862625692314 -0.06055193605642523 0.07973311900288695  738339.4012122239
-0.3138311274556188 -0.04062118592172807 -0.008451793280952413 -0.19139672575450634 0.9764074464492254 -0.06033684854147713 0.07971986325276992  738339.4012132797
-0.3138279580483791 -0.04065854032121162 -0.008457509177027742 -0.19161898447073927 0.9763374664196875 -0.06093440953446078 0.0795884048732901  738339.4012145505
-0.31379957298785655 -0.040604792524164345 -0.008436458026083261 -0.19149800682699536 0.9763797676326483 -0.06064943806758184 0.07957831614824608  738339.4012156726
-0.31382462526524724 -0.0406367131677986 -0.008459402415336232 -0.19125990791309144 0.9764157414768576 -0.060586851648651054 0.07975701115625254  738339.4012168887
-0.31383764988445184 -0.040639519335615173 -0.00846222777894668 -0.19135608157753778 0.9764264376578977 -0.06055652231706232 0.07941769003730538  738339.4012179557
-0.3138248710860746 -0.04062651080256914 -0.008473608126540095 -0.19151111650030392 0.9763857780355064 -0.06071514093118869 0.0794227698365636  738339.4012190432
-0.31387548844180546 -0.0406353725346912 -0.00844208252595783 -0.19202883829254264 0.9762800051951975 -0.061698828051907684 0.07871169758747915  738339.4012203058
-0.313842066471331 -0.0406249267611042 -0.008462775806416887 -0.19161203995766096 0.9763777900199996 -0.060697769034867115 0.07929071908562373  738339.4012214997
-0.3139671476098538 -0.04062073936453767 -0.008656164931742344 -0.19262832007051317 0.9762326433381786 -0.062118508181555294 0.0774948213047972  738339.4012227341
-0.3140982222998744 -0.04057210812183321 -0.008851843924814987 -0.1911192885052241 0.97655005452259 -0.06057685992112777 0.07844649523898192  738339.4012237783
-0.3142648379966457 -0.0405191825113392 -0.009064949171466368 -0.18851333904131642 0.9770055019474759 -0.05788278463729902 0.08107128598021893  738339.4012249925
-0.31413835304616916 -0.04053551316376476 -0.00892827545476511 -0.189016227832042 0.9765050757780278 -0.0600706642171493 0.08427465749799418  738339.4012260713
-0.31391053012351267 -0.04062782122716617 -0.008567705961336998 -0.19170139355194663 0.9763531702027143 -0.061173961481075574 0.07901144968967072  738339.4012271453
-0.313973030777034 -0.04062260514226503 -0.008656064354998196 -0.1930728267981049 0.9761440671459264 -0.0630015744968898 0.07678831511962646  738339.4012284067
-0.3140031165991833 -0.04066235264485893 -0.008665385722105217 -0.19266925261386614 0.9761907646053418 -0.06281399412310903 0.07735988843550805  738339.4012295709
-0.3139764928308464 -0.04059656229090334 -0.008669584081325956 -0.192679499803201 0.9762272847397166 -0.0622676665248052 0.0773151769762196  738339.4012307487
-0.3144162247192295 -0.040466937747778105 -0.00930618639419447 -0.18752745857747294 0.9770072831145744 -0.057757565237348395 0.08339235383658182  738339.401231878
-0.314445169992737 -0.040446851252054127 -0.009344301880278653 -0.18715891614304722 0.9770379871833131 -0.05772933293454929 0.08387869710404382  738339.4012330696
-0.31443574001919306 -0.04045276571998467 -0.009359409561699466 -0.18726246277619965 0.97703133944898 -0.057611600408471145 0.08380593814222934  738339.4012341469
-0.31446054654307887 -0.04046726632799592 -0.009351053871681437 -0.18726918281954416 0.9770120517831551 -0.057882160709113326 0.08382934634251919  738339.4012353857
-0.3144706475385311 -0.04048445025533658 -0.009342662775238325 -0.18723734257483376 0.9770126772844047 -0.058113156634614055 0.08373330876679286  738339.4012364673
-0.3144437453401018 -0.040456944832990865 -0.00938595389487374 -0.18724599491398333 0.9770268347318155 -0.05766884880851837 0.0838558613318271  738339.4012377216
-0.31443997970453824 -0.040451123266546804 -0.009366213164438655 -0.18717150051460063 0.9770503715266827 -0.057710816430035415 0.08371894983612145  738339.4012388202
-0.3144431149494105 -0.040446380638661725 -0.009378427304538157 -0.1873441291867774 0.9769854549015659 -0.05789614282910354 0.08396210344876244  738339.4012398886
-0.3144568878083361 -0.04044500401564233 -0.009363002401348746 -0.1870953104276508 0.9770454614911623 -0.05772406901540311 0.08393713630930871  738339.4012411513
-0.31445038863190844 -0.04044869142587194 -0.009383738429457743 -0.18719084156137056 0.9770374705760972 -0.05780171403439153 0.08376354684762558  738339.4012422994
-0.31443155459904226 -0.040443313451262924 -0.009357713841312362 -0.18731980875458093 0.9769993127365266 -0.05782618383440154 0.0839033052009988  738339.4012435733
-0.31443890972276395 -0.04046349105956116 -0.009372187671614364 -0.18715811286137043 0.9770415929768653 -0.0575682296051512 0.08394918298309102  738339.401244612
-0.3144592600643647 -0.04045979372179897 -0.009390726696898373 -0.1870580425527822 0.9770504624435327 -0.05788218089547412 0.08385306011103065  738339.401245896
-0.31443829765551384 -0.04046684105796067 -0.009367304354357217 -0.1872130322038994 0.9770248678375993 -0.05785808403839996 0.08382201567218892  738339.401246856
-0.31428341324836584 -0.040710371203024294 -0.0092993452429359 -0.1895702092724657 0.976780044163376 -0.06036518487782876 0.07949795931501853  738339.4012481099
-0.3140987019414539 -0.04080156592582853 -0.009158488882160934 -0.18956610447791417 0.9767720764811566 -0.06275919676880493 0.07773214174775225  738339.4012492419
-0.3139074307755052 -0.04083998081277215 -0.009033520778005297 -0.19056721964182827 0.9766037314609414 -0.062396443156907386 0.07769150774644293  738339.4012505577
-0.3138943835970449 -0.04090098044692455 -0.009018760056461685 -0.1906136374871368 0.9766530652873855 -0.06310979869540916 0.07637005026383932  738339.4012515025
-0.31393764999223506 -0.04089603687236567 -0.009157527579582334 -0.19046940295974177 0.9766150671087045 -0.06292750345409495 0.0773598509658277  738339.4012527809
-0.31393393896151545 -0.04080466394336502 -0.00914359580629413 -0.1907916013891798 0.9765312616184818 -0.06358170472583521 0.07708843457565664  738339.4012538664
-0.3139778166296767 -0.04065890128641783 -0.009122854140915695 -0.18993440565422312 0.9765494574437215 -0.06452688711776948 0.07818158065709001  738339.4012549224
-0.3141515415567963 -0.040632591529718674 -0.009287948678108322 -0.19061960852690185 0.9764003378595357 -0.0658814052805937 0.07724108693622385  738339.4012561732
-0.31389183282559097 -0.04068054949086985 -0.008947373537379394 -0.19112173452554448 0.9765530007645105 -0.06533366148029077 0.07448645492541713  738339.4012573409
-0.31375997495106384 -0.04069433484340806 -0.008856259405952499 -0.19224394908827921 0.9763171925837886 -0.06541195326991628 0.07462090775156068  738339.4012586192
-0.3133812419971655 -0.04085975376199624 -0.008575157321823323 -0.19471058958030638 0.9753244640337357 -0.0713142834445778 0.07579082490237311  738339.401259657
-0.3119071521271629 -0.04170061030681056 -0.00824873762964173 -0.2020182671957914 0.9755512813599897 -0.058324187643509655 0.06392656952955333  738339.4012608409
-0.2693990199367678 -0.05550715609752852 0.03309283932433244 -0.09073316665295225 0.875303734403322 0.31649936331466744 -0.35417371165875144  738339.4012619709
-0.19264924501714756 -0.0781886849206796 0.03393836880680812 0.3390092373755317 0.5171479332433748 0.6256949978675045 -0.4755381391221424  738339.4012631649
-0.14063805395386766 -0.12754370222993186 0.04633174957426581 -0.43214926866048275 0.044885824227395815 -0.6502853237044228 0.6231863847632355  738339.401264237
-0.1031941151508949 -0.16246703771572282 0.03990014544683979 -0.398118288448439 0.5155764224882093 -0.4658949212875575 0.5988528227332705  738339.4012655579
-0.08392450518542705 -0.16479279033167343 0.02738685137437273 -0.4355372106417502 0.6531314978986108 -0.3625158425589906 0.5023035421862619  738339.4012665976
-0.06000333675875147 -0.1699839485381464 0.005669995826001362 -0.4996622953464686 0.7878910757311377 -0.1739160504933885 0.3151482996513073  738339.4012678725
-0.04382278466062597 -0.1718572304351306 -0.02332219844868219 -0.5115976850974892 0.8583698059613492 0.03023579000233426 -0.023555929608080436  738339.4012688847
-0.046140127218868586 -0.16998207665529652 -0.02239211118686445 -0.5090465924359693 0.8582430153591687 0.009921837936763402 -0.06474604581352143  738339.4012701312
-0.046764082600445914 -0.17002930877587988 -0.021078055234447494 -0.5108253752413195 0.8583517190783228 0.02185079475419345 -0.04257117726189054  738339.4012712048
-0.04638171583905129 -0.17024826293255071 -0.021366522436040487 -0.5073558051932312 0.8588000251027743 0.00613037951488402 -0.07081682192252053  738339.4012722839
-0.04645460569134026 -0.1700670854401459 -0.02117524480900551 -0.5077189898954073 0.858496437503979 0.002821422700129756 -0.07209253544238449  738339.4012735438
-0.04640932707696673 -0.17018308872859517 -0.0210610133189018 -0.5089742255279827 0.8579004030729047 0.0028526798619460995 -0.07031357175640687  738339.4012746093
-0.04638209240666784 -0.17040022233613156 -0.0213933757653725 -0.5110889250642391 0.8568387622014346 -0.006976502170138152 -0.06757791564752678  738339.4012759767
-0.04838389329951903 -0.1721016069755238 -0.018337616212244556 -0.4929289730294034 0.8659371224607202 -0.021276943938438268 -0.08198304183955375  738339.4012770146
-0.05071903056811486 -0.1719051004488355 0.018293629092501863 -0.4981229933122799 0.8443951716500289 -0.055199686782511984 -0.18927036801054048  738339.401278204
-0.06129163057846641 -0.16352125308669432 0.0770652836491333 0.5583572187521675 -0.5367436085790157 0.5132558979627084 0.3697457208993965  738339.4012792936
-0.11014434390016983 -0.11449216579300671 0.10914076843716967 0.2614724659390456 0.09144992633488938 0.8556794379303688 0.43712899701605956  738339.4012806045
-0.15546851374016493 -0.09147560285211934 0.05817152675055961 0.42927272177448134 -0.053197287317722435 0.7683651968462697 0.47170955389705405  738339.4012816468
-0.20517998354088646 -0.07001893818443299 0.03516866163146099 0.3402281104922678 -0.19802850020884633 0.7775941562038562 0.4902824432646034  738339.4012827995
-0.21780376299339624 -0.03655148164285257 0.019365944357402565 0.04678998449117481 -0.03192489254457195 0.8404993023059747 0.5388435964271108  738339.4012840792
-0.21323332619027172 -0.039780052431251225 0.020881354663260732 0.01996927597966139 -0.017697187358912684 0.8317292447876138 0.5545399002249138  738339.4012851189
-0.2126139368539564 -0.03982006273801632 0.02061972526445066 0.01187328575529774 -0.01707484280607207 0.8308276283413086 0.5561411033301505  738339.4012861731
-0.20996323158161528 -0.05037534795363662 0.025354474691547103 0.08449381571841313 -0.06689772286600604 0.8371949477261549 0.5361810415172162  738339.4012874607
-0.2108042603219446 -0.039235792745202704 0.020124486859362575 0.016680571456503344 -0.018487284805102065 0.8190990693897413 0.5731114144398796  738339.4012885342
-0.21050299697852234 -0.04168797941483511 0.0204728648885069 0.007307745319174098 -0.024183387257341826 0.8150126692988129 0.5788921397994065  738339.4012898634
-0.21487415319744024 -0.037735351115920364 0.020316078945311653 -0.07332441944738434 -0.015961574765057045 0.8078424046035433 0.5846019217964382  738339.4012908768
-0.20815520198408002 -0.04181661177147687 0.020600009895262075 0.0019956624262557326 -0.008546349776090588 0.8069469232466551 0.5905587526230918  738339.401292135
-0.20854104865526388 -0.042425465951440956 0.02041127181363643 0.004646081193724418 -0.01683559903872699 0.8100698548820449 0.5860732093739924  738339.4012933355
-0.20935062539058225 -0.04200584230778879 0.020496870470721986 -0.01414509478284655 -0.008442235501551919 0.8123372252073813 0.5829552963098398  738339.4012943052
-0.2093602699456916 -0.04187532276964025 0.020244806614413066 -0.0011886537079636714 -0.014673013687272547 0.811762862581764 0.5838016312967581  738339.4012956464
-0.20944847322725285 -0.04192167355005432 0.02041901453343575 0.003966244268716599 -0.01730441689169674 0.8122064273390592 0.5830999446506239  738339.4012966276
-0.20913799760286741 -0.04197614603724918 0.02056923213062226 -0.004608420497341722 -0.012824112347712902 0.8126600515668445 0.5825787030010507  738339.4012979681
-0.20922201243470312 -0.04193665764440384 0.0202713918920579 -0.007447197933429455 -0.011401823461399585 0.8126334739328254 0.5826159753290013  738339.4012989724
-0.21141068848730313 -0.04078783904332698 0.020652078849448367 -0.013884257532257402 -0.016884736166100204 0.8214253025381177 0.5698970130010693  738339.4013000657
-0.22507278731722177 -0.03707063667777472 0.022218025494197623 0.016889631530526097 -0.03219817155542986 0.906098635176573 0.4215012235170878  738339.4013014409
-0.2383452544420474 -0.03426542559983338 0.020390382915138023 -0.0031675373570087878 -0.01952254691540236 0.9433551808136564 0.3311945647214967  738339.4013024798
-0.239692940743142 -0.0361615565171673 0.02057656192753681 -0.04420448060011385 -0.03650717634003029 0.9472706073107857 0.3152643121185893  738339.4013037495
-0.23780098857642412 -0.037318435295681344 0.01896434763665867 -0.0472746615119801 -0.031875551709904325 0.947588166164833 0.31436558801256503  738339.4013047656
-0.23608372079422213 -0.03703699930845267 0.020151118265425764 -0.03786880628310253 -0.02940880187975805 0.9395105284132157 0.3391475237760262  738339.4013059543
-0.22408919622483145 -0.032235876071000306 0.028357375508445987 0.04841905748816825 0.02630610310972401 0.9533952452542929 0.2966497769047618  738339.4013072185
-0.22162270894995695 -0.032483600777273546 0.0302039591761411 0.004697069096808786 -0.07145035463829227 0.9771089073366414 0.2003271513483804  738339.4013082607
-0.1994342751606387 -0.023064002873284157 0.0507936305175061 0.10464025963889151 0.10009666820306062 0.9890344224893641 0.02901696414998835  738339.4013094266
-0.21082552125020151 -0.03313044490612512 0.02755611415502682 0.10864545974283098 -0.018379861629923784 0.9919854092760623 0.061832778905181365  738339.4013105929
-0.20968258355673952 -0.033765971449393 0.024052373987826847 0.06652251610859675 -0.020122471478474988 0.9956504806440616 0.06204805706409091  738339.4013116604
-0.21181237007034456 -0.03785609529556157 0.023259534040485256 0.05367204772392793 -0.023072581715389107 0.9974124985021215 0.041896003363837156  738339.4013130114
-0.21480249823617759 -0.039613085291238144 0.022085079819552118 0.02751202067261569 -0.029308639828067015 0.9987580645250925 0.029435028385059805  738339.401314047
-0.21291238556077843 -0.037154362940522545 0.02108550726992283 0.04108133053246484 -0.017064016994216787 0.9982491978013933 0.038983107810669944  738339.4013153312
-0.21265696872737636 -0.03830714527582392 0.0204182768339696 0.037717480264125955 -0.028695940454314305 0.9980256414939941 0.04121593871876852  738339.4013163694
-0.2119654320572526 -0.04011496810642348 0.01954932739097963 0.04487525635350869 -0.03713762195482236 0.9977565464105616 0.032998219612830317  738339.4013175705
-0.21141163627618714 -0.04189224525463544 0.018039364696442906 0.04586463116778733 -0.04048041565793834 0.9976956158776211 0.029346713863357552  738339.4013186573
-0.21333917234911132 -0.04053781629913075 0.018807959194883428 0.030942377192358442 -0.02756178490100486 0.9985792973831246 0.03350080811834319  738339.4013198391
-0.21210491692748604 -0.039946972744004355 0.01900557051205147 0.04547403225830478 -0.023812177823796996 0.9981753139845304 0.03179835104754154  738339.4013210022
-0.21066746441216366 -0.03973044628601859 0.017741121733145748 0.053542198196738444 -0.015657677019317952 0.9981695770776265 0.023357344868204545  738339.40132216
-0.21156858100079962 -0.03981626888668954 0.018068876807773485 0.0431434404372874 -0.018047267475839988 0.9985708340940412 0.025869460385184964  738339.4013233177
-0.21308697916526018 -0.03953170820040749 0.019067549510189734 0.03404653698424541 -0.01939807023201888 0.9988243175969908 0.02853998541625176  738339.4013244021
-0.2129746181699631 -0.03970324548508682 0.0195196211137595 0.03553958280128052 -0.02155610579022271 0.9987471909318326 0.027862536913303874  738339.4013284792
-0.21382456507797684 -0.039557305818722396 0.018543107631353833 0.025485441934772174 -0.019861525985934006 0.999169922600067 0.02480882516919549  738339.4013284906
-0.21389362967891126 -0.03957277168096774 0.018546403746769156 0.025428012179811145 -0.019707471673316275 0.9991806864526314 0.024555805359980684  738339.4013285368
-0.21411913549207656 -0.0395296261236309 0.01856449097024153 0.025084002301633053 -0.018732917698934936 0.9992049262154843 0.02468574588148294  738339.4013290226
-0.21370856065679675 -0.03951549515904604 0.01804806195420396 0.027555353543652884 -0.018611681411012708 0.9991452243863879 0.024558672439975747  738339.4013302819
-0.21192382225242729 -0.03868609512080516 0.017409552691740285 0.03334265022648151 -0.009377925946560273 0.9991783321208698 0.021047156600650093  738339.4013313563
-0.21205283214722975 -0.038648971322874946 0.01712171345009149 0.02903975204912827 -0.007661728844528661 0.9993302237394286 0.020906808291602387  738339.4013326796
