-0.17342422346538136 0.024714341325387666 0.02061216255253417 0.007412410288904398 -0.015765434511601954 -0.107844494610893 0.9940151267614041  738339.4061637698
-0.17343353711330414 0.024711940570068595 0.020620465545209195 0.007238916531527601 -0.015893675687763485 -0.10787372983803444 0.9940111908682984  738339.4061650326
-0.17342646523584412 0.02471593162660821 0.020621939557114045 0.0073004030273388955 -0.015740916146209916 -0.10788223367060817 0.9940122490858736  738339.406166118
-0.17342464072798403 0.02471434889453847 0.020613964584807645 0.007458577905923581 -0.015830785484991134 -0.1078609272876242 0.9940119597928404  738339.4061671859
-0.17342148514973332 0.02470699029336929 0.0206021446320542 0.007415585828163275 -0.015874232489724246 -0.10785108908212729 0.9940126560630335  738339.4061684457
-0.17342879351248933 0.024707749811915383 0.0206159532770357 0.007092950329785808 -0.015866455651037403 -0.10790216625500725 0.9940095915825812  738339.4061695201
-0.17343691510215403 0.024708973968515395 0.02061755143780277 0.007225898913915458 -0.01584709106420406 -0.10789073624173483 0.9940101836112673  738339.4061707845
-0.17342049400864415 0.024701769229841332 0.020601181170177466 0.00746924314955784 -0.01580962866864254 -0.10785861335744888 0.9940124675137334  738339.4061718476
-0.1734343679255022 0.024711032054428386 0.020620061378141194 0.007275948206836523 -0.01588288674815636 -0.10789165691739458 0.9940091472687039  738339.4061731271
-0.17342245048066623 0.0247089424739508 0.020609033469454127 0.007364812484847431 -0.015790412661893488 -0.10785905788312879 0.9940135039513267  738339.406174208
-0.17339835921494182 0.024717462474423274 0.020694444268444457 0.007073527154588453 -0.015460168212633563 -0.10782231746773457 0.9940247966063611  738339.406175287
-0.17312930299643797 0.02471014185770087 0.021128592429192513 0.006246482206258065 -0.012790972249661997 -0.10728972233519929 0.9941258914092275  738339.4061765483
-0.17283109698975183 0.024870245285057057 0.02148268663292795 0.0030106967120814704 -0.008939078652374198 -0.10734909007635922 0.9941766449871634  738339.4061776303
-0.17261687507960574 0.0250004204836371 0.021739561494103724 -0.0005257274481071201 -0.005669198918343883 -0.10682992453821256 0.9942610074912093  738339.4061788954
-0.17212865263508229 0.024947218951440746 0.022367430971581264 -0.002423641229829286 0.001017542955028973 -0.10584324625016227 0.9943793530603656  738339.4061799812
-0.170660248420175 0.025072720759859585 0.02396836078190399 -0.007778996760321964 0.017074871440661988 -0.1039141686298725 0.9944092625939535  738339.4061810804
-0.16644534718010826 0.02637110092264038 0.028731200916633618 -0.03517490360219774 0.04423223795695172 -0.0908342736667532 0.9942612181963697  738339.4061823575
-0.15981822173385643 0.027104156947665613 0.034284006502304544 -0.02675032687783623 0.06014428980548036 -0.07799941057496176 0.9947779532969565  738339.4061834267
-0.14425060187886302 0.029270117269555803 0.047769383762655195 0.009204279065054053 -0.0024171594097101854 -0.053682264010148056 0.9985127205589448  738339.406184704
-0.12918999057815517 0.029049290280118777 0.06734106368227226 0.022320357425375553 -0.010928217420661232 -0.0294646101717172 0.9992568300771524  738339.4061857781
-0.11618874477339537 0.02527555673296486 0.09771167817949095 0.02213107408439938 -0.04602943518518942 -0.006516591170591451 0.9986736407335075  738339.4061868634
-0.11118396535191581 0.016840817384869054 0.13849505163945836 0.012474244313214576 -0.058213779735503 0.015409654395333943 0.9981072545719408  738339.4061881336
-0.11574519744742273 0.008465140767817557 0.17651995150320998 0.0006173256321898554 -0.0508449983316264 0.030083257415528742 0.998253175640825  738339.406189228
-0.12804882082974653 -0.0007078261311524053 0.22246826162019095 -0.008218935269870664 -0.03408949399807194 0.04189677001690132 0.9985063926506109  738339.4061903203
-0.1454503742771772 -0.007757569085170456 0.2747560864168166 -0.018584322521119617 -0.00863762409330497 0.04753909256755996 0.9986591255700349  738339.4061915699
-0.16040612646467642 -0.010071407651227991 0.32011679676921234 -0.023036252181192294 0.011314593728481386 0.04643540945993956 0.9985915400214903  738339.4061928088
-0.17088703054959528 -0.008059446133926005 0.35989126451323794 -0.02083395929495269 0.025289962058918064 0.042835620932120275 0.9985446777878867  738339.4061938826
-0.17475045093415537 -0.002967288061367484 0.389878069110147 -0.01693032656588241 0.030649024700717682 0.03813762608488208 0.9986588620764736  738339.4061949617
-0.17194582008447437 0.005598398411230399 0.41830428790647656 -0.005179347587027976 0.028000719292770038 0.031485482690115404 0.9990984928711637  738339.406196212
-0.16395878894060037 0.012986405084594758 0.43610518109535207 0.0038158354868820343 0.02010229677877969 0.027358275791078208 0.9994162605288621  738339.4061972998
-0.14905080632077242 0.020545185769851055 0.45278879228880786 0.011816983354190508 0.007655354114221902 0.024481715696729692 0.9996011204747307  738339.4061985707
-0.13399526848233848 0.024424355895920215 0.46305883311098844 0.014252489745726266 0.003110722273811162 0.023801091780140858 0.9996102730429778  738339.4061996326
-0.11309291248530959 0.02613326463958301 0.4718292915882766 0.01155682671649194 0.003936720542245865 0.023754220950772835 0.999643275861264  738339.4062008794
-0.09358616399787968 0.025557117652816968 0.4760457921640392 0.006893159404918687 0.011264339379541249 0.02408789933348854 0.9996226148489542  738339.4062019609
-0.06484398667200188 0.023963458561071866 0.4762458384778996 0.0004604522776928586 0.025094570355474355 0.024017112198054687 0.9993964322750208  738339.406203226
-0.03543126538627086 0.023094273010145196 0.47154015861299375 -0.006598806267053587 0.03878944081423135 0.02383070427416389 0.9989414059748283  738339.4062042906
0.005325087816761345 0.02400184899355338 0.4605696806796538 -0.013154090402030513 0.04812618642532389 0.024090444319155423 0.9984640657421557  738339.406205401
0.06100073394605761 0.02789699766461611 0.442439912454284 -0.012656559200097343 0.048300391173911106 0.024210957453992474 0.9984591695511753  738339.4062066842
0.1144858479235947 0.03435865333472929 0.4245683536994428 -0.01387555852606513 0.03811287509042601 0.02575093089242017 0.9988452168309688  738339.4062077403
0.1858718459834693 0.045470581550348346 0.40293937867280893 -0.004478006075234773 0.010197493235743538 0.03059630130844358 0.9994697718988504  738339.4062090123
0.2516220592755731 0.058023207763515806 0.38603299251159545 0.0028929472864458166 -0.015937808775264718 0.0333918044946929 0.9993110649342521  738339.4062100889
0.3066967551178137 0.06964730979717978 0.3735751321408618 0.00989097817556198 -0.04350298997422913 0.03369147998920962 0.9984360483226602  738339.4062111782
0.36397654300662635 0.0831337060545976 0.3597775283648242 0.01759867120874914 -0.06692963725458531 0.031368622022801315 0.99710918157494  738339.4062124348
0.3995047058862205 0.09239760550232272 0.34964972727272775 0.019719748122706094 -0.0760167927819044 0.029359789524683273 0.9964790923587892  738339.4062135218
0.42856800663026356 0.10231540764007319 0.3392989545297658 0.012490148681843912 -0.07300179473569009 0.026797174207894153 0.9968934976243679  738339.4062147641
0.441935074080163 0.10972587797270868 0.3340390754834919 0.005638919268891052 -0.060653825633522125 0.024132162720963544 0.9978511686358373  738339.4062158329
0.4493868033755766 0.12020593951301863 0.3318718735894719 -0.004201167510476184 -0.034974525264758444 0.02422162705973857 0.9990858049019777  738339.4062171156
0.4527451981355974 0.13119055705725421 0.33247554383537203 -0.012465393168646692 -0.010773744480970255 0.025976387626044744 0.9995267718720251  738339.4062181675
0.45911299806572015 0.1491031475446239 0.3340547880902201 -0.018731729617940496 0.012708568338239308 0.02941074402145932 0.9993110740567308  738339.4062194305
0.4702404518305055 0.17090757877980506 0.33429478823829595 -0.021288361472736474 0.01884334304411918 0.034071412891020475 0.9990149512956938  738339.406220515
0.4853346234242552 0.19466366412532843 0.33312663718917823 -0.013958349871526223 0.013881802132393536 0.03626489220797515 0.9991482961160295  738339.4062216016
0.5088284261943232 0.2273280623609517 0.33099294100206705 -0.0035370951767317448 0.004330368425987426 0.040154248096421784 0.9991778486469849  738339.4062228638
0.5301907737417929 0.2555752321414914 0.3297232563518178 0.005370108083113117 -0.011194641700499825 0.0446683840671814 0.9989247105769283  738339.4062239496
0.5549799089628729 0.2897457361646231 0.32855407367287814 0.013912255911838957 -0.03112359551251332 0.05076195623887765 0.9981287465736167  738339.4062252165
0.5728491220638633 0.31870683530378546 0.32852489119299866 0.01955331927751275 -0.04936514232867311 0.0564732909028069 0.9969912325806625  738339.4062262814
0.5826524733799191 0.34168449211115226 0.32907984040562765 0.026869277678742063 -0.059019775007018105 0.05956805947999619 0.9961156330290832  738339.4062273656
0.585573149866444 0.3637739193108844 0.3306265263053108 0.04027034057020361 -0.05920428278107124 0.06197323809981935 0.9955061377661927  738339.4062286365
0.5814192109952938 0.3761700783820632 0.33246612347097027 0.03761730382096416 -0.048333930001322765 0.061593546284430666 0.996220359518905  738339.4062297068
0.5711757458096121 0.3849175896487361 0.33592960565760144 0.02364441924213113 -0.0326157216351713 0.05966677249715535 0.9974051495759846  738339.4062309983
0.5601491215397749 0.39021638461774866 0.3398646714690445 0.002118963825489863 -0.014737663683370265 0.05603490861305233 0.9983177852158045  738339.4062320777
0.5516808421059435 0.39546257271471424 0.3434087694445412 -0.0076764955308477635 -0.0049849634857787465 0.0508331023588957 0.9986652178082405  738339.406233153
0.5446880328060897 0.40663721540731507 0.34705740874912355 -0.0241875639268186 -0.002904539381632582 0.04563283298513432 0.9986611887702543  738339.4062344041
0.542407830274452 0.42095452677278133 0.34941901477408455 -0.02594881094468 -0.0005495212349238626 0.043973472034661586 0.998695494629963  738339.4062354825
0.5429645849063199 0.44449613916965847 0.35153089437663954 -0.02154617383576172 -0.006669592019177152 0.043284134339007505 0.9988081710968627  738339.4062367483
0.5455114313160155 0.4678908729053618 0.35238984485763886 -0.014598597817405459 -0.012965250563425927 0.040572331143894635 0.9989858203023422  738339.4062378132
0.5482701885971736 0.4989813783624225 0.3520250421544704 0.001522166110775295 -0.03266320547445284 0.03449427783538119 0.9988698327685547  738339.4062390751
0.5485384275466364 0.5245881824937413 0.3509762081061118 0.007049289456247024 -0.03666342258468873 0.02863187036367793 0.9988925452529998  738339.4062401546
0.544248339551311 0.5533818825531467 0.34986337576002424 0.021585490393334884 -0.0452723810874839 0.022963309429937392 0.9984774231474509  738339.4062414069
0.5359697837103921 0.5737600053310421 0.34980526733057776 0.02245960890415183 -0.05298383466019158 0.018594507670799603 0.9981695865518316  738339.4062424619
0.5193221508666803 0.5930208248733915 0.3505155241186939 0.029638386304994147 -0.04667158143833259 0.011353338170585401 0.9984059451223563  738339.4062437245
0.4990410005823475 0.6052580439680152 0.35127981434742206 0.023811473798085608 -0.03750990428444112 0.0037795807554052343 0.9990053731414305  738339.4062448029
0.4780713594992192 0.6125523294569507 0.35214324409483355 0.019724810152081752 -0.03145589131088973 -0.003858731675896439 0.9993030416025738  738339.406245885
0.44999865980205433 0.6180375399436564 0.3541663340678321 0.010557471804951762 -0.03361689575562763 -0.010404720767669405 0.9993248650436903  738339.4062471506
0.4251527947766866 0.6208942835859297 0.3567834811732338 0.005037005025201906 -0.03254081410288627 -0.014181243498751099 0.9993571015061267  738339.4062482165
0.3931989443802931 0.6240295467336558 0.3612897220341111 -0.0007932480211755243 -0.026859351193656386 -0.01790374349175413 0.9994785650427999  738339.4062494887
0.36715650796632754 0.6271997225719274 0.3657393292143943 -0.003997587636494753 -0.015928607671396984 -0.02170707405967828 0.999629482201534  738339.4062505631
0.3370740560680883 0.6323154858396622 0.3710030383615942 -0.003058743399879509 -0.011992922045805307 -0.02435689955336306 0.9996267080034249  738339.4062518227
0.31421469065772245 0.6373487014744323 0.3748808406703452 -0.0014383418774396505 -0.017491034444962816 -0.026110624030149455 0.9995049925835513  738339.4062528838
0.28762713630851083 0.6438233588167745 0.37980875678070003 0.000744120303583665 -0.02256812737841325 -0.028841036590956787 0.9993289350959296  738339.4062541489
0.2640256894834044 0.6495244182903939 0.3847563901663069 0.0031376548078862984 -0.021384632599800817 -0.03137697203442507 0.9992739055118116  738339.4062552288
0.24309644916320527 0.6543406269158736 0.3892948978770012 0.0027810922847637002 -0.021848820704039505 -0.0365134393668477 0.999090417982852  738339.4062563023
0.216891949208179 0.6600514823451791 0.3952166502470412 0.0017569020187170347 -0.03444301359256191 -0.04513603221440768 0.9983853618247311  738339.4062575708
0.19385536876737655 0.6651513577491374 0.40080543205202157 -0.000413429242273434 -0.03632819227530259 -0.05084613102103568 0.9980454711497178  738339.406258624
0.16340608045191762 0.6726659888155111 0.40866362798068423 0.001109661417981859 -0.03191514930507699 -0.05408164135501766 0.9980257351214544  738339.4062599003
0.13782702514015227 0.6797602235383886 0.41430654900496977 0.002008522399823708 -0.02107147970121884 -0.0516064220102939 0.9984431560125323  738339.406260968
0.10682495343297743 0.6889054695040351 0.4195221463060272 0.010847885583797968 -0.026360239529500052 -0.046982024859803316 0.9984889335843342  738339.4062622164
0.08170224660341614 0.6959729922855887 0.4226503552508822 0.013152237785685398 -0.02496238328299626 -0.04137335813009365 0.9987452844940499  738339.4062633086
0.05118691253901828 0.7029481037393699 0.4254945607174909 0.016241973820664227 -0.023724360989125653 -0.03335556517410835 0.9990299090888032  738339.4062645466
0.023740542013531193 0.7071604650169782 0.42665560589366364 0.017573793208265454 -0.026746605269418234 -0.028784038057364902 0.9990732005473609  738339.4062656376
-0.0007660697042704934 0.7093620374886279 0.42596979299526605 0.014736167430653039 -0.025415073681204967 -0.025915788848303936 0.9992323510013099  738339.4062667089
-0.030994384290668087 0.7103229369868034 0.4223539385928837 0.013071160115963093 -0.02710278435120365 -0.022149318578569867 0.9993017519949318  738339.4062679695
-0.05520201540924341 0.7108422924379144 0.4169524815974456 0.0028640427942983374 -0.01747177887672524 -0.01943779194015712 0.9996542934666196  738339.4062690497
-0.08231686077417139 0.7122099945222192 0.4085659432385262 -0.0038759943687404195 -0.0007252937066228674 -0.016370364035388843 0.9998582208483568  738339.4062703311
-0.10144744508296138 0.7156657343154715 0.40129176774724973 -0.00828884902461143 0.016778249826564617 -0.015200548708363628 0.9997093220699551  738339.4062714208
-0.11316557353606829 0.7215613573174874 0.39439856256857925 -0.008305327317495333 0.024090833048378755 -0.015053135340158333 0.999561932257134  738339.4062726602
-0.1157322675212489 0.7297905187154374 0.3875373387258568 -0.0057635947845755065 0.032034552004593396 -0.014017394296411289 0.9993718432646395  738339.406273756
-0.1108295797851231 0.7386563211878556 0.3808652804713515 -0.0014741092354910196 0.019482263551211836 -0.011938106908860014 0.9997378406423935  738339.4062748223
-0.09759809971684516 0.7500460061877389 0.3723359009775347 0.009078541009237561 0.0067536502620939385 -0.011670824608424576 0.9998678713481298  738339.4062760749
-0.0823153204140638 0.758764006536665 0.3659566500327137 0.01186012153088372 0.005610582311345375 -0.011531564245956418 0.999847429315814  738339.4062771426
-0.06028011088890207 0.7671995470673005 0.35917377720288324 0.01820704295739845 -0.007344623950859939 -0.007178958585269081 0.9997814874458313  738339.4062784136
-0.04119208383533137 0.7719192724061428 0.35381377842592265 0.017547926792431792 -0.016707867482314103 -0.0009284064518951552 0.9997059845229201  738339.406279501
-0.01890930934748961 0.7753349643803823 0.34697277459577364 0.016166153216566434 -0.02285950962481938 0.00540007955174213 0.9995933860579141  738339.4062807705
0.0009409672251899946 0.7768006505565309 0.3404217497434129 0.012209111764777725 -0.010980185255064208 0.009651568811967774 0.9998185937164539  738339.4062818473
0.019168310252311627 0.7769479692543132 0.3353709348508785 0.010730455811528344 -0.012448016620153306 0.012634607250247001 0.999785112361618  738339.4062829148
0.04044530845971585 0.7764310373477548 0.33131017100574217 0.00013038084197621605 -0.0004413587220347711 0.014924135948213213 0.9998885229711929  738339.4062841783
0.061047563005568885 0.775780644702549 0.32863396716870463 0.0009471354443619087 -0.0020253350398384373 0.01684723931932968 0.9998555753106264  738339.4062852577
0.0843441714812638 0.7751836339270073 0.32747324247383097 0.00038904611591240385 0.0012550119455085641 0.018652796433505953 0.9998251581018286  738339.4062865133
0.1041397936571302 0.7749402118414576 0.3271453665519404 -0.0006170217946767838 0.0021896146515714902 0.01783533303870465 0.9998383498181999  738339.4062876084
0.12899875798396088 0.775088883923853 0.3275216998410141 0.0019203130629920644 -0.00708869237347663 0.016413260235979582 0.9998383207932172  738339.4062888552
0.1501591370514179 0.7749547318968018 0.3283274232274042 0.004629308320016322 -0.012587047864845784 0.01451091286055091 0.9998047655109871  738339.4062899493
0.16991944022804548 0.7740145857146732 0.32988963604729665 0.005725288426612338 -0.010159982023832692 0.011190657629075717 0.9998693739781894  738339.4062911955
0.18685368505679886 0.7724195807634986 0.3317761496975443 0.007005661745808755 -0.0025774794251283415 0.007578961853894483 0.999943416719433  738339.4062922761
0.20562799345427368 0.769693532981438 0.33444948284103854 0.0073416435726196706 -0.002053364944739857 0.003961222309011153 0.9999630956589723  738339.4062933482
0.2267840938336026 0.7654857700675882 0.33762707689447924 0.007259093758079234 -0.004976572655201255 0.003119610769466547 0.9999564027051709  738339.4062946135
0.24439096342484642 0.7612788145844858 0.3408076309119616 0.0065604729195614525 0.0038170906380922444 0.003572075036560459 0.999964814528024  738339.4062956979
0.2672716999175294 0.7552534596111468 0.34527109902017716 0.0045687959349183845 0.00558843631253222 0.005014075361677708 0.99996137651989  738339.4062969552
0.2868434849396896 0.7498340595743689 0.34906432234970863 0.0006913447332953368 0.0020608938888935875 0.007068893542513739 0.9999726523775153  738339.40629803
0.3116657891051549 0.7432147934472252 0.3533249886305611 0.00010670326387331268 0.00041920466354672387 0.009739147085098075 0.9999524798188754  738339.4062992646
0.3326193289532199 0.738192935347472 0.3565086842589613 -0.0011985124735974246 0.006113040124113215 0.012470231147760396 0.9999028391015865  738339.4063003409
0.3593021202759305 0.7332490712081555 0.36080513079079546 -0.003786125057914768 0.006610246493287275 0.013660838733584578 0.9998776682091859  738339.4063015939
0.3816948561700924 0.7299646110444463 0.36423757350805214 -0.0009069327874896761 0.0030174165818142797 0.010954953188891415 0.9999350287247267  738339.4063026682
0.408875757200324 0.7266320991007299 0.3683400737852607 0.004720164135378915 -0.0015115196420024976 0.00647154110149202 0.9999667767054456  738339.4063039116
0.43340936235350913 0.7230804541963858 0.37248185726371646 0.010996311159226741 5.2793614255774636e-05 0.0012650934436507157 0.999938737069578  738339.4063050043
0.45531392021978195 0.7191008795367154 0.37668207909726864 0.014096504813972077 -0.005550146695908569 -0.0019352374178098106 0.9998833628377963  738339.4063060945
0.48137583270231127 0.7119956459579533 0.38197732665846856 0.012754620554020227 -0.004076296308191324 -0.0035676672371974948 0.9999039829970754  738339.4063073392
0.5021311632670327 0.7045644789104111 0.38624623259756574 0.013747146519825584 -0.0010281177351137423 -0.0038302953022979315 0.9998976386482681  738339.4063084294
0.5280062645946977 0.694121253337185 0.3915590654982949 0.008556135512780167 -0.001324783603530666 -0.003764552894614696 0.9999554318243361  738339.4063097021
0.5520056462085027 0.6836428212254462 0.3964589030396312 0.007728173005719733 0.0009009809270193065 -0.005130712823770849 0.9999565687375042  738339.406310784
0.5739526542635563 0.6738380790499415 0.4014333857179334 0.006469631350221515 0.0002518789943912316 -0.007251897613568249 0.9999527440875228  738339.4063118664
0.6012964658775252 0.6614109031838622 0.40828818564102504 0.006553046570927868 -0.0014890565585524427 -0.008900765564802302 0.9999378063977605  738339.4063131119
0.6237056040814659 0.6505089464115987 0.4145917970415995 0.011876336220662457 -0.005275215210595779 -0.010095568499069323 0.9998645929520338  738339.4063141962
0.6501913396219744 0.6353709577495024 0.4221098802295103 0.018872946638378917 -0.01125678952003613 -0.008936162336143817 0.9997185811905211  738339.4063154549
0.6704645310114525 0.6207304725232875 0.4272466716303456 0.02134576762662669 -0.015700415789442385 -0.004945791941712629 0.9996366311268  738339.406316543
0.6920428035842197 0.5995125517531017 0.43225560827575205 0.02377736112930959 -0.023459759715046692 0.002882436170658567 0.9994378261470599  738339.4063177875
0.7075523153859665 0.5798465194527304 0.4342250827886028 0.016987846376740157 -0.019858846803176747 0.009024134942476239 0.9996177290683015  738339.4063188682
0.7226045446222588 0.5538563296145719 0.4336449664438104 0.013900243523469892 -0.02282618553506249 0.014307339364106901 0.9995404186546072  738339.4063201171
0.7325529942568445 0.5321760251303289 0.4312590999360458 0.005442517550562871 -0.015922679910243154 0.01669496760496814 0.999719023187944  738339.4063211833
0.741060013725445 0.5075405077926242 0.42757017801799624 0.012991325035995373 -0.011208233827592303 0.018077413585344967 0.9996893557932582  738339.4063222655
0.7488638638134392 0.48089752095562543 0.4240526218246145 0.001747360642838231 -0.008464980451072754 0.024045214457230752 0.999673505950044  738339.406323526
0.7554935347051319 0.46023304675607984 0.42221940215040266 0.0023612806940554623 -0.001659819871544874 0.03250922248358411 0.9994672680008039  738339.4063246251
0.7644101418942679 0.43746840313396196 0.42080461630451904 -0.0020706504071546653 0.0036427970055532177 0.03979318853817498 0.9991991516123465  738339.4063258761
0.7727735717459803 0.4205199634470319 0.4198685938818254 -0.0018062405975038476 0.004471230461069281 0.039645391701017024 0.9992021759933977  738339.406326951
0.7845562468548662 0.40159622220650354 0.4185547796568438 0.010036213427565282 0.0038373673938143916 0.032314943341514184 0.9994199785217204  738339.4063282125
0.7963102721702517 0.38358454068713493 0.4170735076413902 0.026557998202134045 0.00420299730565565 0.02118506461194927 0.9994139285513944  738339.4063292932
0.8072809851410034 0.36568979931536194 0.4161907155563009 0.024091631548838068 -0.005167831315751889 0.012304162836272968 0.9996206752492195  738339.4063303726
0.819948768082079 0.34156198204269733 0.41552533236356076 0.02197380560134241 -0.008684138421926144 0.0024152837291916414 0.9997179122191273  738339.4063316169
0.8291997853930609 0.32084004127188726 0.41643230503947376 0.01696365492671008 -0.0068827578567037025 0.002151402286462285 0.9998301023293985  738339.4063326896
0.8389393663197601 0.29369556325973445 0.41895422143773714 0.025052686941213747 -0.006409448002808922 0.006672996630208237 0.9996433128717953  738339.4063339371
0.8461092887083739 0.2704078739371235 0.4206135790341588 0.014878497967482661 -0.00863323078734288 0.013815246891749164 0.9997565886643229  738339.4063350159
0.8540733669545901 0.24183766755334407 0.42053351139745254 0.0064727115473012355 -0.007030741289292959 0.023148434328692197 0.9996863621507892  738339.4063362689
0.8598717601729899 0.2190002905675762 0.41875444975828363 0.009596384528402077 -0.0015324849593440094 0.024098057862187584 0.9996623652519401  738339.4063373365
0.8664196038026736 0.19075624714193784 0.4158889447118824 0.019850798165059094 -0.0008915798030908103 0.01521665630359036 0.9996867530724829  738339.4063386057
0.8719331726105131 0.1664439563620473 0.41395169269182963 0.022461801196624134 -0.0029783157033081114 0.0054395904998141885 0.9997284671238331  738339.4063396893
0.8778695995854899 0.1343122697726842 0.41273631925907134 0.028598742839592666 -0.011203821948568513 -0.0033467976870414423 0.9995225786479172  738339.4063409409
0.8820010017121597 0.1061660958850219 0.41215339982444965 0.0214442853540896 -0.008127741043822617 -0.008260069532656632 0.9997028827119049  738339.4063420241
0.8861932803750235 0.0703361347921418 0.4114058051509139 0.015683549334559548 -0.008126626444871225 -0.008597251302620724 0.9998070171252729  738339.4063432688
0.8895991077360196 0.03788447676316152 0.41055021532680136 0.005915703388816051 -0.0033471827054026232 -0.008621122570434701 0.9999397367176573  738339.406344335
0.8929649122689152 0.006016363114912044 0.4089909837264369 0.011458752493840032 0.000799343252183572 -0.009613612598811277 0.9998878119541462  738339.4063455835
0.8965862959724678 -0.0252383401871652 0.40596584822867193 0.008660653875983415 -0.003430722365278165 -0.010164092770788297 0.9999049527013253  738339.4063466737
0.9006059424529366 -0.05574187287574995 0.40245598515649844 0.004390616325178016 -0.006669811957847552 -0.006732792411987392 0.999945451313755  738339.4063479118
0.9037871143258502 -0.08487240516446924 0.39785802505620904 0.004921348804974349 -0.007156794293712951 -0.0038641155695394985 0.9999548135952157  738339.4063490046
0.906062395941439 -0.11001846999254683 0.39218879236195175 0.005293417485712223 -0.007912299141167527 -0.004311088575813801 0.9999453933935163  738339.4063500857
0.9083376130523884 -0.1399400907710473 0.38324784355617497 0.010219733250893792 -0.008528093522034853 -0.0065868328396195015 0.9998897150717688  738339.4063513344
0.9095965364019946 -0.16437813163731685 0.3756078091139747 0.009196027597470862 -0.004131278615360789 -0.0063669935382453646 0.9999289109765318  738339.4063524195
0.9109710066293876 -0.19499955919369727 0.36606324831131104 0.01755534252683131 -0.007085581977010588 -0.006828518383516076 0.9997974673970217  738339.406353671
0.9113037521970254 -0.22121014379157783 0.36049645252769674 0.013663042221420818 -0.01355539905196292 -0.005753169297667041 0.9997982163801005  738339.4063547443
0.910160741313972 -0.2537730742357324 0.3560112066891312 0.005506123181966941 -0.015571892174762412 -0.006755014630571894 0.9998407716026304  738339.4063559929
0.9069119803665694 -0.2793042154619406 0.3538644997476108 -0.005255165711489285 -0.025143677247053107 -0.007081366698131425 0.9996449534577401  738339.4063570644
0.898692627055057 -0.3067422681072408 0.3520452110072669 -0.018217389228811366 -0.0284037770554947 -0.0059179431149641555 0.999412992775237  738339.4063583051
0.8870224080486068 -0.32551540993850053 0.3501448814068903 -0.0304571517663308 -0.029907141472663212 -0.005650271394160533 0.9990725695505753  738339.4063593982
0.8731663157931132 -0.33637643678280116 0.3482775939030202 -0.03500762774164362 -0.023015089827118158 -0.005176955887664305 0.9991085880763358  738339.406360474
0.8532184793639787 -0.3409615567063456 0.3466525726649652 -0.03727874591401194 -0.011419845216392693 -0.006098971250135109 0.9992210390038844  738339.406361729
0.8363324583933487 -0.33715891403643644 0.3465296713786401 -0.04122935975855037 -0.002611603928414925 -0.007192133211148987 0.9991204094796053  738339.4063628241
0.816431118704352 -0.32356414213462786 0.3483509272422036 -0.03680789733395172 0.008891376093000556 -0.0054003794286769085 0.9992682112561434  738339.4063640637
0.8028621306990291 -0.30624316726603856 0.3509281945951629 -0.020033265042804435 0.015026254212944418 -0.003172081113478488 0.999681358172424  738339.4063651576
0.7902417292970181 -0.2814488630309159 0.35363627373645795 -0.00770003422866726 0.01900992229418647 -0.003077151841166905 0.9997849085997411  738339.4063664146
0.7832467815427003 -0.2583891759013764 0.35565034876072216 0.005008755838199632 0.015336261183473164 -0.0031396262761685324 0.9998649179787796  738339.4063674862
0.780464888085346 -0.23903040983260376 0.35712305859637733 0.01443673110410396 0.011518804073743281 -0.002972337901392714 0.999825016267916  738339.4063685854
0.7796142132134743 -0.21841982813060987 0.3589560382865902 0.009114135987284928 0.00259672474808551 -0.0029064481837532525 0.9999508698454855  738339.4063698401
0.7794988642881396 -0.20388024010590522 0.3607238228365796 0.001574193063137518 -0.0075253890559568975 -0.006666987205547681 0.9999482195180697  738339.4063709117
0.7793081759975705 -0.1871232940204245 0.36330889465255384 -0.0011869742717053361 -0.011798755981818872 -0.008999782325891308 0.9998891860438568  738339.4063721591
0.7778518977103629 -0.17338889304821004 0.36551518491563234 -0.00868092851230309 -0.013810692117483502 -0.009434297625219253 0.9998224343810851  738339.4063732484
0.7743594934393969 -0.15489815655550845 0.36767004975591017 -0.021154699120485475 -0.014469244215534601 -0.008806789586461394 0.9996327126170556  738339.4063745013
0.7701932215597848 -0.13767382693987043 0.3687489440680329 -0.01740308475161082 -0.008844232601661865 -0.010237585292299628 0.9997570225000667  738339.4063755771
0.7649381521995247 -0.11436061607687517 0.3693154632174841 -0.016914188149910313 -0.003173573244756254 -0.010904573551959671 0.9997924429339019  738339.4063768337
0.7605772610407125 -0.09044912651311487 0.36994184649623946 -0.024287400903647203 0.0004323991783398991 -0.009684864148199806 0.9996580108190636  738339.4063779125
0.7581757883503049 -0.06669955472064619 0.3712464575290796 -0.016456151043986515 -0.0017359724280568214 -0.009394246488243755 0.9998189484228955  738339.4063789858
0.7569223959384181 -0.03543117062245588 0.37370229591494675 -0.009501799867536373 0.0008372081187899067 -0.012381059309011918 0.9998778546663737  738339.4063802444
0.7565125153477779 -0.009030352724884902 0.3760758365616491 -0.011648774837926607 -0.00031639640999261314 -0.015081089868684283 0.9998183668379271  738339.4063813097
0.7566524220753934 0.0241709853217251 0.37975876412344123 -0.006073824565874579 -0.003624747555232597 -0.017081205097770676 0.9998290865406506  738339.4063825611
0.7567680021525945 0.05134394795106622 0.38307147173826145 0.0012996506528489642 -0.004678706663718471 -0.015891055681785112 0.9998619379501622  738339.4063836464
0.7565632717162523 0.08412837591834944 0.38729580098845595 -0.0022457503955446404 -0.004997694908617898 -0.015641374552985393 0.9998626540944784  738339.4063849023
0.7559375611251857 0.10984614779842305 0.39074142239884674 0.0021484085800252167 -0.006643706660022922 -0.016062437412731945 0.9998466100391354  738339.4063859916
0.7550053281656237 0.14044574138682783 0.39505885534460305 -0.003928437100601468 -0.008353974881101841 -0.016628202271052862 0.9998191243294287  738339.40638725
0.7532356115814057 0.1648559857958341 0.39954250214216513 -0.004391332981399921 -0.006118438894109779 -0.01592646368302803 0.9998448022841838  738339.4063883156
0.7509315878470048 0.19503910084198825 0.40674261409107176 -0.00765539719580229 -0.007668057576183854 -0.0169165405252328 0.9997981928586593  738339.4063895642
0.7483571705885224 0.22309032805719695 0.4151393357385882 -0.007612906255589925 -0.005381198793864162 -0.017677295691514036 0.9998002798433893  738339.4063906359
0.7456776976521792 0.24903122172188602 0.42360391619485005 -0.004304350891716038 -0.011802254289456733 -0.017983977390118727 0.9997593490007082  738339.4063917237
0.7414312652736628 0.28053146491412795 0.4361025935838153 0.003958918622938776 -0.011977149677509373 -0.017569875544869933 0.9997660597971294  738339.4063929786
0.7364976515627648 0.30465674542003013 0.448551004765496 0.013621336661585165 -0.015133656951215175 -0.016235612182115756 0.9996608607482373  738339.4063940588
0.7286625065333443 0.3295903936691787 0.46534389905958257 0.0267782858286671 -0.02122979362852222 -0.014301356327563587 0.9993136096730398  738339.4063953412
0.7207091626132387 0.34484125287924683 0.47946820007244173 0.03365193496965782 -0.021339844290524625 -0.014401848344353986 0.9991019693118017  738339.4063964059
0.708050535056889 0.35592578148496684 0.4953804808290126 0.036915583203669416 -0.01924187717151936 -0.013727823717381767 0.999038806421269  738339.4063976696
0.6946728569745526 0.35851100517361034 0.5074273192016029 0.03718265366802077 -0.019500556239073475 -0.0124846637589427 0.9990401952591281  738339.4063987458
0.6794953897924282 0.35437001969550913 0.5168832748002152 0.03226186002194704 -0.016978185640741595 -0.010894533055760063 0.9992758491776782  738339.4063999825
0.6632101192060977 0.3445668839791981 0.5245768586689159 0.025322167097936617 -0.011021954983158538 -0.009819549457305628 0.999570348104759  738339.4064010556
0.6482448347377349 0.33215446663913323 0.5306249526642343 0.018007376680990266 -0.009606843933597203 -0.00896435974519078 0.9997515107210707  738339.406402131
0.6300914427348623 0.31470350910549 0.5376100517878009 0.005402486644356243 -0.003013352474558691 -0.008120654610882686 0.999947892549213  738339.4064034157
0.6162128447814921 0.29993097364052834 0.5432900874522215 0.0036017683825635945 -0.003506500013160097 -0.005431812711576506 0.9999726131914026  738339.4064044884
0.6000669491752174 0.2822431200650072 0.5504172768245275 -0.0024128162578120485 -0.0013350124728961057 -0.002470324069849366 0.9999931467557132  738339.4064057627
0.5863620098640132 0.2671255884884906 0.5568838928129887 -0.0011885611394305462 -0.00368629692951852 -0.0014467853423858392 0.9999914526382405  738339.4064068384
0.5741938501334292 0.25367832912146093 0.562617909352154 0.008259145496941813 -0.009669783719945717 -0.0017108775860827483 0.9999176739593891  738339.406407945
0.5595649797499679 0.23703231558883348 0.5697109510058033 0.006049042458803154 -0.011585884459825056 -0.0027087930155195216 0.9999109154354774  738339.4064092166
0.5471404723853709 0.22274913960039175 0.5747973565513319 0.008067897671049906 -0.008333624811306001 -0.0033437191254939887 0.999927136979032  738339.4064102868
0.5316129750285573 0.204247774172815 0.5814030909885769 0.01061765018624836 -0.010577034641705734 -0.004239230747828463 0.9998787030262107  738339.4064115484
0.5170057831074991 0.1861754410708183 0.5888369667360062 0.011740157409133712 -0.007929288784646358 -0.004042413825993893 0.9998914710976576  738339.4064126335
0.5035325681848625 0.16881114524979188 0.5963965381650456 0.013161436977397344 -0.010190702182671619 -0.005404050423177389 0.9998468494748273  738339.4064137099
0.48537188900569833 0.14597470456606146 0.607395140799665 0.014196795670963151 -0.013087575064658493 -0.009145000802896286 0.9997717416150143  738339.4064149458
0.4696769808174008 0.1262281718293713 0.6159417862986988 0.013650421562583157 -0.012085721980716096 -0.014539546811960282 0.9997280644724702  738339.406416019
0.44892797074470986 0.10140997377587292 0.6241754087680182 0.007515450941146235 -0.006555199961160439 -0.02406604139309173 0.9996606289147765  738339.4064172677
0.43181737105704165 0.08146946414487728 0.6284891886057768 0.006716383458969252 -0.0015751172784899457 -0.029637396692190923 0.9995369097317521  738339.4064183736
0.41126840224867783 0.05732273743993054 0.62998416388593 0.015227979988981906 -0.0027208594915190663 -0.031155022792395022 0.9993948519498627  738339.4064196468
0.395996307746997 0.0366137593720533 0.6285140785736562 0.013330736929151397 0.0031090574797283995 -0.027245641975782633 0.9995350420109547  738339.4064207121
0.37807549668315044 0.00989859142305129 0.623363833417283 0.01945102284536806 -0.0018128707149213015 -0.017403370591968698 0.9996576883624106  738339.4064219804
0.36334816085385163 -0.016200884579986998 0.6181906262423655 0.010140058769874302 -0.00017951996373991857 -0.006451994813975075 0.9999277567622806  738339.4064230542
0.35041507320851784 -0.04060702401340206 0.6138637383056122 0.013630517592992308 -0.0018264197397702862 0.0007886663147418596 0.9999051210922592  738339.4064241587
0.3349492098291495 -0.0709883460174556 0.6087951097313936 0.007147718606755088 -0.003943953378885976 0.007110843170063139 0.9999413939126006  738339.4064254202
0.3220345216176968 -0.09621406742557717 0.604553928668003 0.002489692742519455 -0.0036921668439364457 0.011130662052749318 0.9999281362659579  738339.4064264903
0.3056781130820939 -0.12634766969088915 0.5988012956716973 0.004281813543569536 -0.007037745445170903 0.013592390425358493 0.9998736835892581  738339.4064277381
0.2922338952893365 -0.1499404277904981 0.5940654711232939 -0.002814158409041204 -0.004766244815679108 0.014673438296268545 0.9998770192535538  738339.4064288149
0.27546773152032444 -0.1779656348246427 0.5886181827356485 0.009012421070079513 -0.004377215183318386 0.013753680667954018 0.9998552157796541  738339.406430078
0.2606907377895021 -0.20316092471616157 0.5846726239253336 0.002082876966756745 -0.002249609099610001 0.010588329451082195 0.9999392422351848  738339.406431145
0.24770130292045886 -0.22569033673366123 0.5808836447385822 0.00847921049279465 -0.0002916352133022654 0.00824318648566043 0.9999300314596437  738339.4064322149
0.23352144670736377 -0.25293154366082676 0.575906864150046 0.006333096666571982 -0.001052860564989446 0.00829593450518042 0.9999449789073038  738339.406433469
0.22363805684063068 -0.27481017105139927 0.5712385780718138 0.005603426758245995 0.0023092203595983024 0.010500232175062404 0.9999265044162824  738339.4064345306
0.21249577865704122 -0.3010184163195121 0.564812436692684 0.00599299823952393 -0.0008916155115518924 0.015458384861795101 0.9998621541649355  738339.4064357916
0.20468908478388234 -0.3219288927705247 0.5589722824785227 0.0028905746993392965 0.0019513096393277093 0.02065505686804495 0.9997805787243403  738339.406436874
0.19612514276678628 -0.3474304161308479 0.5504553465875963 0.01129831128692548 -0.00579649338767174 0.026077387428018527 0.9995792708391864  738339.4064381515
0.18988482563437523 -0.36849976316674815 0.5419723203826174 0.0076612165895080745 -0.0044679601402802275 0.029037598183343113 0.9995389742197631  738339.4064392209
0.1821754785691515 -0.39442229353639713 0.5304536097582636 0.009266359203847096 -0.011320798445226949 0.03155505285682505 0.999394943327647  738339.4064404753
0.17491964369354884 -0.4157625616346113 0.5211929433221231 0.008602941748142164 -0.014890420803540423 0.03258969685108041 0.9993208575931588  738339.4064415455
0.16427096049102705 -0.44229437583708564 0.5109062074610554 0.011088596736272894 -0.013563005283814666 0.029763347151502237 0.9994034375948637  738339.4064428017
0.1527321945190324 -0.4675857070073445 0.5027533293895965 0.014015115351945984 -0.0076142979310708115 0.02527541084536867 0.9995532765267124  738339.4064438725
0.14063899380888437 -0.49454994568286487 0.4950636576854249 0.015862407104694377 -0.004750924758105322 0.016903409087312547 0.999720004559284  738339.4064451084
0.13008178943874504 -0.5222486597556056 0.48756056953714655 -0.0010127824555917883 0.006617566500510027 0.009587093594527177 0.9999316325238036  738339.4064461895
0.12231770365028113 -0.5457112113283866 0.4814740497636666 -0.017805845872283333 0.011535370887069074 0.004718556121770011 0.9997637832505216  738339.4064472669
0.11731350770425554 -0.5688487805071885 0.4765051456069806 -0.03962756148782162 0.015213282087698744 0.003601623626978958 0.9990922083200823  738339.4064485227
0.11640454743804934 -0.5805805042672415 0.4735205136374146 -0.04925285641361347 0.013840313629467506 0.003542145844243292 0.9986841618132112  738339.4064495891
0.11957167226138088 -0.5839470192819907 0.4710505202918645 -0.05483963438415326 0.011888284152754228 0.007254101308219203 0.9983980474814271  738339.4064508451
0.12427722039777245 -0.5780984436298853 0.46919975813365467 -0.046806611815310026 0.004792729077131246 0.009911384492499526 0.9988432986689183  738339.4064519244
0.13202022125731908 -0.5616162136402115 0.4658303245588959 -0.033548733460399056 0.003653471717128718 0.012585728749827085 0.9993511565308018  738339.4064531806
0.1395368218933919 -0.5428134377940892 0.461954370340462 -0.023162471073857764 0.003520725009621963 0.0152690016060408 0.9996089045317244  738339.4064542699
0.14917054034820654 -0.5173484392683174 0.45607708209864384 0.002119067063178926 0.002909650882496924 0.016238241478253774 0.9998616719327817  738339.4064555101
0.1573418866301166 -0.49699280939666046 0.4499347142853135 0.010059020451382142 0.0006047879315998308 0.017142890856087955 0.9998022662667918  738339.4064565914
0.16797270613216803 -0.474708521323575 0.4396402527167343 0.017434609395736867 -0.0019591197495577705 0.02128142333484337 0.9996195762718276  738339.4064578442
0.1762689174304282 -0.4575121428366129 0.42863035013066475 0.017165962653283788 -0.009071652541779957 0.02525729395611616 0.9994924231570551  738339.4064589326
0.1825969151841912 -0.4440038850911273 0.4186737808111227 0.005920481731493327 -0.008006385054553963 0.025836483605374355 0.9996165874020572  738339.4064600435
0.18876719553363683 -0.42774648404366616 0.40490540648843587 -0.009472476146652595 -0.0028900409678016582 0.022398750975570772 0.9997000629256707  738339.4064612696
0.19335519685254798 -0.41312923090260006 0.3924070446024164 -0.016088279780693986 0.0008892468980022741 0.017434115990870542 0.9997181743337816  738339.4064623462
0.19908494748458486 -0.3925606112635771 0.37690543496145984 -0.015768486211700558 0.00018565071665473706 0.008995066738073043 0.9998351909943861  738339.4064636035
0.2044356929455259 -0.3731984505392094 0.3636544362261232 -0.018860813011778138 0.0075890268991033365 0.0020345844318287658 0.9997912466457431  738339.4064646838
0.2125078635002973 -0.3472561879504648 0.3462483637983162 -0.01073251666854121 0.005952969925705217 -0.002784362592130214 0.9999208081443144  738339.4064659423
0.22113486424555184 -0.3223572152579332 0.32998941136854004 -0.002144169690136229 0.005281333398120624 -0.004196471913992618 0.9999749495249133  738339.406467034
0.2302846952239628 -0.30012433541075056 0.3156201463070069 -0.00010342409926802208 0.004147026573926057 -0.0027406424331440126 0.9999876401001687  738339.4064681199
0.2423805126162208 -0.27338333412762367 0.2960571029814223 0.0008898416545483504 0.004337027461881479 -0.0003224142925031837 0.9999901471632852  738339.4064693742
0.25282525455133426 -0.252483607167151 0.27867029601199883 0.006005952127587213 0.0023922997761193273 0.0033046796086081067 0.9999736419193792  738339.4064704595
0.2652373915430727 -0.22877068644776555 0.25807976016532264 0.0052359331920347404 -0.005146559520772977 0.008332204769661884 0.9999383342448595  738339.4064717107
0.27541047926376383 -0.21022311883585976 0.24049051511982109 -0.0014090325754831194 -0.0016504666774751241 0.011388572854831339 0.9999327932392647  738339.4064727969
0.28672936525361475 -0.18813333115743364 0.2174108514152805 0.000996605744632539 -0.006413290400650206 0.010931111994947038 0.9999191903717923  738339.4064740505
0.2969759338101501 -0.16797869976245616 0.19632203072610915 -0.00644678201119444 -0.0011313669931353378 0.010946253042378418 0.9999186659697674  738339.4064751267
0.30682080649783844 -0.14741583663478455 0.17512756020507333 -0.0018820773568939914 -0.005590324504963081 0.011136499130153271 0.99992058906889  738339.4064763745
0.3164716516299974 -0.12627304974067688 0.15443199487434645 -0.001538892582857135 -0.005166450759348744 0.011977579627469313 0.9999137348703824  738339.4064774581
0.3248393375829395 -0.10748591643540824 0.13523964667896546 0.0020060973241058486 -0.005856452657978683 0.012377109462363674 0.9999042377633709  738339.4064785589
0.33417283292172745 -0.08485295546622139 0.11051444970722032 0.0037045777243731987 -0.0054950286117560745 0.012215885049923408 0.9999034217947688  738339.406479811
0.34124040925253774 -0.06584827396502863 0.0874232061316897 0.013296002003945233 -0.00950429927077574 0.011236630295488206 0.999803292035831  738339.4064809086
0.346455235148487 -0.050797958315630214 0.06708913511668155 0.0168584544652593 -0.013187324934918754 0.00876389439995654 0.9997325047876807  738339.4064820057
0.3514669622271284 -0.03606829937349283 0.044318756351038165 0.022850721531917736 -0.009112517203080088 0.00747960582364548 0.9996693763702164  738339.4064832696
0.35530980052549294 -0.027381030428920036 0.030636517366742184 0.018970214221612713 -0.00637658971875224 0.009251493704077136 0.9997569104238231  738339.4064843488
