-0.2541827189460185 -0.004376989118806654 0.03556469702197312 -0.0030502170671980844 -0.02725419193827632 0.7341788179019942 0.6784020699715363  738338.7212685522
-0.25406750916035914 -0.004413441245511295 0.035356825731016374 0.0008014901620719341 -0.026541339879741006 0.7360208927847376 0.6764378465722227  738338.7212696277
-0.2542778424494795 -0.004499523730413026 0.03603240206284474 -0.007515674301758389 -0.021056098909351142 0.7341713173295604 0.6785960743690518  738338.7212708801
-0.25408629293964174 -0.004581905559678033 0.03574833088594598 -0.002176560789025691 -0.02494344267766979 0.7360115065714432 0.6765058384411416  738338.7212719754
-0.2542158770833412 -0.004484393623678594 0.035863698205205796 -0.005260781906890336 -0.02203893937243821 0.7344592218509282 0.6782744730293152  738338.7212732901
-0.25408557639412294 -0.0045383910828385955 0.03556213793022292 0.0006267587806988662 -0.027642127522059728 0.7356533465535063 0.6767936714125745  738338.7212743192
-0.25409753197193574 -0.004304485856959525 0.03522601764820919 -0.009436037038455903 -0.02322236728257131 0.7328222062397654 0.67995830526929  738338.7212754011
-0.25394146337576085 -0.004564400237664629 0.03567473721848144 -0.0026924677278704705 -0.02685712352239825 0.7366311231291992 0.6757558982140308  738338.721276778
-0.2542180401971084 -0.004419239929350279 0.03589215234565071 -0.007338395526727398 -0.023390711286893816 0.7341480943359296 0.678546680899339  738338.7212778663
-0.25250159401283456 -0.006539728509928952 0.038879034311150265 -0.006078713811160167 -0.018665115108263096 0.7347371449451684 0.6780678362481294  738338.7212790878
-0.2540714582239555 -0.004420942693608961 0.03615129042827412 -0.0073264992985669864 -0.023782477368270116 0.735138218292798 0.6774603428862433  738338.7212801343
-0.2541451105115903 -0.004631355217410354 0.036904880072926305 -0.008050733208857708 -0.01457825803304721 0.73616072400151 0.6766018389903284  738338.721281196
-0.254674543038912 -0.0016476200565031373 0.03994088964528263 -0.025274275805402535 0.01969379939955587 0.7335038750798576 0.6789296211615421  738338.7212825578
-0.2535591887346835 0.004833720357619885 0.04292088375784641 -0.04141719377871197 0.07272582731194224 0.7109523553573213 0.6982423064475306  738338.7212835965
-0.25625333293550356 0.016668257615257982 0.04892316727091482 -0.048678495212796866 0.14686135092535585 0.6647384953697187 0.7308795252856656  738338.7212848805
-0.2527221667806744 0.02485906449087837 0.05221951013303532 -0.037746334614638305 0.18374023803701667 0.6014527855886913 0.7765753574875165  738338.7212859105
-0.2457984163838451 0.043837333910381165 0.056167387999743607 -0.015250945000055785 -0.0017373193474821546 0.542699108922774 0.8397869179574764  738338.7212871372
-0.23095658189642668 0.06783270813378173 0.06768512379079025 0.07453786670097128 0.0038950312244051843 0.49711089864667296 0.864470756940989  738338.7212882256
-0.1645026371522339 0.031400526001491354 0.15026522400563966 0.07460662866926669 -0.0037375310501043366 0.4470349518614786 0.8913919640845217  738338.721289384
-0.17560674311551996 0.06915935524458738 0.11601156003525569 0.1131209452571653 -0.00980109547312273 0.37670466423592996 0.9193482399039808  738338.7212906668
-0.1429298253653535 0.04354296411759623 0.14493878582618935 0.08174104435490398 -0.019678419644612487 0.3132750684718025 0.9459333448726965  738338.7212917093
-0.10576320269592046 0.0010615067064186487 0.17786174042123776 0.030928393323134254 -0.046391660716430694 0.23372157851041658 0.9707035963882179  738338.7212929036
-0.07999407655596137 -0.04280541676875805 0.2149611840646047 0.013361580999139772 -0.05681083473150121 0.17417410663581 0.9829839153251344  738338.721293989
-0.06062670613203667 -0.09510868352481819 0.26612343343165323 -0.030275804352488177 -0.06886015887746079 0.1063433295911509 0.9914800807084572  738338.7212952557
-0.05662911697226305 -0.1334461061574753 0.3145387066328259 -0.0738341184107444 -0.077075258470321 0.054451688034559804 0.9927955183019455  738338.7212963323
-0.06482712258913716 -0.1575927456393809 0.3602279298682164 -0.08142681573507973 -0.05953205827848639 0.026619318298483092 0.9945436237841437  738338.7212974965
-0.08222957487880304 -0.16659152750251333 0.4027385437874443 -0.09606956278844611 -0.03823631228436404 0.007981502476020712 0.9946079223225375  738338.7212987693
-0.09929194807951484 -0.1600061727587019 0.4299641403601214 -0.08558490503657946 -0.0143120376145242 0.0016786462224725224 0.9962266668565242  738338.7212998044
-0.11687218325829075 -0.14158098505511293 0.4523425608006898 -0.04205134582879954 0.018246984185356106 0.004594195932645502 0.9989382489652995  738338.7213010148
-0.12983691520854893 -0.1164833224524052 0.47036390137966 -0.019362500203433122 0.03339187945853021 0.006901823826038011 0.9992309246615486  738338.7213021215
-0.13565204526558047 -0.09276646574240147 0.48398330103406956 -0.010393423018979577 0.033563270506877886 0.009989662907036966 0.9993326224365111  738338.7213031902
-0.13480303863078713 -0.06721326977120373 0.4973147945915022 0.022020540248557027 0.027105824562874616 0.01309973261122578 0.9993041414341496  738338.7213045508
-0.12911527865899763 -0.05736174845464803 0.505274886937985 0.04070575311204449 0.0157726883230397 0.016249606592908136 0.9989145179905142  738338.7213055906
-0.12002923537832814 -0.058844997082444325 0.5112460331095359 0.05154684596924539 0.0031866578807798925 0.018455850578710395 0.9984949421312008  738338.7213067914
-0.11040826217242139 -0.07443902499941475 0.5137949228430176 0.053380832589309535 -0.010578678561922001 0.021319161507307036 0.9982905747449392  738338.7213079005
-0.10061911492874522 -0.10801420211820936 0.5139514006071708 0.044420771698269045 -0.012280497071857398 0.025695963555790822 0.9986068805542739  738338.7213091861
-0.09255941906522668 -0.15025232880835068 0.5132638567034804 0.026392716673617693 -0.002864995237083039 0.026694136196565025 0.999291068408798  738338.7213103382
-0.08470997624151573 -0.19453986888516847 0.5127473785258378 0.009349635902993259 0.010260931760653449 0.026000410087102317 0.9995655437554795  738338.7213114301
-0.07406373884982907 -0.2468875795028958 0.5141415453145867 -0.004813197937971537 0.01025863658099234 0.02192461295697481 0.9996954060351563  738338.7213125717
-0.059375270913591585 -0.29979391240871617 0.5158083307734525 -0.016772344392505655 0.02826057230678944 0.019375080440510905 0.9992720524333679  738338.721313688
-0.03797997001290988 -0.3550840986712619 0.5200448838415602 -0.01863578689600171 0.034792231910084286 0.016722056309220856 0.9990808680373542  738338.7213149632
-0.013038822018614109 -0.39783125808918013 0.521014855312947 -0.004531865598707835 0.039660957907873454 0.016629325346817072 0.9990645305236969  738338.7213160024
0.021042198481026782 -0.44624842898982436 0.5267995470679637 -0.0096156423921086 0.02959245451690198 0.02035655116421612 0.9993084793404642  738338.721317277
0.05474261471239921 -0.48292080030218837 0.5297982608781401 -0.031019908218407707 0.011415110816493523 0.023593219591974628 0.9991750700094822  738338.7213183139
0.0931562562828818 -0.5200424132872392 0.5341640826510973 -0.022600421255900203 0.0121061902379518 0.019575047571284195 0.9994796039087344  738338.7213195444
0.13249746883235697 -0.5528720754614339 0.5369003226025559 -0.027785668816384834 0.0021862415108466365 0.02101208556325785 0.9993906489540338  738338.7213206794
0.16666039835312568 -0.5786446393562167 0.5394281166768258 -0.02905099169612328 -0.010543800489254254 0.020605272700633167 0.9993099073308775  738338.7213217523
0.20708727801996965 -0.6078032107446271 0.5431981994790076 -0.023601222891792242 -0.021653437515496244 0.018504429173172146 0.9993156143194949  738338.7213230748
0.23218061190103179 -0.6258760387204391 0.5467362434350882 -0.014333141398786236 -0.03047973017300451 0.016807994043127134 0.999291268070761  738338.721324104
0.25388150653394226 -0.6433610186709204 0.5491960955546156 -0.0315461233918866 -0.02885564221880903 0.013658186801393406 0.9989923162589301  738338.721325348
0.2672594279113784 -0.658056987594082 0.5509288086712469 -0.039473675375477184 -0.024232710416204777 0.020964792829451833 0.9987067047736558  738338.7213264299
0.2764833276973839 -0.671082987392828 0.5518107659692508 -0.0292185745518413 -0.014378967163119233 0.01933007297280271 0.9992826769655054  738338.7213275753
0.2802076863781134 -0.6835234934433734 0.5529030962792971 -0.00634177254665682 0.0004674204651542761 0.030072863887389313 0.999527481511482  738338.7213288484
0.28107484436459584 -0.6957587851519612 0.5537154571302361 -0.006686232930345214 -0.006822931579665082 0.04005328181421761 0.999151878599931  738338.7213300763
0.28159894745597386 -0.707801746057763 0.5538446186686644 -0.0010600661017343355 -0.010558331477935081 0.03684658738094087 0.9992645930356188  738338.7213311266
0.2852920523349209 -0.7217040276933505 0.5520070901159683 -0.006981865142295374 0.005241510537979893 0.03953986450591454 0.99917985330033  738338.7213323797
0.2880532876324446 -0.7337066027824793 0.5516727094180588 -0.012194306364890528 0.0035632424426101043 0.03852972549519925 0.9991766923066405  738338.7213333732
0.29539632345089123 -0.7448837282009778 0.5495894503701757 -0.026024215030423233 0.005782537956615359 0.03922864522738222 0.9988745746491172  738338.7213346744
0.3028905948695959 -0.750006624693343 0.5472600081285179 -0.025452315867380292 0.006511180515905448 0.04003327388805319 0.998852902647372  738338.721335644
0.31457247423361157 -0.7523769998262954 0.5460336572933605 -0.03202461266672429 0.0026459639566277127 0.03825668272663373 0.9987511448228934  738338.721336926
0.3271213256642763 -0.7490662611316067 0.5459794713353732 -0.024588419934753386 0.0027222552551025166 0.03411695877464613 0.9991116214194525  738338.7213381043
0.3372825412680084 -0.7427880186599612 0.5443252932045578 -0.022803505684074982 0.0006474021052509977 0.027970922908154467 0.9993483919388156  738338.7213391055
0.3511626832396303 -0.7313462955967701 0.5419431342332157 -0.015915262426106892 -0.007405548946970979 0.020040686631531048 0.9996450535795388  738338.7213404174
0.36274539202619044 -0.7191110532140589 0.5421437952998782 -0.005552987189495639 -0.009405961462513851 0.01322936919349995 0.9998528271765706  738338.721341581
0.3762715924685286 -0.710546263045591 0.5379250502821039 0.005893408326385451 -0.011522262107823382 0.00815683487780086 0.9998829787825141  738338.7213426102
0.38481509704593647 -0.7008525189610333 0.5377153038992087 0.01627641926486913 -0.008925352609102925 -0.0016235405687314282 0.999826375113569  738338.72134387
0.3914663265944634 -0.6957582682765495 0.5366560379907227 0.02158928094818769 -0.008916295814010596 -0.005466469169505115 0.9997122187569362  738338.7213449593
0.39615053278570544 -0.6938760398423072 0.5359226237768578 0.012059022227069414 -0.012976949659354616 -0.006193731214442552 0.9998238927201675  738338.7213460285
0.4008347037765153 -0.6937027265175911 0.5360113468138075 0.0016626511887003574 -0.013395599131478501 -0.008168660979545304 0.9998755254994167  738338.7213473305
0.4037735380482177 -0.6935756176804353 0.5364084603421838 -0.0035888753991206667 -0.0113951402599935 -0.007006178377221935 0.9999040875085826  738338.7213484207
0.40588124720249696 -0.6920629661053385 0.5371999442478754 -0.006231679938821918 -0.008747247017051235 -0.004492709961735956 0.9999322313996897  738338.7213495738
0.40730796571950145 -0.6887180192984436 0.5385306584442898 -0.0073221880708156965 -0.00981697201620013 0.0005099281519349161 0.9999248734757871  738338.7213508127
0.40862593243921846 -0.6837201544843778 0.5395941537120248 -0.010395881279198906 -0.00012936322802341955 0.007418259793431849 0.9999184358432548  738338.721351868
0.4110407031665009 -0.6755522195986254 0.5392247477343524 -0.00642326575848742 -0.001787401923656957 0.014755416201012202 0.9998689036789243  738338.7213530372
0.4140328011862962 -0.6661920314049202 0.5377688299440215 -0.006561311901792 -0.0023625254769453472 0.0174760880100474 0.9998229613323367  738338.7213542889
0.418201481545021 -0.6564721204637484 0.5357943489901295 -0.0019155777488002556 -0.0005111379805877087 0.015481928987750224 0.9998781821675435  738338.7213553393
0.4240421115898812 -0.6433646294689472 0.5327056413979956 -0.0035511529645600374 -0.004702358749370735 0.012793769992977537 0.999900793371113  738338.721356599
0.4298000418376599 -0.6299219450034431 0.5286586604449337 0.002695256468922954 -0.011356087384867436 0.010271938936272842 0.9998791237656498  738338.7213577976
0.43380962883955665 -0.6197218579565287 0.5255220991275915 0.00722421863691587 -0.008682954076029238 0.008212746971088768 0.9999024791252338  738338.7213588285
0.43731264426733946 -0.6100376154843209 0.5224027306974143 0.00640939633505596 -0.008738650083230302 0.006212898769575221 0.9999219747171386  738338.7213600724
0.4397494232985184 -0.6031097874623156 0.5204998340724769 0.007706928007474798 -0.006188699799986818 0.0034386084113228197 0.9999452381144014  738338.7213611404
0.44174075904111043 -0.5967081563136755 0.518905585363324 0.003792480737923121 -0.006417502837594076 -0.0021797164293725405 0.9999698403369321  738338.7213623583
0.44291430904351486 -0.5913843544326298 0.5186606116632677 -0.008057362421529756 -0.010907309933624936 -0.0092757275638674 0.999865026080511  738338.721363579
0.44289587624219606 -0.586699057234277 0.5197233972437586 -0.004897684722432525 -0.012415501322215682 -0.015728844180791582 0.999787213096874  738338.7213647327
0.44231549276855187 -0.5806728887125728 0.5207543227181785 -0.00954128399346909 -0.011233063396476301 -0.01973071198058333 0.9996966945985297  738338.7213659143
0.4409240914989961 -0.5729743791901345 0.5215526253914337 -0.002552830986320106 -0.010340226366531723 -0.023918446030514528 0.9996571765921203  738338.7213670627
0.43833783493526546 -0.562380930700449 0.5226626878305874 -0.007523297201237232 -0.006050777379663254 -0.022742900018880977 0.9996947276999388  738338.7213683331
0.43584922429830797 -0.5547638992085923 0.5237285743513986 -0.009981036649425876 -0.004347619699510315 -0.021582201726711783 0.999707800149113  738338.7213692062
0.43189803967519674 -0.5418978600790031 0.5244236114164635 -0.012013759770752808 -0.007556141325797385 -0.015254499003701447 0.9997829137190639  738338.7213704397
0.428498266015799 -0.5285955133976437 0.5245590886241253 -0.003073347798037959 -0.0029453219340214733 -0.005613077893248175 0.9999751861764279  738338.7213717302
0.4247058304325331 -0.5173522188699791 0.5239500622138028 -0.007640764741877733 -0.005308222617479606 0.0024637502522113857 0.9999536846381923  738338.7213728392
0.4218683499404643 -0.5086740218133079 0.5227283332578884 -0.00555217942791571 -0.0033585564625009767 0.00866004889679558 0.9999414467633561  738338.7213739703
0.4133038787704902 -0.5014439494977211 0.5252380751898037 0.005489045292201024 -0.004478158011651823 0.016089797441246095 0.9998454555084514  738338.7213750357
0.4131089044692945 -0.49577181314917945 0.521791972805789 0.0017188654964601813 0.002112837671768823 0.022236544852953323 0.9997490272520302  738338.7213762447
0.4143006519358847 -0.4926515352686156 0.5187861795088597 -0.0037563724104483975 0.00513666315212383 0.022587656833216587 0.9997246131394188  738338.721377471
0.41555087694871634 -0.49252144091490757 0.517987848641445 0.0015281653895017388 -0.0004053485311398267 0.016062854698163542 0.9998697340664214  738338.7213785313
0.4229512301365637 -0.49182189802349935 0.5152264870549881 -0.01733154567682694 0.00731624001340325 0.012929175422433797 0.9997394293411731  738338.7213797842
0.4247128320858099 -0.49315242009028887 0.5178355924595442 -0.01257888808842157 -0.009902952163760775 0.01245398711980324 0.9997942794983982  738338.7213808289
0.4316739051213511 -0.49096889146517103 0.5167359134473865 -0.017283284411718634 -0.020710726674732612 0.009502731898887912 0.99959094231941  738338.7213822176
0.43193595983051036 -0.48878512654689904 0.5164906450655183 -0.028698003985862152 -0.011237816067267602 0.012135068696844815 0.9994512875398123  738338.7213832593
0.42954619288274687 -0.4854528776229561 0.5177995286793179 -0.025591039738953682 -0.017105911437725933 0.012896853721186975 0.9994429236545018  738338.7213842546
0.42694169385780145 -0.4750250233706932 0.5151255887292467 -0.02784243384612783 -0.00580798039313246 0.012537360766646521 0.9995168236834656  738338.7213855704
0.42569691638931056 -0.4635373521180402 0.5112733466358664 -0.027488810948889348 -0.00010625942600686708 0.009820710743174673 0.9995738630146597  738338.7213866105
0.42143485552763255 -0.4478364665019351 0.5088400253025155 -0.016484733185315997 0.0006415018922644923 0.0007358763275940473 0.9998636409696883  738338.7213879981
0.4236576671804107 -0.43370089099594916 0.5045652394382981 -0.008226746694026076 0.011551541217633033 -0.008582277446230961 0.9998626040852642  738338.7213890384
0.4206595254934215 -0.4239654962310673 0.5068590188514219 -0.004482938903257917 0.0007292707705848739 -0.014659010812342282 0.999882235478227  738338.7213900537
0.42177815360064685 -0.4101390790007257 0.5082162515555174 -0.00029000165062660307 -0.0007291287553738212 -0.022591834098615357 0.9997444640018576  738338.7213913242
0.4219661808085708 -0.400041275641158 0.5125250865527713 0.0006477285545245574 -0.004263810031850937 -0.029980560997242823 0.9995411779081553  738338.7213924966
0.4245155780536387 -0.3892911698598044 0.5140307720822194 -0.011939487923542633 -0.00695493478201439 -0.034111254123653914 0.9993225204369274  738338.7213935794
0.42537088160562625 -0.3800684890514098 0.5198906427525198 -0.010468944859618278 -0.0009595605460103965 -0.03150823887781799 0.9994482034202189  738338.7213948293
0.4260006263520285 -0.37343713825448727 0.5243167058243097 -0.009765472202815213 -0.0038019282462258075 -0.029928464990480238 0.999497107488351  738338.7213958611
0.4300366640653898 -0.36201397003150193 0.5269466969648713 -0.0124349944031864 0.0032725002062256054 -0.02475638622365525 0.9996108157666854  738338.7213971401
0.4398892811856488 -0.3521430744623585 0.5246225416145721 -0.012977698586776075 0.005968336865231965 -0.022773954803309304 0.999638587328976  738338.7213981816
0.44539678037154945 -0.3405323739202934 0.526976901936098 -0.01944198960285524 0.0036117593227864256 -0.021310200118853494 0.9995773304781232  738338.7213993415
0.4518395479746112 -0.3287795425384219 0.5277255033922601 -0.014703315918479896 -0.00274432556035083 -0.018530067695766084 0.9997164186755215  738338.7214006191
0.4574502675660278 -0.31947120790711697 0.5274285335663584 -0.015306904682180742 -0.010380263477185275 -0.014631175845197858 0.9997219000765072  738338.721401659
0.4612765446740878 -0.30880151207409035 0.5283222905035863 -0.016129734812504206 -0.017661663509693167 -0.016518360130077934 0.999577431255609  738338.7214029249
0.4627509409432256 -0.3011087861069407 0.5284824691389449 0.001294303439195947 -0.023238415623628703 -0.003489649023619517 0.9997230232257347  738338.7214040998
0.4643707426220997 -0.2971085544827121 0.5261736132401702 0.0030517100983493404 -0.015337301821099771 0.002699587858585938 0.9998740753033444  738338.7214051253
0.46466706839436367 -0.2956808315434287 0.5242320157169965 -0.0045980875295291036 0.0006558401022263775 0.008220286910441115 0.9999554261805579  738338.7214063822
0.46692369486987656 -0.29515756078917044 0.520460227066013 -0.013995638755578107 0.006357040954667499 0.008941389344967398 0.9998418683385417  738338.7214075121
0.47026978858292 -0.2950683815837822 0.517755745012013 -0.019734168484808298 -0.0018464365685351978 0.0006930291157756448 0.9998033171463557  738338.7214086918
0.4700554127230893 -0.2973037850087812 0.5188033317926031 -0.013972964058858802 -0.007469924393740652 -0.006659519436265685 0.9998522927442032  738338.7214097788
0.4770544762062405 -0.2935203521202752 0.5120118328245096 -0.025164249114584408 -0.009500663278557052 -0.008860117159903853 0.9995989177103382  738338.7214110271
0.4762172486074901 -0.2927811202225594 0.5130577883152017 -0.016395972232410103 -0.017191120124322796 -0.015307330202784707 0.9996005817952929  738338.72141219
0.47687158901905696 -0.2886900072952463 0.5106412988301127 -0.015195856937672983 -0.019810470315237153 -0.014030358610992348 0.9995898059879692  738338.7214132326
0.47596833310760883 -0.28233684278026827 0.5077590457324332 -0.017813689738969237 -0.021045922160184496 -0.012457537918139626 0.999542170879913  738338.7214144445
0.4762625128858218 -0.2720945876338658 0.5015789205688426 -0.017521893558371252 -0.020829564541630468 -0.009992369464131685 0.9995795441282437  738338.721415538
0.4662378223425422 -0.26459757314926 0.5052705640852598 -0.020987761418101377 -0.012548317644609636 -0.009104017538500455 0.9996595272689625  738338.7214168097
0.4654878891667524 -0.25168702218861505 0.5004346796503326 -0.024342195873557963 -0.010263820768799328 -0.0069509456234629 0.9996268282905472  738338.7214178692
0.4561654340760208 -0.24212621991127758 0.50534644976276 -0.0154816929222143 -0.004817311498478605 -0.003996407632955813 0.9998605599883517  738338.7214190195
0.45642743889968745 -0.22550810010040254 0.5027269300943763 -0.015690502410135903 -0.0009227236538775625 -0.0030662479739420826 0.9998717691976999  738338.7214202965
0.4541038759646676 -0.21598361379768594 0.5044062584632859 -0.02190607806507509 -0.00019903019422476035 -0.002530365587882674 0.9997568111199745  738338.7214212887
0.45310350130352617 -0.20397185005271315 0.5065734489476645 -0.009768390079371712 0.0008872834882366302 0.0007095094440236501 0.999951642770598  738338.7214225603
0.45212081495747236 -0.19550984562499046 0.5094919921189234 -0.0015675197015920805 -0.0034800925738802117 0.004111542120354365 0.9999842634057073  738338.7214237857
0.44932218756574893 -0.19290862842353482 0.5139649171783914 0.0016567676755905776 -0.017095577965334976 -0.0023061347109034377 0.9998498277629474  738338.7214249552
0.45079778985099567 -0.19045558112901442 0.511916714286362 -0.011709889454422986 -0.015426398476782646 -0.0030083274950668632 0.9998079088928449  738338.7214260626
0.4484774708691723 -0.19242282252305648 0.5128362440834692 -0.009172276358784839 -0.007525611024081382 0.0005944643308893941 0.9999294380791435  738338.7214270586
0.4445549976496885 -0.19662339834667847 0.5127268027611922 -0.011811546348064719 -0.012930344507973875 -0.004041546890944105 0.9998384666847445  738338.7214283608
0.43910341212291104 -0.2011901159835896 0.5108897256558229 -0.010500566153224018 -0.018863932490988927 -0.011217945249786159 0.9997039801190201  738338.7214295286
0.4337628732225479 -0.20522188290305937 0.5102290777532603 -0.008108884445842318 -0.02095142251973006 -0.013334178910832243 0.9996586835316431  738338.7214305917
0.42593971682173765 -0.20912306674123182 0.509729133002441 -0.01809716237659852 -0.013675758220625037 -0.01722685126002781 0.9995942686643772  738338.7214317836
0.4155992186814595 -0.21396985035271374 0.5150620523167974 -0.02142583755825615 -0.005471955784519173 -0.016146703599028724 0.9996250672865825  738338.7214329288
0.41489063488143035 -0.21154039067938132 0.5095343857501772 -0.01998321155846178 -0.00035431253715799714 -0.013360592432667961 0.9997109783773929  738338.721434066
0.4142268143917679 -0.20734665482481418 0.5068308446605766 -0.01896131132501379 -0.00348194263308038 -0.0174054106432183 0.9996626413088952  738338.7214353099
0.4127711186403285 -0.1997378115026397 0.5064150814207504 -0.025605830687318146 0.0016585443736378048 -0.022578617923185145 0.9994157276519376  738338.7214364136
0.4128310629073616 -0.18951468228837975 0.5068218918145814 -0.028556268179646273 -0.008361901574412639 -0.024601120781873247 0.9992544235608806  738338.7214375408
0.4127442140545549 -0.1714415928251006 0.5077461077759979 -0.024567460668717282 -0.016411547857295795 -0.026501378186674855 0.9992120785536099  738338.7214388234
0.41164996600418 -0.15724274531105384 0.5085320378328673 -0.021246392824272407 -0.02050515138592129 -0.028609419928420046 0.9991544578542181  738338.7214398353
0.40738939238989935 -0.1340321541693552 0.5092862385407702 -0.014559178143150308 -0.022892860477790575 -0.030430304970602853 0.9991686263140654  738338.7214411257
0.4024075727904769 -0.11663969770816851 0.5095474665394504 -0.004969903210897399 -0.020509114407078508 -0.03181970377039276 0.9992708255224287  738338.7214421694
0.3960381898551086 -0.10021415120605202 0.5091683233641936 0.0007087444134586362 -0.011422944592962716 -0.03229896450828915 0.9994127230078046  738338.7214432514
0.3873362865123431 -0.08101852247138439 0.5084955380978303 0.003260220251099581 -0.006746455673968546 -0.034418017682174534 0.9993794356292224  738338.7214445912
0.38143991709915703 -0.0672857923428289 0.5074981698636023 0.001194714577438545 -0.0010816769197479522 -0.03435127365097745 0.9994085213918658  738338.7214457578
0.37734234203294253 -0.054978413063519777 0.5069108393398267 -0.0017695543170188179 0.0006957161995453982 -0.034015971952843886 0.99941948065294  738338.7214469231
0.37542384005985197 -0.04547584624927551 0.506228169713261 -0.00832876560049301 -0.001533574116491394 -0.032118186316334535 0.9994481987185482  738338.7214479441
0.37504708139001924 -0.03354535668939998 0.5058493915777483 -0.01785392029213386 -0.004297542978507956 -0.029772194809965107 0.9993880052665969  738338.7214490625
0.375516181568543 -0.017614548915136984 0.5049986263776277 -0.016166604792802835 -0.00948548184173574 -0.02782077434082395 0.9994371771346013  738338.721450385
0.3760126975675178 -0.006326384788508608 0.5038263677020213 -0.009573374725252546 -0.010993036289192086 -0.02696986639955813 0.9995299545065693  738338.7214514016
0.3761539721939299 0.010689976016142374 0.5009405365440538 -0.0033735547445760045 -0.01732557299998947 -0.025737122688621678 0.9995129034506349  738338.7214527632
0.37475285812410125 0.02254349119616449 0.4984526308290317 -0.0008616606148614979 -0.01650645773073082 -0.024737576080189425 0.9995573253815137  738338.7214537454
0.37218125290767506 0.03427545855594577 0.495938194160972 0.0010817952901641353 -0.017475308295783153 -0.022771534447790186 0.9995873651351395  738338.721454901
0.3681153332889592 0.0445402345990196 0.49553085552856113 -0.0009104856230508895 -0.01555550538719374 -0.021545395538110242 0.9996464340951683  738338.7214560895
0.36337842793537495 0.0536873300622601 0.4970669459531076 -0.007889751503451399 -0.012151366474821505 -0.020175508662109178 0.9996914748882445  738338.7214572141
0.3584852732563328 0.06283225716878334 0.4989144861172848 -0.012970566193274137 -0.009596377581564635 -0.018124978430532845 0.9997055361989503  738338.7214584529
0.35398972115429966 0.07202051683612629 0.5006569966453301 -0.00837317466565271 -0.0033260394201412025 -0.01824610187535514 0.9997929321485266  738338.721459609
0.3508396290766391 0.08144330886872299 0.5024667559444079 -0.007094509144815883 -0.002311684381361557 -0.017237696954390303 0.9998235773670392  738338.7214607503
0.34910558267421105 0.0897491783795985 0.5041313950387849 -0.009168858374637677 -0.006111761964851845 -0.017137888272247503 0.9997924140477157  738338.7214618276
0.3477910731900284 0.10096230020489277 0.505536831626139 -0.008407954356004402 -0.009463548802028517 -0.016050404674703322 0.9997910441974349  738338.7214631223
0.3473189112477002 0.10934732088959002 0.5060039982369096 -0.008599010322638346 -0.012273975967640282 -0.015271586335888614 0.9997710663878019  738338.7214641802
0.34592271135315716 0.11873589549301931 0.505864696728059 -0.008279907647244586 -0.015245100334426854 -0.015797024146502973 0.9997247041427261  738338.7214654086
0.3437435018241129 0.12797516158271638 0.5057642256738356 -0.008653376026019226 -0.01734696307724951 -0.01701856736261138 0.999667229792131  738338.7214665652
0.34058229662273093 0.1365353687087354 0.5053538619459131 -0.007175819979892053 -0.015863182333657615 -0.017619790766993885 0.9996931579375707  738338.7214676127
0.3353908397691108 0.14786721180819995 0.5047848945192182 -0.009577273997298527 -0.015755138672743148 -0.01699904846586507 0.9996854924322142  738338.7214690066
0.33120105804635985 0.15528875918505033 0.5031470253541552 -0.006572007457913436 -0.01196597389930015 -0.01778617891915343 0.9997486064136676  738338.721469933
0.326049785865442 0.16393346279357263 0.5009687217718091 -0.00846631441408821 -0.011227021940138016 -0.01774394137709156 0.9997436811718311  738338.7214710646
0.3206694552312234 0.1724952471920529 0.49797653698121236 0.00026617014212398086 -0.005286190253397641 -0.018045757120688757 0.9998231523604569  738338.7214723377
0.31760181431808787 0.1779471231634479 0.49687081704904024 -0.0021623770987102093 -0.003224668888348079 -0.01755040800392853 0.999838441356772  738338.7214733998
0.31456321545121757 0.18338370710169716 0.49668031358967785 -0.002301834672749093 -0.006354033025122037 -0.019492504361841 0.9997871623976569  738338.7214747026
0.31412044982732107 0.18543726468294539 0.49720296296347033 0.003461954782878228 -0.0007793199660898869 -0.01848353970317689 0.9998228674567875  738338.7214757226
0.314567491870761 0.1860133494947421 0.49790110837525664 0.004409944519298765 -0.002797493089254598 -0.018043563610942493 0.9998235625518985  738338.7214769934
0.3157542092902098 0.18500925169200003 0.4983053432971656 -0.0007837743336599082 -0.004890013097216288 -0.019234147008762324 0.9998027410737321  738338.7214781969
0.31676484855869136 0.1832816888803069 0.49779292586742924 -0.001876072973165296 -0.009002027554805428 -0.020475581059831213 0.9997480654796809  738338.7214792026
0.31747841871481686 0.18133266470895626 0.4962647409972459 -0.005429538499637877 -0.018486326393252674 -0.019713698841910827 0.9996200007633569  738338.7214804386
0.3161841645139837 0.18018329749329712 0.49621007862480176 -0.013400431731779766 -0.02242267453081412 -0.015915071394446485 0.999532071821008  738338.7214816168
0.31320302544913864 0.1803805198188712 0.49785548768837656 -0.01799387171232343 -0.020784244426505623 -0.01582297581390596 0.9994968079993114  738338.7214826187
0.30804565747522233 0.18302395276574532 0.5002444591762866 -0.01894304407471643 -0.01478955661335184 -0.011221318381609719 0.9996481941714007  738338.7214839985
0.30366013019546834 0.18652495629691854 0.5026081988967324 -0.01610830354356713 -0.007238622826851031 -0.008601159394903808 0.9998070538626853  738338.7214849849
0.2992961233313626 0.1912976194973208 0.5046312260904751 -0.011081099669415544 -0.003609542370885195 -0.0074955628908096456 0.9999039938768818  738338.7214862213
0.2966622279531151 0.19588399111604327 0.5059481589177416 -0.008204209306186953 0.0015841780223048542 -0.006382525429562191 0.9999447208215037  738338.721487388
0.2955643536903116 0.19921418021742068 0.50631501889565 -0.002774853115011248 0.0001977065488855831 -0.006745186039912761 0.9999733814295246  738338.7214885877
0.29589512019816844 0.20055909345856707 0.5059838408258808 0.000731328848227434 -0.001741131806150108 -0.007390893192732949 0.9999709037346852  738338.7214897862
0.29689776434030546 0.1995447816169893 0.5050260967846057 -4.863854630802096e-05 -0.006672977647018836 -0.007794900732468862 0.9999473528772328  738338.7214907999
0.2978067545902459 0.1961971212971668 0.5033509010454714 -0.00025829861291980656 -0.010476168369828376 -0.010095977559985168 0.9998941216024935  738338.7214918623
0.2983894181194833 0.18963819487016279 0.5015022149909976 0.002178928246172522 -0.013284142033622909 -0.012086645957351452 0.9998363350227027  738338.721493113
0.29757092686283465 0.18228712969214086 0.5002557061910002 -7.069026234009128e-05 -0.014509220940745242 -0.014954723039778704 0.9997828933170356  738338.7214942569
0.29601740248725616 0.17467459931164156 0.4991196996124421 -0.008413522421845706 -0.01708115985006104 -0.01510445164954893 0.9997046074511211  738338.7214954767
0.29297934239066115 0.16834497466871115 0.4986404796573797 -0.01612369834689925 -0.011605014237947407 -0.01627873742357882 0.9996701219422582  738338.7214965937
0.2900912140806482 0.1645301470001029 0.4969322201305097 -0.018278482033391805 -0.00732598713129857 -0.016098186074977355 0.999676485375245  738338.7214977467
0.28734335433861746 0.16381503935544492 0.49558414953829916 -0.021240993947532632 -0.004968930863945826 -0.015852453399235703 0.9996363486905703  738338.7214989995
0.2860684842626918 0.16621960536748195 0.4960085266312892 -0.022549824024138153 -0.005168856216126267 -0.013651090722250469 0.9996391529366936  738338.7215000598
0.2856728692772427 0.17078989451614562 0.4967806537022641 -0.016036401658416813 -0.002013641990634966 -0.013872313220162344 0.9997731432648634  738338.7215011644
0.28708412553026796 0.17920740534902013 0.4992298403697628 -0.009729380832173846 -0.0008043860520065811 -0.011347585603381243 0.999887955929401  738338.721502491
0.28921609125343434 0.18570764910129103 0.5012806479561082 -0.004305132828382122 0.00025816056213908323 -0.007401511561202201 0.9999633077323705  738338.7215035072
0.29276461469345777 0.19175927447386767 0.5029780084283513 -0.0027443690363982793 -0.0040367887078444 -0.0036453520860998873 0.9999814419196432  738338.7215046635
0.29641826893453443 0.19558224422019965 0.5038650808164931 0.001152428414303292 -0.007061688000847308 -0.0020817495966819802 0.9999722350095254  738338.7215058397
0.2994524008232268 0.19668031011861092 0.5046197158516671 -0.0006727347517242494 -0.009241230032596314 0.0003336253897498588 0.9999570169709985  738338.7215069839
0.3015686002570508 0.19546542408418188 0.5044859810799919 -0.0009348222578731471 -0.012898041674693283 0.0010755991543018625 0.9999158013126722  738338.7215080585
0.30252207421548655 0.19105527673419365 0.5034352711361547 -0.004678057929314051 -0.013076870682893725 0.0016252052259381191 0.9999022301880952  738338.721509406
0.3019160580661211 0.1852227290231492 0.5016519341279418 -0.005535138720819801 -0.012995962873690089 0.001238346348178656 0.9998994617893585  738338.7215106861
0.2999857091657225 0.1804910090847933 0.5008824945005811 -0.007585777289810083 -0.01144268172755579 -0.0003458737434121464 0.9999056962479737  738338.7215116847
0.29700019250513177 0.17525156473548692 0.500920080306646 -0.012508160256047911 -0.010201573339219604 0.0003893970557345786 0.9998696526039514  738338.7215127891
0.29381620590216356 0.17187177471627035 0.5010182428165674 -0.01553908971488829 -0.006184775554044593 0.0008842750648396541 0.9998597418137148  738338.7215138908
0.2900776191740527 0.17037005737954558 0.5009802831307533 -0.028027628066598063 -0.00629396387229151 0.003926414571331521 0.9995796223174764  738338.7215151682
0.2869972471410157 0.17177680046250152 0.49958997603004596 -0.0183907308951264 -0.0032606910419878017 0.0036780209986117312 0.999818794118517  738338.7215163121
0.28518519338560394 0.17515546659812337 0.4989507390390046 -0.018689414452143893 -0.0023510713521075308 0.004341387854980596 0.9998131478443489  738338.7215173745
0.28382692624571415 0.18059615848859747 0.4987262984487308 -0.012080722128892437 -0.0021373658766712426 0.004070629147139577 0.9999164554093009  738338.7215186482
0.28337055968193575 0.18594678924703145 0.498745654773237 -0.010215152774368554 -0.0024857287642055317 0.005063956247600105 0.9999319117587105  738338.7215197313
0.28345489977961597 0.18997082617395414 0.4987535814586928 -0.005056578853510493 -0.0035261999490254752 0.005552013512562651 0.9999655854429061  738338.7215208347
0.28410687735641443 0.1929662312903399 0.49917629122916973 -0.0006275464631963689 -0.00722695031464022 0.006697804605674337 0.9999512572060952  738338.7215221423
0.2843313343703943 0.19284291738761905 0.49962217307094975 -0.0005576443764793182 -0.008500812089022015 0.00684354542185821 0.999940293773901  738338.7215233016
0.2839791789346063 0.19065283146295975 0.500244999954843 -0.0012674843696660197 -0.008778284319816356 0.007263151080130481 0.9999342887630969  738338.7215243418
0.2829950711280727 0.185707189786492 0.500377631725164 -0.0067104663711527405 -0.010665169669625043 0.006096647323797728 0.9999020225444136  738338.7215256146
0.2811473969571622 0.17987984316766606 0.5003816283147784 -0.008228728597940306 -0.0108479714299536 0.004971940306244653 0.9998949391566634  738338.7215267777
0.27904853500524096 0.17512409232415774 0.4997762882308923 -0.013604759532188284 -0.0137055945123292 0.003877814759467767 0.9998059960561481  738338.7215277859
0.27455660505846435 0.16820462123933444 0.4979878212093655 -0.014888003833788981 -0.013978903675271244 0.0029189568222122166 0.9997871859975765  738338.7215291668
0.2698055635343913 0.16387881987327327 0.49617500209941207 -0.01140942654793753 -0.012734375904111351 0.00245964740380604 0.9998507942642387  738338.7215301782
0.26400832884319914 0.15969119604234516 0.49446015612826066 -0.00838953219679537 -0.010611100393367445 0.0005114288156350779 0.9999083751717092  738338.7215312849
0.25687892130370144 0.15611335001167034 0.49331442307595263 -0.012618754642408808 -0.007768534794548018 -0.0013694812367104582 0.9998892645786147  738338.7215325594
0.25120515806981036 0.15431437655512095 0.4926331768049857 -0.01249415654234716 -0.0030465815927068797 -0.0021981308952658206 0.9999148876846777  738338.7215335962
0.24664666464772753 0.15383405399076686 0.4922190056915903 -0.017360867630807932 -0.001962233428075238 -0.0030180768110166017 0.9998428082090915  738338.7215347259
0.24224046631413002 0.1551041233494628 0.4917933201388731 -0.015155966972575475 0.0005031891596963918 -0.004152534557274866 0.9998763923218442  738338.7215360196
0.24000641498144423 0.15780655618341058 0.49189289398983066 -0.01492446905843225 0.0003782313303594501 -0.005613996648646836 0.9998727920120708  738338.7215370751
0.2390947106280217 0.1613826942117511 0.49165998976987535 -0.009170006170739762 -6.377009823095277e-05 -0.008458485345912049 0.9999221774447531  738338.7215382005
0.2401923615122242 0.16695467520332893 0.4926859771869629 -0.009777493382432648 -0.0036374509660022426 -0.009692392029875726 0.9998986084150561  738338.7215396143
0.24150592484434408 0.16995088419820148 0.4928087928567567 -0.004655808268828055 -0.002322465018219131 -0.010417017518500755 0.9999322053777557  738338.721540527
0.2440069963206074 0.17379652502516887 0.4930731713179685 -0.008558480481385964 -0.0068717236727168125 -0.010596046180282807 0.9998836210434497  738338.7215417845
0.24632616526027692 0.17638844053342942 0.4920509300316792 -0.005191668938625359 -0.006855698998721943 -0.00991551825414621 0.9999138605213063  738338.7215428827
0.24853014086234207 0.17759072480271898 0.490501107511568 -0.004630124750026448 -0.006470585091734217 -0.0098994270820393 0.999919344155726  738338.7215440192
0.25008245405129886 0.17742766920300834 0.4894832411173412 -0.0017616492410837267 -0.008191718550988276 -0.00985276637235263 0.9999163541686598  738338.7215451003
0.2519439330973271 0.17555712324753206 0.4892603406439632 0.0012818648545284575 -0.008374162883665857 -0.008984117112771717 0.99992375502245  738338.721546439
0.2530106318845443 0.1731202183103287 0.49028546306472115 -0.0013598884811650894 -0.011875674826868531 -0.010648386398980374 0.9998718572486294  738338.7215474823
0.2535944934790525 0.17046427903551767 0.4913319544678604 -0.01599125783216989 -0.011377912889549103 -0.010765155839733294 0.9997494357042515  738338.7215487616
0.25327196041021044 0.16899320740353374 0.49269442543455444 -0.01702748391670911 -0.012714569683616143 -0.012700207666009863 0.9996935076484528  738338.721549913
0.25242527510294316 0.16908832109308208 0.49412618100706235 -0.023754852427435337 -0.015601114825156021 -0.012702558818328647 0.9995153611635141  738338.7215509434
0.2493980024861695 0.17184292499014822 0.49599677467331665 -0.020928856390273705 -0.018552581517945838 -0.012277094526561012 0.9995334199711389  738338.7215521937
0.24459879189924816 0.1765773063083047 0.4980720404811639 -0.015951082567049368 -0.01988839951484223 -0.010048977783743763 0.9996244457670986  738338.7215532733
0.23743939063260652 0.18290172049444334 0.4999383673665562 -0.012250772528732112 -0.02227397591603729 -0.008119105806427529 0.9996438709311658  738338.7215545282
0.2292764011179675 0.18940249345202625 0.501329250856508 -0.008441563444487123 -0.01942504404099739 -0.005883218414894235 0.9997583685129626  738338.7215555727
0.2167784952906977 0.19772283893993783 0.5029085278146452 -0.008422300667178563 -0.01827042800707519 -0.0030854834745201814 0.9997928465955528  738338.7215567454
0.20154956742545524 0.20646581147277263 0.5039189741065316 -0.005355149221676604 -0.021033939304511213 -0.00010654793114335222 0.9997644144605699  738338.7215580231
0.1873683408751121 0.2137331727903014 0.5042885296064864 -0.006343953501560367 -0.020347740459631024 0.0032285197451356685 0.9997676231867147  738338.7215590596
0.16963490500960768 0.22174151450890436 0.5044727469666964 -0.010928390563119473 -0.020262441689301573 0.006812598447660667 0.9997117545767273  738338.7215602554
0.1467752405676407 0.23056456307509032 0.5055466663033674 -0.018568086192326996 -0.01985397484960573 0.009076678729970849 0.9995892455209082  738338.7215613724
0.12188225079645944 0.2388625239409843 0.5052134069511343 -0.02323957428358359 -0.011971517891062442 0.009012924363960994 0.9996176129605316  738338.7215626531
0.10089154168132806 0.2438206726538256 0.5035081049696967 -0.018284895636660824 -0.015459248693084874 0.011613258365755462 0.9996458405112943  738338.7215636846
0.07886486340032958 0.24568120649980657 0.5031104975662933 -0.00770672394794702 -0.011943175059265818 0.013871917045862745 0.9998027489925033  738338.7215647729
0.050801777449516895 0.24291315706493527 0.5027876681849439 0.004895809581459021 -0.019608901208129297 0.019732244227386387 0.9996010006896265  738338.7215660122
0.027643363247901676 0.23496990630573003 0.502541067776792 0.007289292982636639 -0.01679346147178728 0.021638668844041843 0.9995982262240499  738338.7215670844
-0.0016488374707680862 0.21886495904241374 0.5028829505249477 0.0034952687253003664 -0.013551752728461349 0.022297113495057988 0.9996534258553377  738338.7215683605
-0.027784817107667455 0.20007957295065204 0.5021157322272541 -0.007511991379827336 -0.005357677520840975 0.021053907059465776 0.9997357642270399  738338.7215694804
-0.056103800853406334 0.1782581412748192 0.49819486238296956 -0.015698194012362186 -0.013053807152577715 0.016053868087742087 0.9996626621730927  738338.7215707435
-0.0801619319128449 0.16241384458921274 0.4976738259254722 -0.032349686590099624 -0.01295665820186075 0.012040684107901245 0.9993200912180122  738338.7215717942
-0.10394875489144881 0.15049719078796514 0.49523329785781145 -0.03394365811532978 -0.01623957877559998 0.012658772331679958 0.999211619046734  738338.7215728734
-0.13405304455542819 0.14303709644591783 0.4934719486606107 -0.039494745630277994 -0.015252109953281313 0.013229201947772192 0.9990157788670797  738338.7215741288
-0.16180574730459268 0.14378536758116314 0.4920167028755389 -0.03799949033740671 -0.016478331845300228 0.017432349824769315 0.9989897979925924  738338.7215752597
-0.19360517890250256 0.1520003341340341 0.49218392120990934 -0.03341184045181526 -0.011194890439346721 0.01985682452235999 0.999181680109059  738338.7215765386
-0.2198096424614956 0.16253914981379336 0.4922645382648012 -0.007579266425693182 -0.012405456455684446 0.021031676943807465 0.9996731105393932  738338.7215775695
-0.2484456395906538 0.1760132084649808 0.49287720045134564 -0.005341525598626142 -0.009802992812671354 0.018091989475535662 0.9997739991383108  738338.721578813
-0.2765750941787462 0.18902298269339807 0.49466673831815566 -0.005168232167169166 -0.008567327810311843 0.010296743320656105 0.9998969283618414  738338.7215799182
-0.302494298426322 0.2003889659031166 0.493279749695363 0.00531728629943858 -0.00427544128182231 0.0027821162665130983 0.9999728530801899  738338.7215810505
-0.3308364550859284 0.21116324164849448 0.4962756009981081 0.013895196119048474 -0.00564227308923456 -0.0008247160911247507 0.9998871976991048  738338.7215823215
-0.35294053677556797 0.21775293680590949 0.49853884989042674 -0.0005729496176786799 0.005338630054387935 -0.004089715483509389 0.9999772222331577  738338.7215834778
-0.3697586392534422 0.22329585310530284 0.5001105624763986 -0.00312167840052632 0.006989370957310609 -0.0042726649359633335 0.9999615733376607  738338.7215846005
-0.38659413622692795 0.2302539682817878 0.5022438435430971 -0.012051983643017154 0.006559565853770539 -0.0036349193712769128 0.9998992494982897  738338.7215857992
-0.39681181349091765 0.2363665844766176 0.5034173976428916 -0.014425518262197207 0.0024743601951999652 -0.0036478858428871724 0.9998862309749889  738338.721586764
-0.4094952913536693 0.2480405474932959 0.5043934356196094 -0.014588279345210644 -0.004815546254702345 -0.003670504490086487 0.9998752522273983  738338.7215881087
-0.41893382939792867 0.2599320791273332 0.5046934745099138 -0.011307132835785341 -0.004329709011158037 -0.0059203892885387075 0.9999091715538891  738338.7215892727
-0.4276217747264354 0.27446031468028237 0.5050938233779161 -0.007788353691907542 -0.0062945657611366045 -0.004915869874926704 0.9999377751700459  738338.7215905471
-0.43195934672419223 0.28392760974082176 0.503789300171417 0.007647349083894744 -0.011438623921178833 -0.0011903254815124433 0.9999046249818164  738338.7215914546
-0.4401245790269712 0.29772517653665337 0.5061587192441789 -0.001097395399093221 -0.005654093510447719 -0.0030454328779464554 0.9999787759190187  738338.721592627
-0.4460745470116305 0.3129082736546991 0.5061954963569892 -0.007030878909153569 -0.006932900159519252 -0.005444376455069596 0.9999364281803911  738338.7215938992
-0.44892952435690253 0.3226496153095205 0.5047074014888169 0.007444367182652256 -0.004428415508939947 0.0004996897333202862 0.9999623597133547  738338.7215949367
-0.45443256813412036 0.33297077217563087 0.5082241339528347 0.010737779087043582 -0.0031752907324985847 0.00042894944566472434 0.9999372148447196  738338.7215962047
-0.4558953604459101 0.33991524565013403 0.5078114030364075 -0.006569033929974659 -0.012640256462226898 -0.000701102249270264 0.9998982849097363  738338.7215973701
-0.4583135768484789 0.34347724477388114 0.5090009102662424 0.01901977982569306 -0.005447075911868137 0.001355352588556028 0.9998033508439313  738338.7215985338
-0.4595286491424698 0.341889253083019 0.5099326223523338 0.014204782507321306 -0.0015425109488184823 0.002429085735857354 0.9998949666621891  738338.7215997986
-0.45925812005986405 0.3373960648937856 0.5084591854841908 -0.008188017842064532 -0.019153223394297054 -0.001917336632353734 0.999781193170618  738338.7216007195
-0.4604410843512747 0.32731273850681364 0.5084902766161665 0.016739961332518503 -0.007719994356645507 -0.0025536015976286817 0.999826812253302  738338.7216019921
-0.4609421521038702 0.31061656980880764 0.5064346792135643 0.01771956290590967 -0.0035730748978328336 -0.004977033898808751 0.9998242242313237  738338.7216031756
-0.461790584761184 0.2947876218812061 0.5047717566024932 0.020149854424390108 -0.005686930833487075 -0.0071198290167583346 0.999755445206048  738338.7216041902
-0.4645915297986307 0.2664302827177759 0.5033941522237663 0.01534190240288514 -0.01265805847680149 -0.013147656855349646 0.9997157289477205  738338.7216054932
-0.46799652065758834 0.2426280686711568 0.5031452496407159 0.004380253019020173 -0.01434299266268311 -0.017406858797765705 0.9997360117609859  738338.7216065202
-0.47331987101560696 0.2129887082946897 0.4999763347683627 -0.008134864095986951 -0.018945540821304358 -0.021888519456405617 0.9995477893453293  738338.7216077885
-0.48073316166723173 0.1931866138016498 0.5005498282429603 -0.02633838164800734 -0.02414647625034773 -0.028178780234119283 0.9989640602551088  738338.7216088248
-0.49138837706479693 0.17119340793184626 0.4996402570886052 -0.021270265946675287 -0.014992780163882764 -0.03151382343194625 0.9991644865897783  738338.721609893
-0.5009760270388178 0.14894868196884734 0.49561159652624925 -0.0063839153013193935 -0.005959478744292876 -0.03299665797214889 0.9994173056342335  738338.7216111595
-0.509481715937552 0.13272225382730446 0.49570946945849154 -0.009552020601745335 0.0036123288980298273 -0.037265207127241275 0.9992532283260936  738338.721612224
-0.5164050174535019 0.11317996593592676 0.49465582357944543 0.0019723319854030906 0.012217912410954926 -0.03791999301267743 0.9992041366271339  738338.7216134667
-0.5194231671235707 0.09624401195859482 0.4943394136394039 0.007668413946779162 0.009817135314225515 -0.03778129253303068 0.9992083832796324  738338.721614534
-0.5210528595138592 0.07369613542274922 0.4982584579166251 0.005348613523461706 0.010104101434481665 -0.03896453098778773 0.9991751922423215  738338.7216157977
-0.5204000860722385 0.050853324581768146 0.4983411722116889 0.009798869068549135 0.0052674806718986346 -0.03472376876941787 0.9993350267526885  738338.7216169281
-0.5173721649778262 0.020580895589140356 0.49851819940333125 -0.00403521264561563 -0.009754365456269764 -0.036727816407803954 0.9992695516803086  738338.7216181967
-0.5170393181675762 -0.005551517852138076 0.49807855762306585 -0.013619792003531226 -0.024475752999545058 -0.03318626990303731 0.9990566101431934  738338.7216192433
-0.5174508401449045 -0.03738402128401064 0.49644451610485285 -0.0013690915028466855 -0.006903852702841487 -0.02882665752094532 0.9995596461554881  738338.7216204867
-0.5212150917840281 -0.07560641545938361 0.49688055090077177 0.007709549515546981 -0.007361062775855536 -0.02040399658870704 0.9997349921475618  738338.7216216701
-0.5226894452886848 -0.10520636246264824 0.4931958322208827 -0.00013232456490135623 -0.00913440919115907 -0.019414310247355057 0.9997697883095675  738338.7216226561
-0.5255531783811433 -0.14728488140088494 0.4898889968957671 0.002028976389784145 -0.0035976682017797314 -0.012781884712884033 0.9999097776607179  738338.7216239226
-0.5293298936184492 -0.18502296596364518 0.49031582024724163 -0.004711238692547897 -0.006910160045925348 -0.006720310168072308 0.9999424440183378  738338.7216250374
-0.5336688190337929 -0.22738375082622347 0.49375232683681586 -0.03301821410317736 -0.0013789016381791693 -0.006499318148028521 0.9994326665820563  738338.7216264245
-0.5349554109930134 -0.2520128976609048 0.4941427752576137 -0.02801765285296769 0.0035396711337473564 -6.276329267806872e-05 0.999601159421919  738338.7216273514
-0.5376394257885637 -0.2757839569710607 0.49908311962221596 -0.03377485190227766 -0.010699158726026005 0.001512068188319881 0.9993710527283289  738338.7216284266
-0.5369333726069111 -0.30334784571202267 0.5019597659431467 -0.01895261948498816 0.006660300441966259 -0.00011095609327529722 0.9997981927876373  738338.7216297775
-0.5352846393679085 -0.3209031678109473 0.5047699777442624 -0.014687191636761304 0.010017664442474592 -0.002869809161548105 0.9998378353494728  738338.7216308356
-0.5314452212816368 -0.33797174384880885 0.5066733235536584 -0.023703537438093003 0.003781514591305963 -0.005318902584238103 0.9996977301842873  738338.7216319792
-0.5254581758377297 -0.35247423757317564 0.5075338210722365 -0.015141945007857692 0.0005031675702259305 -0.0025371276372554616 0.9998820086925895  738338.7216331683
-0.5188925415534797 -0.3642517313742794 0.5079529469378136 -0.010218400879139479 -0.0030918159659059424 -0.0018662637241240562 0.9999412692839607  738338.7216342976
-0.5119938205224146 -0.3757528820442694 0.5096317599192742 -0.016436808586961074 -0.00645582839554139 -0.004091830948785563 0.9998356917627463  738338.7216355654
-0.5056502253038051 -0.38542374209222463 0.5058477394506761 -0.0007954828558593607 -0.012360116027677838 0.0019438386866983326 0.9999214050263994  738338.7216366064
-0.503299673064821 -0.39665057100134254 0.5054833806857726 0.002881970133531068 -0.01582255769290463 0.008158112842240264 0.9998373798328694  738338.7216378741
-0.5016824846030704 -0.4098720791034564 0.5008450114195846 -0.0025422036715714567 -0.013983581783850245 0.013294882555292252 0.9998106034338842  738338.721638926
-0.5001817167468642 -0.42537745201882965 0.4933746152676178 0.0023721188835125325 -0.014599841742580017 0.018662621133678132 0.9997164219144922  738338.7216400855
-0.5024359448606249 -0.44372169896491875 0.48949485288184325 -0.002057981398845485 -0.005414560910941819 0.028128818952083294 0.9995875233250286  738338.7216413558
-0.5062503207617566 -0.45868072184792713 0.4886330332199237 -0.010462647698565686 -0.006063506288651642 0.030216727150086047 0.9994702178128974  738338.7216423987
-0.5083889841939427 -0.4755946474582149 0.4862665449602219 0.013445460944800936 0.007920294643226347 0.028480209225612636 0.999472543992686  738338.7216436359
-0.5119095412296525 -0.49010487820615256 0.48936228190182113 -0.01600484073548236 -0.0035381527742686966 0.021217140187487393 0.9996405151404391  738338.7216447131
-0.5121657861727839 -0.5016496891466349 0.49136117833886794 -0.020661140563439664 0.0037175308451488235 0.01979458885130985 0.9995836490695718  738338.7216458515
-0.5108627028977079 -0.5121966143235305 0.49173134517568307 -0.029871609279959018 -0.004782192633527175 0.010542605244086251 0.9994867037971584  738338.721647137
-0.5091606414517132 -0.5161234922038084 0.4917547165542545 -0.032919995939555476 -0.0036144381884593768 0.00643885646447314 0.9994307133720434  738338.721648161
-0.5058211658023318 -0.5194142706949736 0.4935139994004576 -0.010813708281799507 0.008622986486942407 0.007546636203525308 0.9998758703455414  738338.7216494166
-0.498055457190499 -0.5238585697976003 0.4921422779463496 -0.0011161131809725726 0.013486269935738112 0.000843541788615708 0.9999080774010372  738338.7216506142
-0.48985631019225345 -0.5294924609218621 0.49156627459226576 0.014019370908513865 0.011589107092557758 0.0018116419715713825 0.9998329199368731  738338.7216516556
-0.47544675698666106 -0.540958895409617 0.4898932423799283 0.001344386542385935 0.00026145300837784625 0.0026693950758517795 0.9999954992884109  738338.7216529276
-0.46296096248739943 -0.5530834507101279 0.489807515953814 -0.009211452981873293 -0.0030937624921811304 0.007410911329851672 0.999925325292277  738338.7216539613
-0.44568766121928854 -0.571836571016233 0.490454910118017 0.0036389753718724907 0.007566277422664781 0.016979773750447735 0.9998205821984212  738338.7216553618
-0.4337853547727145 -0.5839423484916203 0.4888111746633302 -0.005071368854138627 0.005901046214373546 0.017233160749617445 0.9998212225403594  738338.7216562757
-0.4189467193119612 -0.6005328764845511 0.4914116079703965 -0.0075050122573620285 0.0029302176623549813 0.014360270742352138 0.9998644264297408  738338.7216573654
-0.4006888454246825 -0.6196513517563932 0.4952069692121466 -0.01606140995885009 0.005767417853248443 0.00884200335146256 0.9998152764276872  738338.7216587743
-0.3840219896015095 -0.6313091352545377 0.4976537096202739 -0.022866391575689263 0.001577971416437531 0.006160948921498302 0.9997183007482172  738338.7216597372
-0.37344982718827907 -0.6410769109206474 0.5011898531963317 -0.02090696145616982 -0.0011548275883925265 0.0010302872134708419 0.9997802277721685  738338.7216610173
-0.35745548789487885 -0.6483034289700383 0.5018792770869913 -0.01715099905907892 -0.009593028182087888 -0.004490253642039201 0.9997968066881407  738338.7216621831
-0.3497941349410103 -0.650572920485495 0.5076192743697882 -0.017903607727437473 -0.0005301071021106035 0.00017595194969968354 0.9998395615586102  738338.7216632176
-0.33828786971486136 -0.6506344198682248 0.5092646996674042 -0.017714462150970754 -0.017796744121344035 0.004455164159438916 0.9996747597302303  738338.7216644587
-0.3285370837358883 -0.6476482251755504 0.5120370081454602 -0.012806195953047621 -0.0002850867263219045 0.007023711608178181 0.9998932880792909  738338.7216655443
-0.31793471450457633 -0.6414205004389412 0.5121666111359227 -0.013246114948393341 0.007148551696878755 0.006070282018798365 0.999868286487587  738338.721666814
-0.3079148268925507 -0.635647537025791 0.5116984151667776 -0.003258641467662554 0.010905773677148758 0.004042072242827799 0.9999270508433462  738338.7216678727
-0.2947670884336019 -0.6289248918555554 0.5103482441249376 0.0034674058943290047 0.008710330120832117 0.001699871469159169 0.9999546078110438  738338.7216690226
-0.27678328907821437 -0.6230339721374867 0.5086758613903034 -0.005862862828851929 0.0020568518021727047 -0.0021934130890234886 0.9999782923339561  738338.7216702854
-0.26038487112033437 -0.6195459318769746 0.5077660897085631 -0.0039062274406011246 -0.004305480518657332 -0.0030304676377091895 0.9999785100143815  738338.7216713384
-0.23948216525333477 -0.6166490130988305 0.5083947369163704 -0.00455910794713991 -0.005921626119517614 -0.004193719299519922 0.9999632801244573  738338.7216725979
-0.22156914034195294 -0.6159358577270295 0.5087420419945377 -0.0058088332512978656 -0.005789127754418553 0.0018483512122392596 0.9999646629025938  738338.7216737116
-0.20090331813483275 -0.6173662624109972 0.50869868958211 -0.008142966184119109 0.0053843981519751515 0.010340575384856561 0.9998988813169937  738338.7216748219
-0.17697028490581918 -0.6206017415511949 0.5086041681575488 -0.014974795098371352 0.004868299540148994 0.019544913519364496 0.9996849761434198  738338.7216760701
-0.1568266824170155 -0.6238060151288087 0.5077909306155334 -0.018664484399833033 -0.0018318675196195063 0.024574760830431405 0.9995220669968253  738338.7216771516
-0.1346428414436721 -0.6265924350009741 0.5053963225266481 -0.014550923478762115 -0.0055533225147672595 0.027679906804027366 0.9994954997368836  738338.7216782786
-0.10977160688558381 -0.6282563468397278 0.5027287437905245 -0.013028470842126006 -0.012281921768501106 0.02725915405719389 0.9994680344389582  738338.7216796668
-0.09536485859007074 -0.6280809976997767 0.5015802527449276 -0.011381615339199689 -0.01559721806040353 0.02517362502920313 0.999496610411429  738338.7216805851
-0.0802211480858921 -0.6261320747310706 0.5004069016500693 -0.017590695352921196 -0.02098467137450656 0.022601045818134914 0.999369503102947  738338.7216818467
-0.06833963714739383 -0.6225257027894552 0.5006507011604382 -0.022618612779159455 -0.021344289261316037 0.02295061612515452 0.9992527652658018  738338.7216829092
-0.059590052662991694 -0.6165619514506115 0.5000852865357822 -0.018518907351603338 -0.016422034000503856 0.02512124233296017 0.9993779515545846  738338.7216840744
-0.0538477073004121 -0.6064397493806941 0.5014217642348698 -0.014806966006046801 -0.02121145396776135 0.029130345859648743 0.9992408373001809  738338.7216853312
-0.05088685575324714 -0.594818102827563 0.5034200738745794 -0.02815976800741374 -0.010808823680380457 0.02994690770383583 0.9990962814040462  738338.7216863782
-0.04730446798602167 -0.5753012121165998 0.5047236351718168 -0.0366086185032785 -0.0030612784507745125 0.027401837679607754 0.9989492364065897  738338.7216876479
-0.044469066953320625 -0.5579572714922313 0.5058381959815242 -0.02306841424777553 0.0033474198467381123 0.024555279186842464 0.9994266763042294  738338.7216886827
-0.037757076863431015 -0.5306420659649769 0.5052979048367431 -0.032213906959649694 0.00885678856808273 0.015973066216768826 0.999314106099924  738338.7216898436
-0.03076014081042308 -0.5052288162158984 0.505663548207266 -0.017560539398178924 0.008959511131142678 0.006707359546839183 0.9997831594622133  738338.7216910423
-0.023780005095925025 -0.4840328939896579 0.5068682703989138 0.014143173049875819 0.0020369093240343544 -0.0029831280974327804 0.9998934556257688  738338.7216921388
-0.011560952181356141 -0.46301011899710004 0.5068237517814823 0.00520279705820658 -0.0025998467351933587 -0.007882640720405665 0.9999520166862996  738338.7216933739
-0.0029095855290007344 -0.451571744109248 0.5078981918461364 0.012359700859412555 -0.01649172003665835 -0.011177135874047284 0.999725128522111  738338.7216944607
0.0069318744740128 -0.44415969626721585 0.5077578190191577 0.015065496471937024 -0.018545253689919064 -0.007551817990160362 0.9996859879115412  738338.7216955588
0.01444301807765069 -0.44190988516005947 0.5048140804627789 -0.0036948189612967097 -0.028439127763782546 -0.010080171868087467 0.9995378704481328  738338.7216968624
0.02079943008024549 -0.44235115989734025 0.5008983539823301 -0.0057845940056881085 -0.01209947636887317 -0.005276581058116245 0.999896144025031  738338.7216979495
0.024987542193377222 -0.44262117960263103 0.4998739444117772 -0.03401650458692669 -0.015403493621888715 -0.007701496934664651 0.9992728840236251  738338.7216991794
0.02877060654386301 -0.4413409337779988 0.4980554478345956 -0.014674544843714733 -0.015797926273521997 -0.01432007921286709 0.9996649531670215  738338.721700296
0.034114609713463626 -0.4367230878838584 0.495217733979525 -0.020560587018594405 -0.004519218483204394 -0.024594054123442663 0.9994758483462844  738338.7217014234
0.03948806766116796 -0.42884591994314825 0.4951092587942285 -0.01984274083393741 -0.005591266450346075 -0.03308926856171616 0.9992397628606106  738338.7217026483
0.04495334399649264 -0.42002124455087464 0.4891186988607757 -0.0065823327456544425 -0.013581320462324197 -0.04316353197064148 0.9989540180298313  738338.721703725
0.049484065701937155 -0.4081927755929399 0.4865396470968807 -0.00586468595634753 -0.021375824079171265 -0.04541868313078497 0.9987220948923855  738338.7217048627
0.05357245893351408 -0.39352466585689827 0.4842448240392427 -0.00876375565944419 -0.02439057084818947 -0.04519892570686119 0.9986417544622229  738338.7217060701
0.056096872694561116 -0.3805314639796169 0.4835274775569827 -0.006120999443624556 -0.017209412401644312 -0.0440294404530278 0.9988632428235582  738338.7217071551
0.059340180279448776 -0.36224561072370415 0.48399448666232414 -0.0055553048891874455 -0.007637806283196862 -0.04273587913762658 0.9990417644608771  738338.7217084803
0.06105037695414647 -0.3480749579722762 0.4886408366271954 -0.002448345789035731 -0.016449110125053013 -0.039908527325349955 0.9990649337383998  738338.721709524
0.06258370212774998 -0.33215872085109394 0.4946593219754512 -0.009524270027722206 -0.010149068906769646 -0.03710841934865478 0.9992143162976646  738338.7217106953
0.06505498522112252 -0.31673084883656916 0.4983247664745876 -0.0037233313712785386 -0.014092427594945405 -0.03777433393961898 0.9991799837783977  738338.7217119413
0.06553898763216068 -0.30322758058923854 0.5035491329594877 -0.007961024377277779 -0.006875790887682178 -0.03376760264513578 0.999374351583096  738338.721712992
0.06449309774209469 -0.28523621895972784 0.5104009505781211 -0.004200170675469227 -0.016938297651879226 -0.030047537432688936 0.9993961167290898  738338.7217142708
0.06239624362145298 -0.2741546551657123 0.5127255772671636 -0.010647694023668155 -0.01662275946752443 -0.020905488391479023 0.9995865500469566  738338.7217153171
0.05876132190378421 -0.26160803326765664 0.5137535150862044 -0.020782360170610224 -0.025360763131749148 -0.017206287217611114 0.9993141992783349  738338.7217163955
0.05054111862193576 -0.24881898809703648 0.5148475462281191 -0.0039056748072437324 -0.01822722253832183 -0.010767035642448956 0.9997682656527526  738338.7217177382
0.044074544816727824 -0.24269794314837762 0.5148665464023338 -0.005998237635457175 -0.012231513021647917 -0.003072902333614041 0.9999024794977348  738338.7217187588
0.03448939993558679 -0.23779377167120402 0.514520726008684 0.005647697232187952 -0.0051237613713755814 0.008459453383906499 0.999935142013635  738338.7217200624
0.029397325991596255 -0.23776846544473165 0.5117285488791441 -0.004123040969769546 0.00038074082946683286 0.015615926804190355 0.9998694906834734  738338.7217211275
0.025106569425740875 -0.24195921877209672 0.5106746736239152 0.012674418098128271 -0.006763366887721021 0.02284607119773731 0.9996357701808414  738338.7217222545
0.023596511508337203 -0.2506467972047545 0.5083185446990812 -8.941847982050012e-05 -0.0002793447643802257 0.025305096814668346 0.9996797317371391  738338.721723444
0.025397860857112715 -0.2628332963419379 0.5052667728804388 -0.018283931667806685 0.006241245208351606 0.025156308670264717 0.9994968258254263  738338.7217245734
0.03063776107003511 -0.27920666261242655 0.50315432973731 -0.025419449672762977 0.0035992420914565436 0.017955685946615615 0.9995091247091682  738338.7217259643
0.03577079707190536 -0.29185201794402915 0.5028305311205271 -0.028875249750354222 -0.004729368849520783 0.00925687879478275 0.9995289706742465  738338.721726997
0.03991761265810599 -0.3036182117873257 0.5041612676400553 -0.020361731389587297 -0.009890192813025328 0.003848998097760963 0.9997363498415884  738338.7217280382
0.04448705274920192 -0.3157757041385459 0.5035707002719916 -0.011001620648957816 -0.03171507134008438 -0.005226729277214809 0.9994227333286213  738338.7217293059
0.043919179522840475 -0.32612970585304557 0.5045971377786216 -0.014708070036596783 -0.03330010405078397 -0.01588457781750039 0.9992109166405085  738338.7217304775
0.04186171691721094 -0.33071962626712786 0.5052561768920609 -0.028843939202974758 -0.035847985939890636 -0.023565003733088615 0.9986629259536813  738338.7217314589
0.03679212232827022 -0.33152880346362856 0.5039701549403987 -0.037061433684096284 -0.015968604558394574 -0.03277930771381588 0.9986475708614826  738338.7217327865
0.03189470065252116 -0.32651528994118223 0.5032665114363802 -0.0355572318896062 -0.0023993855240876595 -0.040529899692190265 0.9985425646613151  738338.7217338266
0.027793015216503257 -0.31540368074785907 0.502001090783132 -0.03224640415014435 -0.0007699668240547508 -0.04644215543230403 0.9984000714990345  738338.7217350038
0.02578875623596492 -0.30031996488492413 0.5011081747373906 -0.021219130670836573 0.003425918960256729 -0.04819482732975866 0.9986066644037113  738338.7217362138
0.025824129712682678 -0.2848982195038993 0.500789379241147 -0.009551573806912869 -0.00018773822949323066 -0.048411978448320285 0.9987817642182338  738338.7217372747
0.02774474651134033 -0.2684169865753881 0.5018489918400044 0.0004787253468264055 -0.002243394573013189 -0.046338308192040274 0.998923169816744  738338.7217383957
0.030539713041573626 -0.25204757683894563 0.5049960739704532 -0.009879841405919885 -0.005512548401086526 -0.039994855532233385 0.9991358326448289  738338.721739734