-0.3469662021816008 -0.18115606353650632 0.030612508550279843 0.004376000978114917 -0.008395417642320028 0.9717723248613307 0.9717723248613307  738318.7147160922
-0.34717990875198035 -0.18095375849799636 0.029861110339248074 0.000174367122531548 -0.011469387226997382 0.9712586259529455 0.9712586259529455  738318.714717319
-0.34714638245203533 -0.18080560725407943 0.029861967902096942 -0.0041239532472822455 -0.009969653090648685 0.9712227217556018 0.9712227217556018  738318.7147183854
-0.3470806512967449 -0.18089894709888538 0.029987143781371187 -0.0034099348995645738 -0.009301553318030193 0.971376230468286 0.971376230468286  738318.714719634
-0.3470103807675998 -0.1809748171079246 0.030126058758320688 -0.002714701376612895 -0.009271649357160848 0.9714897779732435 0.9714897779732435  738318.714720729
-0.34693802069370744 -0.18113918807600018 0.030520491333658264 0.0023241025581192255 -0.00847774533346446 0.9717504708048542 0.9717504708048542  738318.7147219593
-0.34690332777527966 -0.18116597136325577 0.03051654276134523 0.0025858030273770522 -0.008268467086131149 0.9717924054745212 0.9717924054745212  738318.7147230367
-0.3469008118858816 -0.18115152242994217 0.030522919695063693 0.0027962167564416916 -0.008447353653825528 0.971751448406604 0.971751448406604  738318.7147241312
-0.34690220417839934 -0.18116057328124324 0.030494929001280268 0.00217876972596847 -0.00849341963730367 0.9718114541862295 0.9718114541862295  738318.7147253976
-0.34695713792087235 -0.1811713717545907 0.030648408453198217 0.004902909346699982 -0.00842865575295493 0.9717831708982528 0.9717831708982528  738318.7147265142
-0.34703481267437575 -0.18116424948382334 0.030779855158994035 0.003178995741620748 -0.009064463012475007 0.9718343114285644 0.9718343114285644  738318.714727751
-0.34775660226314603 -0.18083618930556777 0.03108671527433219 -0.015397459013144063 -0.009273559140059472 0.971387486969049 0.971387486969049  738318.7147288262
-0.35303109925368403 -0.1776261436217288 0.03760067843521128 -0.07614898705500646 0.01582214212235567 0.9690001845275665 0.9690001845275665  738318.714729901
-0.36462226647332036 -0.16974308387035023 0.045829190529467906 -0.2033957249043372 0.038138159394198415 0.9592495791789466 0.9592495791789466  738318.7147311574
-0.3773266419492972 -0.15648062573469632 0.04809762004196338 -0.2761166895163644 0.027692382320496825 0.9598128961856617 0.9598128961856617  738318.7147322346
-0.4299802062278588 -0.13914617047477487 0.04924429237710813 -0.549180461489241 0.13002659167397523 0.8136458297369163 0.8136458297369163  738318.7147336268
-0.4671251687193192 -0.11931283654537868 0.042173623297239 0.8148649009812843 -0.14796162260501408 -0.538046338979334 -0.538046338979334  738318.7147345684
-0.5060420017859252 -0.10799719959381321 0.0045591897532203905 0.9438872559971212 -0.31672194002749265 -0.06456866756057464 -0.06456866756057464  738318.7147358942
-0.5077922304572858 -0.13406922685747352 0.022113084276022866 0.9326317260545152 -0.2552580195275457 -0.2544028756052563 -0.2544028756052563  738318.7147368923
-0.5254239556223835 -0.13563071989757614 -0.006831992449615384 0.9842283523307302 -0.17053993531568448 0.042198941641713505 0.042198941641713505  738318.7147382112
-0.529857505323362 -0.1354195245189613 -0.00532131916298317 0.9833789268892802 -0.15492410797733452 -0.0923810337888975 -0.0923810337888975  738318.7147392149
-0.5327048220601884 -0.1358655194395338 -0.007304190721134191 0.9855519622232372 -0.16253529178963042 0.047492251962267674 0.047492251962267674  738318.714740316
-0.5319869687667574 -0.13562647223705515 -0.007926563964465337 0.9862888024476841 -0.1618223661313662 0.030569809863426972 0.030569809863426972  738318.7147415663
-0.5321314216513416 -0.1353948225174749 -0.007770541741752723 0.9857967601654777 -0.16490034381015456 0.0312536896521223 0.0312536896521223  738318.7147427242
-0.5321647422968747 -0.13528584495586105 -0.007877794051593136 0.9859671327194759 -0.16469874061869566 0.026004450873892738 0.026004450873892738  738318.7147439399
-0.5321912845654697 -0.13524944643620018 -0.007905760371968357 0.9859910490999518 -0.16437743333268456 0.026980233109116302 0.026980233109116302  738318.714744994
-0.5321784255597969 -0.1353349778547882 -0.007956394311497642 0.985988814183033 -0.16379749534199706 0.030237806921635628 0.030237806921635628  738318.7147462489
-0.5321693739290952 -0.13529703473413077 -0.007892539271289417 0.985972726816778 -0.1643711335213619 0.027574055638035805 0.027574055638035805  738318.7147473538
-0.5322085004770643 -0.13525559625318911 -0.007890666063855174 0.9859876164121844 -0.16429043241096414 0.027553629648563786 0.027553629648563786  738318.71474862
-0.5321666827437659 -0.1352829017270602 -0.007861319222850799 0.9859718524523541 -0.16441148804928252 0.027372920028548926 0.027372920028548926  738318.7147496573
-0.5321653805975103 -0.13528885360313822 -0.007887575981892693 0.9859116577959879 -0.16477691763042318 0.027374380232025677 0.027374380232025677  738318.714750745
-0.5321589265096803 -0.13527896192778063 -0.0079409752662951 0.9859391903992766 -0.16465334835118287 0.027243244982443265 0.027243244982443265  738318.7147519854
-0.5319894145610913 -0.13551099148968837 -0.007761070493724894 0.9862029210876896 -0.1627660010474242 0.028633105636966614 0.028633105636966614  738318.7147531417
-0.5321588129196639 -0.13526136561616808 -0.007908060071706587 0.9860027625712647 -0.1642945326694787 0.02709099815509027 0.02709099815509027  738318.7147544145
-0.5321546009184375 -0.1352856630859657 -0.007905294902175997 0.9859585998200439 -0.16445121444499852 0.02762030935451386 0.02762030935451386  738318.7147554558
-0.5321506267884075 -0.13526384733234342 -0.007889610830357937 0.9859767841893206 -0.16442583787202755 0.027220364680364578 0.027220364680364578  738318.7147567178
-0.5321788476378088 -0.13527267681883637 -0.0079012257017908 0.9859375719766694 -0.164598065150701 0.02753295426908182 0.02753295426908182  738318.7147578868
-0.5321844191689783 -0.13526740371997664 -0.007928848255471884 0.985990424887923 -0.1643284019046343 0.027273125048620925 0.027273125048620925  738318.714758955
-0.5321793193208431 -0.13527052004705575 -0.007911130827117334 0.9859602182013459 -0.1646109421179057 0.026692899142227732 0.026692899142227732  738318.7147602196
-0.5319704394726572 -0.13550180527809347 -0.007919175054222743 0.9854086674644852 -0.16764689545483497 0.027248316497489496 0.027248316497489496  738318.7147612011
-0.5321941020073034 -0.13529651753920358 -0.007913129692941617 0.9859580274380844 -0.16446810657187255 0.027639372757842468 0.027639372757842468  738318.7147624017
-0.5320129488040383 -0.13547179406786758 -0.007929741275492204 0.9854259883053244 -0.16760825885004324 0.026921650722175075 0.026921650722175075  738318.7147635862
-0.532034323044339 -0.13561445529054986 -0.007901945550457758 0.986121978405908 -0.16217510397729842 0.033982369298895344 0.033982369298895344  738318.7147646723
-0.5321645801720222 -0.1353063720803826 -0.007886104094652053 0.9859566660723185 -0.16446144643256902 0.027550767179757837 0.027550767179757837  738318.7147659588
-0.5320069007809114 -0.13557667947882293 -0.007973553890782397 0.9854224926388114 -0.16699983722395198 0.030342783940450084 0.030342783940450084  738318.7147671466
-0.5321830383068702 -0.13525377696346447 -0.007930280647790264 0.9859971820902256 -0.16433058984169674 0.026925517971896327 0.026925517971896327  738318.7147681621
-0.5321962201791588 -0.13527230711200497 -0.007917940871148587 0.985946731930378 -0.16455920753227155 0.027388447942284327 0.027388447942284327  738318.71476945
-0.5321832965859932 -0.1352686148982612 -0.007917943857646855 0.9859492565763373 -0.16461782411652096 0.02695087850461897 0.02695087850461897  738318.7147705697
-0.5320275111999688 -0.13547239271976508 -0.007933385773302867 0.9854842823118257 -0.1672114546189987 0.02711497062797577 0.02711497062797577  738318.7147715883
-0.5320083261996748 -0.1354944090148969 -0.007918066123661329 0.9854714059748779 -0.16736977521897045 0.026754850774636373 0.026754850774636373  738318.7147728596
-0.5321709471305613 -0.13525804231181973 -0.00792339860705797 0.986020454982826 -0.16429776184317849 0.02643963427056006 0.02643963427056006  738318.7147739704
-0.5321611057968021 -0.13529276860311004 -0.007894779279352998 0.985932629014073 -0.16473340368528666 0.026938592566305812 0.026938592566305812  738318.7147750444
-0.5338027696164744 -0.1340183697496456 -0.009280327746221891 0.9862571796176383 -0.1648158543967031 0.011217688852593421 0.011217688852593421  738318.7147763519
-0.5335871230072704 -0.13421996750311924 -0.009357725312494833 0.9854073657541123 -0.16990897258995696 0.010112330940691147 0.010112330940691147  738318.7147774682
-0.533649938829871 -0.13488567805680812 -0.008832014120672044 0.9866203881260173 -0.1622528436169594 0.014926078580674703 0.014926078580674703  738318.7147787185
-0.5334174799557249 -0.1346213170567819 -0.009021337780982852 0.9861738301302525 -0.16504478461453756 0.014074184578559466 0.014074184578559466  738318.7147797078
-0.533975813192165 -0.13445024072365844 -0.009090230082518873 0.9860136044324694 -0.16631320207767322 0.010645568059521599 0.010645568059521599  738318.7147810312
-0.5339673309320823 -0.1347395132936323 -0.00855895199985073 0.9854151866119901 -0.16954891595256694 0.014471787613650037 0.014471787613650037  738318.7147820678
-0.5345987966801794 -0.13596485445317708 -0.007500834448205145 0.9846833356982727 -0.17132143965343619 0.03189517958693598 0.03189517958693598  738318.7147832221
-0.5350893764181809 -0.13540712777915853 -0.008123795682349463 0.9863232182155122 -0.16283286501377062 0.025524481887122735 0.025524481887122735  738318.7147844922
-0.5353772685212305 -0.13556154544607601 -0.00835809232549698 0.9865197668883332 -0.1622475195413124 0.0213083619191499 0.0213083619191499  738318.7147855423
-0.535027502743492 -0.13595068787478803 -0.006578949356006433 0.9879079295685315 -0.15479569050923966 0.00821436686010175 0.00821436686010175  738318.7147866911
0.0 0.0 0.0 0.0 0.0 0.0 0.0  738318.7147883376
-0.5345066707841288 -0.1352311400216457 -0.007370972484596407 0.9832740258384716 -0.17733721968847554 0.03975647777240091 0.03975647777240091  738318.7147891112
-0.5352720488717283 -0.13549950133036037 -0.007383864489926474 0.9845038644549803 -0.16723951124300868 0.05091526740704487 0.05091526740704487  738318.7147901155
-0.5341583820562827 -0.13505162052412623 -0.0006665907275067298 0.9792521547721799 -0.17105173343800656 -0.1084451394805338 -0.1084451394805338  738318.7147914768
0.0 0.0 0.0 0.0 0.0 0.0 0.0  738318.7147924927
0.0 0.0 0.0 0.0 0.0 0.0 0.0  738318.714793569
-0.46916393735957274 -0.1246629845142456 0.07814103499830546 -0.2604624317565875 0.00543936661943061 0.9645410048287938 0.9645410048287938  738318.7147948185
0.0 0.0 0.0 0.0 0.0 0.0 0.0  738318.7147960771
0.0 0.0 0.0 0.0 0.0 0.0 0.0  738318.7147972316
0.0 0.0 0.0 0.0 0.0 0.0 0.0  738318.7147982937
0.0 0.0 0.0 0.0 0.0 0.0 0.0  738318.7147995736
0.0 0.0 0.0 0.0 0.0 0.0 0.0  738318.7148006705
0.0 0.0 0.0 0.0 0.0 0.0 0.0  738318.7148018249
0.0 0.0 0.0 0.0 0.0 0.0 0.0  738318.7148029096
0.0 0.0 0.0 0.0 0.0 0.0 0.0  738318.7148041787
0.0 0.0 0.0 0.0 0.0 0.0 0.0  738318.7148052175
0.0 0.0 0.0 0.0 0.0 0.0 0.0  738318.7148063718
0.0 0.0 0.0 0.0 0.0 0.0 0.0  738318.7148075902
0.0 0.0 0.0 0.0 0.0 0.0 0.0  738318.7148086831
0.0 0.0 0.0 0.0 0.0 0.0 0.0  738318.7148098327
0.0 0.0 0.0 0.0 0.0 0.0 0.0  738318.7148111251
0.0 0.0 0.0 0.0 0.0 0.0 0.0  738318.7148121636
0.0 0.0 0.0 0.0 0.0 0.0 0.0  738318.7148133207
0.0 0.0 0.0 0.0 0.0 0.0 0.0  738318.7148145905
0.0 0.0 0.0 0.0 0.0 0.0 0.0  738318.7148156529
0.0 0.0 0.0 0.0 0.0 0.0 0.0  738318.7148167266
0.0 0.0 0.0 0.0 0.0 0.0 0.0  738318.7148180036
0.0 0.0 0.0 0.0 0.0 0.0 0.0  738318.7148191105
0.0 0.0 0.0 0.0 0.0 0.0 0.0  738318.7148202609
0.0 0.0 0.0 0.0 0.0 0.0 0.0  738318.714821496
0.0 0.0 0.0 0.0 0.0 0.0 0.0  738318.7148271926
0.0 0.0 0.0 0.0 0.0 0.0 0.0  738318.7148272156
0.0 0.0 0.0 0.0 0.0 0.0 0.0  738318.7148273415
0.0 0.0 0.0 0.0 0.0 0.0 0.0  738318.7148274467
0.0 0.0 0.0 0.0 0.0 0.0 0.0  738318.7148275747
0.0 0.0 0.0 0.0 0.0 0.0 0.0  738318.7148282906
0.0 0.0 0.0 0.0 0.0 0.0 0.0  738318.7148295152
0.0 0.0 0.0 0.0 0.0 0.0 0.0  738318.7148307966
0.0 0.0 0.0 0.0 0.0 0.0 0.0  738318.7148318934
0.0 0.0 0.0 0.0 0.0 0.0 0.0  738318.7148330134
0.0 0.0 0.0 0.0 0.0 0.0 0.0  738318.7148341578
0.0 0.0 0.0 0.0 0.0 0.0 0.0  738318.7148353587
0.0 0.0 0.0 0.0 0.0 0.0 0.0  738318.7148364425
0.0 0.0 0.0 0.0 0.0 0.0 0.0  738318.7148375821
0.0 0.0 0.0 0.0 0.0 0.0 0.0  738318.7148388978
0.0 0.0 0.0 0.0 0.0 0.0 0.0  738318.7148401816
0.0 0.0 0.0 0.0 0.0 0.0 0.0  738318.71484122
0.0 0.0 0.0 0.0 0.0 0.0 0.0  738318.7148422363
0.0 0.0 0.0 0.0 0.0 0.0 0.0  738318.7148434136
0.0 0.0 0.0 0.0 0.0 0.0 0.0  738318.7148446834
0.0 0.0 0.0 0.0 0.0 0.0 0.0  738318.7148457337
0.0 0.0 0.0 0.0 0.0 0.0 0.0  738318.7148468881
0.0 0.0 0.0 0.0 0.0 0.0 0.0  738318.714848158
0.0 0.0 0.0 0.0 0.0 0.0 0.0  738318.7148494277
0.0 0.0 0.0 0.0 0.0 0.0 0.0  738318.7148503626
0.0 0.0 0.0 0.0 0.0 0.0 0.0  738318.7148515631
0.0 0.0 0.0 0.0 0.0 0.0 0.0  738318.7148527615
0.0 0.0 0.0 0.0 0.0 0.0 0.0  738318.714853766
0.0 0.0 0.0 0.0 0.0 0.0 0.0  738318.7148550438
0.0 0.0 0.0 0.0 0.0 0.0 0.0  738318.7148562693
0.0 0.0 0.0 0.0 0.0 0.0 0.0  738318.714857447
-0.30093387239740405 -0.03529944884397908 0.15744367758182218 0.8109761353237653 -0.003965942337523612 -0.5815683216598422 -0.5815683216598422  738318.7148585571
-0.309131972762784 -0.035912945658204735 0.16062716204726413 0.7509687192334831 -0.08815397891631185 -0.6487747853849051 -0.6487747853849051  738318.7148596768
-0.30175429754468336 -0.039590351508908425 0.15483093022413935 0.7625535053366075 0.05086310456232279 -0.6297609776728106 -0.6297609776728106  738318.7148609018
-0.2989970069641741 -0.03772985455667556 0.15193706750127825 0.7366564095429667 -0.023470306021069493 -0.6552756992278812 -0.6552756992278812  738318.7148619522
-0.29314274545355373 -0.03692802883630244 0.1466275406898141 0.6983579123325705 -0.010900226435923406 -0.6793439999096764 -0.6793439999096764  738318.7148630766
-0.2839931642445634 -0.03377423976654684 0.1349847098367758 0.7213843338605053 -0.00011342466639106641 -0.6526799850829934 -0.6526799850829934  738318.714864358
-0.28144737363661454 -0.033099957764094134 0.1264923908509704 0.6843651688863359 0.024349099013809123 -0.6842605503557766 -0.6842605503557766  738318.714865397
-0.2989990355425567 -0.0286165096389996 0.11101225977445768 -0.5233788470018435 -0.08078330224367758 0.8133612454593202 0.8133612454593202  738318.7148665626
-0.3138445254529167 -0.025181855868763852 0.10364984121698642 -0.35489096094949923 -0.018693468894722672 0.9038952948901272 0.9038952948901272  738318.7148677404
-0.31836946251832643 -0.028910180577233408 0.0901328171595422 -0.3206427171527862 -0.10832430130848776 0.9206173541930519 0.9206173541930519  738318.714868822
-0.32227823385942594 -0.035607689379316694 0.09400018834704837 -0.26953278244672496 -0.04169606311164104 0.9411493449209529 0.9411493449209529  738318.7148700597
-0.3212797902844862 -0.042715448104939636 0.09185169275156956 -0.2601138571465278 -0.05822529738784631 0.9422628813213288 0.9422628813213288  738318.7148711456
-0.32737108986788666 -0.045150753567481265 0.09629432485808109 -0.22926079306618868 -0.03034213129513591 0.9545611312514495 0.9545611312514495  738318.7148724623
-0.3295801462891425 -0.04595718348016495 0.09583569328195367 -0.22567141636576415 -0.06375552428384187 0.9493748125025104 0.9493748125025104  738318.7148735013
-0.33727352231035657 -0.047277992286479734 0.10031822426285748 -0.19495484899248758 -0.007234445518575191 0.9619480689345417 0.9619480689345417  738318.7148748703
-0.34270636937637233 -0.04490292431060536 0.10289530444987759 -0.16001728168245583 -0.00562772269305939 0.9691342528249257 0.9691342528249257  738318.7148759449
-0.3460315914003724 -0.04437281354253967 0.10620674133884724 -0.1268091055999027 -0.02439454802109766 0.9786734334972578 0.9786734334972578  738318.7148769721
-0.34981951585163934 -0.04727322730109549 0.10649704847066603 -0.11417382103017794 -0.026253805787201392 0.985456196567139 0.985456196567139  738318.7148780457
-0.3535108804213737 -0.049778254015129204 0.10351508642699486 -0.09898879563307562 0.004481039654129303 0.9903469731393527 0.9903469731393527  738318.7148793157
-0.35481243263798357 -0.049803532915458554 0.09925991986014868 -0.03208972751558463 0.049108080081453155 0.99426393750698 0.99426393750698  738318.71488047
-0.36032388632659457 -0.05093905802937642 0.08439845751870031 -0.03519317673992837 0.06182207582285354 0.993273139006327 0.993273139006327  738318.7148817278
-0.3638239711220234 -0.05210248065676452 0.07099067960391113 -0.06710964119146062 0.03626809524806981 0.9944394243757261 0.9944394243757261  738318.7148828821
-0.3632673374346052 -0.052977736706426616 0.06710244493469822 -0.060617649882863174 0.005423341842752018 0.9965341449483783 0.9965341449483783  738318.7148839326
-0.36341460409095194 -0.051978191883842936 0.06150744859502522 -0.05466122606191403 0.0018580517596251992 0.9973145713257983 0.9973145713257983  738318.7148851253
-0.362878345697383 -0.05200877359354135 0.055964770929228976 -0.05784413106224306 -0.004374746042400904 0.9965201559211437 0.9965201559211437  738318.7148862851
-0.3639950598361118 -0.05299647600809315 0.05099964908421527 -0.06218837787791457 -0.0019001631665225092 0.9950927112323483 0.9950927112323483  738318.7148875115
-0.3662490663015338 -0.053649488181259426 0.048290719654512176 -0.06257216831677459 0.0035598464764513777 0.9951320318899171 0.9951320318899171  738318.7148885276
-0.36813692268983433 -0.05334113283774588 0.04344483648386455 -0.06521371933333336 0.007380372638458514 0.994926812001717 0.994926812001717  738318.7148897084
-0.3672060173678815 -0.05509262239860661 0.03825900890340677 -0.07155632751123138 -0.016849206117995227 0.9948932918718292 0.9948932918718292  738318.7148909898
-0.3651442695469026 -0.05591877014289787 0.03628337779143979 -0.05467360019390496 -0.021888512496268848 0.9956748568420014 0.9956748568420014  738318.7148919248
-0.36310210106643503 -0.05632671524558461 0.034876989650094795 -0.044137800842932 -0.0077244061298902406 0.9972968150324447 0.9972968150324447  738318.7148932873
-0.36106039354980324 -0.05576500343414518 0.03264913529409672 0.0009440482749324242 -0.0027178621936005116 0.9982188027509189 0.9982188027509189  738318.7148943377
-0.35934340777533136 -0.05616620372594683 0.030219784108740336 0.04004357266461133 -0.010176649503252448 0.9971142083773346 0.9971142083773346  738318.7148955003
-0.36034156848073623 -0.05612441906652399 0.03036357868664305 0.01419493252482636 -0.014243013201295887 0.9981250070914659 0.9981250070914659  738318.7148966778
-0.3607351500235964 -0.056398337172922954 0.031197603728761895 0.0009885832892146133 -0.008954152687507287 0.9986089358445094 0.9986089358445094  738318.7148978162
-0.3608852712869664 -0.05639882999412433 0.031193924764898733 0.00034288046111121523 -0.009178403082630834 0.9986205638418799 0.9986205638418799  738318.7148989354
-0.3608916357987875 -0.05657315613523347 0.031138598529518488 -0.00022341312722132367 -0.010099784674830498 0.9986475990937198 0.9986475990937198  738318.7149002397
-0.3602049707482523 -0.05601727635064954 0.03027422006085786 0.024367168259663882 -0.012883877673581613 0.9978799712467854 0.9978799712467854  738318.7149013021
-0.36053288267501565 -0.056555001839574154 0.03145537952383295 0.006067298864779645 -0.007308126409708356 0.9985803688706869 0.9985803688706869  738318.714902456
-0.360587940885083 -0.05659346546566384 0.03151751419268155 0.004573149264817954 -0.007253108188632385 0.9986006110267452 0.9986006110267452  738318.7149037166
-0.36079090457698054 -0.05664294791127841 0.031165560932407552 0.00014400780708210268 -0.01054094495111431 0.9986332212413571 0.9986332212413571  738318.714904744
-0.3603413893683581 -0.05606696746949129 0.030402190742156807 0.019652577589793323 -0.013497235322390083 0.9980181366676376 0.9980181366676376  738318.714906129
-0.3603870113326063 -0.05604716510490687 0.0304563127080546 0.019867091748457095 -0.013056431494478276 0.9980238311924338 0.9980238311924338  738318.7149070987
-0.3604068568995279 -0.056031354741950694 0.030451526444377403 0.0199926505400917 -0.01308122095622526 0.9980061057486389 0.9980061057486389  738318.7149081839
-0.36040922865186537 -0.05605146515648943 0.03045375314312685 0.019539408884809085 -0.013014148988597764 0.9980324347151543 0.9980324347151543  738318.714909488
-0.36043051815328847 -0.05604840548818373 0.030493511363193674 0.01919094498685277 -0.01275469188193548 0.9980498307475081 0.9980498307475081  738318.7149106644
-0.3607576809113848 -0.05658077797784667 0.031280344712559936 0.0022248528374982724 -0.009916935745760394 0.9985926116320929 0.9985926116320929  738318.7149118186
-0.36061189153657336 -0.056693786272330286 0.03141053685972518 0.004371665927121588 -0.00954347666731302 0.9984735105722308 0.9984735105722308  738318.7149129271
-0.3607131570617718 -0.05662057383488261 0.03138960093268098 0.0030917625074879623 -0.008420538260000974 0.998562404986894 0.998562404986894  738318.7149141842
-0.36072346183981363 -0.0566199455606599 0.03138982666581138 0.0030317762217668635 -0.008769860790671996 0.9985769890382845 0.9985769890382845  738318.7149151306
-0.36073620772178777 -0.05660852687338545 0.03141532096596358 0.0031319130321698224 -0.008576392846248008 0.9985647190208535 0.9985647190208535  738318.7149163778
-0.36073172106330637 -0.056617053699062135 0.03138152596373807 0.003143003969836338 -0.008710939305547845 0.9985568775537561 0.9985568775537561  738318.7149174663
-0.3609149243540321 -0.05636140312324517 0.031355401812330805 0.007194317493499607 -0.010445013298182062 0.9983263488296145 0.9983263488296145  738318.7149187588
-0.3608046847646616 -0.05640805569513091 0.03129345464161869 0.0077634746572498295 -0.011611388139918013 0.9982127477682441 0.9982127477682441  738318.7149198786
-0.3614467727607439 -0.05618816083879836 0.031612872302526164 0.00460193176941292 -0.00856093512287015 0.9984442923922106 0.9984442923922106  738318.7149209406
-0.3614009596332111 -0.056191945494082365 0.031631989921266056 0.004776995491568751 -0.008436990672750807 0.9984382690970179 0.9984382690970179  738318.7149223634
-0.3613843595847009 -0.05619688448720096 0.03163817834481515 0.005026735665315865 -0.00840426656691927 0.9984381142685113 0.9984381142685113  738318.7149232639
-0.3612009969297616 -0.05615211336033618 0.03137983606215212 0.0034196439871220516 -0.006332039375311208 0.9985084585465476 0.9985084585465476  738318.7149245124
-0.3611830573455952 -0.05614788401015224 0.0313875440426715 0.0036668920419362983 -0.006384275750555251 0.9985302179175265 0.9985302179175265  738318.7149255979
-0.36107762861982917 -0.056073496099781524 0.031430550535058846 0.004689506380269363 -0.007468975518765909 0.9985236411936407 0.9985236411936407  738318.7149267485
-0.36120062798812397 -0.056139045158297936 0.03149699523855579 0.006159332978678547 -0.005685623418461446 0.99853606489996 0.99853606489996  738318.7149279836
-0.3611775318232875 -0.0561498099474527 0.03139167185780502 0.00405821575182595 -0.006317759962350889 0.9985206449065281 0.9985206449065281  738318.714929126
-0.3611864948447197 -0.05618146242554932 0.031378094247735924 0.003960216751581717 -0.006188003497118901 0.9985154272444314 0.9985154272444314  738318.7149303979
-0.361368768079378 -0.05622375848774273 0.03155956876623276 0.004393593863287324 -0.0064916096295748035 0.9984572899221983 0.9984572899221983  738318.7149314946
-0.36133057898735876 -0.05621905893162811 0.03157720936607184 0.0036471503645564445 -0.006634024415127869 0.9984573385398724 0.9984573385398724  738318.7149325336
-0.36135512797051383 -0.056237692092344006 0.03156243910918776 0.003597489693272798 -0.006585820761686659 0.9984718939523926 0.9984718939523926  738318.7149336985
-0.3613565913738209 -0.05622825749690305 0.03154324534568299 0.0038769852847783345 -0.006795757906340256 0.9984643591396902 0.9984643591396902  738318.7149350148
-0.36123397621681447 -0.05613453766796397 0.03153288441378925 0.004877390346685008 -0.005164427618601707 0.9985310394967427 0.9985310394967427  738318.714936011
-0.3612038651382324 -0.056149798031838255 0.03136323449507023 0.004049371267395681 -0.006424769546817338 0.9985248177874773 0.9985248177874773  738318.7149372807
-0.36118607947425163 -0.056161193112482015 0.03138980306399794 0.0046432865134056435 -0.006329981498628883 0.9985130926081497 0.9985130926081497  738318.7149383198