-0.35249179485901483 -0.14338186196037572 0.03265255534831587 -0.007411654761799217 -0.02502203648119587 0.4148020158378552 0.9095373839050693  738338.7319975705
-0.35243384333249383 -0.14332008493450468 0.032594030514965906 -0.007397659253830161 -0.025770384639421703 0.41451377756227537 0.909648003418989  738338.7319986428
-0.3524333756842393 -0.14327936300626942 0.03258975199492632 -0.006823900639098549 -0.0265428419712149 0.41461762764883536 0.9095829455101995  738338.7319999054
-0.3524356389524018 -0.14326489204792223 0.032555040584904237 -0.006502984835969466 -0.026508090094959857 0.4148984798425748 0.909458236408941  738338.7320009698
-0.3524447938605138 -0.14330712127229903 0.0325676368232933 -0.00687442257441721 -0.02609462139110962 0.41458442970084763 0.9096106659985611  738338.732002244
-0.3525305670952282 -0.1434666411008962 0.032780539644653925 -0.007673150391336682 -0.024088017806083998 0.41488672492039386 0.909521795036312  738338.7320033306
-0.3524538763684561 -0.14327947413667377 0.032589614744029896 -0.0061778820635097365 -0.026482097722876914 0.4150625880487285 0.9093863756818095  738338.7320046
-0.3524808279692231 -0.14337286783265585 0.032656057527802596 -0.007142644649563139 -0.025308399154781655 0.4148795668401193 0.9094962411017362  738338.7320057019
-0.3524998711381548 -0.14342684214507556 0.0327347614030846 -0.007166043222289349 -0.024470166823696207 0.41495017427218667 0.909486784748211  738338.7320067636
-0.3525085646376972 -0.14341820410297856 0.03272494864074052 -0.007169028613638937 -0.024282555637355464 0.4150364906267032 0.9094524033552972  738338.7320080244
-0.3524650744670812 -0.1433892872210377 0.032711530246809895 -0.007333878616212766 -0.02402269452243639 0.41481241652350587 0.9095602143180262  738338.7320091072
-0.35240519048100327 -0.1431063753010493 0.03258920833689402 -0.003097027110389859 -0.021807572942334454 0.415093749407132 0.9095119665999846  738338.732010381
-0.352304558644143 -0.14308813606944132 0.033206746869720874 -0.0013408971378646875 -0.016329325798885866 0.41525127240616994 0.9095591986665169  738338.7320114713
-0.3518973265179051 -0.14154654782760728 0.03609655602560766 -0.008106897296471237 0.019293864949531888 0.41405723243566456 0.9100102379969424  738338.7320125332
-0.34992755701587663 -0.13798697484986072 0.03911031093745211 -0.032865839802423434 0.05520230525145556 0.4092574470822655 0.9101543188255018  738338.7320137937
-0.34921753653018817 -0.13545952404944195 0.040963499190817265 -0.028909199020283206 0.07254838508299576 0.38954626795263386 0.9176898687236499  738338.7320148617
-0.34859366738533815 -0.12967757680100875 0.040940514840037315 -0.0018979110094948378 0.06941515860854687 0.31562622085534753 0.9463392744664684  738338.7320161322
-0.346009890815717 -0.12265310962145827 0.039306999967675435 0.000496623162774858 0.04547298645745017 0.24353601767875035 0.9688251488071778  738338.7320172081
-0.3389271198860003 -0.11418197418699341 0.0394466954510966 0.04125025323296932 -0.0003750883503780423 0.1887171320926343 0.9811646752567464  738338.7320184757
-0.33181822085593476 -0.11313390524788022 0.04628589914469332 0.0626300724780802 -0.03160198254483784 0.15992977100470018 0.9846325492624193  738338.7320195481
-0.3246836853402288 -0.12596885406313071 0.0690851847277979 0.05313111893976013 -0.049908408214726724 0.1313080222734117 0.9886578974935296  738338.7320206346
-0.32814901523558304 -0.15473769056465794 0.10611135922864671 0.051168735007848035 -0.05166258258759288 0.10466089951380275 0.9918461746818599  738338.7320218926
-0.3377604306573198 -0.18590099666662002 0.1429319771226944 0.002283617597872923 -0.05942159717773303 0.07826322035424031 0.9951576393814688  738338.732022951
-0.35797919551212337 -0.2241636051407979 0.19585354475003144 -0.02965044721022144 -0.014508293592401354 0.061953517844513466 0.9975330180119153  738338.7320242125
-0.37288672777607795 -0.25023590988719513 0.23698791073922623 -0.05746424085809714 0.007500570902580409 0.04576747010906066 0.9972697434187775  738338.7320252762
-0.39180438287215014 -0.26815676501683355 0.2929973733811649 -0.07014308276727343 0.02576921658795287 0.0321859947884029 0.9966844822489349  738338.7320265586
-0.4000345129638055 -0.2716337659352918 0.3325388646765062 -0.06443263574837045 0.03544962002541787 0.026339574781100106 0.9969443247699052  738338.7320276257
-0.40274052437770713 -0.2633489845660059 0.374018115463182 -0.05097225577720623 0.03170567281470522 0.016913750922417654 0.9980533575325943  738338.7320288868
-0.39755981659037504 -0.24733799036894863 0.40338158242530836 -0.04286813555323575 0.01472467930298013 0.012379086730074587 0.9988955225574611  738338.7320299854
-0.39026217569895644 -0.22893674320753926 0.42735755231639744 -0.013549553249474182 0.01989383897071963 0.010551417484104568 0.9996545965316335  738338.7320310589
-0.37553498656183815 -0.20823066556411268 0.4499458500130107 0.008707633490544752 0.009674883863089167 0.012243136745627811 0.9998403269241835  738338.7320323196
-0.36251500217754884 -0.1952790104576365 0.4647112943179416 0.021884450729404564 -0.003360665086926553 0.011714163284683355 0.9996862283361643  738338.7320333872
-0.34346185441455396 -0.18970343896186934 0.4805046480000745 0.010988655441802091 -0.005761093870012907 0.00817176879117851 0.9998896346316557  738338.732034662
-0.33444857994160143 -0.19210364810851577 0.48782005071209983 0.004089758964018774 -0.021533308519624195 0.024327377606464595 0.9994637408103445  738338.7320357289
-0.3296455603135008 -0.2042802476107998 0.4966995062008266 0.0044120775219754415 -0.03962013553795004 0.02432899830948008 0.9989088438256776  738338.7320369912
-0.3321658513672626 -0.22356504527118343 0.5029611670323527 -0.003884883972951329 -0.04224015591992731 0.023084695836423436 0.9988332061573227  738338.7320380876
-0.3403730677825729 -0.2460056554042956 0.5079653848259347 -0.015117777000715265 -0.038581340911032866 0.021913800266026212 0.9989007549851807  738338.7320391581
-0.3597970395231316 -0.2762558426903976 0.5156501674944592 -0.0014225844462122136 -0.03158695769441954 0.01317490468486356 0.9994131589306042  738338.7320404197
-0.3776803264134676 -0.30194672242725235 0.5209668779886741 -0.041322586226789575 -0.04665328747393501 0.002744626165472589 0.9980522940520781  738338.7320414907
-0.40462785184053024 -0.3275796314581811 0.5302391953573419 -0.036927256230664784 -0.025619909862083238 0.005680160082773158 0.9989733398581604  738338.7320427464
-0.42725352787381377 -0.3424285651575535 0.539291223739496 -0.04601781388073325 -0.012563038753280254 0.0039434205344683875 0.9988538332996526  738338.7320438457
-0.4533413116307608 -0.3511047113764126 0.5496436705033617 -0.06605097273353742 -0.014656856835088883 0.0005548935857024412 0.9977084432046157  738338.7320451025
-0.4771197610173031 -0.34756829101997616 0.5613377912388955 -0.057899986750332796 -0.006357230299918299 0.0009376249125619642 0.9983017069086622  738338.7320462028
-0.49601117745996315 -0.33718808686519175 0.5719969006067619 -0.04448446835319087 0.0029352668577471886 0.002058004421296042 0.9990036440882535  738338.7320472851
-0.517318677431344 -0.31698513227170827 0.5858234209331757 -0.031139286370583046 -0.005891269350397882 0.0011454805962604698 0.999497036345769  738338.7320485533
-0.53356695974886 -0.2963408493653216 0.5971086113704704 -0.021579278804433798 -0.016230550001007066 0.004578530666183449 0.999624900164999  738338.732049616
-0.5538320440621247 -0.27000874018630855 0.6137999822628464 -0.017060671726615306 -0.024377195179912645 0.002547743836668785 0.9995539979594599  738338.7320508851
-0.5710845807526369 -0.2493802947708018 0.6262316780601942 -0.021286872002313953 -0.02421419449387362 -0.007477245829371137 0.9994521662691903  738338.7320519624
-0.5927912074057262 -0.2282522202012089 0.6410435530614957 -0.018219489312817756 -0.02605742374843845 -0.0083566960698462 0.999459467165913  738338.7320530533
-0.6187491188641976 -0.2102998550654248 0.6559673156680101 -0.0014878179166789836 -0.007333904205741937 -0.008014524153602291 0.9999398820176837  738338.7320543061
-0.6408243926231355 -0.2014820613857815 0.6667249056570448 0.004817662073413589 -0.002272403408711112 -0.005774364443510872 0.9999691410389463  738338.7320553869
-0.6686469102654848 -0.19855742255205416 0.677175246922335 0.0044580271351798454 -0.004271440287316385 -0.003365516341756831 0.9999752767402239  738338.7320566627
-0.6916923714825698 -0.20232113980760552 0.6832192220956238 -0.00025795673767721857 -0.0010729532227218806 -0.0012121597015007281 0.9999986564483782  738338.7320577274
-0.7202129851126808 -0.2130558747558076 0.6875805535438558 -0.005785926028612665 0.0005410382162815278 0.0005749556952828596 0.9999829497364385  738338.732058981
-0.7430919512832196 -0.22518137980598682 0.6879038749317977 -0.0189649795003533 -0.0026517395107843664 0.0002786872801448004 0.9998165932627434  738338.7320600456
-0.7698473413743263 -0.24133983911465343 0.6868000828360009 -0.007752534133735542 -0.0012088068498122622 0.002521123317165711 0.999966039892218  738338.7320612953
-0.7927945207393925 -0.25451304298161126 0.6866534547926295 -0.02983962537389257 0.0005163614992636339 0.0016496919802934764 0.9995532045092538  738338.7320623946
-0.8108978619850301 -0.2634557712810919 0.6866704365933836 -0.03321582452183992 0.00925514177486244 0.002232495710308251 0.999402855366626  738338.7320634701
-0.8288739928714078 -0.2678028220146741 0.6875900337831331 -0.037760161361589745 0.013510701255978703 0.0013424719163194928 0.9991945901248026  738338.7320647513
-0.8395866953428452 -0.26579222806983654 0.6893700875824442 -0.035884489702871024 0.019620479602479656 -0.0009835873619174413 0.9991628359455904  738338.7320658229
-0.8479493472475436 -0.25744128628675056 0.693470627087352 -0.039981153052880865 0.015313640540069087 -0.004119289192361668 0.9990745874410586  738338.7320670855
-0.8499324804508503 -0.24677232758785256 0.696648585149944 -0.047332070775795654 0.015830487800547476 -0.007147767941545921 0.9987281813113744  738338.7320681616
-0.8465012581584501 -0.23132598019047684 0.6964195206052796 -0.017529741021862916 0.02097342626286276 -0.003066851737667536 0.9996216374163386  738338.7320692465
-0.8372174228882143 -0.21288362328930954 0.6991053235257152 -0.03430202127403398 0.02243684177901344 -0.005772390110507563 0.999142952224511  738338.7320704972
-0.8237863398344579 -0.19804646940612605 0.6983470794058283 -0.007944939012319146 0.024209841383258813 -0.0017295613000306534 0.9996738318781769  738338.7320715708
-0.8032152025192476 -0.18121245523053806 0.6987620358701936 -0.02567023131431082 0.014844419011518417 -0.006285082025946205 0.999540484518965  738338.7320728535
-0.783100268344075 -0.16903661485344496 0.6984800532216414 -0.02486893097693445 0.011824819520846137 -0.007017858387446367 0.9995961482413873  738338.7320739209
-0.757159053821653 -0.15689955352595797 0.6961366707221505 -0.017999977925923092 -0.005475360297889095 -0.006279842543846172 0.9998032730502032  738338.7320751777
-0.7364714402471149 -0.15060000562334716 0.6953907743585948 -0.013794493063470067 -0.0030432677284119654 -0.004899375003994207 0.9998882170558994  738338.7320762728
-0.7160168373291695 -0.14687945249613688 0.6929352585192922 -0.01996630056933733 -0.004833364731125432 -0.0035812187453222776 0.9997825565087886  738338.7320773575
-0.6971202678911342 -0.14611456233702314 0.6869775193855544 -0.017876649382209377 -0.028941781835538926 0.0012786374486150971 0.9994204139186494  738338.7320786387
-0.6838920636657282 -0.14789614653249883 0.6811152617318719 0.0011171826395087244 -0.017781616230995122 0.006943994180427353 0.9998171567701696  738338.7320797006
-0.6700219496720231 -0.14975118059531922 0.6746809577807642 -0.03021605987495096 -0.004399194976538593 0.006776178753741128 0.9995107404178752  738338.7320809714
-0.6588954432278995 -0.14907775811958646 0.671203209702584 -0.050040535218232575 0.002694175987597978 0.007411574196076807 0.9987160531496211  738338.7320820473
-0.6430825435055971 -0.14220945163416623 0.6668399549642821 -0.055230796809357226 0.00040133969168962833 0.012218552921457468 0.9983987705194558  738338.7320832975
-0.6263880815557376 -0.13156832579897929 0.6633199076025929 -0.040871138764717575 0.01597088866548956 0.019099495430409067 0.9988541885608798  738338.7320843587
-0.6032924128227457 -0.11115104093094771 0.6634451386553626 -0.04429737791526772 0.01622450493865071 0.023161640827868167 0.9986180682039999  738338.7320855994
-0.581875778838542 -0.0893053690669542 0.6664923746342689 -0.023950524646683093 0.006336678945317125 0.03130341524112728 0.9992028397994744  738338.7320866805
-0.5526539630657187 -0.058084759269161866 0.6717646652082391 -0.02535261102726568 0.008186745274968843 0.031986201831617274 0.999133176913013  738338.7320879288
-0.5243638307838343 -0.027480839971668673 0.6770331907478285 -0.02332091572276648 -0.00022980171955564347 0.03261906488386735 0.9991957159071106  738338.7320890201
-0.5023835319260408 -0.001886784210667531 0.6804084219248915 -0.015281014005307075 -0.006968387636476669 0.030264561637796405 0.9994008147353041  738338.7320900906
-0.4719133521632416 0.03594716421036816 0.6847977025863156 -0.009885115560432034 -0.013329042062119859 0.02606235359952113 0.999522573458407  738338.7320913321
-0.45118342724954735 0.06274961744629717 0.6879035350019733 -0.008146409126822107 -0.013757079934634573 0.02299348271361393 0.9996077623361621  738338.7320924129
-0.4288004283455133 0.09294994711302716 0.6900533546819703 -0.004360669560140269 -0.016847292701226986 0.020485211921477745 0.9996386894184112  738338.7320936727
-0.413489686148029 0.11559825750419828 0.69057558549355 -0.00901026579816139 -0.01390190041147492 0.016235801857761294 0.9997309393097882  738338.732094769
-0.3961892255990102 0.14072413427592406 0.6879945032175117 -0.029404392451350257 -0.0186289947151015 0.011701012499206997 0.9993254867994538  738338.7320960226
-0.3835132246394196 0.162491114043285 0.6871275005902299 -0.007542969266227531 -0.005538979616013334 0.01420778589573608 0.9998552705964014  738338.7320971165
-0.37165206102145165 0.1800319830946757 0.6851559686291911 -0.004771982019533439 -0.0004025895696399553 0.0151954038303093 0.9998730748508421  738338.7320982056
-0.3561648524016941 0.1987385491694808 0.6826253995115978 -0.009777452511939132 0.006266763103572116 0.01461655406851612 0.9998257275394261  738338.7320994689
-0.3411153462099013 0.21311095249520154 0.6775519907598926 -0.014133637430392712 0.009261149856102128 0.011055869412691039 0.9997960987860768  738338.7321005445
-0.3222078070744204 0.23019751465936697 0.6722654412631791 -0.014655919476179897 0.0007725221269454527 0.005540541584278062 0.9998769472454219  738338.7321018047
-0.30362027350579796 0.2438286091181768 0.6698151826509987 -0.008968821224817257 0.003954769545071765 0.001887932235062359 0.9999501766365955  738338.7321029007
-0.28627665930553187 0.25311169915525267 0.6692470427710825 0.00244121577424184 0.0023433698513710814 -0.0008300649140702684 0.9999939300193386  738338.7321039832
-0.26462577154432865 0.25800891539204 0.6703098314959436 0.013878801460110552 -0.001864372213299821 -0.00379870946741177 0.9998947308555353  738338.732105263
-0.24712575754269664 0.2550786766431391 0.6719967213974978 0.021684935429153323 -0.005417009278716148 -0.006580687687127104 0.9997285202170999  738338.7321063417
-0.2282819582276728 0.24422468928677837 0.6741713923532683 0.017696279242282342 -0.005968113474607924 -0.010066893893739173 0.9997749151533387  738338.7321074394
-0.2089085418748567 0.22367437283020225 0.6775395153606535 0.009836188350478722 -0.01476586745433004 -0.00796877683769342 0.99981084068576  738338.7321087238
-0.19534332461508386 0.20103227782433347 0.6805127210867833 0.003005391929084326 -0.02000666872322989 -0.00708903150149431 0.9997701968244114  738338.7321097906
-0.1811206592318529 0.1687954578135598 0.6849590892358616 -0.008875087211135288 -0.019665188827989934 -0.006830873954963004 0.9997438933728806  738338.7321110585
-0.17111718434544795 0.1403660147442312 0.6890189283568376 -0.01987690439896411 -0.011357742505131626 -0.00627550690344415 0.9997182244861831  738338.7321121296
-0.16144626546701213 0.10904558868443918 0.6924862103780779 -0.029068907505431323 -0.009578866470860394 -0.006980748082605647 0.9995071350869794  738338.7321132229
-0.15070224397203832 0.07630517487766288 0.6957899392566718 -0.03080730492020145 -0.005332559349488835 -0.005533643296542517 0.9994957991738658  738338.7321144784
-0.14089319668715392 0.051627975310811036 0.6975474611139187 -0.03474540984205525 0.002118192700129389 -0.005291613711395382 0.9993799420535325  738338.7321155664
-0.1276902602191465 0.023780964923362936 0.6982379520348545 -0.032464341517779834 0.0032857581467138006 -0.0055923076621260245 0.9994518479737933  738338.7321168624
-0.11566201875860896 0.0026827085867841558 0.6984260472756135 -0.029191087540504604 -0.0014570228090206672 -0.0061916011971592895 0.9995536111521742  738338.7321179251
-0.10166856836786858 -0.020010683398794103 0.6988393760623438 -0.02235693342524603 -0.0029552176587788123 -0.006236132160747508 0.9997262349623931  738338.7321190173
-0.0860174168526059 -0.04532702784141605 0.6990400201637204 -0.014629652843478762 -0.006039982982370803 -0.005048065960225518 0.9998619949239561  738338.732120266
-0.07330447222749391 -0.06751659864066523 0.6991795563367766 -0.01299405922034986 -0.007484865673286802 -0.003429218876598711 0.9998816788344146  738338.7321213515
-0.058664424477134894 -0.09696852144639645 0.6986554420337595 -0.01114414450967236 -0.0110532957482703 0.003121754092300544 0.9998719354735566  738338.732122612
-0.0474277425065402 -0.12353379272320913 0.6975569075935134 -0.0060433204497817045 -0.010329356558330892 0.011382467396867178 0.9998636017512545  738338.7321236882
-0.0345478718888765 -0.1591728199236695 0.6951526964689668 -0.011156209676130253 -0.010076028187110663 0.023285139515346213 0.9996158336678075  738338.7321249512
-0.024000676069431928 -0.18990586252914793 0.6922137855850808 -0.02229458092622186 -0.004338619030834884 0.03403097131857998 0.9991626599494916  738338.7321260287
-0.013186169522826027 -0.22353870939213147 0.6901652823117893 -0.026539832876455356 -0.0037372296599371114 0.044820368859976624 0.9986354714912816  738338.7321271263
-0.0005101839404927793 -0.2574796155114082 0.6866815091602755 -0.03774869931151792 -0.020146352598053505 0.05505814885994755 0.9975659178327011  738338.7321283916
0.009514353218923792 -0.2822252179982324 0.6845079673914076 -0.04292652322176876 -0.01093333066511173 0.05591030193804498 0.9974526625468775  738338.7321294937
0.02161348936255444 -0.3077526824968213 0.6821402035168671 -0.041766567091157475 0.00046585911951920703 0.04811696135457881 0.9979679828925889  738338.7321307461
0.03171902732376558 -0.3253068333023509 0.6809129901016235 -0.013980404205283613 -0.0070932067596174535 0.038276876041101825 0.9991441915342631  738338.7321318289
0.045016160803547346 -0.3430214777037408 0.6817771882468588 -0.019458863698335115 -0.0013257148277573318 0.02446982484488218 0.999510291480696  738338.7321329381
0.061047971821941015 -0.3610608951330611 0.6823320463864845 -0.00910253146923372 -0.0028874238717099886 0.006462107427282507 0.9999335217262371  738338.7321341954
0.073711505892181 -0.3761905427224676 0.685439317017571 -0.0006398348264526463 -0.0036863528179663534 -0.005622896102022 0.9999771919667579  738338.7321352949
0.09058247884586419 -0.39550275474657554 0.6872243551700986 -0.0018187710962308677 -0.009440902928584047 -0.016695895467119234 0.9998143870229832  738338.7321365335
0.10305202829161879 -0.41333756353031775 0.6878623238772716 0.00099623238127283 -0.009402419914890933 -0.02650576395531346 0.9996039448191127  738338.7321376149
0.1168957775509191 -0.4339642018413165 0.6873435020577388 -0.01212857274511537 -0.01842946265903221 -0.03155017581029817 0.9992586447139725  738338.732138693
0.12898124748270884 -0.4572195708473085 0.6886066808489545 -0.006627293127256915 -0.01667874692848917 -0.03181156494409828 0.9993327387424612  738338.7321399435
0.136640019430827 -0.47655703392835 0.6890654166542907 2.8739615716441862e-05 -0.018226341526680432 -0.03491943514365881 0.9992239151951053  738338.7321410171
0.1432813183397106 -0.5006535467443779 0.6916403453588452 -0.007802670542387285 -0.01979791365265434 -0.034773928283662936 0.9991686218347391  738338.7321422783
0.14745904615548694 -0.5202014654244462 0.6943889173618939 -0.0067132844608586385 -0.025603858107009863 -0.03481198138953439 0.9990432924621027  738338.7321433662
0.15034940146604436 -0.5430770963334628 0.6985867240355692 -0.015783517599299704 -0.005274071781951757 -0.03654953986564795 0.9991932725327173  738338.7321446342
0.15328473819328964 -0.5602167636363004 0.7005370660530982 -0.01671621840760231 0.0035293062540416717 -0.038446999235085856 0.9991145781587475  738338.7321457119
0.15774215699987879 -0.5775990220374939 0.7014872672116321 -0.014953556105471574 0.010403590429692999 -0.03520114327653063 0.9992142092554513  738338.732146804
0.16658910368088262 -0.594807884566403 0.7025175959349796 -0.012473401317922173 0.012195493528210302 -0.03496273430687901 0.9992363541259656  738338.7321480718
0.17657084182575392 -0.6081255600179343 0.7024191062244358 -0.010899927072574457 0.010504098580499164 -0.03045275525613942 0.9994215753125072  738338.7321491552
0.19034626276616787 -0.624462244019596 0.6999733591015666 -0.010413236705033649 0.00325434583238766 -0.02844432012518365 0.9995358394710738  738338.7321504041
0.20178473641786052 -0.6382365720061843 0.6954873075130548 -0.006465822649930505 -0.0031758179037533665 -0.028337639545659262 0.9995724513526182  738338.7321515052
0.21446232907442378 -0.6525634948601508 0.6894549944406162 -0.014093668132391336 -0.010583332284987012 -0.025131131194981296 0.9995287828978114  738338.7321525774
0.22720357049890652 -0.665463861602188 0.6835414289692138 -0.029536747948171214 -0.008056530678286917 -0.021872601924738257 0.9992918803428346  738338.732153838
0.23767753532165803 -0.6714394149608728 0.6801805266017457 -0.03879793198795052 -0.009234061406496913 -0.020869057951951465 0.9989864538639138  738338.7321548989
0.24791583866782035 -0.6719213352859736 0.6768363292252719 -0.04699637213631712 -0.004934152872904159 -0.020581165626293293 0.9986708220244119  738338.732156161
0.257133138358713 -0.6652089536992195 0.6761411722911507 -0.04705194054655696 -0.011219847236004 -0.020697074083148966 0.9986149713694467  738338.7321572527
0.2690519945182988 -0.6485588595349631 0.6783503547529928 -0.04704179885719693 -0.005336377337954325 -0.018960590328322945 0.9986986974316066  738338.7321585172
0.2787591556647419 -0.6301776596560399 0.6807864735543744 -0.034213993608771864 -0.0018184542252495882 -0.020114540120120674 0.9992104388672717  738338.7321595792
0.29236394853681613 -0.6041490664287782 0.6844230506483318 -0.021022028333362777 0.004870898051119665 -0.020465742108363567 0.9995576532030961  738338.73216083
0.30437489475508545 -0.5826300774549151 0.6875199983976062 -0.014544025408392683 -0.0015050902631478077 -0.01924448494823816 0.9997078852481344  738338.7321619168
0.31946640374503293 -0.5590274519580853 0.6883712161603177 -0.018063784402603443 -0.005574086508465827 -0.024098216212349876 0.9995308425596657  738338.7321631567
0.3350082995614473 -0.5419846651824397 0.6876198406990736 0.004584053679136271 -0.011997872665275574 -0.018304392208805562 0.999749962105146  738338.732164255
0.3446954642532566 -0.5286374036337559 0.6872501817694188 0.004651789103720756 -0.014983858091603965 -0.016195562342105493 0.9997457419840547  738338.7321653421
0.3547664124327315 -0.5161276145594257 0.6867742186626066 -0.003351040717185877 -0.01566878044228007 -0.012223901980234743 0.999796897407639  738338.7321665941
0.36089781583661185 -0.5071064144727335 0.6851124292837766 -0.01460445652607041 -0.005642366951668607 -0.005604620344093023 0.999861721327284  738338.7321676968
0.37059837272832397 -0.49625585021701024 0.6819883039567972 -0.023386001991711633 -5.658969433309647e-05 -0.005643592449644562 0.9997105789040709  738338.7321689442
0.37949705127289 -0.4831710799632156 0.6776628404518963 -0.035512926071288295 0.005857689078811766 -0.00587156293617939 0.999334800909684  738338.7321700456
0.3886086335292154 -0.46764125688411184 0.6732245510450429 -0.040905944631888395 0.004646368782610171 -0.0052103882357304706 0.9991386124083794  738338.7321711418
0.4012041893783583 -0.4430854164711817 0.6679700828170387 -0.040502504743862106 0.002151353864262427 -0.006199930620049433 0.9991578852445347  738338.7321723932
0.41293838539854405 -0.4190585320939388 0.6655640974499275 -0.03689231187681874 0.0013633017739746811 -0.006441494745956748 0.999297556225419  738338.7321734626
0.4283766322987257 -0.3851944795552659 0.6631729475298611 -0.03155462289403067 0.00203992471660152 -0.008722401693408275 0.9994618873123001  738338.7321747191
0.44294069230146993 -0.35273003734658337 0.6630444875003276 -0.011375836017075978 -0.004366157541554484 -0.008066330014182777 0.9998932249712152  738338.7321758083
0.4556591399707718 -0.32384480205462657 0.6648480729979925 -0.0074451114482122945 -0.0075875252010875775 -0.006824117152505362 0.9999202124179386  738338.7321768961
0.46995276201964703 -0.2913851281154649 0.6692679331145767 -0.0016306897702374375 -0.010890190862676098 -0.005763276101429803 0.9999227616383309  738338.7321781584
0.48053357880945646 -0.26780097255187724 0.673957121528288 -0.0009210502983256465 -0.007433226173359453 -0.004428033470985662 0.9999621449507894  738338.732179241
0.49247854875212976 -0.2424092976562264 0.6788471891477094 -0.0029895589972580676 -0.005965942944184667 -0.005046828117247699 0.9999649991813432  738338.7321804968
0.502205715338617 -0.22364864129380016 0.6814017970831416 -0.011719157311622814 -0.001630181658383725 -0.007652843345222515 0.9999007139953444  738338.7321815853
0.5138017278619729 -0.20111016863616601 0.681903293370302 -0.022664108466344045 -0.002109456666851707 -0.01151028917045098 0.999674647884605  738338.7321828435
0.5244458671738135 -0.1799896716758303 0.6807429806830902 -0.022745379392429408 -0.003987789476368617 -0.012164797066162115 0.9996593234516076  738338.7321839194
0.5344408861961203 -0.1596533126015894 0.6802304185580029 -0.024182851998209007 -9.204232434992405e-05 -0.010294757681517271 0.999654539909524  738338.7321849966
0.5468356327018732 -0.13360065658913775 0.680341539445267 -0.020043823492052904 -0.0029884492207530085 -0.008523596243782109 0.9997583021001364  738338.7321862559
0.5573514759041217 -0.11118833909447201 0.6811745043523326 -0.021663533475134757 -0.0019229271692364424 -0.006831985642292711 0.9997401250528345  738338.7321873339
0.5698882737832272 -0.08362708304482033 0.6824083860582452 -0.018536185146869926 -0.0043274182309284 -0.0037023692709319345 0.9998119701991156  738338.732188599
0.5802344438139625 -0.06071737660408348 0.6838732361475091 -0.020054369711779502 -0.0005958669129869078 -0.002635559516802498 0.9997952395486381  738338.7321896871
0.5924691497954487 -0.032413555435003405 0.6849127469781962 -0.018881022692572635 -0.0007445987435095907 -0.0028314982250882497 0.999817450924215  738338.7321909368
0.603794135191945 -0.006262686070448218 0.6849693132078941 -0.016948534363273902 -0.0021840452338998096 -0.003318052487445092 0.9998484723482073  738338.7321920355
0.6139618400631259 0.01776963730147191 0.6841198012908042 -0.01787185537459636 -0.0018336426282550245 -0.004937954224728969 0.999826410507472  738338.7321931112
0.6267741169021076 0.046922375874751836 0.6824461085988824 -0.01810314283590745 -0.0004069463029316604 -0.006806281153467256 0.9998128750676445  738338.7321943761
0.6373561454693693 0.07071320172635369 0.6804260355481864 -0.015029307594783142 -0.0007471552634604295 -0.007191791168495261 0.9998609102330296  738338.732195448
0.6507502333228739 0.09921306383456675 0.6780280006642756 -0.008696575562087274 -0.001719875998919157 -0.00505434383616559 0.9999479312486361  738338.7321967126
0.662695984089645 0.1236831365241283 0.6766200115333036 -0.009306470534895545 -0.0036067377648609012 -0.004413126598123819 0.9999404509082067  738338.7321978055
0.6732676364416679 0.14442383402918166 0.6755345873826574 -0.01506352719819516 -0.004550903580313486 -0.004265016849344426 0.9998670856950072  738338.7321988855
0.686107348378927 0.16967149517211308 0.6720422561001824 -0.013631159501878869 -0.006532749980743014 -0.004677492028976837 0.9998748100320571  738338.7322001357
0.6954124309745134 0.189451466977731 0.6685888912732623 -0.0006801883300853745 -0.013739561301171096 -0.0031287532071903237 0.9999004813992518  738338.7322012052
0.7041253655910474 0.21040916140505256 0.66558522960627 0.002266161313910848 -0.020114240147753423 -0.0020746155864154233 0.9997929674819415  738338.732202476
0.7079309511381443 0.2238777101880954 0.6635824520800677 0.013968293776694295 -0.027287154963590802 0.0016697162418483024 0.9995286439070332  738338.732203559
0.7079380779494261 0.23395200017718173 0.6614204669433749 0.021346246699403968 -0.029538420455647196 0.004289690733422081 0.9993264821980078  738338.7322048162
0.7036141105904867 0.23602093802787302 0.6600735816262592 0.021370883354698278 -0.028975699104626496 0.006286521175312589 0.9993318637257347  738338.7322059002
0.6946993721604915 0.23231603599652 0.6583141546015636 0.012856144427096804 -0.026404699253885763 0.005343290967546881 0.9995543810365786  738338.7322069764
0.6806630301345541 0.22268561376959414 0.6557307741930823 0.00383117107203193 -0.02085960352451119 0.004328540709086807 0.9997657039548551  738338.7322082365
0.6673423914905928 0.21237008633115903 0.6533528195989726 -0.0036221499851644473 -0.016833768964535 0.0026378472609030275 0.9998482614945939  738338.7322092947
0.6494214533210689 0.19820462827989524 0.6510966157332236 -0.010853695279258491 -0.012826202704977257 0.0007378942311503002 0.999858560664987  738338.7322105541
0.6342864177272465 0.18635319737986372 0.6492939348677831 -0.012188126123595008 -0.009744707142224265 -0.0018306042122671889 0.9998765619577877  738338.7322116417
0.6162062241820196 0.17291084791450545 0.6464765447250547 -0.014314418604216707 -0.009887997908627669 -0.003941455296296264 0.9998408822645379  738338.7322129033
0.6017429368638127 0.16281343023252345 0.6452841558081166 -0.013771779588291903 -0.0074712361874212175 -0.0046294155625552745 0.9998665347076842  738338.7322140001
0.5863800505885682 0.15253960982112671 0.6460724982810112 -0.015883495412893366 -0.008248493192085475 -0.003908430618272536 0.9998321864711253  738338.7322150803
0.5699078180449566 0.1423122296364285 0.6473407177530628 -0.012200843694064567 -0.010418046133233202 -0.0023540538096745206 0.9998685224361151  738338.7322163411
0.5563606499666675 0.1342174581447729 0.6478556953434754 -0.006397715253242053 -0.01215450023570248 -0.002759867213818564 0.9999018554320823  738338.7322174178
0.5391673427288558 0.12284852596793411 0.6482799623982118 -0.004936049224525972 -0.01789380462759023 -0.003749598328795591 0.9998206777649558  738338.7322186643
0.5244586490828176 0.11287135065569139 0.6481253880257505 -0.004949128624886378 -0.016437044368812107 -0.005307479152917513 0.9998385671513744  738338.7322197435
0.504975894193541 0.09914232207909808 0.6487662082237452 -0.0031445286434385925 -0.018940569257543498 -0.007461910112019626 0.9997878208266447  738338.7322210002
0.48796006954282356 0.08700385551480849 0.6494329078058202 -0.0030545792869858695 -0.017546778027942633 -0.010559071113373824 0.9997856200923478  738338.7322220812
0.4658843589381044 0.07133711823083058 0.6501238414833377 -0.006627468312894467 -0.018392373023794116 -0.013701653177372422 0.9997149903740177  738338.7322233447
0.444175697701437 0.056967657435768856 0.6486333957246059 -0.007022381496114555 -0.01961061443312037 -0.017392584952973175 0.99963173616504  738338.7322244316
0.42373640297754234 0.044019468156835675 0.646645058308247 -0.008111736626900297 -0.019310338522885488 -0.0219819023993421 0.9995389469760212  738338.7322255229
0.3974457091194667 0.029332194730002092 0.6424380281346166 -0.011199222571097813 -0.01754048528523887 -0.0244636347681788 0.9994840865985264  738338.7322267814
0.3745016180108392 0.017933297282236645 0.6387209456783627 -0.010931707680213574 -0.014497689501429989 -0.027052480113917567 0.9994690981145944  738338.7322278811
0.34561588237120733 0.0057244120853543546 0.6333007002347578 -0.006878191841796848 -0.011046746359323697 -0.0326264689230796 0.9993828962902415  738338.7322291385
0.31894104656917416 -0.004649825393519626 0.6280448087227427 -0.007175066604450709 -0.009200831065301762 -0.039528213893491544 0.9991503307477408  738338.7322302427
0.2950718010344411 -0.012701980522073072 0.6222546831695672 -0.006286010271641686 -0.0046308301913653375 -0.044774537940676824 0.9989666071690297  738338.7322313405
0.2633120979983084 -0.020185638708503126 0.6179480441343846 -0.003553117311910812 0.002871844386022923 -0.04935130602940723 0.9987710330503093  738338.7322326038
0.23870926742574966 -0.026974280549727378 0.6119617783252969 0.008597009995973988 -0.005310844286370464 -0.04587968871660065 0.99889586069588  738338.7322336896
0.21750602614849085 -0.03283632737604454 0.6088689253784421 0.0002565018207902757 -0.010591984195756255 -0.04734629530180813 0.9988223427611173  738338.7322347618
0.19144808853606435 -0.04026465759164106 0.606540387488384 -0.0015927741242584518 -0.013124830603554705 -0.04333574280240336 0.9989730803620192  738338.7322360246
0.17003350880405657 -0.04761791039681666 0.6070184151098225 -0.002926673013960162 -0.010730751404635983 -0.03372663596409053 0.9993692008391628  738338.7322370979
0.14215660910555783 -0.058612159843596315 0.6082474685848525 -0.001376505960142137 -0.010242286018458944 -0.019663128934385207 0.9997532506418609  738338.7322383681
0.11849126933662787 -0.06999300417328239 0.6105977867155371 -0.00014464153878847283 -0.012624981349739973 -0.008874114032150918 0.9998809124215186  738338.7322394373
0.0887118019980457 -0.08659289637936227 0.6141774808102766 -0.0017368571066877908 -0.008265216338759734 0.003190136132007 0.9999592454483951  738338.7322406836
0.06404333908297291 -0.10255303083194024 0.6170119666550007 0.0021325847337287564 -0.0069589516764299785 0.01131372205316838 0.9999095082892363  738338.7322417697
0.03396899541811682 -0.1261240093048652 0.6208746638618927 -0.005260794624116492 -0.012594889073174857 0.021083069639544608 0.9996845487371161  738338.7322430165
0.006421124820078217 -0.15027431984675987 0.6259000857694746 -0.008805222095535883 -0.01441535708926295 0.02689211288842613 0.999495612700843  738338.7322441173
-0.01781752644953274 -0.17449265746969278 0.6321240870999639 -0.011515932270834006 -0.008846542484639897 0.028189442660358655 0.9994971122081842  738338.7322451918
-0.045697166398325925 -0.20572334526193847 0.6396069549416202 -0.019398547069583445 -0.003593938550004249 0.023930487941635683 0.9995189401527933  738338.7322464676
-0.06614502345605369 -0.23197620668015215 0.6457965610582127 -0.019626555788738762 -0.0005010383124983076 0.01917493950340015 0.9996233635542549  738338.7322475447
-0.08781423790716864 -0.2643706336437273 0.6534621838994382 -0.02306284332979786 0.004006649806205107 0.013928990000445717 0.9996289487867202  738338.7322487833
-0.10270364178352308 -0.29070377926899305 0.6589934895324586 -0.026941953013256758 0.007209194701093933 0.008184574469330587 0.999577496455552  738338.7322498802
-0.11851498396765874 -0.319103895889985 0.665579750117151 -0.02098100810032307 -0.0002259308820698565 0.0035796877515092344 0.9997734403803356  738338.7322509723
-0.13196534212607802 -0.34598667336217104 0.668798770072512 -0.009525206948102227 -0.010367540382408712 -0.004399708880695211 0.9998912076325005  738338.7322522425
-0.14754212319995483 -0.37230329569206577 0.672057721568174 -0.020828218420441923 -0.020720171629834774 -0.010362979232896231 0.9995146164346368  738338.7322533228
-0.16724794978403748 -0.39939483656622365 0.6754718224199172 -0.02842314260497146 -0.024626101483357556 -0.01836667516914839 0.9991237887936709  738338.7322545877
-0.18641391740695432 -0.4189111348586412 0.6787088844282082 -0.03625439639509056 -0.030142018885274673 -0.023690183704891284 0.9986069560320396  738338.7322556651
-0.2102304223177445 -0.4380932605140081 0.6815894507227419 -0.03170813233361119 -0.019365960796496134 -0.024736335303312092 0.9990033371426269  738338.7322567486
-0.23895978750689553 -0.4552828444831066 0.6840029494766798 -0.032574357147950574 -0.011918029599915747 -0.028136143434722472 0.999002116744241  738338.7322580067
-0.2632759159988417 -0.46648355031044897 0.684141290685827 -0.029319801797438 -0.007616112560984334 -0.027981791048612176 0.9991493198825335  738338.732259106
-0.292953246195591 -0.47835786849711787 0.6843569916239589 -0.02162249896009734 -0.000857652952699462 -0.027174651358493104 0.9993964530123557  738338.7322603381
-0.31633799479994035 -0.48798131704800557 0.6841382489010812 -0.009463856803049975 0.0025118260586393846 -0.02341346095905586 0.9996779161260797  738338.7322614093
-0.34241949372154096 -0.5017938625607641 0.6814911657728204 0.0005308440076206802 0.006674081428251278 -0.016121159683577895 0.9998476299177717  738338.7322626641
-0.36253991424763465 -0.5163635482628689 0.6797807529830826 0.004035516473783259 0.003110612925881196 -0.01137312211317752 0.9999223423783539  738338.7322637361
-0.3828298228665445 -0.5378583699436259 0.67143764585378 -0.009079390883556507 0.0013270812503511336 -0.006221338309102172 0.9999385473448767  738338.7322649991
-0.3972244709089975 -0.5596809943681654 0.6596465894257223 -0.02610279874213853 0.01945263940178503 -0.00013937187700123908 0.9994699691804709  738338.7322661001
-0.40662459844617405 -0.5793776100841121 0.6448341644077022 -0.022351052284532814 0.008929384122002353 0.01184960334014268 0.9996400769585306  738338.732267185
-0.4144314284295343 -0.6009661337193216 0.6233668500428187 -0.033243951265311204 0.027182839589735584 0.02623646991648804 0.9987329876310432  738338.7322684345
-0.41590511385389634 -0.6158205169311756 0.6018015119682552 -0.03729347451343786 0.028162152353397998 0.03549985513969182 0.9982764397793832  738338.7322695149
-0.41564176282559423 -0.6275341544760861 0.572276088198971 -0.03972191081617341 0.014412209986590988 0.04344084504753177 0.998161986345889  738338.7322707964
-0.41259149529146494 -0.6325516804913799 0.5424277029955576 -0.029345714089751493 -0.010129471788899256 0.059910859149125015 0.9977208586683223  738338.7322718828
-0.41073301360291203 -0.6310718735630843 0.5168252216859682 -0.03596671475011103 -0.008245250958888338 0.06794581787977826 0.9970064077524061  738338.7322729734
-0.4094050733549959 -0.6225088500392215 0.48540841223439574 -0.0320373085419079 -0.01009149618375481 0.07576369088006127 0.9965599007136473  738338.7322742569
-0.4095153999554069 -0.6100974782079639 0.45959993964711837 -0.027493109632562275 -0.0024137975440688937 0.074000551326387 0.9968762314889141  738338.7322753372
-0.4112923633932383 -0.5922101470032591 0.4315705997151752 -0.018534505534097422 -0.011730199406382516 0.06701753528062179 0.9975106638484642  738338.7322764302
-0.41531580519143957 -0.5701606040922588 0.4017900899105041 -0.009082172958009836 -0.003876305917367917 0.052566520654560585 0.9985686001938322  738338.7322776959
-0.41988437323854066 -0.5514765849988404 0.37495934367483685 -0.0001648442957350767 -0.007502261059408591 0.03882508063998805 0.9992178451262033  738338.7322787826
-0.42583156201655187 -0.5314364847017982 0.3438039905110305 0.0076497581355022895 0.002940061559167333 0.028169603753437987 0.999569562693298  738338.7322800531
-0.43101153913161105 -0.5164497782265061 0.31579235820303214 0.007183100874405608 -0.0014374399440534953 0.023901812701165814 0.9996874712518077  738338.7322811217
-0.4363799899673928 -0.5013740000104802 0.28216988294386475 0.012047320208157533 0.002909753091195583 0.021528022482281636 0.9996914222202533  738338.7322823795
-0.44064407076877027 -0.49252635750382345 0.25204457575094735 0.0219284510227654 -0.0029355806148931925 0.031688567902272945 0.9992529009547577  738338.732283459
-0.44374004779482196 -0.4870483392223229 0.22625404642778363 0.00894970860461452 -0.005415301098452227 0.04275277268269529 0.9990309192701933  738338.7322845486
-0.4488431896011056 -0.4819469773825404 0.19334083015299 0.009581572497431664 -0.0037121395637932696 0.048419623528983324 0.9987742255112749  738338.7322857836
-0.4526045820294397 -0.478024771294058 0.16627611914572757 0.0038952887453717246 -0.0017731450337711632 0.04802783249651875 0.9988368285100254  738338.7322868721
-0.45663194996447126 -0.47234593182072243 0.13280553699860054 -0.004563714013265215 0.004639690321473088 0.043162696427291994 0.9990468594741947  738338.7322881425
-0.45847653044247305 -0.46614676071945416 0.10569372186612389 -0.006036471691563176 0.013186094201949952 0.03600030997051194 0.9992465489613869  738338.7322892189
-0.4575755106593391 -0.4568211018157763 0.07370886186405069 -0.004083121572111086 0.012450382115684562 0.028784228317730837 0.9994997670352673  738338.7322904848
-0.4536591849212275 -0.44666436289492695 0.048699315136798815 0.00313261515528316 0.01766682931167942 0.020617340274118504 0.9996264277940945  738338.7322915596