-0.15817506753185342 0.03548451473100022 0.021114952926268943 -0.005746265270872585 -0.004554690259125219 -0.7828452394390222 0.6221732606916985  738339.4031698988
-0.1581765662718666 0.03548497835134028 0.021113949152891748 -0.005627790093117569 -0.004519290242800076 -0.7828615346906054 0.622154097869844  738339.4031709835
-0.15818132101527443 0.0354891783421763 0.021109401734741205 -0.005686745699582602 -0.004589181129038394 -0.7828387104124215 0.6221817691155296  738339.4031722546
-0.15817827505320486 0.035487957108057355 0.02111917062252242 -0.0057504098713665065 -0.004575542930390853 -0.7828486461762493 0.6221687828662068  738339.4031733226
-0.15818567317681437 0.0354867274225298 0.021113737479921423 -0.005675373532338672 -0.004642863893285997 -0.7828413042692997 0.6221782110296684  738339.4031745801
-0.15817588734126367 0.035486458710791716 0.02112042841125276 -0.005786155428778037 -0.0044575921614003955 -0.7828283787524686 0.6221948084782276  738339.4031757411
-0.15818180685303346 0.03548531747740166 0.021111360189715725 -0.005672604091273322 -0.004588299653998548 -0.7828603296087444 0.6221547021392645  738339.4031770071
-0.1581777531628051 0.035486711185415507 0.021107139582390907 -0.005686301798434734 -0.004596220676907959 -0.7828184185280094 0.6222072519190472  738339.4031779992
-0.15818110467839666 0.03548760950718602 0.021112246406709896 -0.005676282104791629 -0.004613126745122106 -0.7828286961882162 0.6221942874274545  738339.4031792
-0.1581782234321976 0.03548106193208488 0.02110958694690023 -0.005627218773669784 -0.004654556655018846 -0.7828365907953968 0.6221844916285353  738339.4031803597
-0.1581933088582374 0.03544687598012851 0.021136056119087976 -0.006175482467187714 -0.00525188059057168 -0.7827398897216211 0.6222961884867562  738339.4031814416
-0.15823203238679726 0.0353111458905498 0.021564006923180112 -0.004243608348301064 -0.0024045965661212785 -0.7829416836903702 0.6220759838183987  738339.4031827917
-0.15853791111113485 0.03495336245495838 0.021800703253267648 -0.004074913090193739 -0.006221874328243753 -0.784001226554 0.6207147171809081  738339.4031838297
-0.15875574737210701 0.03487591047047453 0.022221338738904372 -0.003992531572108967 -0.006748431884046068 -0.7842121138134619 0.6204432922572167  738339.4031848849
-0.15895613849109327 0.034808745129267515 0.02255428820705042 -0.0020382361045335126 -0.006844248699997491 -0.7838285885724555 0.6209361847966561  738339.4031861513
-0.15958389625215064 0.03488839575756788 0.023476709724169154 0.005536509849373039 -0.005500244591408227 -0.7790282578545894 0.6269402426325541  738339.4031872593
-0.1641327897531511 0.034809135468361535 0.027224167123980115 0.037959408445137115 0.011773762308376018 -0.7527524267254964 0.6571029187961941  738339.4031883444
-0.17561518971457027 0.03364562762655708 0.03455616594794005 0.05278386387651486 -0.008069083736801631 -0.6965919863517723 0.7154777132464759  738339.4031896142
-0.19244653231041314 0.027797874983925636 0.04524912226287933 0.015004519976490344 -0.001229645152714648 -0.6009495609114078 0.7991451542701486  738339.4031907686
-0.21429444829357214 0.018361798242384587 0.0651613406955152 0.009198225319094418 0.01508941181893872 -0.4606786540428783 0.8873910524741501  738339.4031920498
-0.22952882549713907 0.009541331150418355 0.0853242388839212 0.00612147779172447 0.016471978138346437 -0.35474981901771996 0.9347961100436556  738339.4031930772
-0.24446523996122516 -0.0023548273085664396 0.11763237961650885 -0.00877063307180742 0.027376114469524208 -0.22717126600146256 0.9734304496240931  738339.4031941394
-0.25331180803255676 -0.014424226188741285 0.1611120882179444 -0.008702530916623515 0.03170186081483016 -0.10565035157198802 0.9938597794403583  738339.403195432
-0.25320143590751826 -0.022103961305209183 0.2017889969637962 -0.009847774243815503 0.03629601148031684 -0.024906603464126806 0.9989821229616396  738339.4031965171
-0.24613879739969877 -0.02767492256244777 0.24527230187549912 -0.007454994441347716 0.02855920527181249 0.03519692316014572 0.9989444286106114  738339.4031976021
-0.2281555782529457 -0.031192378986629205 0.3056270366848617 -0.01571467932852858 0.019110712240911324 0.08579107277865956 0.9960058842008582  738339.4031988768
-0.21098532328195888 -0.03035646627579827 0.34854227238067287 -0.014149700961803076 0.006295509700871625 0.10383496935213317 0.9944739572557642  738339.4031999371
-0.18884561633458002 -0.025113647666190262 0.39384048145281014 -0.01404280266703771 -0.012571686147568149 0.11328553156671654 0.9933836825407936  738339.4032012072
-0.17059010091842827 -0.01664831509446638 0.4271823651340672 -0.012220540547911777 -0.0243837628355411 0.11425799231047791 0.993076634349976  738339.4032023496
-0.15521924072680923 -0.0035299664677996144 0.45519786934942924 -0.004553491007654664 -0.03135911377415457 0.11077160439749202 0.9933405877956203  738339.4032036309
-0.14776102352686307 0.007682615982065997 0.47071376030788264 -0.001203799736715401 -0.029873547089473523 0.10772674435704464 0.9937308843951258  738339.403204639
-0.1416408291045725 0.02378403881952538 0.4861222161294661 0.008356513085178041 -0.02165683400900768 0.10042013125222858 0.9946742921524858  738339.4032058826
-0.13876909975577004 0.037169349254476236 0.4950698538554548 0.022999226587040556 -0.011541385330377555 0.09378111162203842 0.9952602348652279  738339.4032069908
-0.13594534240813877 0.04699557193124983 0.5014233440827002 0.038575039862025755 0.0033665436722907665 0.08992982202920294 0.9951950862987325  738339.4032081463
-0.12943078941448696 0.05070028595477788 0.5069518483527623 0.05821241706329401 0.01591574667260229 0.08895122915117128 0.9942060562780729  738339.4032094105
-0.11912540285095094 0.046494465894653815 0.5102208436220214 0.06772572203289645 0.024922307203289976 0.08703749202127577 0.9935877314869755  738339.4032104609
-0.10490019484416381 0.03629554596871972 0.5122584427839064 0.07066736696030979 0.030160829904357568 0.08244249927991995 0.9936295496304736  738339.4032114883
-0.07693606187869469 0.011251362822073473 0.5143600872154042 0.07719653127351302 0.025458356817868105 0.07308594021642477 0.9940075517671648  738339.4032127582
-0.044224861636780584 -0.022620995582345708 0.5166138089526338 0.07128075525364323 0.01700016345909151 0.06430665594146286 0.9952360033552146  738339.4032138201
-0.003300610925551108 -0.0712762253333262 0.5201355313585233 0.060422441022222446 0.0008799764158140694 0.05739028895374346 0.9965213038346092  738339.4032150875
0.03497737605362709 -0.12316344157489145 0.5248494922789697 0.04115269020124016 -0.01220479854917073 0.05414951301485726 0.9976098081022604  738339.40321624
0.0744077945403743 -0.18404707306931517 0.5310864946139969 0.017044389267295585 -0.03209028389336549 0.05162767044168732 0.9980051533528835  738339.4032175175
0.10197100611038976 -0.2328157218798992 0.5359697391271444 -0.007915609977602893 -0.03727755691898808 0.04906110782826936 0.9980685019413733  738339.4032185547
0.12846281279048852 -0.2870324359892478 0.541558560579081 -0.02432886389974585 -0.04235867559922297 0.0440622536936538 0.9978338372606251  738339.4032198262
0.14380996050065778 -0.3243210703681036 0.5451144470939727 -0.03876526485450116 -0.03660394318625031 0.038639533974986956 0.9978298412044881  738339.4032208675
0.15545859274862348 -0.356660571026348 0.547148568036992 -0.0408229293555011 -0.02911788708074575 0.03352550148797618 0.9981791812298875  738339.403222079
0.16250779478102378 -0.37914474638196394 0.5475799405572296 -0.036750529310407905 -0.024483025721537634 0.029672976093389498 0.9985837443783493  738339.4032231808
0.166300360398372 -0.3924206370704726 0.5478016794441692 -0.028197755227363053 -0.015592685306426267 0.02926422052464738 0.9990522309479907  738339.403224223
0.16890921201733516 -0.4016032374077314 0.5482593688822294 -0.006290596108554816 -0.009375695793392582 0.030405942103607867 0.9994738632969753  738339.4032254814
0.17123300659537405 -0.40790735952706375 0.5496865367544188 0.010936392371524026 0.0004882086939080371 0.03135580885112583 0.9994483329444594  738339.4032265348
0.1773104281780072 -0.4184912946853267 0.5519209457207724 0.03663862522046131 0.019256224289928767 0.029862651396866134 0.9986966661702641  738339.4032278109
0.18904273233874577 -0.432776207227269 0.55272264288615 0.04850425119369487 0.034850355652222845 0.02933054854676553 0.9977837988507322  738339.4032289741
0.20878016795858337 -0.45435431359609074 0.5520403829375978 0.04988446252491515 0.03557288797323109 0.027729093061401425 0.9977360409636591  738339.4032301288
0.23285595422227295 -0.4796108845262529 0.5507415592007403 0.041552620784560665 0.02242333818458971 0.02630233526430109 0.998538312119389  738339.4032312129
0.2665528432836468 -0.5156471222737001 0.5498988533968535 0.021771735627553242 -0.00025927711943403344 0.023141447834547073 0.99949507137117  738339.4032324633
0.29400931987585854 -0.5469276810157729 0.5499695597739942 0.016029471767247113 -0.026797959035568093 0.018113345970018305 0.9993482036428352  738339.4032335394
0.3237048189642324 -0.5876467951153542 0.5510834824002302 -0.00025253145542566583 -0.05032280663146699 0.012210399547378013 0.9986583287108206  738339.403234873
0.335910109649381 -0.6122267222889032 0.551874563614236 -0.019313470656331808 -0.0660928223988637 0.006380565843513336 0.9976061432539778  738339.4032358878
0.34127880092566354 -0.6390680301404038 0.5522526072425952 -0.03762447602152837 -0.06527696736099563 -0.0004090902027098051 0.9971575346862015  738339.4032370684
0.3352520326605799 -0.6530711362848131 0.5521005804453083 -0.047388282301317024 -0.06665520990454084 -0.004376639410284477 0.9966404962274936  738339.4032382048
0.31803886744418086 -0.6587756103415663 0.5516736025778102 -0.04385242773735129 -0.04362647029442412 -0.006649008903007385 0.9980628669336405  738339.4032393849
0.29365798451434194 -0.6527705857300647 0.5526556578199088 -0.0408146763361336 -0.025840909200273994 -0.008309284684140389 0.998797960247876  738339.4032406653
0.2715057076480293 -0.6407422651614618 0.5540461546312212 -0.029420827067642315 -0.011444516779402298 -0.008697542414492512 0.9994637515819621  738339.4032417017
0.24607279972097992 -0.6209019686474175 0.5562107262042464 -0.003214591494097635 0.008848467558527235 -0.006713139434589448 0.999933150156711  738339.4032429799
0.23074908060890886 -0.6057792912365263 0.5578692883759347 0.009982711870061667 0.013150169620690174 -0.002768069183121579 0.9998598683293894  738339.403243953
0.212942617144271 -0.5854581206931533 0.5592744065234134 0.020191523330978074 0.00496793545731201 0.006909730119924208 0.9997599099946629  738339.4032452891
0.20271583178291266 -0.5732838743989985 0.5590434956447282 0.022556420275743446 -0.00625228880729548 0.014126992153581664 0.9996262025785974  738339.4032463293
0.1934685189147367 -0.5640763107537689 0.5578879318918591 0.021806140310754143 -0.016913451064358244 0.022017875774718133 0.9993766259845236  738339.4032473912
0.18168382573771022 -0.5564019877476204 0.5548122323704525 0.019354996142697856 -0.01805392022835426 0.029314943550678003 0.9992197326781157  738339.4032486489
0.17125249880364074 -0.5525351006433968 0.5519922035818937 0.011812732524089084 -0.018468170677403504 0.032772615384654466 0.9992223684961192  738339.40324971
0.15569357098355482 -0.5497240345998078 0.5483867369526194 0.0029078075371941794 -0.02489482774327101 0.03222977239805016 0.9991661693522902  738339.4032510804
0.14156618491701234 -0.5483109223168883 0.5460338407271165 -0.0026921278275944256 -0.0350135524643548 0.029285491087787878 0.9989540347800457  738339.4032521183
0.12390043646770035 -0.5468504912852618 0.5437197957395707 -0.0038000093297226247 -0.04568533642768361 0.026981807673272573 0.9985841937559727  738339.4032531696
0.0988671104427269 -0.5448683039533122 0.5413210371330228 -0.005263920513219662 -0.041930891863519316 0.022779263472240914 0.9988469335208586  738339.4032544305
0.06575815874201109 -0.5417363706210963 0.5383724840000831 -0.0023055123198293184 -0.029392282915075566 0.016516192552850414 0.9994288337353193  738339.4032555876
0.030108398187627203 -0.5372803772133248 0.5372921795910836 -0.008657825399335635 -0.011560642852091595 0.007689758665848769 0.9998661216422237  738339.4032568632
0.0015781701492418065 -0.5325374826525189 0.5373232021131701 -0.007166571742561883 0.0013581909501383272 0.0027721070379820097 0.9999695550312377  738339.4032579147
-0.02975468927059882 -0.5255146108044945 0.5377141207440954 -0.0018508901787979847 0.005372758127859189 -0.0012419580778788193 0.9999830824647877  738339.4032591834
-0.052738285175890555 -0.5188813187565391 0.537982869761554 -0.0070794903363353085 -0.0010987493873958866 -0.0022656674232877003 0.999971769760271  738339.403260214
-0.07200587065921459 -0.5121460680950285 0.5380638982108629 -0.009342296345235625 -0.014225122847888589 -0.003772247214346665 0.9998480572216532  738339.4032612602
-0.10230487531488446 -0.5009051187021283 0.5377802921969299 -0.010211463901319474 -0.03152429856624781 -0.005406169051849557 0.9994362000353404  738339.4032625383
-0.13136204290121128 -0.4900507265704688 0.5366123966755683 -0.008208786382691732 -0.03529512477884223 -0.005355708835534915 0.9993288679788243  738339.4032637429
-0.16313321770570957 -0.4783245996641247 0.5349064920310206 -0.004295267565674337 -0.02531224257569095 -0.004016568336790826 0.999662297093936  738339.4032648387
-0.19662824637890186 -0.4665362429891858 0.5325960196496368 0.003897239568646562 -0.010107692031386391 -0.0031498780840058345 0.9999363601517844  738339.4032660127
-0.22847464900642114 -0.45590957062342863 0.5305637959949642 0.009030451627052303 0.00516926666674588 -0.0034285267614769656 0.9999399856140295  738339.4032671668
-0.25651019650685314 -0.44667610094929483 0.5287840736341618 0.008407038075696094 0.012623171735042613 -0.002487266694200396 0.9998818884000917  738339.4032683255
-0.2820788029353187 -0.43696152539980393 0.527297669211901 -0.007545265239271599 0.005708071187119869 -0.0007042003576692337 0.9999549944860759  738339.4032696494
-0.29819386468627773 -0.4288963080652802 0.5262519556264932 -0.01881659908547947 -0.004883270353482781 0.0008113296919421866 0.9998106975891197  738339.4032705278
-0.3191144954114831 -0.41396779938829886 0.5252818569160678 -0.028419416914984716 -0.01955888588729446 0.00041404711348921137 0.9994046304125511  738339.4032717921
-0.3373764821586505 -0.3972841706910504 0.523897574157046 -0.03159376880875433 -0.028023572427027868 0.0007608007019458656 0.999107568955004  738339.4032728454
-0.3621581984616081 -0.37142368593691977 0.5216023330644849 -0.026454879353637262 -0.02421941105817323 0.00040178635280409156 0.9993564919757646  738339.4032741181
-0.38413444678631753 -0.3474438659681157 0.5194266953852082 -0.012609538541911613 -0.015537786814408813 -0.00021815472991325936 0.9997997445124618  738339.403275202
-0.4059684827094044 -0.3230379104497497 0.5179752262294688 0.0028501220075977905 -0.00444171321495582 -0.0008327742806079173 0.9999857271357705  738339.4032762959
-0.43185807472614335 -0.2932053997643661 0.517573936827291 0.014309910996119746 0.007796829227670205 -0.00269204308233597 0.9998635850981475  738339.4032775785
-0.4472313924947084 -0.27385468657176465 0.5187843089189421 0.006331023216410841 0.014836633272523546 -0.0016932747047894799 0.9998684539872953  738339.4032786349
-0.459945970567023 -0.25433598186035955 0.5207046481090929 -0.0047453166901280245 0.013279585014143102 -0.0006747303197786772 0.999900334698593  738339.4032798866
-0.46964882375856076 -0.23248082552981297 0.5225091080558841 -0.01571780598925444 0.005423916542774825 -0.001158973317971411 0.9998610845937898  738339.4032810633
-0.475328465382051 -0.20917735778371696 0.5240787418145519 -0.010965374840812158 -0.0046620596631974836 0.0002943653955333878 0.9999289670288142  738339.4032823257
-0.4781614039914302 -0.1914816430094482 0.5247234946851872 -0.0029883026666990787 -0.0019402798054444057 0.0005802546064787167 0.9999934843117931  738339.4032832845
-0.4798902480516151 -0.1665894303016877 0.5244588677350862 0.011544146476582017 0.009495511925013633 0.00041210281954449484 0.999888192802913  738339.4032846523
-0.4777933900687058 -0.15095473718498786 0.5233199592237269 0.01919585761058823 0.015108747937463278 -0.0009726614916572073 0.9997011046887859  738339.4032856864
-0.4704070012429841 -0.13665323413909553 0.5212162366947934 0.01913347729697107 0.019207738209001558 -0.0020810798820112366 0.9996302526164089  738339.4032869913
-0.46035580720068925 -0.12923327359864517 0.5193080338008794 0.017572407299261922 0.0109199748038152 -0.0019445740306398126 0.9997840683286728  738339.403287993
-0.4482966659137879 -0.12468193286434757 0.5175107802437794 0.009691591441612198 -0.0001544289461907518 -0.0019320323412689228 0.9999511570362133  738339.4032890595
-0.43359008619487727 -0.12177548536904015 0.5161603499805195 0.0025488132534566884 -0.017635920586861743 -0.0008639166881625265 0.9998408530881346  738339.4032903374
-0.42264762108032283 -0.11970201739788121 0.5153793354557215 -0.0059119044642169305 -0.02808600602400036 0.0011018496786002854 0.9995874206784074  738339.4032914663
-0.4168131781933034 -0.1171983677590556 0.5144040178937591 -0.010500076808187014 -0.0327019063096177 0.001350774386742556 0.9994090799664046  738339.403292509
-0.41460492029074486 -0.11233282236494813 0.5133887594028814 -0.014723672193571154 -0.03279896067275424 0.0029781588374013807 0.9993490742607724  738339.403293768
-0.4166497247076369 -0.1050416705208527 0.5119242365716397 -0.014436943936362547 -0.02542855406666234 0.0033325223009696044 0.9995668349755161  738339.4032948343
-0.4221441411918381 -0.09416439885188765 0.5102747548756459 -0.012089522395609871 -0.014877464428150113 0.004282500213191972 0.9998070637339782  738339.4032960909
-0.4280449876550831 -0.08243646390069884 0.5090018668479249 -0.009748358555544958 -0.0006596032561999301 0.0033387736239514957 0.9999466920889858  738339.4032972585
-0.4316261709074375 -0.06945274677808545 0.5084249220830731 -0.0066098080683757365 0.007182442179623002 0.0029674807501088416 0.9999479571555878  738339.4032984253
-0.4323083095459496 -0.05744782377515226 0.5083726258306442 -0.004107232834645653 0.014543347572750992 0.0019943154575481265 0.9998838154434124  738339.4032994963
-0.42821335940997757 -0.04312498104632448 0.5091180810514929 -0.0020382947479737528 0.01655840676720682 0.0010141993999380867 0.9998603082028156  738339.4033007721
-0.4196615678052004 -0.030217138585418843 0.5098595312970411 -0.0018342902113014782 0.01660835442592724 0.0001222857571348841 0.9998603817478104  738339.4033018876
-0.4057512266535081 -0.01630506680877586 0.5108794759290738 -0.0053827968671045796 0.008866772385804453 3.831464889178649e-06 0.9999462014681919  738339.4033031655
-0.3920521771853628 -0.0049901717539053165 0.5112499295387128 -0.003953057157696309 0.004154054374953892 0.00036551610812957157 0.9999834916484035  738339.4033041887
-0.3738838390760886 0.008344401713883388 0.5115123038557531 0.00018615011735483548 -0.0022262430588522414 0.0003683137617659431 0.9999974367641897  738339.4033054871
-0.3571728480425639 0.019745779264780498 0.5110250698848741 0.0011792737150585827 -0.007923919320173589 0.0019003095250008516 0.9999661042454497  738339.4033066378
-0.3441697053493765 0.028243516338376715 0.5097610385108106 0.005994983289224906 -0.010665939007061084 0.002285267647507116 0.9999225347356858  738339.4033075767
-0.3279268473710726 0.03761815958372602 0.5081428850703625 0.010640755212214248 -0.011442220842135708 0.0028420729600636347 0.9998738783126616  738339.4033088365
-0.3141357849224836 0.04378495962820489 0.5064538061305237 0.013393083192523351 -0.010641742530114325 0.004505626158036138 0.9998435267437825  738339.4033099861
-0.3030048757051354 0.047321474392885254 0.505342846187892 0.010853623138226664 -0.009640669794297787 0.005645613278625354 0.999878684341955  738339.4033110259
-0.29045136100559477 0.04943448627346526 0.5045439889651359 0.008647959282000683 -0.011728643899774766 0.008351465137971916 0.9998589424226692  738339.4033122946
-0.2811932261087767 0.049746858313662524 0.504644849584121 0.00311789936634585 -0.012556071316752179 0.011631048431475773 0.9998486597925782  738339.403313376
-0.27194656507525317 0.04956372232692614 0.5054539112130562 -0.0011725679009474768 -0.016550634520941066 0.014680866925694746 0.9997545567426948  738339.4033146342
-0.2657302138853935 0.05019202267283236 0.5066419926955128 -0.004672649873044831 -0.017374166935073924 0.015117723553480148 0.9997238414187374  738339.4033157771
-0.26146998057744475 0.05146027029365461 0.5082851794069712 -0.007343241186107362 -0.01546188434634562 0.014848756576297743 0.9997432277187382  738339.403316816
