-0.0860167165487438 -0.09639113320867626 -0.03693341310525344 0.009508095780477696 -0.006500868567818111 -0.013390155182056654 0.9998440071164569  738339.3794914956
-0.08601550743991956 -0.09639411162900069 -0.03691473954927837 0.010179958816834415 -0.006239683871270389 -0.013239779215626015 0.9998410588838587  738339.379492644
-0.08601942208567676 -0.09639925167568159 -0.03691859993402757 0.009881672609009072 -0.006434909263635657 -0.0133662948005404 0.9998411307065349  738339.3794939163
-0.08601599293286298 -0.09637634484783254 -0.036946903145533845 0.009275914983935516 -0.00639478925566479 -0.013368371119991616 0.9998471636831224  738339.379494957
-0.08603802782754578 -0.09639183225821978 -0.036847298671375726 0.01158955436136566 -0.005664291490643146 -0.0128561966964481 0.9998341443650123  738339.3794961607
-0.08604505255114361 -0.09640916172603667 -0.036783951314234745 0.012705012841696737 -0.005723571092886682 -0.01298879290859551 0.9998185408569971  738339.3794972374
-0.08603326826701041 -0.09641340655360194 -0.03681608541839793 0.012118423208343861 -0.0056444695920793 -0.012880841298243528 0.9998276690057227  738339.3794985389
-0.08604786005861936 -0.0964366048455487 -0.03673649512302556 0.013416912874138529 -0.005087481139007974 -0.012562786646786405 0.9998181236486241  738339.3794995908
-0.08603762622642781 -0.09643109392629642 -0.036825198104051604 0.011499718460734932 -0.0059833421729947565 -0.013140156884106151 0.9998296316717292  738339.3795008337
-0.08605337774660092 -0.09641867107149989 -0.036745799315169594 0.013805530344445762 -0.005103862882606571 -0.012650951443917936 0.9998116379314395  738339.3795019138
-0.08603291594586215 -0.09641762352799514 -0.036820374653358606 0.011831741012433668 -0.005671837367540711 -0.01286015730206896 0.9998312140154741  738339.3795030605
-0.08603629341039451 -0.09644678172965569 -0.03677756200844556 0.012632228995466352 -0.005692944587678428 -0.01283137813376127 0.9998216705531623  738339.3795042502
-0.08601769192539584 -0.09641709870142 -0.036895669480115835 0.010147693806370891 -0.006286028671145401 -0.013283763240102164 0.9998405131760458  738339.3795053695
-0.08605875401227502 -0.09646253404050285 -0.036649324323102604 0.0153308423559209 -0.00457681818438209 -0.012247548984688095 0.9997969871688116  738339.379506662
-0.08603282193560864 -0.09643417392567884 -0.03683814206799654 0.010550926698874712 -0.006213799278835512 -0.01318982948366314 0.9998380344048277  738339.3795077094
-0.0860345085215425 -0.09642395108197706 -0.036808776185898694 0.011830640801326392 -0.0059435620413663005 -0.012939487464956025 0.999828625151648  738339.379508801
-0.08602329865621555 -0.096408173616369 -0.0369045881856013 0.009798370207904418 -0.0066695210808881775 -0.013424544866898236 0.9998396326536256  738339.3795101204
-0.08605080206477679 -0.09645532727583851 -0.03669486044875608 0.014110065369587884 -0.005088502821527669 -0.012510710291304983 0.9998092294644556  738339.3795111352
-0.08604912138597866 -0.09646891050860222 -0.03669906663468696 0.013565546759110229 -0.005279434977107903 -0.012709667000894882 0.9998132665013879  738339.3795123268
-0.08603822939835759 -0.09645029108709141 -0.03678702862565066 0.012167692811304023 -0.005910112267039273 -0.012957109440834391 0.9998245501784696  738339.3795136024
-0.08602836118639283 -0.09643514454553467 -0.03683850462875144 0.01064712281801222 -0.006135686397218412 -0.013205690271449085 0.9998372876986474  738339.3795145751
-0.0860442204333111 -0.09646662109519957 -0.036708399826781576 0.013021377296885331 -0.00558117995142297 -0.01276498750454357 0.9998181580955864  738339.379515835
-0.08604676072195437 -0.0964519639666692 -0.03673396022349388 0.012829079676183984 -0.0055542784598853305 -0.012756734677951674 0.9998208991743515  738339.3795169055
-0.08604294133396988 -0.09642750093760145 -0.03678330102404937 0.012346396829193083 -0.0058430665572813175 -0.012956589357531481 0.9998227602184117  738339.3795181671
-0.0860653631035423 -0.09644436670297475 -0.03664011660445277 0.015638165086050808 -0.004615697335011559 -0.012250451829094759 0.9997920131511534  738339.3795192522
-0.08604724931247774 -0.0964647256048161 -0.036723545703673935 0.012783758238956609 -0.0056480054566225915 -0.012781060627001115 0.9998206439401514  738339.379520421
-0.08602294810017892 -0.09644374219938391 -0.03683680984412588 0.01024679292823829 -0.006181540884644285 -0.013113809406151642 0.9998423974756404  738339.3795216951
-0.08603477839888364 -0.09645456432739676 -0.03677216330698716 0.012191166146505599 -0.00584807097950573 -0.012996994434185711 0.9998241113663366  738339.3795226947
-0.08603926798664552 -0.09642379372837245 -0.036797152195646346 0.01229526544777525 -0.005507404199274764 -0.012841889945654808 0.9998267754012083  738339.3795239468
-0.08604517990878531 -0.09648416176249125 -0.036673443223868896 0.013818302394566873 -0.005214685041867838 -0.012555526088652116 0.9998120925171308  738339.3795250257
-0.08605480065345333 -0.0964753479828732 -0.036658840321002154 0.014499921399468202 -0.005314035515394281 -0.012583499501078274 0.9998015647348512  738339.3795262867
-0.08601504884472747 -0.09644843359013952 -0.03683905434382656 0.010034337410547808 -0.006296245767518274 -0.013275358505012934 0.999841704580545  738339.379527375
-0.08602433533780429 -0.09644075121764042 -0.036836013983288285 0.010730943201362452 -0.006194172319021967 -0.013149435932340471 0.99983677238935  738339.3795284509
-0.0860561974475892 -0.09648042205020818 -0.03660278040693011 0.015473596936390333 -0.004855969158011162 -0.012448808421718714 0.9997909854215861  738339.3795297077
-0.08605753913924687 -0.09650449476508562 -0.036615450016187684 0.014865716976603596 -0.004921810804533528 -0.012358718758163455 0.9998010043542828  738339.3795307995
-0.08602394279510406 -0.09645171500490875 -0.03684517146778924 0.010507438107763688 -0.006294358688782039 -0.013251734601950827 0.999837169904754  738339.3795321112
-0.08602029404689353 -0.0964542418748334 -0.036857831949954116 0.009531508519360982 -0.006402110108420682 -0.013312227311970726 0.9998454620267572  738339.3795332644
-0.08601930690510523 -0.09645767953684842 -0.036816496022935255 0.010107603443723636 -0.006329384525987601 -0.013153862785897329 0.9998423631442891  738339.3795342585
-0.0860468567376918 -0.0964686751580546 -0.03670382204532131 0.013265495253441548 -0.005233584346360097 -0.012624236120010419 0.9998186159964  738339.3795355482
-0.08603483031589008 -0.09647049238938844 -0.03674719937012378 0.011661225500068045 -0.005822958460902479 -0.012962625805860604 0.9998310253771966  738339.379536739
-0.08602115861604873 -0.09645715325513446 -0.03681695942423146 0.010394881214245673 -0.006265177568504192 -0.013204461275255973 0.9998391551629727  738339.379537779
-0.08602218073226234 -0.0964735486558765 -0.0368061139626504 0.010510882246914474 -0.006178418802086986 -0.013208862328361536 0.9998384241723699  738339.3795390445
-0.08602842701036048 -0.09647368673563522 -0.03681119008479553 0.01041641434352478 -0.00622179691364425 -0.013254497132207358 0.9998385398958982  738339.3795400981
-0.08605008924398629 -0.09652279718697207 -0.03661710265270706 0.013955689326976087 -0.005236277419363146 -0.012568035506277003 0.9998099142425572  738339.3795412474
-0.08603754521777134 -0.09648737001263001 -0.03672835086360672 0.011808461620035193 -0.006029945809000133 -0.013062650331943338 0.9998267685724433  738339.3795425176
-0.08603067397868182 -0.09649943832560877 -0.03672075136875934 0.011652202530498179 -0.0059020505063471325 -0.012950900683522138 0.9998308187626016  738339.3795435434
-0.08601677337061533 -0.09649643925195113 -0.03677295704667926 0.010855670666404832 -0.0061390059204478094 -0.013072115495565594 0.9998367800882112  738339.3795446453
-0.08603690425743275 -0.09647316237355226 -0.03674362788263667 0.012388024427491266 -0.005645492751062077 -0.012971230600104586 0.9998231905887663  738339.379545997
-0.08602539413025204 -0.09647423101573113 -0.03678605087037682 0.010902532003042904 -0.006122634481638975 -0.012964126266991938 0.9998377766283191  738339.3795470056
-0.08608642772709532 -0.0965326422180754 -0.03646531808732223 0.017911401257805312 -0.004045576219183522 -0.011887058032842611 0.9997607278090896  738339.3795483133
-0.08602611165004759 -0.09650696961720248 -0.03672300159980343 0.01169231889972939 -0.005932344818457632 -0.013005536770630018 0.999829461946891  738339.3795493478
-0.08601993406951271 -0.09648152403164376 -0.03682540943224995 0.009699754062253102 -0.00652381286880447 -0.013319411169794158 0.9998429616309127  738339.3795505883
-0.08606763930867367 -0.09655852490913035 -0.036497186653195395 0.0160551558404895 -0.004712388957403785 -0.012241477877798114 0.9997850626912862  738339.3795516642
-0.08601063443237342 -0.0964900432956442 -0.03679878169361333 0.009861191459079358 -0.006205924834360596 -0.013223629152013515 0.9998446774534572  738339.3795528244
-0.08601125582993514 -0.09650016739971369 -0.03680633708411374 0.009730556348033015 -0.006447173871254844 -0.013322059386707899 0.9998431241729517  738339.3795540124
-0.08602911001489492 -0.09652091163708602 -0.036702580447765344 0.011440067685560114 -0.006200437066878762 -0.013078955407460464 0.9998297956937366  738339.3795550977
-0.08602164010350026 -0.09651017543227756 -0.03676263300904549 0.010387109463471472 -0.006357753962546111 -0.01323887127999953 0.9998381965142046  738339.3795563515
-0.08602656382738762 -0.09648331263595208 -0.03678582340386272 0.010985007592678777 -0.006217141563730218 -0.013127640506982285 0.9998341571549177  738339.3795574482
-0.0860301794028918 -0.09652110368105457 -0.03669720277905987 0.011483390831660629 -0.005798384240163852 -0.012874727440307309 0.9998343622163366  738339.3795586163
-0.08604655313789346 -0.09652563857832032 -0.03661635217008496 0.014026270480901047 -0.004979098111858486 -0.012377963875713818 0.9998126116071354  738339.3795598905
-0.08603131417336676 -0.09651941791214776 -0.03668389124758114 0.012277418516363214 -0.005567373280980731 -0.012850414895162733 0.9998265530512512  738339.3795609276
-0.08603830240695151 -0.0965392203921852 -0.03666078486873726 0.012470050733865076 -0.005831926017191187 -0.012908751713822799 0.9998219094432846  738339.3795621917
-0.08605522925024246 -0.09656075869731161 -0.03654633289511188 0.014909685317911451 -0.004829790451943776 -0.01236033766445298 0.9998007783857402  738339.37956336
-0.08601382002117285 -0.09649104461915613 -0.03681164216051054 0.00991959130863181 -0.00619301932313553 -0.01320716921178803 0.999844397344579  738339.3795643519
-0.08605401354809734 -0.09654667921831464 -0.0365931554533495 0.014065761160954614 -0.0053054539083073945 -0.012634010435938127 0.999807175560415  738339.3795656369
-0.08604009888577037 -0.09654076672969276 -0.03665783534739023 0.012309451239555267 -0.005750219976190201 -0.012827214429332788 0.9998254222364975  738339.3795668315
-0.08602070851196043 -0.09651759111185931 -0.03676161095222329 0.009839757672694798 -0.006341098465441598 -0.01319248822150814 0.9998444518492462  738339.3795678733
-0.0860484404269715 -0.09654944814998306 -0.03661717725732082 0.013158238751477773 -0.0052689796906038346 -0.012614335356836984 0.9998199723697684  738339.3795691415
-0.0860373861806976 -0.09654273419233791 -0.03665453465812468 0.012194696584084218 -0.0058861938419667624 -0.01294359949917384 0.9998245372710564  738339.3795703049
-0.08604473920247463 -0.09654044944713996 -0.03660812467985772 0.013521150364665273 -0.005273350022621233 -0.012649353754149842 0.9998146648864266  738339.3795712832
-0.08604933442787617 -0.09655100898679717 -0.036588281714747116 0.014209856016410836 -0.004872342680480892 -0.012415874857583265 0.9998100751244297  738339.3795726172
-0.08602250110972923 -0.09654179193353064 -0.03671259313923122 0.011197687997071742 -0.006034304327655148 -0.0130238132789868 0.9998342758889973  738339.379573656
-0.08603227390197259 -0.09652815742978134 -0.03666235347911093 0.012322485591567496 -0.005660733925779516 -0.012810860319131598 0.9998259820079447  738339.3795748837
-0.08603789642745022 -0.09651818162986568 -0.03666474280199672 0.012921178369116612 -0.005658479555504497 -0.012786622368908233 0.9998187470972268  738339.3795759589
-0.08607599868323379 -0.09658297855545024 -0.03642585731951743 0.017280908399453614 -0.0042459282017484135 -0.011998465259931567 0.9997696630374426  738339.3795771331
-0.08604218628746398 -0.09654810166173348 -0.03663412243418208 0.013048693575575518 -0.005686227249667245 -0.012760749782250197 0.9998172641441189  738339.3795783229
-0.08603329558969938 -0.0965490474876505 -0.03662024847359329 0.012884900716528811 -0.005413119333141592 -0.012732250885325086 0.9998212676573767  738339.379579431
-0.0860454084833688 -0.09658974604938533 -0.03650467160296007 0.014522050064016245 -0.005081455342486814 -0.012499354345782782 0.9998035082027263  738339.3795806909
-0.08602087080908198 -0.09654051993976134 -0.036721686401483086 0.010358006706822735 -0.006035614632396486 -0.013090826063235226 0.9998424442511193  738339.3795818777
-0.08605385261756165 -0.09655708339279404 -0.03657019604539677 0.014070422524790176 -0.004997370476363677 -0.012500584457128946 0.9998103744643412  738339.3795829146
-0.08604893186263345 -0.09658457785877891 -0.036507473184610825 0.01506627124826589 -0.004720705087355502 -0.01223227074603723 0.9998005270885526  738339.3795841916
-0.08601482724257317 -0.09651466767587914 -0.0367554179387982 0.010754503281421223 -0.0061651329862611685 -0.013126340272212263 0.9998370022086048  738339.3795853545
-0.08605869209846918 -0.0965828316504413 -0.036510624702336486 0.015018768108185965 -0.004753756371749314 -0.01225066158024468 0.9998008600194925  738339.3795863864
-0.08605268037417235 -0.09659281764477193 -0.03653455285782734 0.01425555936392549 -0.0054002678008109335 -0.012462966076932215 0.9998061265122686  738339.3795875923
-0.0860283593761262 -0.09655710849837641 -0.036673812199645606 0.011919521745053289 -0.005858833892089568 -0.012901822452280613 0.9998285563256353  738339.3795886792
-0.08608452369215486 -0.09661055896622457 -0.03638763554804956 0.01784244525719596 -0.004053795243896265 -0.011887954864172049 0.9997619168684673  738339.3795897821
-0.08601769880862868 -0.0965414059539767 -0.03673581390058297 0.010456595976987582 -0.006053572022820416 -0.013084617996779941 0.9998413907406599  738339.3795911381
-0.1028739635156062 -0.16153748085442582 0.01798395882554976 -0.7776142569952271 -0.05820768109432531 0.37415073038481567 0.5019354182879421  738339.3795921187
-0.10289324405439829 -0.16152413295826318 0.017971694170575998 0.7908062616549596 0.05891534249993203 -0.3807140422266191 -0.475616712276694  738339.3795934469
-0.10288564344732781 -0.16151895853368606 0.017961856002301848 0.7908040996373437 0.05902845735613756 -0.3806606226096251 -0.47564903827651916  738339.379594487
-0.10289943170549531 -0.16151650799389033 0.017995879870086266 0.7905597969138428 0.058771760449175904 -0.38072735410697295 -0.47603337016636965  738339.3795957506
-0.10288365148864832 -0.16153584276245328 0.017965527669319574 0.7907843652972449 0.05903882554289579 -0.38073590823888837 -0.47562030324351984  738339.3795968157
-0.10288349323183824 -0.16152857767700704 0.01796971489387297 0.790790791396193 0.058919933818896535 -0.380719745252725 -0.47563730006850785  738339.3795979698
-0.10289806893264318 -0.1615249224190012 0.017985773721384723 0.7908639077862447 0.058926748479249745 -0.38070500253445594 -0.4755266750877108  738339.3795991449
-0.10289100854675996 -0.16151551390545837 0.017983012733207782 0.7907925818629715 0.05892081833951285 -0.3807802753542305 -0.4755857562394547  738339.3796002824
-0.10289350305971186 -0.1615151451328964 0.017968575294397857 0.790856374565108 0.059054805232004376 -0.3807344098110125 -0.4754997728439035  738339.3796015233
-0.1028893005251388 -0.1615163924968132 0.017970133527934636 0.7909035227446186 0.0590140859862701 -0.38069849559250935 -0.47545516173342556  738339.3796026005
-0.10289142439032321 -0.16152475657889812 0.017984318672033255 0.7908371555981617 0.0590223539995707 -0.3807237604283587 -0.47554429162702405  738339.3796036891
-0.10288817671914226 -0.16152391886969178 0.01797235172251442 0.7908042290414538 0.0589018189488347 -0.3807590329879328 -0.47558575026252115  738339.3796050248
-0.1028961361193747 -0.16152023235708088 0.017985138729759695 0.7908115228705443 0.05889443953884155 -0.3808188943024441 -0.47552660286133336  738339.3796060361
-0.10289469673023822 -0.16151478665292376 0.01797076287950172 0.7908550559921854 0.05899464733932511 -0.38074174750417794 -0.47550355803544797  738339.3796073124
-0.10288627463881675 -0.16152396483582196 0.017978886198650578 0.7908880520181447 0.058948595791807626 -0.3806778310341284 -0.475505563782665  738339.3796083858
-0.10289499257878927 -0.16152178847116883 0.017964235163283684 0.7908585458087191 0.05897149546630661 -0.38061253172666915 -0.47560406215296447  738339.3796094717
-0.10289643091050499 -0.16151687261807915 0.01798187431070083 0.7908018648094043 0.058980753089598305 -0.38063884757935207 -0.47567609682683804  738339.379610821
-0.10289271547049557 -0.1615203048215826 0.01798234887554506 0.790926433783268 0.059031731383459116 -0.3807237296141893 -0.47539464946654025  738339.379611803
-0.10290089147530972 -0.16152223992942077 0.017967076066428646 0.7909440350424188 0.05898640243719274 -0.3806382744357225 -0.47543941968765063  738339.3796130674
-0.10289424719665495 -0.1615242109318077 0.017984929800878832 0.7908398819750996 0.05895690555675766 -0.3806207705439889 -0.4756303116868  738339.3796141281
-0.10289051676762312 -0.16151948647034062 0.017968331240045276 0.7909252072612106 0.05899566294597957 -0.380611656976569 -0.4754908988045154  738339.3796154384
-0.10288646534505531 -0.16152093846519522 0.017978101421832877 0.7909153714910577 0.05905054651887194 -0.3806790763074151 -0.4754464732824484  738339.379616603
-0.08610190934873783 -0.09685305015833395 -0.036094904482334336 -0.033414474991875866 -0.007802874846356423 0.012003182084818985 0.9993390373766994  738339.3796175716
-0.08614356455996713 -0.09332817109470445 -0.04023425201890137 0.02566152772938623 -0.006913373554668 -0.015459063133435992 0.9995272425640654  738339.3796189605
-0.08612261873769879 -0.09586488577591393 -0.03751978278889159 0.015111088150720242 -0.008964105609877886 -0.01682249890719199 0.99970410790195  738339.3796199434
-0.08606792792791658 -0.0966338240739607 -0.036415484836264625 0.01438477101652526 -0.005249030391799544 -0.012667480342571532 0.999802510991305  738339.3796211791
-0.08645135265851465 -0.09763588401191137 -0.03481210293764916 0.027228530571472453 0.00435572378442448 -0.004913922726066332 0.9996076671157913  738339.3796224344
-0.08611505314873266 -0.09665551068597708 -0.03626781461987717 0.02065998913005497 -0.002097841072607483 -0.010033797749613035 0.9997340080314864  738339.379623362
-0.08607436865538703 -0.0966697640099895 -0.036327630682150974 0.01680286518502115 -0.0043515897531631416 -0.012091180305638997 0.9997762403393124  738339.3796247011
-0.08607446037763819 -0.09663740589842237 -0.03636436339391629 0.017275356493382722 -0.004228886358297292 -0.011962122102527386 0.9997702667178092  738339.3796258604
-0.08606325114347078 -0.09663250198807952 -0.03643654758054993 0.015209049572441947 -0.004857261741865971 -0.012347018746579936 0.9997963007270759  738339.3796270195
-0.08608135580159737 -0.09666128145759478 -0.03632590071772755 0.017379068895162424 -0.004353145544074697 -0.012005481746314637 0.9997674162005122  738339.3796282801
-0.08602257174184506 -0.096617499611445 -0.036655616841909024 0.009974565124396548 -0.006407228106557385 -0.013195798501710728 0.9998426508108523  738339.3796291533
-0.0860266583214489 -0.0966248500728195 -0.03661780868678526 0.010829387226885331 -0.006284998091851434 -0.013177414652092073 0.9998347758076644  738339.3796305578
-0.08602733472648577 -0.09663019622162224 -0.036564245385867424 0.011929414302812438 -0.006002421931422581 -0.013006055527642882 0.9998262361655454  738339.3796315225
-0.08604811156131881 -0.09664519000320027 -0.0364579323117611 0.014534261946500968 -0.004801005906825646 -0.012360453236309944 0.9998064436518431  738339.3796327594
-0.08607085659702332 -0.0966387184182182 -0.03635846282485311 0.017180194358909887 -0.004437640370285815 -0.012158763172374713 0.9997686296077969  738339.3796338375
-0.08602448487470982 -0.09662881017769688 -0.036568090960419915 0.01187961320824932 -0.005826183071589013 -0.012926550266545937 0.99982890270238  738339.3796351112
-0.08602699991545407 -0.09663202986218744 -0.03660381061625946 0.010954333703159307 -0.006033507096172226 -0.013061158028848762 0.9998364893902332  738339.3796361648
-0.08604276517830044 -0.09663801647558708 -0.036478937547125896 0.01431606280208957 -0.00514319990326554 -0.012502475495850854 0.9998061241796218  738339.3796372428
-0.08602427739734435 -0.09663559658059599 -0.03656296128060149 0.0117855650788589 -0.0060670525403602885 -0.01307725715588377 0.999826623307523  738339.3796386507
-0.08651667985609085 -0.09702642200976791 -0.03655979679420967 0.011208781264079173 -0.009473479286114637 -0.011658485951084997 0.9998243326295465  738339.3796396356
-0.08652594351748373 -0.09706816183752821 -0.03658684997599681 0.009584123354562471 -0.008241964904597264 -0.011865123408784446 0.9998497054260357  738339.3796408343
-0.08654819517230712 -0.09706404720769773 -0.03662109219560088 0.010968713086582052 -0.009293267659889814 -0.011791888237559094 0.9998271219972076  738339.3796419544
-0.08653681750947516 -0.09709098208691376 -0.03658695103624004 0.010996377376998413 -0.009106170198921189 -0.011818435318829435 0.9998282262146362  738339.3796432185
-0.08654804655281441 -0.0970764895423068 -0.03660014927765898 0.010681628923704545 -0.00940943667663163 -0.011805587822538684 0.9998289820769996  738339.379644267
-0.08665051758538463 -0.09662438511855873 -0.036697767771595384 0.01084780145159867 -0.009396250461695963 -0.011950335463033784 0.9998255973734863  738339.3796454931
-0.08687334524879305 -0.09622131230622841 -0.03660316356238916 0.01125011371850148 -0.01059817235006743 -0.011383408320721123 0.999815748875343  738339.3796465669
-0.08696931671438639 -0.09626485835518787 -0.0363369238427601 0.011447399941564485 -0.013710285374759308 -0.011647823963257545 0.9997726308048454  738339.3796477321
-0.08694792030867424 -0.09619009541810618 -0.03647036073655268 0.011356713216692727 -0.012317196708734098 -0.011466487089399036 0.9997938944622441  738339.3796490097
-0.10323997208493706 -0.16098943197327478 0.018061936112091843 0.7862412085574221 0.06182267915930788 -0.36757547545915065 -0.4928397185178046  738339.37965005
-0.10335460476141077 -0.1610361580709197 0.0181391879469138 0.7940253802350332 0.06237022052330617 -0.36981286936893226 -0.47840578255660965  738339.3796513234
-0.10590741496891372 -0.1576952570803177 0.03944845081713996 -0.505257811288642 -0.04426294110069983 0.23072589059764295 0.8303739516536218  738339.3796523571
-0.10628445677485973 -0.15717324077531225 0.04207167349330261 -0.0036502126724771073 -0.008144252795874203 -0.009775736379195706 0.999912387198042  738339.3796535804
-0.105373297443478 -0.16064300938656045 0.04233688990380409 0.0016315043805891097 -0.005507035972022184 -0.01004994233611974 0.9999330024593146  738339.3796546429
-0.10526388687102187 -0.16012193560124433 0.04214156074799449 -0.003583201355887115 -0.006015250809991845 -0.009139550589591221 0.9999337208239136  738339.3796558996
-0.10613090676726986 -0.16296458548164783 0.04207258486946491 0.00035083843308121896 -0.0058058133818330955 -0.00765216868740032 0.9999538058119228  738339.3796569944
-0.10365602490950074 -0.1659518941471872 0.017742104463543535 0.7864219910206358 0.06194997144353427 -0.3787885117399454 -0.4839647884413921  738339.3796581259
-0.10367074771090662 -0.1657789605086667 0.017812745473412703 0.7904034806912602 0.06196502474318853 -0.3806559608945774 -0.475945073359461  738339.3796595066
-0.10318144045774434 -0.166205966334693 0.018688961367493546 0.794895055021371 0.06417301898424128 -0.37826900603324926 -0.47003854545306956  738339.3796604702
-0.10270014655152346 -0.16657638931477886 0.019561078610457954 0.8035727146980395 0.06819875837664376 -0.37607234927922684 -0.4562777768600074  738339.3796617422
-0.10272317122055594 -0.1665023393141445 0.019586559263309915 0.8034955893183298 0.06806054943182259 -0.37605844902579255 -0.45644566212567267  738339.3796627847
-0.10274557174496206 -0.16645768743038097 0.01958633284196911 0.8035336633652872 0.06812587465602482 -0.3761142270572652 -0.45632291773066697  738339.379663996
-0.10249304002424577 -0.16700330976697775 0.019554588465755814 0.8037252049819029 0.06508998214097839 -0.37719438306948905 -0.4555364820544156  738339.3796650982
-0.1051333513458463 -0.1649052645089922 0.03896339655104791 -0.3208078928746167 -0.024700930723096343 0.12810563705386263 0.9381157208179518  738339.3796661651
-0.08217287636296661 -0.1908385412702507 0.05240839200418214 -0.008820284827601516 -0.00810097136813427 -0.028113946965489214 0.999532982359499  738339.3796674112
-0.0684507534196726 -0.18756426308434268 0.06221715161182102 -0.020858244770259667 0.1318315110488294 -0.06201851322369927 0.9891102518613424  738339.3796685773
-0.06953202267987757 -0.17834623342872977 0.07726250890275257 0.03309723935393654 0.31191820824497346 -0.23694986746729896 0.919492449354329  738339.3796699365
-0.07676187776450843 -0.07139632706784058 0.0011924623920872904 0.14437580695925964 0.24646690051050088 -0.3327234947392688 0.8987239672814435  738339.3796708372
-0.08112905902436747 -0.04391649075119031 0.012736517400380986 0.15974587928495668 0.27590532400514783 -0.34307514863657296 0.8835479322736735  738339.3796721547
-0.1023400605071974 -0.02277033901478119 0.03545214671863914 0.16463398200371313 0.2572792378067023 -0.38413298927160144 0.8712892127855522  738339.3796731996
-0.14680062872359184 0.0031007847755434434 0.0777555215160041 0.1637263994096223 0.20808770534577378 -0.490176144342179 0.8304339350834156  738339.3796744738
-0.19217084400665055 0.023426264116190167 0.11416640722770688 0.1661758553355487 0.20883349948454288 -0.5606434216631587 0.7838705941304112  738339.3796755093
-0.23745199657164995 0.043476644850024046 0.14432912848296783 0.13630492360776805 0.22355251546144062 -0.6502932260505155 0.713136705536853  738339.3796767166
-0.25390200738091917 0.04970877046600413 0.16241766799609447 0.12897095669545505 0.22053927989197655 -0.6845228220523685 0.6827572221831485  738339.3796777708
-0.1932003968835541 -0.09922050245150599 0.37682816581508094 0.06347030395062117 0.2507181405462082 -0.7487316881641021 0.6103382616683977  738339.3796791034
-0.27242716613753276 -0.017985699790744044 0.2846730213386788 0.061837072686173666 0.09554911293729236 -0.7658694527674923 0.6328432071027732  738339.3796801412
-0.2740889799552313 -0.014678335710487198 0.2973429785705623 0.01923208049581746 0.058482340022672163 -0.7657567318586797 0.640176983808688  738339.3796813489
-0.2774833637128592 -0.01241606078041306 0.3074308163629846 -0.0023802344618339467 0.005102517579949545 -0.7819887220989842 0.623267147624717  738339.3796824586
-0.27581873713614136 -0.011240801561789325 0.3113363472080978 0.06399334337753984 0.08953700410233015 -0.7920996286931031 0.6003883369320158  738339.37968354
-0.2748410444364009 -0.01310196635312098 0.3051786520412652 0.15305113935426184 0.13273037713141914 -0.7969147848134245 0.5691087958156041  738339.3796848211
-0.2688536670610489 -0.020648570726519926 0.2945422173010333 0.194067218339855 0.21910512369691595 -0.7436876194086749 0.6010487370204252  738339.3796858859
-0.26400429956876226 -0.023875734024373322 0.2798524920973077 0.2307864599923837 0.3129309281753133 -0.7179186124731195 0.5774120798357025  738339.3796871972
-0.2591239613445955 -0.022517002358574793 0.276761513109921 0.18069183656357862 0.3053259443672183 -0.7008000009171467 0.6188746937870984  738339.3796882611
-0.25672736271081986 -0.02183510605525107 0.27338849125923154 0.1669784994382139 0.31667520645410285 -0.6780185857822896 0.6419702420489581  738339.3796893264
-0.25616936618678543 -0.019722222338261496 0.27715384544563426 0.07153033047175175 0.2727565570902577 -0.7073625207643228 0.6481709161978915  738339.3796906039
-0.2562961821639387 -0.019426817012069945 0.2774808714377383 0.06712446813288163 0.24064459052965484 -0.6968878719487054 0.6722587156426441  738339.3796916901
-0.25757375712583747 -0.019005894745669348 0.2792466796588074 0.036618399494604145 0.21342084631330763 -0.7151270851315523 0.6646080704359637  738339.3796928674
-0.25766353485009574 -0.01740344953862693 0.2812742449246046 -0.0029770879969522866 0.14966380599244217 -0.7198744563133916 0.6777703514247388  738339.3796940675
-0.2573791144393926 -0.017402481353497853 0.2778375271561622 0.012956400177982467 0.15028997184039675 -0.7146644554503518 0.6830078858801653  738339.3796951689
-0.25785722146798123 -0.01784709651828965 0.2722587224168024 0.031891137564639536 0.1650348090881065 -0.7081675378560854 0.6857442711834604  738339.3796962698
-0.2576549863658932 -0.016888069024336233 0.2701870790570366 0.02355945992239779 0.14962250485033818 -0.7044016151762096 0.6934525379776345  738339.3796975405
-0.25802079034504255 -0.016444693850592926 0.26911465268121776 0.020459092932580508 0.14058613320306948 -0.7020873433295902 0.6977752696991941  738339.3796986496
-0.25878855299417186 -0.01929124773905736 0.2697472925889276 0.012702431014284383 0.14621910366514934 -0.6937631849308945 0.7050895441036047  738339.3797023868
-0.2575155042486105 -0.020481870643215213 0.2664895907050654 0.03400125220760748 0.20119925988175258 -0.6920967801437826 0.692361769298362  738339.3797023868
-0.25728621162533255 -0.020711033713982238 0.2659747152714422 0.040729106478330473 0.20783157141748315 -0.6913089829982643 0.6908249183646475  738339.3797024816
-0.2550423313812934 -0.022259231170899178 0.2610412450665006 0.0930522674873374 0.3141293912068819 -0.6698225424937175 0.6663345726155223  738339.3797034156
-0.25447127890005855 -0.02275522063418901 0.26141170787300266 0.11587356660023329 0.3173245868325646 -0.6751029415947115 0.655831107378303  738339.379704398
-0.25483585796079383 -0.02292462120413179 0.2566294315602118 0.17536657402348205 0.3559962166307846 -0.6666231955944569 0.630972878620998  738339.3797057195
-0.25537294822236334 -0.02248486808166836 0.25439232516271626 0.2020226522693752 0.3679217208283157 -0.6618895373660895 0.62106577400311  738339.3797067648
-0.25574713467462956 -0.02228600570403347 0.25269715675171306 0.21644243384845704 0.37672027650569484 -0.6614026934260272 0.6113763024750192  738339.3797080024
-0.25634958459567775 -0.023269984443217852 0.25220094348336086 0.20878408695243722 0.37206510784091057 -0.6753137456647647 0.6016046089243287  738339.3797091957
-0.2560077984090807 -0.024028163191858035 0.25150044459335036 0.22843112230648124 0.36125701630648 -0.6779380577873044 0.5980907793426667  738339.3797101814
-0.2560057508690672 -0.023733833719385807 0.24987704894092916 0.24524403733324965 0.3695561730478725 -0.6734823531609033 0.5913587042528002  738339.3797115117
-0.25641605862283495 -0.024003543869457713 0.25046812658693446 0.2461594462540865 0.3761234919115738 -0.6791336934487515 0.5802706887951374  738339.379712515
-0.25640010815635267 -0.024173209528222814 0.24914585300440484 0.27203707870767563 0.38471154722758066 -0.6709675718355135 0.5725341656033377  738339.3797137652
-0.2544214745121065 -0.024593855832300313 0.2504428595470162 0.27481815655428005 0.36716080361246706 -0.6710140308200343 0.582587414523696  738339.3797148747
-0.25398334907360953 -0.023943813993297758 0.24985243792431688 0.26671607763461247 0.36769530613750345 -0.6714515677154425 0.5855044730726912  738339.3797159382
-0.2533012847960297 -0.023538787111113457 0.24879892303483125 0.27296610238681307 0.37197654404918773 -0.6648755818644291 0.5874209889554607  738339.3797172267
-0.25235784611529655 -0.023198310436505998 0.2495408755955828 0.2723406731184742 0.362574425354571 -0.6645121002014386 0.5939646559603123  738339.3797182651
-0.2517111374230772 -0.02286919292328143 0.2504150710732214 0.2709402909520655 0.3645201090137419 -0.6644982995114646 0.5934294050767892  738339.3797196097
-0.25172260794081697 -0.022451757271953064 0.24987506439694795 0.2693343852288272 0.3639686205328055 -0.6619923370895534 0.5972871820452599  738339.379720656
-0.2510944771185517 -0.02052205495766906 0.2549506850441923 0.23721225798808063 0.3315703594861861 -0.6702789026258988 0.6200948589248411  738339.3797219192
-0.25180292295969187 -0.020417817434716122 0.25972285133626793 0.21968326742647348 0.27483607104494173 -0.6658964645277144 0.6578649516389353  738339.3797229717
-0.2537769684455378 -0.018759051267160168 0.26515196445659955 0.20557436241977692 0.18690513488923052 -0.6489098308306832 0.708323149077478  738339.3797242406
-0.2554919486732493 -0.016511673656589197 0.2686444433066128 0.16920467135300676 0.13525959671506327 -0.6603489580879857 0.7190367683511819  738339.3797252935
-0.2746809572318394 0.02466449979921183 0.26204360933378523 -0.4045335388903125 -0.48810469297364734 0.7724207457644697 -0.03837468074970854  738339.3797263636
-0.2652200116967559 0.07917909241984139 0.18897901210495766 0.15367234974271074 0.10153601424982261 -0.6996878641316306 0.6902985872227545  738339.3797276235
-0.26455918137884316 0.07976001188943761 0.18661538971360975 0.11672225593194026 0.14943561993785787 -0.7070427482629559 0.6812748803476563  738339.3797287147
-0.2653625159583521 0.07742083902443295 0.1873127974899087 0.08794526240583071 0.15415858845360406 -0.7119930036461112 0.6793870201772704  738339.3797300362
-0.256569047255751 -0.020731734225095277 0.2573653671794588 0.1352351750886404 0.34007596093768666 -0.6991250978196569 0.6142343899601429  738339.3797310276
-0.25374541990823996 -0.020540804381738404 0.25515452528403343 0.1561631923480888 0.3808655126494562 -0.6879172589501384 0.5977661444649145  738339.3797322832
