-0.19438740711494998 -0.05178381487443589 0.032257765905899634 0.010929464778712235 -0.011440914235897326 0.9546927498812278 0.9546927498812278  738315.5270696542
-0.19438333023930202 -0.05177831742770608 0.03226344183324175 0.010887958573587079 -0.011405431657149 0.954698439991142 0.954698439991142  738315.5270707497
-0.19438792969509205 -0.051788480697573004 0.03225000297942738 0.01091421759473448 -0.011529314563034744 0.954699902970202 0.954699902970202  738315.527072019
-0.1943907556393307 -0.05178421355661545 0.032239667414526156 0.01067292323040396 -0.011258935054543229 0.9547284465108409 0.9547284465108409  738315.5270731824
-0.19438524586566788 -0.05178089142428153 0.032265909801947386 0.010583248522878985 -0.011282831218965143 0.9547138017513187 0.9547138017513187  738315.5270743244
-0.19438061791866318 -0.05177616512967596 0.032268704254506654 0.010965834352884805 -0.011429938484626017 0.9546893197927141 0.9546893197927141  738315.5270754298
-0.19440043951836275 -0.051789595010633085 0.032258996640860765 0.010874752754468645 -0.011482562171146207 0.9546857557393728 0.9546857557393728  738315.5270766724
-0.19438773317588934 -0.05177456654297346 0.03224854335478296 0.010986331023434808 -0.011368427712323556 0.9547001711530718 0.9547001711530718  738315.5270778129
-0.19439882347708753 -0.0517892928417706 0.03224807385424784 0.010726373879348215 -0.011383495691509548 0.9546786595318915 0.9546786595318915  738315.5270789964
-0.19438633897069177 -0.0517796268032865 0.03226006770601572 0.010914079563204124 -0.011226182790457537 0.9547062699451963 0.9547062699451963  738315.5270801327
-0.19441462779895724 -0.05176422021828454 0.032372389925810534 0.010020911853411696 -0.01151220973374267 0.9548792286621969 0.9548792286621969  738315.5270812857
-0.19465033909867815 -0.05157976421878941 0.03296418461236315 0.006125837729420187 -0.010563915249651754 0.954617861481185 0.954617861481185  738315.5270825711
-0.1955365496872902 -0.05132196187876794 0.03421703884298851 -0.007059383173685008 -0.010028576259067366 0.9547459366589421 0.9547459366589421  738315.5270836101
-0.19947445189575083 -0.048229849837370976 0.039268900103310536 -0.06597358352695079 0.0007797909663314562 0.9558867017273799 0.9558867017273799  738315.5270848757
-0.20091720148280598 -0.04592972152574206 0.0397594160560496 -0.05599242295933185 -0.014203169191941152 0.9635751162258308 0.9635751162258308  738315.527085876
-0.20448853759537433 -0.043384661537261796 0.03458098214159703 0.004405029099666779 -0.030986077188032944 0.9621354086851932 0.9621354086851932  738315.5270869492
-0.20964744695346468 -0.042758124404223274 0.036388959625766285 -0.007013829339690015 -0.03814081638916171 0.9444171152264264 0.9444171152264264  738315.5270882268
-0.21406684098672682 -0.04505695838945249 0.04176127502021435 0.0016393495865523933 -0.02298268431822522 0.9064824540827169 0.9064824540827169  738315.5270892857
-0.2218130244562275 -0.049692056493561766 0.05288929122549677 -0.029524768659170336 -0.010701677371951004 0.8256195889200628 0.8256195889200628  738315.527090559
-0.23151287652916736 -0.05194455383691101 0.06601543811662056 -0.03996136824296083 -0.036716460562380634 0.727047456709918 0.727047456709918  738315.527091648
-0.2511476245270653 -0.05117789698977939 0.08803819081698204 -0.06735234098378538 -0.025254567546019145 0.5748248487823356 0.5748248487823356  738315.5270929008
-0.27585356182067133 -0.04260091963856043 0.11244032563863056 -0.08615682562918141 -0.0017753863386626172 0.42165465869386304 0.42165465869386304  738315.5270940129
-0.3040712036262674 -0.023981600223302705 0.14326065565083781 -0.06849856335441804 -0.00486066986398713 0.26878054773790105 0.26878054773790105  738315.5270952273
-0.33688950190209765 0.009290249648285872 0.18591580609993974 -0.06253908670964275 0.015571959712433777 0.13839136121148732 0.13839136121148732  738315.5270964556
-0.35799880100608183 0.03731964739518271 0.2253198058858926 -0.04149088603182304 0.020026386204141253 0.06293402070496189 0.06293402070496189  738315.5270974282
-0.38013004954786067 0.07411842029464726 0.279505017880469 -0.009840875250999751 0.02951247087233391 -0.0011808180071089449 -0.0011808180071089449  738315.527098525
-0.39640769765956907 0.11138847003392265 0.34113327877703764 0.027582842807954998 0.03272845959575155 -0.03073292219570779 -0.03073292219570779  738315.5270998047
-0.40436646235243057 0.137222663144482 0.3927472400535699 0.015760557048201763 0.033645702538083064 -0.04250707610001322 -0.04250707610001322  738315.5271009663
-0.4055375360138908 0.1610998294039615 0.4339249309498404 -0.06756261118375896 0.03840517863729966 -0.04289752491232554 -0.04289752491232554  738315.5271021753
-0.4006469048578819 0.19105104891641173 0.465223043519668 -0.050326887318849205 0.021113203549698707 -0.03988068059623577 -0.03988068059623577  738315.5271033923
-0.3933703820448252 0.21676531355120293 0.4778181709816349 -0.03882419441193518 0.026213894767371397 -0.03684378005545381 -0.03684378005545381  738315.5271043851
-0.3811341823624074 0.2496042831917783 0.48517747360268787 0.006079021408143694 0.014600942365051934 -0.035979966923466736 -0.035979966923466736  738315.527105552
-0.3638678362033634 0.28071394313030595 0.48791377243706346 0.03652210824541174 0.014075245219086008 -0.03162688680931232 -0.03162688680931232  738315.5271067872
-0.3476703191387314 0.2974128754412906 0.4890651062659268 0.05193751787397265 0.007324366902876466 -0.02773809771820846 -0.02773809771820846  738315.5271078647
-0.3262897648718772 0.3037758398263134 0.4906624590260373 0.052729587751394726 0.00536738063274454 -0.02021563061572044 -0.02021563061572044  738315.5271091111
-0.30633690389389456 0.2966154528647504 0.49232333117451277 0.0395980827845592 0.001864967031698122 -0.014929679601378398 -0.014929679601378398  738315.5271102155
-0.28882163330556987 0.2819169637411346 0.49386133319983433 0.01969553712738663 -0.00435195612493148 -0.011320610573092959 -0.011320610573092959  738315.5271113358
-0.2702393181840146 0.26046709107548777 0.49618679609940386 -0.0052605859309462315 -0.0071092921601007475 -0.008241294171617529 -0.008241294171617529  738315.5271124343
-0.2519993537529324 0.2362496869095252 0.49941696667623997 -0.029205452990417925 -0.010491553389772564 -0.006747208576053562 -0.006747208576053562  738315.5271137471
-0.23659151451874924 0.21627360338407617 0.5038254439882935 -0.04254883812402277 -0.012948081208893132 -0.004708713394376503 -0.004708713394376503  738315.5271150667
-0.22640539016118533 0.20525644238486832 0.5076631708693651 -0.046398580787354336 -0.010820090383471936 -0.005593068730709705 -0.005593068730709705  738315.5271160287
-0.2174644929259708 0.1992559341623192 0.510862998837653 -0.04286144977153247 -0.009511782568846983 -0.004733797195839121 -0.004733797195839121  738315.5271171879
-0.21112942625795397 0.1992477169037301 0.5127296706860566 -0.03826085319298832 -0.01183160390013655 -0.004945372858959077 -0.004945372858959077  738315.5271183277
-0.20678998966543471 0.20374958655501682 0.5139662559901208 -0.02927261914273551 -0.01106565733468163 -0.0054555350605503695 -0.0054555350605503695  738315.5271194881
-0.2042713676883449 0.2115647831590068 0.5163484719877166 -0.015308575022784645 -0.008553155089353424 -0.00447698545799636 -0.00447698545799636  738315.5271207456
-0.2034405342051118 0.21905305352794038 0.5184185019497577 -0.011582763122596575 -0.005276049110049904 -0.004819834255948842 -0.004819834255948842  738315.5271218192
-0.20392475245694694 0.22665221019901252 0.52017151287719 -0.0052139953882989485 -0.007772304781327979 -0.002423015341711428 -0.002423015341711428  738315.527122946
-0.20481595404958658 0.23378819907317136 0.5223919012376694 -0.0036663609638108766 -0.005011850562854874 -0.004220662921724109 -0.004220662921724109  738315.5271242219
-0.205482625977166 0.23782999682481523 0.5243046403283573 -0.006132119456153368 -0.0006093472909973555 -0.00456669993698456 -0.00456669993698456  738315.5271252479
-0.20586945369932586 0.24224908709747356 0.5271863927071582 -0.004129625062266663 0.002022637752763078 -0.006202603902246694 -0.006202603902246694  738315.5271266582
-0.20528061525211955 0.24409776032996844 0.5296051570715348 -0.0010891919801120308 -0.0008181477423159697 -0.007256141569849064 -0.007256141569849064  738315.5271276279
-0.20377145652024609 0.24482961340401863 0.5309247026040466 -0.005019766895607092 0.004416593668313027 -0.0067710615971461885 -0.0067710615971461885  738315.5271287558
-0.2013662206431897 0.24438843184921705 0.5305965224185624 -0.0037711998895526887 0.0031796508638659467 -0.009474941917649025 -0.009474941917649025  738315.5271298721
-0.19780227225448066 0.24297923683632763 0.5293270636258731 -0.009173454958056652 0.004022691024156719 -0.010215980830411878 -0.010215980830411878  738315.5271309641
-0.19155188022871766 0.24080098776339373 0.5297463221133099 -0.009168348322723603 0.005705918227266287 -0.011068903330945828 -0.011068903330945828  738315.5271323313
-0.18615886341100477 0.23925587608895482 0.5314865987099564 -0.011567092843724992 0.006060235886383053 -0.009175390470447586 -0.009175390470447586  738315.527133347
-0.1761050506960475 0.23677994316401438 0.5357539597945733 -0.008783251939236323 0.004007206729496382 -0.009767353759576176 -0.009767353759576176  738315.5271348357
-0.16912153523367782 0.23513992852157192 0.5393678563301227 -0.004978881239053016 0.00597343477577379 -0.010468960705123428 -0.010468960705123428  738315.5271355626
-0.15557246061260308 0.23182625736348164 0.547162629797634 -0.007793199021791956 0.008031985061902183 -0.010024209275267652 -0.010024209275267652  738315.527136844
-0.14405208841261205 0.22873691203090313 0.5538157500450953 -0.006375486938817967 0.0034663085111049955 -0.010028317594394013 -0.010028317594394013  738315.5271379752
-0.12830826260437084 0.22475899666049387 0.5617314043348306 -0.008785293586375151 0.0021431489412458895 -0.014004286089414963 -0.014004286089414963  738315.527139183
-0.11328697977469432 0.2210950859172298 0.5680132418685359 -0.012299356524730957 0.003499040576725912 -0.015793028903012624 -0.015793028903012624  738315.5271403489
-0.09762485131261164 0.2179545486734775 0.5742074829220737 -0.014094841805027047 0.0008914287526192339 -0.018601942332816944 -0.018601942332816944  738315.5271417176
-0.08176014646018069 0.2154043265230386 0.5799196508766923 -0.009725565700275657 -0.0008000576027685564 -0.02140661077468882 -0.02140661077468882  738315.5271427217
-0.0690970219202218 0.2133168407019087 0.5836473234210884 -0.009524424198061793 0.0005593280346574854 -0.02381986668539955 -0.02381986668539955  738315.5271436567
-0.05073746281888101 0.20967878404037452 0.5885749204188389 -0.005769700252631979 -0.00034814670137391866 -0.0240688284468128 -0.0240688284468128  738315.5271449961
-0.03754412489183847 0.20614008923823945 0.5934589653594626 -0.0035421777783122784 -0.007426023120888557 -0.02327435759711821 -0.02327435759711821  738315.5271460882
-0.02188671740783677 0.200737932331108 0.6002699166502946 -0.006730007101226932 0.00032052441093364587 -0.022808861958869536 -0.022808861958869536  738315.5271472547
-0.0067858758147686 0.1943382916677783 0.607758662072696 -0.007152017440125639 -0.0010597015902362157 -0.021816880716290784 -0.021816880716290784  738315.5271485308
0.005116404300497376 0.18868253005743066 0.613649466845256 -0.010002613070822343 0.000663653834140318 -0.020389123167943907 -0.020389123167943907  738315.5271495698
0.016678865468260355 0.18289508392860943 0.6188361521003359 -0.012536183095870032 -0.004224374973610867 -0.02024947325002328 -0.02024947325002328  738315.5271506666
0.030277818003108976 0.1763247380115461 0.6234802589797692 -0.01624390063699692 0.0010480380673837401 -0.018464130566840386 -0.018464130566840386  738315.5271519739
0.041762430317990165 0.17091110058695255 0.6264188762858526 -0.01291789658203202 -0.0035604284857065466 -0.018032871239605803 -0.018032871239605803  738315.5271530589
0.05270596584772953 0.166117920786854 0.6292810941002617 -0.013557368927783874 0.001971894256880658 -0.016814580315125536 -0.016814580315125536  738315.5271541993
0.0619687898195632 0.16226980516942358 0.6323888648917952 -0.01500148093199149 0.003906931004973434 -0.014293731574698968 -0.014293731574698968  738315.5271552504
0.07241232359908076 0.15826813702141715 0.6354052724307746 -0.01598835638860086 -0.0015263024828090156 -0.010666203257701687 -0.010666203257701687  738315.5271565898
0.08049901154726072 0.1557386208191972 0.636076504213292 -0.014544932511182785 -0.002344242347091316 -0.010555121472895862 -0.010555121472895862  738315.5271576514
0.08890789349346545 0.15328594564872344 0.6344557787153199 -0.015405770373447982 -0.006620299173211335 -0.009240730764750838 -0.009240730764750838  738315.5271588403
0.09443465965976633 0.1517521089938031 0.6318972780032599 -0.015042320129205224 -0.011310873291422436 -0.006899415254326207 -0.006899415254326207  738315.5271600195
0.09765237506142435 0.15127761966536174 0.6293956367411986 -0.01989580587868245 -0.011294827344455818 -0.0034797695457076663 -0.0034797695457076663  738315.5271612793
0.09770710941303776 0.15213263681155687 0.6278214119583607 -0.019261367076803967 -0.012615581927701618 -0.0013974834316824822 -0.0013974834316824822  738315.5271622998
0.09540758684311512 0.15434818928572103 0.6264881962196849 -0.022495471117795228 -0.015079250111716564 -0.0009027866564805788 -0.0009027866564805788  738315.527163367
0.08825484261203179 0.15915569826242487 0.6276851031490959 -0.016483123252176525 -0.014777007117758525 -0.0005565309432115007 -0.0005565309432115007  738315.5271647524
0.08101800472697768 0.16314750834915673 0.6304134126563318 -0.01522380866731114 -0.015087361270952764 -0.0008448364074554474 -0.0008448364074554474  738315.5271657398
0.06859616204033031 0.16923397710889668 0.6360366532536388 -0.01416686421089964 -0.01220434773714322 -0.0028109088064341443 -0.0028109088064341443  738315.5271670033
0.05668511457994549 0.173978139187902 0.6414107049952426 -0.007173812492954572 -0.009248474610961493 -0.004154193085175873 -0.004154193085175873  738315.527168077
0.04235023118742094 0.1780865901158942 0.6462676837395289 -0.0025810372501143095 -0.0047638536629527285 -0.005246686732716477 -0.005246686732716477  738315.5271691738
0.02606152255084186 0.1804818822753691 0.6498813584455764 0.002878341830794231 -0.005069476731196701 -0.006173800544811151 -0.006173800544811151  738315.5271704394
0.00943551393964141 0.17968759910479987 0.6510782245792425 0.0023515427259861114 0.0001741913929474927 -0.008548797121994996 -0.008548797121994996  738315.5271716751
-0.004198477267323723 0.1772420499541529 0.6499756529291125 -0.0011965037650729438 -0.0073159192097410515 -0.00922462678287232 -0.00922462678287232  738315.5271727482
-0.019386822394716088 0.17259607475955993 0.6472844919911854 -0.003506084341657217 -0.0062565440282311546 -0.010398191194056446 -0.010398191194056446  738315.5271739014
-0.03826505094599311 0.16551241009430057 0.6440119599707848 -0.005026572850866393 -0.007804987949389053 -0.007906273486480918 -0.007906273486480918  738315.5271753281
-0.04951903209281648 0.16087934197222672 0.6427569790659097 -0.006950229923421227 -0.0017199113720749973 -0.005421243464140971 -0.005421243464140971  738315.5271761591
-0.06907726705522453 0.1528737390540294 0.6423319615038728 -0.015227929026635832 -0.0026098383863861923 -0.00118911641148046 -0.00118911641148046  738315.5271775853
-0.08696889647828251 0.14655960317788116 0.6427978516589584 -0.01453339136152529 -0.0031759073248452093 0.0020191313064830004 0.0020191313064830004  738315.527178736
-0.10013238534335886 0.1429272068658555 0.6430748664373616 -0.016661148770292792 -0.005093879760328255 0.00527978819334579 0.00527978819334579  738315.5271796624
-0.11505238670090809 0.13972884280871997 0.6435049890548995 -0.016179434891434585 -0.003849677559863794 0.00699056705922412 0.00699056705922412  738315.527180771
-0.1296818737192635 0.13762503167662568 0.6441619873649495 -0.015400071762579645 -0.0008100332372334018 0.004408223081450254 0.004408223081450254  738315.5271818556
-0.15066433418189262 0.1355653760144821 0.6440373976645195 -0.010970173873334703 -0.0026537024227018193 0.0006604399223401354 0.0006604399223401354  738315.5271832491
-0.16346193467882186 0.13477567875527313 0.6427764639723903 -0.009341979303946073 -0.0064477894592075554 -0.0032308025172562704 -0.0032308025172562704  738315.5271842532
-0.17963817782067004 0.13343429550206165 0.6401386786201553 -0.011859539982714287 -0.006640309891665086 -0.007089304260015801 -0.007089304260015801  738315.5271853845
-0.19693624579751798 0.13209314977320044 0.6367586787981568 -0.011042786552801163 -0.0021193952878083566 -0.011031169653809727 -0.011031169653809727  738315.5271866638
-0.21248328384394743 0.1308128986888493 0.6333799219361915 -0.009625512753188363 -0.0003709001030863958 -0.013640974106806966 -0.013640974106806966  738315.5271877646
-0.2260346918291781 0.13011294373369423 0.6300122585574238 -0.013630031042272481 -0.006058559644099324 -0.015411552320052698 -0.015411552320052698  738315.5271888628
-0.23930879345897463 0.1295792594256151 0.6270411527063661 -0.010827446884306969 -0.004238801799044859 -0.01699169237354792 -0.01699169237354792  738315.52718996
-0.25686164592411376 0.1295800283586236 0.6238720123778967 -0.013019329498507256 -0.006655692546411231 -0.018650006844350427 -0.018650006844350427  738315.5271912414
-0.2701928723649983 0.12978892232967526 0.6231251098557906 -0.013465852191507432 -0.004173397069617501 -0.02001766141010643 -0.02001766141010643  738315.5271923725
-0.28491809563699216 0.13033076087596143 0.6227058968876737 -0.00955742046115299 -0.0048824554702775495 -0.0201121186223489 -0.0201121186223489  738315.5271934924
-0.3028722310739837 0.1305743427166969 0.6204767507446445 -0.007257093259121042 -0.005071410760936831 -0.02253322722382924 -0.02253322722382924  738315.5271948199
-0.31658415414455165 0.1299690029802209 0.6176477051472175 -0.0039734396781845776 -0.005453501051934237 -0.024631356631150625 -0.024631356631150625  738315.5271958588
-0.3322543055353687 0.1283501986527286 0.6136735861483126 -0.0008429110864842353 -0.0030106475076541856 -0.025191597176210764 -0.025191597176210764  738315.5271970247
-0.3468652793365087 0.12543303889250584 0.6104233010010033 -0.0007996846339962287 -0.007597940429679124 -0.02424746156994503 -0.02424746156994503  738315.5271980755
-0.3627451190472153 0.1202083315334341 0.6093883933501609 0.0015614755984205673 0.00318834598148985 -0.021909565178715812 -0.021909565178715812  738315.5271993311
-0.37816967182669986 0.11209612915446764 0.6123422944262973 0.00010006810389921586 0.010227077268044633 -0.021798121542605575 -0.021798121542605575  738315.5272004948
-0.38844758292324916 0.10378131849052653 0.616475072395122 -0.004805705755041597 0.017228555188327003 -0.017659069941848217 -0.017659069941848217  738315.5272015429
-0.39701483841850904 0.09137709432254207 0.6227858308308133 -0.00991322970588821 0.016346413316281484 -0.016401508680052055 -0.016401508680052055  738315.5272029234
-0.3992398988184687 0.0829686271743155 0.6273186664545712 -0.010097053306495367 0.016939303865353517 -0.01697738938860589 -0.01697738938860589  738315.5272039509
-0.3990289112687865 0.07259792930428692 0.6328702273570376 -0.014480430120228427 0.017538525483814058 -0.016790102763078005 -0.016790102763078005  738315.5272051052
-0.39512177371562623 0.06215468748903208 0.6387034059364686 -0.017420051134267492 0.00896418381348932 -0.01635897617664542 -0.01635897617664542  738315.527206326
-0.38828772507651277 0.05426067550238852 0.6443914603176668 -0.020170730432102057 0.013762066548236434 -0.018406249354269877 -0.018406249354269877  738315.5272074804
-0.3794879247056053 0.0477939584099051 0.6515297247815754 -0.017013105355069124 0.011588011439000862 -0.01699337615710353 -0.01699337615710353  738315.5272085997
-0.3698377729605605 0.04274806950885005 0.6594914475260005 -0.012884155099934453 0.00938025954333669 -0.015235678092451972 -0.015235678092451972  738315.5272096733
-0.35521384390709226 0.036556128626674185 0.6710143869537685 -0.011234280446790344 0.0053157626030903545 -0.014136047503367107 -0.014136047503367107  738315.5272110354
-0.34507422942931015 0.03206315334305288 0.6784578203741289 -0.0068569606264354864 0.002068451340521371 -0.013495623098228065 -0.013495623098228065  738315.5272120512
-0.3320814467797938 0.02629451878866557 0.6867142508756345 -0.008837748182126815 0.0007358792561426605 -0.01320275742769561 -0.01320275742769561  738315.5272131943
-0.3182235519930612 0.019579513929649364 0.6929674373205046 -0.010135299912875716 -0.0012594270655931512 -0.011570768833598189 -0.011570768833598189  738315.5272144454
-0.30606840840255684 0.013656994199523115 0.6956635339820972 -0.014611305048964388 -0.0014800362764373835 -0.010103599031089597 -0.010103599031089597  738315.5272155573
-0.29401479726344265 0.008205689751285007 0.6966152129074128 -0.014497640044959436 -0.0018507336994271176 -0.009433680883661071 -0.009433680883661071  738315.5272167042
-0.2818689262323263 0.0035648419797777308 0.6977461819563759 -0.017024015723381334 0.006314505705172793 -0.008088992029943757 -0.008088992029943757  738315.5272178535
-0.26936397540078444 -7.648459619204595e-05 0.7006112604729344 -0.01601767874164438 0.005412560975919652 -0.005505929188109332 -0.005505929188109332  738315.5272190565
-0.2555566621670775 -0.00289137973126593 0.7067381978940279 -0.01126845236869677 0.009666833421722922 -0.004022365963900629 -0.004022365963900629  738315.5272201651
-0.2417416797197531 -0.005249705675507467 0.7146090120403611 -0.009066015685769637 0.010632297521692494 -0.003003926931682386 -0.003003926931682386  738315.5272212618
-0.22643207801115348 -0.008075312291242198 0.7250823946406932 -0.004614419664952948 0.008410790916181639 -0.0021385534042949327 -0.0021385534042949327  738315.5272223552
-0.20365355208658054 -0.013640307556332512 0.7421335686765282 -0.0007648646193908948 0.011511584178692403 -0.0010291388518766853 -0.0010291388518766853  738315.5272240179
-0.18529005267885643 -0.019750685234563622 0.7559422503627767 0.00638610615782098 0.005345424323776191 -0.0016777407774230901 -0.0016777407774230901  738315.5272247563
-0.1621852984221036 -0.03004993440350835 0.7708091476848066 0.005955117978329592 0.00120151830989489 -0.00244995831387037 -0.00244995831387037  738315.5272259581
-0.1416042003996023 -0.04218102849615685 0.7813793459988894 0.0038241774428240363 -0.004408790463887917 -0.002130335950860377 -0.002130335950860377  738315.5272272163
-0.12242331639445204 -0.05696295773600584 0.7898469502764489 0.006108987692864928 -0.010713056060034696 -0.001580601134608622 -0.001580601134608622  738315.5272283129
-0.10694526296043928 -0.07221708459827865 0.7954088773479534 0.0013127128785589426 -0.010078255077948888 -0.001886038273045824 -0.001886038273045824  738315.5272293754
-0.09131088865499716 -0.0932056217452382 0.8004441828884434 0.0018440958185469627 -0.014665154059336431 -0.0013748306118848814 -0.0013748306118848814  738315.5272306685
-0.07971355591557128 -0.11411871516265715 0.8044954485406179 0.001888136795252241 -0.011816711915095103 -0.002519993033538384 -0.002519993033538384  738315.5272317517
-0.07142943192574155 -0.13431023029129327 0.8078304936992218 0.0016390167244677383 -0.010276702295208415 -0.0030878659983866433 -0.0030878659983866433  738315.5272328602
-0.06367452687323406 -0.15827426300232522 0.8116508392407875 0.002181418864516246 -0.0043201339796602655 -0.00432764856436173 -0.00432764856436173  738315.5272340997
-0.05599273569869935 -0.18914009367189386 0.8155255006519355 0.0014345129477816142 -0.005985602041189391 -0.0063485182514526695 -0.0063485182514526695  738315.5272353537
-0.04999943076786809 -0.21601573326484075 0.8189201376881491 -0.003292745222172597 -0.002989433298349094 -0.0074170197240652075 -0.0074170197240652075  738315.5272364886
-0.045138886856064535 -0.23770131005966333 0.8222243831842221 -0.009155230192551331 -0.0019211587920917516 -0.005728690340988637 -0.005728690340988637  738315.5272374284
-0.03776817276891978 -0.2707164690587951 0.8294700616072145 -0.0011769941011636343 -0.0002694597288656813 -0.00671224806302218 -0.00671224806302218  738315.5272388078
-0.03234481753335285 -0.2931005565999842 0.8360045338400682 0.007251716461608078 -0.002105023336167162 -0.010106157238376826 -0.010106157238376826  738315.5272397842
-0.02608662834862761 -0.32212082426179534 0.8443614770449072 0.004589199470100878 -0.003204660590542812 -0.005610173430135471 -0.005610173430135471  738315.5272408914
-0.018431068064657018 -0.3555104256838721 0.8524288470302992 0.009019120843033199 -0.0015654781473156505 -0.008770456019350859 -0.008770456019350859  738315.5272421757
-0.012044956231364477 -0.3867948191749246 0.8547632799622118 0.004273956181902593 -0.0056813476732478834 -0.009918746557126844 -0.009918746557126844  738315.5272433168
-0.005341310778554367 -0.4217000274733882 0.8541942007911811 0.00034495509344582885 -0.0024273159623394726 -0.01007609933870357 -0.01007609933870357  738315.5272445905
-0.0001605196756194589 -0.44972160257562754 0.8523728841395886 -0.006212493924671995 -0.005691639823949257 -0.011182308355949678 -0.011182308355949678  738315.5272457101
0.004896716006131741 -0.4767246305195513 0.8497229871661638 -0.00880661226179381 -0.005631468704203718 -0.01034150591467807 -0.01034150591467807  738315.5272467185
0.01079195490428121 -0.5075753841703415 0.846457670493798 -0.010003746481775804 -0.005373770936275596 -0.011122941613255145 -0.011122941613255145  738315.5272480045
0.015581763733321477 -0.5338813383800778 0.845968362330172 -0.005511343641206688 -0.006523536280344955 -0.0113976578907503 -0.0113976578907503  738315.5272491043
0.019363347870908036 -0.5563751025990702 0.8479233850725251 -0.0016336449007092787 -0.005979431659779421 -0.011174224011288005 -0.011174224011288005  738315.5272502125
0.023658486683728178 -0.5854383583157875 0.8519113936580323 0.0012365083963883133 -0.009339145434212002 -0.012732671257642844 -0.012732671257642844  738315.5272515398
0.026640611195591125 -0.6093583623373997 0.8545585665105737 0.0018191097188382992 -0.00404721855919529 -0.011658677909552684 -0.011658677909552684  738315.527252726
0.028535612525195157 -0.6284560661191054 0.8570462474549321 0.0007076855183520241 -0.0077758374957944245 -0.010884340395160104 -0.010884340395160104  738315.5272537302
0.030836658394981318 -0.6569326736149755 0.8614405338721869 -0.0031501778139687016 -0.007066414027987295 -0.010819102223031124 -0.010819102223031124  738315.527255009
0.03228600858006645 -0.6775204593800971 0.8639563526844924 -0.003099033080832212 -0.007299255565431161 -0.008868870529187719 -0.008868870529187719  738315.5272560897
0.03381099519949609 -0.6990063920604122 0.8663139700936583 -0.014310169292850342 -0.0034604650508596405 -0.007840275063368596 -0.007840275063368596  738315.5272572066
0.03586358917127559 -0.7192837823574205 0.869621059280401 -0.022418809205857898 -0.0001021049052021897 -0.006327755306968929 -0.006327755306968929  738315.5272584897
0.03807730282281564 -0.7333877460976607 0.8733895577383519 -0.028611744490238414 -0.004027137259278027 -0.006321824929967796 -0.006321824929967796  738315.5272596328
0.04061682712767753 -0.741663738397494 0.8765051437991743 -0.031710480174495875 -0.001925781173362002 -0.006118550923165988 -0.006118550923165988  738315.5272607063
0.043842603812546475 -0.7457071097271178 0.8786207857962326 -0.03175253344080588 -0.0026325858328245955 -0.006804741101737108 -0.006804741101737108  738315.5272619501
0.047579915511325545 -0.7442591993520244 0.8784763839234786 -0.031802632750166704 -0.0030571714029065987 -0.009032824562715763 -0.009032824562715763  738315.5272630011
0.051069856673014724 -0.7378135670240199 0.8782786982121001 -0.029796711842013008 -0.00857610322953134 -0.008847015650636666 -0.008847015650636666  738315.5272641664
0.05393325344229303 -0.7269774022248197 0.8790555038931424 -0.02494216814891067 -0.011028249987116306 -0.006789002635868772 -0.006789002635868772  738315.5272653438
0.05616191278064234 -0.7144607175751341 0.8801993236300054 -0.018046800378639 -0.010008684402798682 -0.0070162901066809944 -0.0070162901066809944  738315.5272664444
0.05805466438960706 -0.6967188782742011 0.8817604097299963 -0.013503445236481318 -0.007213972358251256 -0.006116257573586257 -0.006116257573586257  738315.5272676303
0.060034709079665835 -0.6795233030307655 0.8838026071502633 -0.01189589610113394 -0.00033283122381722437 -0.0056623423243239565 -0.0056623423243239565  738315.5272688539
0.06269132693591782 -0.6616644955019607 0.8854773508272809 -0.008481321166208576 -0.0006662034676799027 -0.00567032526799144 -0.00567032526799144  738315.5272699735
0.06637691011567833 -0.6436048616611253 0.886732491451573 -0.007577636739490686 0.00034273335710316357 -0.006727886672223104 -0.006727886672223104  738315.5272711884
0.07139067627782753 -0.6254953062122564 0.8869496719810425 -0.00955446806598377 0.0026051806331291155 -0.008270368130725589 -0.008270368130725589  738315.527272297
0.07690226111561421 -0.6090633490391555 0.8866079527992141 -0.00870201174881474 -0.0017967238633688223 -0.008954885397393926 -0.008954885397393926  738315.527273384
0.08454280954921572 -0.5885421188248494 0.8865022829215038 -0.01174109304822309 -0.0059601104823400995 -0.008609536563948453 -0.008609536563948453  738315.5272745978
0.09188307225123517 -0.5694672731558547 0.887329917975286 -0.012818343855935246 -0.0037123587514681267 -0.008899924064060677 -0.008899924064060677  738315.5272757654
0.09814457062774501 -0.5516879891574895 0.8895248474522699 -0.010512500958668508 -0.0069652222338760575 -0.007836866205330369 -0.007836866205330369  738315.5272768745
0.1043248078113989 -0.5315012326591656 0.8935403577322001 -0.01115591848396493 -0.009976649919731679 -0.008374136066875617 -0.008374136066875617  738315.5272779946
0.10897101442007893 -0.5127978785967422 0.8968047940876255 -0.014829287617918269 -0.01100241263772512 -0.010168183377801131 -0.010168183377801131  738315.5272790795
0.11328689788136302 -0.48621980018294836 0.9004618909788804 -0.015008835778133582 -0.013263783648717426 -0.009998818655312023 -0.009998818655312023  738315.5272803843
0.11537917693179055 -0.46291850353400177 0.9027395323624277 -0.015178521709365386 -0.011095211362175042 -0.010629824913583462 -0.010629824913583462  738315.5272815133
0.11593623190380199 -0.4363932197625835 0.9031573981542845 -0.01218430620318439 -0.014960581471981075 -0.010803908403854161 -0.010803908403854161  738315.5272828192
0.11556273794584246 -0.4147083468551996 0.9024498602145182 -0.00702762862810255 -0.0066805169693538785 -0.011151932167655074 -0.011151932167655074  738315.527283835
0.11466042179466934 -0.3910972125197123 0.9011289520777694 -0.007787818646182486 -0.004901975321833733 -0.010487464463464737 -0.010487464463464737  738315.52728508
0.11400955565259141 -0.36849716686989525 0.9016585786142451 -0.0034130198612748225 -0.0015936805371587041 -0.0076921459579594184 -0.0076921459579594184  738315.5272861421
0.11387489940998234 -0.3451569308923923 0.9037978091758412 -0.0072615521548130965 -0.002824813505782253 -0.006224754580619313 -0.006224754580619313  738315.5272875426
0.1148644720397679 -0.32673604358543024 0.9042990095047635 -0.008366345093787302 7.222763984717971e-05 -0.004060588315443098 -0.004060588315443098  738315.5272885103
0.11681025066756029 -0.3089147329927391 0.9028120826304604 -0.010864774104945749 -6.212888101102882e-05 -0.0042851447315692655 -0.0042851447315692655  738315.5272896015
0.12083873474807738 -0.2867451638032072 0.900037996144628 -0.016431981115258454 -0.00047500241071271837 -0.001067982335821337 -0.001067982335821337  738315.527290768
0.1257401628697259 -0.2659638169910109 0.898104006978738 -0.016582288935838 -0.0005863309847116718 -0.00021464071222507654 -0.00021464071222507654  738315.5272919359
0.13150686768529338 -0.24444460109403987 0.8976356303718945 -0.013775734149417925 -0.004661013047047688 0.002111550509771832 0.002111550509771832  738315.5272931473
0.13705159297055688 -0.22456113354790797 0.8973073741304395 -0.013087054543934037 -0.002426521365700429 0.0018655678546799347 0.0018655678546799347  738315.5272942209
0.14290867809038627 -0.20242483727665828 0.89599148275586 -0.009743209932624558 -0.009626900889819786 0.0016283666898153498 0.0016283666898153498  738315.5272953404
0.1487535486873956 -0.17814399941107353 0.8933807127833514 -0.012557289731456034 -0.00904581474620972 3.878944508276317e-05 3.878944508276317e-05  738315.5272966595
0.15355725742414475 -0.15431652547861602 0.8904462910533969 -0.008661544157655656 -0.007222997048850036 -8.131544747331702e-05 -8.131544747331702e-05  738315.527297833
0.15688902338129368 -0.1354318808876231 0.889429640761936 -0.005505435995987856 -0.007162006676143629 -0.0017483484563567536 -0.0017483484563567536  738315.5272988719
0.15987266182825433 -0.11715671612353637 0.8890605557796298 -0.006677346487980191 -0.004190032092553476 -0.0036957327255259524 -0.0036957327255259524  738315.527299966
0.16335925680767188 -0.0942323892772094 0.888530535221318 -0.0016763328709894535 -0.006644280690589831 -0.006839805982877375 -0.006839805982877375  738315.527301302
0.16551923676676883 -0.07807899116214397 0.8864380204790463 -0.0013410114633072036 -0.008979374597151653 -0.006536249889808795 -0.006536249889808795  738315.527302341
0.16710521497153374 -0.0629000639624444 0.8830703579796926 -0.0039865780669054805 -0.007421878939777268 -0.006530873301340638 -0.006530873301340638  738315.5273034325
0.16792311889364595 -0.0453296897351213 0.8801645154271109 -0.008031934001072542 -0.00782128528448441 -0.0047754675526527615 -0.0047754675526527615  738315.5273046927
0.1674258223341833 -0.02934710218499774 0.8811151126708475 -0.014930539720768292 -0.014089935501964591 -0.00236171203537527 -0.00236171203537527  738315.5273058487
0.1659413470960928 -0.014571980738281884 0.8851783835224764 -0.01772878287383717 -0.012231131817591523 0.0005980606081874048 0.0005980606081874048  738315.5273069327
0.16273929651034363 0.004904492715608889 0.8910871320283859 -0.019054310360821673 -0.015082612093180773 0.0008462629195771168 0.0008462629195771168  738315.5273081794
0.15792118675198366 0.0237559424621342 0.8954237234692606 -0.017361829315244645 -0.014646245864835818 6.90257961432308e-05 6.90257961432308e-05  738315.5273092925
0.1518463870480481 0.041553674679742365 0.896398640037355 -0.014451759696039944 -0.01662569436032404 -0.0011720631547551634 -0.0011720631547551634  738315.5273103755
0.1407756585559384 0.06556191956884587 0.8946981586833774 -0.011415999909968286 -0.015320754346386894 -0.002381155909799617 -0.002381155909799617  738315.5273117225
0.1297337824426195 0.08278475531966241 0.8924516916546588 -0.00802021302073278 -0.01390173710017507 0.0021889970171979356 0.0021889970171979356  738315.5273127614
0.11555608269284642 0.10054175482426732 0.8907865195902055 -0.005991104716143919 -0.01404888128415568 0.0023840147808053052 0.0023840147808053052  738315.5273139174
0.09875668286879012 0.11578447059572594 0.8897159020803098 -0.0016410224800710667 -0.018644495978807258 0.00288509536859992 0.00288509536859992  738315.5273151502
0.08186097443881188 0.12727220592499222 0.8896367266801437 -0.0005019742928712329 -0.012349032218001812 0.0032345606275253477 0.0032345606275253477  738315.5273162238
0.059212869257819135 0.13786109697349533 0.8894425554200914 -0.00011609412851781828 -0.0110417802169219 0.004958308117745441 0.004958308117745441  738315.52731739
0.03743372091708834 0.14411205726204776 0.8881991195604256 0.0014855924173465106 -0.0075285434516205955 0.006585241528788851 0.006585241528788851  738315.5273186824
0.015282300011721709 0.147293007907496 0.8875261245751138 -0.0017580076765905668 -0.0013299287932788323 0.008877688342115463 0.008877688342115463  738315.5273198021
-0.00645298570155424 0.1478832456592213 0.8894904214080327 -0.005463654344745468 0.0012522559271972154 0.011453966935443427 0.011453966935443427  738315.5273208759
-0.027145465718225185 0.1467810871981703 0.8938276082083483 -0.011845110765116143 0.00302531771807164 0.013310379076078429 0.013310379076078429  738315.5273220206
-0.046765214646434836 0.14532305005651044 0.8992905582975156 -0.020905995527297955 0.0010209072171276686 0.010629560122185164 0.010629560122185164  738315.527323279
-0.06345153362394193 0.14494472609436004 0.9039954772585141 -0.02652313550550524 0.003885434017006429 0.0064022371071133 0.0064022371071133  738315.5273243372
-0.08296495553130823 0.14686181955507865 0.9089395689628131 -0.03236831118118879 -0.0013314901605441076 -0.0007131598749113355 -0.0007131598749113355  738315.5273254914
-0.10057457996024176 0.15155385977133745 0.9145957672022281 -0.030898185299549047 -0.006424098720864645 -0.005968279826773227 -0.005968279826773227  738315.5273267037
-0.12088329802653797 0.15963174672503722 0.9211714239030487 -0.02334467573559501 -0.015187056636386483 -0.011366258509074632 -0.011366258509074632  738315.5273279514
-0.14112385225312 0.16821485687799456 0.9255359757231639 -0.013347769290065517 -0.012596162758075782 -0.015249624498943617 -0.015249624498943617  738315.5273291072
-0.15894057546745433 0.17508758599669375 0.9274392520610029 -0.007045440056540009 -0.016300567140646635 -0.016937894667397597 -0.016937894667397597  738315.5273301114
-0.18591837884318288 0.1831841310640022 0.9286157128919836 -0.0012972659772575537 -0.019623699944815123 -0.016679562042084168 -0.016679562042084168  738315.5273313477
-0.21029507670752165 0.1875230063344219 0.9290929672735219 0.0021803698103930276 -0.016564038993354933 -0.013934708049615899 -0.013934708049615899  738315.5273324271
-0.2419166458621773 0.18984362136756075 0.9305631685496444 0.0009032863724932627 -0.009668547055631943 -0.01132005120950895 -0.01132005120950895  738315.5273337187
-0.2714475361533578 0.1891956963421807 0.933361748604321 0.0001423130503308036 -0.00538434857850916 -0.010499352785739099 -0.010499352785739099  738315.5273347677
-0.30066753121942935 0.1865521641269395 0.9360608734131063 -0.007049270792459896 0.002111914262115341 -0.009013678609703427 -0.009013678609703427  738315.5273359582
-0.32553498324641744 0.18352066874079626 0.9376779988563281 -0.011120682404844835 0.005944207416202043 -0.009568273894839663 -0.009568273894839663  738315.5273369944
-0.35327775232838765 0.17984185087566507 0.9382666944611914 -0.017252986202823686 0.00941188581715144 -0.008032941666346122 -0.008032941666346122  738315.5273382887
-0.3732633169708211 0.17770383240871732 0.9373977312859361 -0.018095007572875375 0.010804859136833992 -0.00664849085473748 -0.00664849085473748  738315.5273393615
-0.39279919698916566 0.1763968966876695 0.9348090740923727 -0.018907208272928064 0.0051360802048557854 -0.00493795881872093 -0.00493795881872093  738315.527340491
-0.41295968717407683 0.17642290919383152 0.9302762158222432 -0.017936739458725242 0.002604800699189328 -0.002895064233458807 -0.002895064233458807  738315.5273418163
-0.4265675931253443 0.1773451600197359 0.9260815022566128 -0.012615702503055144 -0.0033484028048246886 -0.002382559570737074 -0.002382559570737074  738315.5273432826
-0.4392780972528249 0.17855187167354522 0.9222556712668458 -0.008345244950949621 -0.0027914000901867846 -0.00055729440958066 -0.00055729440958066  738315.5273439868
-0.45352617545607266 0.17961384963000188 0.9191578120087202 -0.01074212761927195 -0.008497075545729607 0.00013365872707397962 0.00013365872707397962  738315.5273450599
-0.469708078652563 0.18010824724264057 0.9181577738383139 -0.007036763508702927 -0.008378922295140008 0.0006400939003845068 0.0006400939003845068  738315.5273463491
-0.48717697814839117 0.17940172896617887 0.9181169969822679 -0.004626049913422811 -0.011967186957995042 0.0019095983809229297 0.0019095983809229297  738315.5273475961
-0.5019000654290146 0.1781607643123144 0.9190984736678129 -0.008035075192566073 -0.006994170238037851 0.002880270378675109 0.002880270378675109  738315.5273486465
-0.5206242645683624 0.1750925491799864 0.9208166375708488 -0.009331811751195249 -0.00264527807109293 0.003068777883675147 0.003068777883675147  738315.5273499232
-0.533758371259508 0.17211231504976912 0.921444521137319 -0.0066134605939905805 0.0003896163987133626 0.00215772308504711 0.00215772308504711  738315.5273509555
-0.5490081121581315 0.16776187627425446 0.9196448034355234 -0.009706613469857526 0.0047874274965281575 0.0006240446413972825 0.0006240446413972825  738315.5273520525
-0.5612260400552916 0.1632654574069944 0.9148613081470904 -0.010808122998084613 0.010963500670847563 0.001744911833688901 0.001744911833688901  738315.5273531488
-0.5754663764134882 0.1563060293144642 0.9032847723467923 -0.012879637193597034 0.010034103668581408 0.0011632062263615516 0.0011632062263615516  738315.5273545497
-0.5820074224553459 0.15189166309873056 0.8956098253379503 -0.010210743241906786 0.0060436628106297725 0.0006216667923137523 0.0006216667923137523  738315.5273555645
-0.5889870085183843 0.14510803100811 0.8878620645999233 -0.008474612727559486 0.0044573275578293345 0.0033413053643224174 0.0033413053643224174  738315.527356769
-0.5939898799114454 0.13749136448914326 0.8842033986452872 -0.00686507230160631 0.005056827279778018 0.004682935428942887 0.004682935428942887  738315.5273580154
-0.5968598883004818 0.13111783504047317 0.8835004176186438 -0.006854855099988709 0.0029344174173458084 0.004826473882774359 0.004826473882774359  738315.527359039
-0.599747577694469 0.12220958458698772 0.8837451918818768 -0.005412730036909817 0.0007873274761247618 0.0038501145421306845 0.0038501145421306845  738315.5273601704
-0.602533133139881 0.11077477480575255 0.8831158143354301 0.0003899043438764677 -0.003296755710871298 0.002412306874555711 0.002412306874555711  738315.5273614415
-0.6056138153056989 0.09692421042932926 0.8801679062718922 0.0006887464179641771 -0.004315340119000681 0.0001389562035354 0.0001389562035354  738315.5273626499
-0.6083932586233421 0.0834886531427733 0.8765607670736066 0.0004335668038808863 -0.0030453910048171147 0.000668679232489299 0.000668679232489299  738315.5273636888
-0.6113049504548862 0.0664775251635091 0.872525921525325 -0.0001499249905817087 0.004138010926308042 0.0013533770272318036 0.0013533770272318036  738315.527364924
-0.6139141757720068 0.04531627985932558 0.8684595551879402 0.001152851415585513 -1.687312635281295e-05 0.0019657510584324234 0.0019657510584324234  738315.5273661414
-0.6151195909171823 0.028476316432992022 0.8664226831300413 -0.0011358993221175324 0.0015291975941005892 0.0033905389078530716 0.0033905389078530716  738315.5273671573
-0.615602217351845 0.006213805127490721 0.8653700069938715 -0.005545679927124894 0.005341255196979399 0.004720019934747716 0.004720019934747716  738315.527368231
-0.6143151980678444 -0.021239982977686707 0.8654452544604638 -0.010493640480684682 0.006574029926127215 0.005866684554620312 0.005866684554620312  738315.5273696115
-0.6116911706368711 -0.041878241003378974 0.8657542862053662 -0.008106155468789822 0.009348757663637696 0.00430120188804271 0.00430120188804271  738315.5273706854
-0.6079476865281024 -0.0624744843171587 0.865760229036618 -0.011914123685166072 0.005430841987380548 0.0044746872166815995 0.0044746872166815995  738315.5273717244
-0.6024533047742827 -0.08496542386725973 0.865274350429281 -0.010438161233621209 0.005285418057847231 0.0043294081879644945 0.0043294081879644945  738315.5273728742
-0.5951216800778494 -0.10939061470283225 0.8646554554805759 -0.008072828389915916 0.0002463528373657479 0.0009768802040994006 0.0009768802040994006  738315.5273740977
-0.5887118196168126 -0.12940829138146173 0.8651711453632807 -0.008943125313917255 -0.0007258382329117701 -7.173910434750983e-05 -7.173910434750983e-05  738315.5273751632
-0.5812935650722565 -0.15417756178471556 0.8665728640508101 -0.008691378587913903 -0.0039935287043140885 0.0002748657169492833 0.0002748657169492833  738315.5273764575
-0.5755634284911586 -0.17447818504318566 0.8679410475918546 -0.009324365527275884 -0.004069544510865468 0.0010366933988227626 0.0010366933988227626  738315.5273775667
-0.5699733951441377 -0.19690022413938335 0.8693966174912834 -0.008868600082044464 -0.004564803653780765 5.308886445046084e-05 5.308886445046084e-05  738315.527378721
-0.5650118038234611 -0.22137517533789522 0.871138188863843 -0.008995502195402367 -0.010027153637141335 -0.000783287866201745 -0.000783287866201745  738315.5273799793
-0.5619868295415413 -0.24384556841580324 0.8720260592095394 -0.005290690446790875 -0.010147552565672142 -0.0007079303686895526 -0.0007079303686895526  738315.5273810646
-0.5603565463728336 -0.2644856719065821 0.872571654870526 -0.0032460116840527255 -0.0051669025087480915 -0.0016236395293281675 -0.0016236395293281675  738315.5273821721
-0.5596269164079287 -0.2903658360540085 0.8732778324378967 -0.004096184660974217 -0.005550628042740637 -0.0005534597545444969 -0.0005534597545444969  738315.5273833694
-0.5594061955217778 -0.31460916462688354 0.8733258250012338 -0.007509944528246813 -0.0013314497896757 -0.0011679558547723996 -0.0011679558547723996  738315.5273845819
-0.5588364956797912 -0.33884304695681294 0.8715848204250564 -0.012966406651275172 0.0023755847248639185 -0.0012525924539866756 -0.0012525924539866756  738315.5273856781
-0.5570708744322433 -0.3628364098323987 0.8675650141957253 -0.01248716839110283 0.007064579450620849 -0.001958485519018061 -0.001958485519018061  738315.5273869247
-0.5535718605784289 -0.38617614326770217 0.8621461944584528 -0.007340772688723288 0.00832098511413492 -0.0040964808074233265 -0.0040964808074233265  738315.5273880906
-0.5475448090866026 -0.4136395204419417 0.8556921490973931 -0.009301752177040117 0.008999376071306653 -0.003207776356100313 -0.003207776356100313  738315.5273894122
-0.543155369340452 -0.4293125841966236 0.8524416624064601 -0.013301992673289504 0.005196482332223491 -0.0014089988772429268 -0.0014089988772429268  738315.5273902895
-0.5367846664331847 -0.45095049464852155 0.8485422779222409 -0.014286752526152482 -0.0016716355058316874 -0.0021807040218694367 -0.0021807040218694367  738315.5273913458
-0.529660488216525 -0.473464251030178 0.8445493899925728 -0.011682309334246323 -0.0071323547392936 -0.001545712257301246 -0.001545712257301246  738315.5273926286
-0.5247185387762991 -0.4935922076819335 0.84275833524792 -0.0041495497500505935 -0.010134722594046502 -0.0030089655088787136 -0.0030089655088787136  738315.5273937796
-0.5218155291480341 -0.5142332860715825 0.8439913928160411 0.00016773120126040118 -0.012837946132718993 -0.0011864861247252267 -0.0011864861247252267  738315.5273949625
-0.520222586917176 -0.5354320170259947 0.8461132705409513 -0.0008456280540986307 -0.008521755831925916 -0.0035729957049651442 -0.0035729957049651442  738315.5273961168
-0.5203081316569376 -0.5579399111197167 0.8471215669216061 -0.0014107162916767724 -0.00957228329365135 -0.0037830133949639084 -0.0037830133949639084  738315.5273972566
-0.5217482695513331 -0.5794238612217141 0.8458394068062015 -0.0010264365618105294 -0.009292229261973999 -0.0031766125778283807 -0.0031766125778283807  738315.52739833
-0.5248683708986502 -0.6041785469667852 0.8384726891791431 -0.027231864552264676 0.033397026751945835 0.015132179143490049 0.015132179143490049  738315.5273996103
-0.5262189160206143 -0.6286415329056755 0.8356077152651932 -0.00904693272461619 -0.0027668825626030354 -0.005946245838637856 -0.005946245838637856  738315.5274007028
-0.5304010280933243 -0.6560212424921927 0.8274002273858342 -0.008109587258223356 -0.014674780242419586 -0.005414817843388187 -0.005414817843388187  738315.5274018868
-0.535907191113657 -0.6799736685002352 0.8199170897469834 -0.015192159842959473 -0.012761691554658457 -0.0057616980672180905 -0.0057616980672180905  738315.5274030988
-0.5430632813873941 -0.7022170934001535 0.8137499370347991 -0.021662179186350924 -0.008655542144628242 -0.005843485221455719 -0.005843485221455719  738315.5274042302
-0.550561165952111 -0.7207033715238178 0.8096795380013897 -0.02069096568908473 -0.0013610232078082663 -0.004436749521887699 -0.004436749521887699  738315.5274052905
-0.5588443855474436 -0.7401951523324284 0.8066895064643684 -0.020026837675673457 0.003282698322099544 -0.005212327960912588 -0.005212327960912588  738315.5274066275
-0.5642311171814678 -0.7542080948204225 0.8066864810414294 -0.014673145204325347 0.00483383264551143 -0.00939785396376564 -0.00939785396376564  738315.5274076549
-0.5685976393027898 -0.7677580202731317 0.8067818947837382 -0.016979326396068434 0.018475843117948663 -0.003497002047937535 -0.003497002047937535  738315.5274087901
-0.5696815371387005 -0.7823469321163512 0.8057516465822396 -0.012036305580854043 0.012826970726664564 -0.004006613149752203 -0.004006613149752203  738315.5274101073
-0.5679082135323485 -0.7914976088337271 0.8031961869739705 -0.00814331305943072 0.010463806420821006 -0.004068217841477056 -0.004068217841477056  738315.527411123
-0.5618424044030003 -0.8053677743855955 0.7990661867702122 -0.005754494261859611 0.013630358852137299 -0.0031624055737310163 -0.0031624055737310163  738315.5274125669
-0.5540496775268334 -0.8162708214437859 0.7984467856400645 0.0036296776469937272 0.013594884331130758 -0.007678108414594787 -0.007678108414594787  738315.5274134806
-0.5416089897240528 -0.8296191291178269 0.8016877598205789 -0.006454880107066658 0.010706931783359044 -0.005445179908017831 -0.005445179908017831  738315.5274147588
-0.5306380317581809 -0.8393474186091868 0.8082051242410815 -0.006114434473900854 0.01922909272410579 0.0008353012468092886 0.0008353012468092886  738315.527415763
-0.5139050764912847 -0.8501652915892773 0.8188556160062889 -0.014609104829570166 0.009282386721352691 -0.0004911111899170306 -0.0004911111899170306  738315.5274168676
-0.493535731882047 -0.8598385195124744 0.8311112581031387 -0.01607253536385368 0.0075327892736003835 0.0007590088817004734 0.0007590088817004734  738315.5274181615
-0.4735139240978381 -0.8660131160167631 0.8403348957685719 -0.01890489089148982 0.004655079184638873 -0.00031221275523979835 -0.00031221275523979835  738315.5274192579
-0.45228954383135894 -0.8696137709708001 0.8464911150676329 -0.015532785722553875 0.006225057004111482 -0.0010876244846067477 -0.0010876244846067477  738315.5274204005
-0.432443538915099 -0.8708800870064998 0.848838697099195 -0.016089789727124444 0.008732978760293279 -0.0008989933375845186 -0.0008989933375845186  738315.5274214625
-0.4050347545861575 -0.8702907498135174 0.8498749613692296 -0.011377717957646489 -0.0032078138785932822 -0.0011981929876711058 -0.0011981929876711058  738315.5274230406
-0.384331795316999 -0.8686414313217014 0.8503316111709373 -0.009175308632356535 -0.0006117579597586543 -0.0005302279808313456 -0.0005302279808313456  738315.5274238789
-0.36116971569977613 -0.8663487447465928 0.8521441990765638 -0.00353959025291616 0.002736154947617825 0.000348838516729478 0.000348838516729478  738315.5274250298
-0.3382624320563481 -0.8641970045543416 0.8565621531836282 -0.0030402447722686554 -0.0061693362528615625 0.0010263827563607225 0.0010263827563607225  738315.5274262666
-0.3132885887379685 -0.8626842003937403 0.8648774310086251 -0.0028294661743697705 -0.0011927764335148455 0.0030108078381052028 0.0030108078381052028  738315.5274274563
-0.29514136041275946 -0.8621089510280269 0.8717019973468098 -0.0012375212621702492 0.001632025504839925 0.002365169788294465 0.002365169788294465  738315.5274284837
-0.2726859734122716 -0.8618503569539022 0.8793676651789852 -0.003276397314241265 -0.0043000004214154295 0.0002698107685538763 0.0002698107685538763  738315.5274295692
-0.24671297170793685 -0.8619808125834586 0.8864046503473941 -0.003218781207419412 -0.007800513711739328 -0.0011753757425997128 -0.0011753757425997128  738315.5274309341
-0.2281963938733431 -0.8620407146844965 0.8902569519003818 -0.0074412225712370975 -0.007226040477105956 -0.00222468214443671 -0.00222468214443671  738315.5274319949
-0.20845020317700405 -0.861980035661208 0.8937196540829232 -0.0041285022645585765 -0.0075089314199564645 -0.003094483707616461 -0.003094483707616461  738315.5274331307
-0.1897559284309545 -0.8617435196390344 0.8958256524096825 -0.006197178506189466 -0.003795000682145982 -0.0033256230978734487 -0.0033256230978734487  738315.527434334
-0.17348286524036793 -0.861433511825032 0.8953214608677511 -0.0035554866273720003 -0.005167838779930188 -0.0030076796977303666 -0.0030076796977303666  738315.5274354286
-0.15551811599672574 -0.8609852818209389 0.8927702485835889 -0.006042234984395703 -0.00012682096001369276 -0.0038161991852019954 -0.0038161991852019954  738315.527436537
-0.13371737438313097 -0.8603936787131916 0.8882233142127443 -0.004909631914008239 0.006220910988045873 -0.003635465437339697 -0.003635465437339697  738315.5274379154
-0.11864825598858202 -0.85980136922352 0.8841043573781118 -0.007930020396745624 0.0040630935908672365 -0.004572452225944137 -0.004572452225944137  738315.5274388618
-0.09705986701699278 -0.8585214549401029 0.8775336917447348 -0.008110477330069777 0.0023313490868985816 -0.0048787269737694304 -0.0048787269737694304  738315.5274401318
-0.07642907420287896 -0.8567184582216757 0.8721987060193459 -0.007831867639900422 0.0023837101204614683 -0.004401743361927998 -0.004401743361927998  738315.5274412627
-0.05488577957660422 -0.8543742701058258 0.8690680694177727 -0.007438929049268355 0.0029852293638080746 -0.004028093951014336 -0.004028093951014336  738315.5274423886
-0.034823242467309785 -0.8519131109297516 0.8685007386695278 -0.006418171793160319 0.0021661212254478145 -0.0037392311134103505 -0.0037392311134103505  738315.527443439
-0.009561221922933644 -0.8486772689796622 0.8701174897383281 -0.0053843586537640304 0.0018728506001147041 -0.004131875432457396 -0.004131875432457396  738315.5274447611
0.013911263336295 -0.8455639458226539 0.8724434155561692 -0.003964640791108665 -0.0006242618696161886 -0.0044620199334438546 -0.0044620199334438546  738315.5274458643
0.03542984872917798 -0.8429180892248056 0.8747537997875965 -0.0040156101923758455 0.0012086849594671527 -0.005419683912453666 -0.005419683912453666  738315.5274469263
0.06172689683918065 -0.8398371666889821 0.8765611195642407 -0.003070529910142267 -0.003324387791615935 -0.007043479748980697 -0.007043479748980697  738315.5274482567
0.0832783641944641 -0.837546259641608 0.8770945128555602 -0.004137026770948731 -0.0049861944148838315 -0.0073540163854026305 -0.0073540163854026305  738315.5274493183
0.10917117703811267 -0.8348519496656237 0.8779211675339129 -0.004665123062149715 0.003083687694466358 -0.005887072292778875 -0.005887072292778875  738315.5274504895
0.13254226201481994 -0.8322741321627954 0.8786299288042559 -0.0061866339160488145 -0.007318781216717666 -0.006057816459179759 -0.006057816459179759  738315.5274517131
0.15838002630446738 -0.829071584870102 0.8799359417951378 -0.007726164364060041 -0.003202697404049529 -0.005439401298415818 -0.005439401298415818  738315.5274529437
0.1768427164617618 -0.8263134490350121 0.880544936761781 -0.007028288457455381 -0.004334977565666154 -0.004024792160779143 -0.004024792160779143  738315.5274539021
0.202061358595331 -0.8219449893332205 0.8810143240913263 -0.006052154158811332 -0.00516734067657072 -0.0036041511452091315 -0.0036041511452091315  738315.5274551883
0.22270929498867767 -0.8176799934659137 0.8816724605485199 -0.005976877933600581 -0.006293181127375321 -0.0025829336215688007 -0.0025829336215688007  738315.5274562532
0.24505933227436857 -0.8126066533388617 0.8826778333894449 -0.006574688936055702 -0.008563943325198298 -0.0038971481274401726 -0.0038971481274401726  738315.5274573728
0.26939673065724 -0.8062073923629101 0.8813431053232524 -0.004014274027333112 -0.0019710025958481823 -0.003901908632567063 -0.003901908632567063  738315.5274586665
0.2914848725459779 -0.7999723567350833 0.8773740924239348 -0.001161513581233891 -0.002488558300658794 -0.005658205685690316 -0.005658205685690316  738315.5274597545
0.31132196872411083 -0.7939940615276688 0.8734379774687153 -0.00585957191182087 -0.0011973445023295722 -0.006502011011635963 -0.006502011011635963  738315.5274608405
0.33817927188032276 -0.7857570790910434 0.8686133881851135 -0.006759537893471438 -0.0036943757291546834 -0.008778935622694706 -0.008778935622694706  738315.5274621911
0.3578507950846334 -0.779293115419519 0.8663308740483484 -0.006305971890452033 -0.0058598879822225475 -0.009014840028324344 -0.009014840028324344  738315.5274633159
0.37858104026125033 -0.7715769447170424 0.8659009070684349 -0.010875122897998604 -0.011733375443128944 -0.00816774778485766 -0.00816774778485766  738315.527464424
0.3956887506529975 -0.7638710527395117 0.8670645771619335 -0.012703646772623678 -0.014706332757185246 -0.007412201522915145 -0.007412201522915145  738315.5274654395
0.41357631528369126 -0.7528363508143493 0.8685455802563571 -0.018345065973871654 -0.019240620121715898 -0.006733452691197561 -0.006733452691197561  738315.5274667098
0.4254911139521575 -0.7417332464479031 0.8682028955178998 -0.019743708768417557 -0.01925818704371383 -0.005221672992022847 -0.005221672992022847  738315.5274678429
0.4371503627991607 -0.7256328041004784 0.8648123344665217 -0.020555706136302688 -0.015963844223764893 -0.0059615210756575835 -0.0059615210756575835  738315.5274690092
0.4452163554156602 -0.7085759792747405 0.8602984455516581 -0.019257200164041574 -0.013635992109643953 -0.005375634075606484 -0.005375634075606484  738315.5274702656
0.45126471974255344 -0.6891853448403555 0.8565274397380904 -0.019671606054200097 -0.011317841463442379 -0.0035637350541149653 -0.0035637350541149653  738315.5274713277
0.45595723006956207 -0.6699243202317412 0.8540725309518827 -0.018117059479488794 -0.010099396121422162 -0.004482517610459576 -0.004482517610459576  738315.5274724469
0.4604748007201593 -0.6467862244212806 0.8533489689098995 -0.012785188152373317 -0.006583042472797568 -0.0015744956205501954 -0.0015744956205501954  738315.5274735547
0.46573101362752856 -0.6173481923410685 0.8555694827525007 -0.01155717388907859 -0.005075743211696878 -0.0007609447846034572 -0.0007609447846034572  738315.527474917
0.4693998478951102 -0.5973216598510457 0.859292925441655 -0.005796797902644819 -0.005415565127782962 -0.004703082300875391 -0.004703082300875391  738315.5274759328
0.47426342552456197 -0.5726670690277109 0.8651875648506727 -0.0042516761643475705 -0.007404281632298025 -0.00840169705063288 -0.00840169705063288  738315.5274770758
0.4796280341072412 -0.5466278994787493 0.8711814081192311 -0.000870379299300981 -0.00770312401807403 -0.011216788868080158 -0.011216788868080158  738315.5274783338
0.48372819845540427 -0.5241074311192361 0.8754913123083122 -0.0036139827482467384 -0.006983612889061906 -0.015172402816199096 -0.015172402816199096  738315.5274795343
0.48730865575514554 -0.5024908195976026 0.8783907882549131 -0.001352571041902112 -0.013476977166009577 -0.014854554483828658 -0.014854554483828658  738315.5274805834
0.4899557888635963 -0.483685742433953 0.8811436391091948 -0.007701079647657097 -0.011311966714682044 -0.012919538525855857 -0.012919538525855857  738315.527481669
0.4930392717346924 -0.4592931213304897 0.8858058759536478 -0.008830725627913236 -0.009607746624392021 -0.010662050415047608 -0.010662050415047608  738315.5274830203
0.49492822963001254 -0.44272967213877296 0.8888711638055747 -0.016872802565023572 -0.007929175078084227 -0.008553829450031608 -0.008553829450031608  738315.5274840476
0.4981970804150011 -0.41898016269633664 0.8915726194999174 -0.015507996769918691 -0.0011716922220303871 -0.009700947012884842 -0.009700947012884842  738315.527485213
0.5012070509317351 -0.3933278610401283 0.8907054077247973 -0.016560429420086533 -0.010476595970242237 -0.013004242285196555 -0.013004242285196555  738315.5274864854
0.5032652998470064 -0.3708010353355656 0.888297890290943 -0.013935521866484954 -0.011611738657430197 -0.015034632783740455 -0.015034632783740455  738315.5274875702
0.5043392020620304 -0.3448429740610708 0.8858640977315188 -0.010533113500557835 -0.02018997569624648 -0.018353696975178337 -0.018353696975178337  738315.5274886902
0.5031848446462153 -0.3161924568772686 0.882900597477966 -0.0042162143150032555 -0.020910333533118844 -0.01983780554611277 -0.01983780554611277  738315.5274899671
0.4999109885352033 -0.29388035227207854 0.8798884969052949 0.004442481548499274 -0.020638637230606813 -0.01951771927456896 -0.01951771927456896  738315.5274911099
0.492675477479863 -0.26881591076014755 0.8744201204590439 -7.321809319803236e-05 -0.018553058097743838 -0.012410488194047848 -0.012410488194047848  738315.5274922745
0.48548781291925386 -0.25103251038075103 0.871049276428816 0.006270329380364181 -0.019929402590220028 -0.011663252109024266 -0.011663252109024266  738315.5274933196
0.47397398221182546 -0.23185082010951816 0.8661599517060554 0.005328215899269917 -0.021207343059392203 -0.006767461922626331 -0.006767461922626331  738315.5274945922
0.46305216622382517 -0.2184673751837766 0.8628608379761223 0.004791918710796631 -0.019049727503514864 -0.0016636853706552613 -0.0016636853706552613  738315.5274956311
0.4509875351806902 -0.2067104409946313 0.8613976576987199 -0.00025705499499191405 -0.01641926682571942 0.0035640634063672854 0.0035640634063672854  738315.5274967162
0.43539040895605496 -0.19367409767248697 0.8617506843710331 -0.001785602038880381 -0.01500826424644271 0.009560792330079797 0.009560792330079797  738315.527498003
0.4207931642067128 -0.1823419723811215 0.8625119230955197 -0.004729909113388325 -0.012943213455722528 0.016245304231251128 0.016245304231251128  738315.5274991042
0.4050613010490397 -0.16982649639410852 0.8621710563534709 -0.007564931144787625 -0.010495318224886368 0.018463059292076374 0.018463059292076374  738315.5275005793
0.39128468953970985 -0.15801595783695074 0.8610084923936321 -0.00785349969644674 -0.009933631296290924 0.0193633213616026 0.0193633213616026  738315.5275015336
0.38052015869631745 -0.14807331431255458 0.8589768050230822 -0.010282514984993522 -0.013075871101728694 0.01912966726720704 0.01912966726720704  738315.527502561
0.3671058986900698 -0.13507759630009505 0.8548272637515586 -0.0068444742574698385 -0.014223697875577809 0.017804921379304058 0.017804921379304058  738315.5275036691
0.34867674742226373 -0.11861189806970887 0.8464525806016374 -0.0010369843705605598 -0.01937933850157231 0.01463220764422677 0.01463220764422677  738315.5275051355
0.33795773752744007 -0.11060511019025077 0.8406282361237916 0.003598776822693557 -0.019092266356686923 0.0137749233351504 0.0137749233351504  738315.527506042
0.31811745861472546 -0.09879410246760133 0.8286021858513125 0.0035935783204313182 -0.017843752656311915 0.01224983438204274 0.01224983438204274  738315.5275075485
0.2983777765692899 -0.09068264476403133 0.8162530214705435 0.003342122504612073 -0.018021398440079064 0.01089853505746696 0.01089853505746696  738315.527508839
0.2832563573978139 -0.08616900661746155 0.805834857400529 0.0014652322020095269 -0.017138631446008613 0.010344612267696455 0.010344612267696455  738315.5275096119
0.26547631589677845 -0.08230047912213592 0.7924674978166396 0.0017523204225427637 -0.01756647135174752 0.008030134281761227 0.008030134281761227  738315.5275106396
0.243184869090489 -0.07859928514645166 0.7720107338013658 -0.004247268755252777 -0.016105356263554048 0.006199956399803224 0.006199956399803224  738315.5275118343
0.22046839507147764 -0.07546434341928768 0.7447548109606899 -0.004881181648942855 -0.010581427777880108 0.0037506228740732893 0.0037506228740732893  738315.5275131159
0.20442319290566485 -0.07304837365183733 0.7220975966616714 -0.006811442310795491 -0.005706963924497467 0.0014749202866090087 0.0014749202866090087  738315.5275140995
0.18089011344834247 -0.06938465355542658 0.687479726429391 -0.004979797957468427 -0.008726195580473998 0.0007757823470616442 0.0007757823470616442  738315.5275154242
0.163889250756767 -0.06630566415445134 0.6624755067702051 -0.00593979619002398 -0.007378391945215219 0.003518602189409798 0.003518602189409798  738315.5275164632
0.14725557289260038 -0.06301824342736798 0.6374478393460317 -0.00982484819346939 -0.005857490905189145 0.007491268810229441 0.007491268810229441  738315.5275175619
0.12641759075552972 -0.05891896502274762 0.6026125288483154 -0.0073448149863600464 -0.008053598487979175 0.007888452967268597 0.007888452967268597  738315.5275188899
0.11166877815742898 -0.05577400505447726 0.5748207217576462 -0.009944423251777672 -0.00465979736427899 0.008893443313270872 0.008893443313270872  738315.5275199403
0.09539208455040163 -0.052673019473243474 0.5425081852510819 -0.005525069631515713 -0.00805678387829415 0.008648326759818463 0.008648326759818463  738315.5275210909
0.08129885531086152 -0.04987281114023724 0.5124743692964041 -0.008655355519558181 -0.007532833589275358 0.006465788710228012 0.006465788710228012  738315.5275221759
0.06358623140788247 -0.04647064518868478 0.47273744520383815 -0.009235295823675906 -0.01190626420593404 0.006786932206626506 0.006786932206626506  738315.5275234657
0.048302729372191974 -0.0434642634412446 0.43824788506223855 -0.00983364545188647 -0.01189718598526709 0.007701748364098178 0.007701748364098178  738315.5275245622
0.030540289220469672 -0.0400863796580459 0.39817578274690135 -0.009876993233757242 -0.017616139480794133 0.003989946186767098 0.003989946186767098  738315.5275256592
0.0075117263497577885 -0.035924831524699864 0.346345939954873 -0.009357464563879462 -0.016716619449185764 -0.00028543703005090565 -0.00028543703005090565  738315.5275269977
-0.008866479017763294 -0.0327518006669252 0.3089981696163552 -0.014685767817551359 -0.013288820497347628 0.0010629160348102663 0.0010629160348102663  738315.5275280251
-0.030354536479249537 -0.02826272326181635 0.2605076138653175 -0.012612657599602008 -0.011260785964305003 0.0010922754237813071 0.0010922754237813071  738315.5275291795
-0.05153122824735956 -0.02314438622962265 0.212353181160408 -0.010790518524065597 0.0026087321450564654 0.0031821405900542272 0.0031821405900542272  738315.527530378
-0.07428162565563518 -0.01706282576525122 0.16061723721165094 -0.009240684390939165 -0.00638906690173772 -9.720378573963346e-05 -9.720378573963346e-05  738315.5275315322
-0.09442952026349069 -0.010579869878034914 0.1138739831514515 -0.01993924382659335 -0.011551342236199798 0.005083656893705822 0.005083656893705822  738315.5275327119
-0.11773801366648977 -0.0017264252450308784 0.06594998475576556 -0.026513925011870644 -0.015241564874500905 0.01162587978598639 0.01162587978598639  738315.5275339456
-0.13698456190846311 0.005630981775080002 0.039160081883715024 -0.009954244798001721 -0.01787008557039729 0.01633480432525742 0.01633480432525742  738315.5275349845
-0.13434533180431202 0.009042932815145302 0.041192578054389715 -0.010962044369910048 -0.0005353254056110255 0.019832850614020358 0.019832850614020358  738315.52753614
-0.12210327496306769 0.007702048995455299 0.05163404160448346 -0.005137333361650603 -0.03339203989049783 0.012708467534237496 0.012708467534237496  738315.5275373752
-0.11326283259581142 0.006208783204995611 0.04940375389496146 -0.011870021507679702 -0.0196098312276917 0.007098302815021729 0.007098302815021729  738315.5275384488
-0.107414672719039 0.004127295192511985 0.03228982991414931 -0.0203351272769848 -0.02965471144870108 0.00030456644013085243 0.00030456644013085243  738315.5275396107
-0.10721977756194331 0.004146575697422316 0.03708479361666899 -0.01261495597295975 -0.004659151260258468 -0.0011081672044464302 -0.0011081672044464302  738315.5275406496
-0.1116882076722029 0.006026291081001551 0.03832658236981563 -0.010083241819303 -0.03028836422332186 -0.0030488632803989707 -0.0030488632803989707  738315.5275419514
-0.11428577219857514 0.007141804908460973 0.03278214712024741 -0.01185045388826525 -0.019198704883164875 -0.0032845124335500113 -0.0032845124335500113  738315.527543095
-0.11244926712841553 0.006348030834706756 0.03446541623262899 0.00022901860848417632 -0.020265412653974888 0.0013793366395994748 0.0013793366395994748  738315.5275442181
-0.1124840387029389 0.0062165353174803845 0.03306531684108364 -0.010918587863377556 -0.01085182901919826 -9.125802114088264e-05 -9.125802114088264e-05  738315.5275455387
-0.11301042844103472 0.0065118338031410275 0.03246259416171663 -0.016713296768662157 -0.009222353510521725 -0.0014452879772885905 -0.0014452879772885905  738315.5275465554
-0.11312915103154753 0.0067061993344165105 0.03226407427002265 -0.02039627711953062 -0.015241241132082148 0.0005996382979815765 0.0005996382979815765  738315.5275478293
-0.1130739310435589 0.006779801158969327 0.03216977733624354 -0.02316614905530753 -0.009510555183133979 0.00024521726271201354 0.00024521726271201354  738315.5275488547
-0.11325258363757981 0.0067186193522479655 0.03195681695764648 -0.018277462687136297 -0.010960748413764815 -0.0017973906326028003 -0.0017973906326028003  738315.5275499743
-0.11309512662222576 0.006695351123897493 0.03218722026186659 -0.020576981313449063 -0.009149178410076475 0.0005493460549622614 0.0005493460549622614  738315.5275510901
-0.11308957945797564 0.0066285296670660675 0.0322107490560866 -0.017073222556686123 -0.012145162596003274 0.00014102269797440725 0.00014102269797440725  738315.5275524652
-0.1132383364356004 0.006597041544159292 0.03209867961654011 -0.017114798071733793 -0.016537694189504674 0.0002640858834415191 0.0002640858834415191  738315.5275534998
-0.11320575281118796 0.0065215116067996156 0.03201894423997805 -0.017463084263677268 -0.01365754865304719 0.00017737459067075666 0.00017737459067075666  738315.527554662
-0.11330374092259625 0.006400106525225649 0.03189371537218169 -0.01129442484108402 -0.01208571690366877 -0.0012639964295424278 -0.0012639964295424278  738315.5275558743
-0.1132592001160543 0.006244111292117373 0.03197781920900942 -0.009908203638037417 -0.01340577935791023 -0.0019870059307530675 -0.0019870059307530675  738315.5275569479
-0.11334452701583723 0.006181499712767442 0.0320202924476502 -0.008889045475215403 -0.013460343170330465 -0.0014425900143868835 -0.0014425900143868835  738315.5275580331
-0.11326439312918428 0.006202811735769821 0.03196406612172768 -0.009829281548541402 -0.00937403808508415 -0.0015268595146907206 -0.0015268595146907206  738315.5275593736
-0.11326359009652134 0.006125175876472151 0.03195453305825832 -0.008968981751374968 -0.010804830661640829 -0.0013650354872694686 -0.0013650354872694686  738315.5275605603
-0.11324247023323826 0.006161474485368957 0.03193671053389601 -0.008516510986933564 -0.011285612242350529 -0.0011855579767060345 -0.0011855579767060345  738315.5275615529
-0.11322454586805332 0.006101855462969976 0.03192390962694375 -0.008465519669471594 -0.009896809418837858 -0.0010777363695692154 -0.0010777363695692154  738315.5275628703
-0.11322199837380428 0.006069673208256795 0.03195311588588559 -0.007403354025878404 -0.009643633117070907 -0.0008542261505902986 -0.0008542261505902986  738315.5275638875
-0.11321594939499253 0.006058392053799744 0.031926833772572466 -0.007378524259181738 -0.009136311486005763 -0.0008797005646183948 -0.0008797005646183948  738315.5275650187
-0.11320774662270786 0.0060511062813976045 0.031889642567632055 -0.008178898808891905 -0.009266898004820145 -0.000828317774266477 -0.000828317774266477  738315.5275663505
-0.11319332837973145 0.006067357895505681 0.0318955588077422 -0.008105362106768111 -0.008822634487117217 -0.0007969814147750521 -0.0007969814147750521  738315.5275674475
-0.11315891333852081 0.006066324367985348 0.03185754101740291 -0.00781844569044485 -0.00799289307563381 -0.0010185758786156133 -0.0010185758786156133  738315.5275685417
-0.1131284034808023 0.006078080254070641 0.03186211659581799 -0.007978536239797369 -0.007953897116786556 -0.0008631681463392334 -0.0008631681463392334  738315.5275696038
-0.11312244813285278 0.006095335897945141 0.031842742121660765 -0.008282147781348864 -0.00755538991197476 -0.0011537352825387798 -0.0011537352825387798  738315.5275709761
-0.1131160623993163 0.006084832023808552 0.03183217260239774 -0.008109666370313203 -0.008015996365707078 -0.0011207285260859997 -0.0011207285260859997  738315.5275720268
-0.11311490704272957 0.006083965208796578 0.031811495803753774 -0.008285726604593183 -0.007831969116239167 -0.0008047633541655337 -0.0008047633541655337  738315.5275731756
-0.11310545929030512 0.006083592735041615 0.03180927829489179 -0.008495356340015157 -0.007990881326997483 -0.0010106137494473356 -0.0010106137494473356  738315.5275743878
-0.11308017038890877 0.006061417028336842 0.03180156975882404 -0.008335957337968115 -0.007730033913398001 -0.0008646664287071118 -0.0008646664287071118  738315.5275756121
-0.11309876134969359 0.006078137766366299 0.031790793610068195 -0.008248901797167611 -0.007644017790590002 -0.0011681305911036362 -0.0011681305911036362  738315.5275766508
-0.11311833115524812 0.0060939865958243725 0.031770048414947814 -0.00813126549813955 -0.008043143052278176 -0.0012276811399828396 -0.0012276811399828396  738315.527577713
-0.11311708253399447 0.00608303830384617 0.03175714047290087 -0.008085259948599906 -0.008105878414327071 -0.0008085770044758488 -0.0008085770044758488  738315.5275790424
-0.11311722486622662 0.006072728139295134 0.03173294186093902 -0.008206320089370965 -0.007486501615858529 -0.0005631810276420085 -0.0005631810276420085  738315.5275801225
-0.113130399287948 0.006097175177742469 0.03168900577363877 -0.008427218058749754 -0.008517888054733986 -0.001098845807068278 -0.001098845807068278  738315.5275815092
-0.11313168741971433 0.0060943649900494475 0.0316840919290933 -0.00843352518727036 -0.007721282314387076 -0.0008264959838304823 -0.0008264959838304823  738315.5275824445
-0.11318601821935889 0.006139409693922627 0.03160392042765006 -0.007598386111888792 -0.011129027968006232 -0.0015158891924192148 -0.0015158891924192148  738315.5275837112
-0.11332945515543459 0.006255139591553582 0.03136418019915282 -0.008886421435201066 -0.01399723060063012 -0.0012848884152909948 -0.0012848884152909948  738315.5275849267