-0.18728416482545163 0.18705957832766906 0.035532029541132 0.0204175937435684 -0.01921320104188679 0.06376066830421559 0.06376066830421559  738331.7232706418
-0.18729717913935964 0.1870683466859697 0.03552987666488907 0.020196837418060668 -0.01926415245771654 0.06357997601142318 0.06357997601142318  738331.7232717058
-0.18728742381303443 0.18703848989342517 0.035550918090139334 0.020162319807135363 -0.01942817060946091 0.06369529473152673 0.06369529473152673  738331.7232729768
-0.18727714901669787 0.1870661214679967 0.03551956536604093 0.020317453594420654 -0.019192690491444217 0.06388772251320082 0.06388772251320082  738331.7232740656
-0.18728880867436326 0.1870632250653421 0.035518665115910834 0.019975544679139316 -0.019097554575273876 0.06389350904292687 0.06389350904292687  738331.7232753389
-0.18710250981123552 0.18704216629442116 0.03524679394359965 0.02106329390648576 -0.019867884983647856 0.06451268594152187 0.06451268594152187  738331.7232764402
-0.1873125756541168 0.18706024886523506 0.03554900272518453 0.020440718169523638 -0.018855729630487046 0.06386573214591756 0.06386573214591756  738331.7232775225
-0.18731590176223428 0.1870725027575544 0.035524223338007185 0.019960765767201866 -0.01923743144340579 0.0637706909827812 0.0637706909827812  738331.7232787882
-0.18728671976104816 0.18707209771300334 0.03548553969321563 0.019698987156235376 -0.019360413334909572 0.063758099523976 0.063758099523976  738331.7232798641
-0.18728930819172615 0.18707023973741452 0.03553938337672938 0.02061325102511688 -0.018817845027965435 0.06366517670944306 0.06366517670944306  738331.7232811337
-0.187264346663333 0.18711078511710125 0.03567583983677549 0.019814724182629077 -0.01830549556421486 0.06389484681155676 0.06389484681155676  738331.7232822287
-0.18685516006159164 0.1813359796397466 0.04513481922146418 -0.001214672205368686 0.03357512050086548 0.08883007333545134 0.08883007333545134  738331.7232833137
-0.18651935949253615 0.18817641755755965 0.03529329242003089 0.008037339541143862 -0.0370150120027777 0.05526880984531895 0.05526880984531895  738331.7232845761
-0.18586542369925968 0.18905370232280452 0.03756525802629903 -0.00962657717632925 0.0024025419487922854 0.06653532037881714 0.06653532037881714  738331.7232856542
-0.18380506742456865 0.1912486045905446 0.0411918355363661 -0.03414354009225376 0.014288940350036614 0.05650839429842952 0.05650839429842952  738331.7232869202
-0.18201959860511294 0.19333470610968173 0.044847329340536354 -0.04797662038947085 0.04830054437430785 0.059162477236402014 0.059162477236402014  738331.7232880127
-0.17858550705627738 0.19611517587136965 0.04643293848405153 -0.03215356239691313 0.039270925415805326 0.0406401638800209 0.0406401638800209  738331.7232890995
-0.16504399847761084 0.2059901359893344 0.04832681757946992 -0.0069607871986618565 0.018624943878910394 0.043006217792354244 0.043006217792354244  738331.7232903446
-0.14794686692366452 0.21657087141526316 0.059099941754058534 0.0025806933727009398 -0.00456374663935588 0.0450773640653467 0.0450773640653467  738331.7232914275
-0.1258871382638181 0.2263104277013813 0.08617239475192563 0.043811223060691976 -0.040030675671523484 0.05250783424158665 0.05250783424158665  738331.7232926998
-0.1108441096177378 0.2283946949552106 0.12030504796147448 0.042281832797448245 -0.0686553687247728 0.0445540668274645 0.0445540668274645  738331.7232937949
-0.10257871987624181 0.2243219984730654 0.15739750392333135 0.025907939753325934 -0.0447499232409717 0.04286521096533558 0.04286521096533558  738331.7232948887
-0.09795801720541726 0.21512978051595846 0.2056989124979905 0.010130987669700449 -0.027414634723972535 0.04371209862202939 0.04371209862202939  738331.7232961528
-0.09733428029833614 0.20690492860969983 0.24616872166117262 0.001198100755139044 -0.028329585721055043 0.040236032012318915 0.040236032012318915  738331.7232972563
-0.09925091350844328 0.19884497257431732 0.29462238856464473 -0.01476213255587602 -0.01345533382097951 0.03169523218454037 0.03169523218454037  738331.7232983307
-0.10136078383693586 0.19263278595019 0.34363698346766425 -0.014231787785759916 -0.012375471378990527 0.029019982545809068 0.029019982545809068  738331.7232995973
-0.1015598311273346 0.19015620861444804 0.3783765354374069 -0.009107992590690714 -0.006024637802731657 0.02915775038269637 0.02915775038269637  738331.723300693
-0.100059044512226 0.18960223932544285 0.41299192297004567 -0.0010859616475489481 0.0007761308692001122 0.02837569262083387 0.02837569262083387  738331.7233019406
-0.0900979326322694 0.19049221465852656 0.43549333896339115 -0.002975075868482418 0.11226661016813805 0.027589897615340715 0.027589897615340715  738331.7233030293
-0.05913760322823731 0.19380773509188529 0.4570821345457204 -0.0002503916954484595 0.13340156765626215 0.023869660585628692 0.023869660585628692  738331.7233042835
-0.00020408719689007349 0.2001152766380288 0.4712215239929784 -0.01739855398369208 0.16148807287897865 0.02442120130324801 0.02442120130324801  738331.7233053707
0.07666236377372523 0.20864023601764262 0.48245063647833714 -0.018582796506763196 0.129000355313994 0.02631069249758484 0.02631069249758484  738331.7233064506
0.1966960531295918 0.22523942262507504 0.49590284526753114 -0.02716257435821483 0.07748975662349247 0.0322299194205291 0.0322299194205291  738331.7233077198
0.3065435051367892 0.24425041549489662 0.5092030720245073 -0.03386820720697705 0.01865488188147241 0.031123387361090285 0.031123387361090285  738331.7233088111
0.42667830309547783 0.2713366018099939 0.5264638013536002 -0.025380629625082737 -0.057058035884402634 0.033960623442817105 0.033960623442817105  738331.723309903
0.5395267226319335 0.3066458301162216 0.5447447086391237 -0.024892208155460498 -0.13551370243877986 0.02818094167589708 0.02818094167589708  738331.7233111867
0.6092296037781861 0.337859463750829 0.5557381863345382 -0.014611009466685981 -0.1578346831011484 0.024218027297098536 0.024218027297098536  738331.7233122577
0.6628695756269278 0.3771230602608527 0.5610161903727061 -0.0034257134704873816 -0.15238558263453628 0.01799969497637283 0.01799969497637283  738331.723313525
0.6825041752969129 0.4090634109116201 0.5611460144145206 -0.00938943678591097 -0.12274215065863198 0.008018309960157797 0.008018309960157797  738331.7233146155
0.686173577160514 0.44232453780834 0.5586236512708167 0.010563016395329151 -0.06674403715720005 0.015517864453528317 0.015517864453528317  738331.7233157227
0.6735160779140584 0.475567177762213 0.5597722858264302 0.018449927521135674 -0.024272914653311464 0.014060211572907615 0.014060211572907615  738331.7233169826
0.6607764168623919 0.499447305706539 0.5635774673300297 0.012341905317112737 0.0023448396199665716 0.014863065525563336 0.014863065525563336  738331.723318067
0.6495469946967519 0.5249916853704721 0.5705345136350375 0.014551987869876343 0.01787279827922614 0.01700859221887082 0.01700859221887082  738331.7233193221
0.6463884213659695 0.5457417944312198 0.5786784518940878 0.004563932056604008 0.037749999938557745 0.017992305419120887 0.017992305419120887  738331.7233204201
0.6504889888499943 0.561849213731078 0.5848237536736378 -0.0014531693858842803 0.04368951601215761 0.017185573755200776 0.017185573755200776  738331.723321485
0.6659388068548132 0.5865708273400604 0.59376004585716 -0.010867085204471364 0.025477252671668737 0.015728973694165562 0.015728973694165562  738331.7233227341
0.6846052949564843 0.6065452559794752 0.599104918543281 -0.009331168651462933 0.008660675340914548 0.014723667926379202 0.014723667926379202  738331.7233238189
0.7105476634245731 0.6327161491311136 0.6052663271091543 -0.007220573840705871 -0.00924605009748473 0.015018182276320406 0.015018182276320406  738331.7233250937
0.7310507080894694 0.6545256192836055 0.609578183875706 0.005183875043889619 -0.023744188043399984 0.014704467015302342 0.014704467015302342  738331.723326161
0.7519232236049005 0.6806971843403583 0.6133010788211206 0.00501261718975358 -0.03710474602435082 0.013772355854856264 0.013772355854856264  738331.7233274188
0.7635684805693734 0.7005740480484953 0.6152634843762748 0.010484052257886133 -0.041658187993957 0.011874642127679932 0.011874642127679932  738331.7233285089