0.14639153603854407 0.17490724081757555 0.03526562125494781 0.012412140036461794 0.0011481687188531742 0.9188058349092796 0.9188058349092796  738318.7021208821
0.14640137300052047 0.1748987099197734 0.035266827765033155 0.01255575387686966 0.0011134350715058527 0.9188829890545237 0.9188829890545237  738318.7021218914
0.14639938086646995 0.17491175778998969 0.03527741083951364 0.012200833871285736 0.001231235487322331 0.918819566081361 0.918819566081361  738318.702123193
0.1463900351312489 0.17489652588928684 0.03527227143596127 0.012672932435417552 0.0011500606570360266 0.9188216243650374 0.9188216243650374  738318.702124233
0.14636771239268193 0.17490276455232323 0.03523444991840479 0.01342760279353558 0.00025186715595486514 0.9187265890838126 0.9187265890838126  738318.7021254714
0.1463942815021676 0.17491119905939603 0.03527243586577295 0.012443054643897198 0.0013261698331198403 0.9188398582388155 0.9188398582388155  738318.7021265465
0.14638931978660072 0.17491004717328137 0.035270011503231787 0.012159328409896274 0.0012904565953974064 0.9188278338099933 0.9188278338099933  738318.7021277936
0.14637778425997333 0.17490476806262845 0.03527524296216033 0.012049210922142485 0.0013828254977728198 0.9188468520791571 0.9188468520791571  738318.7021288972
0.14636125180269915 0.17491255897122931 0.03522917441236553 0.013330078282137977 0.0006462955565526388 0.918699137561913 0.918699137561913  738318.702129986
0.14639147175072315 0.1749091082551539 0.03525699030715965 0.012120293957871717 0.0012957748830883138 0.9188067621857747 0.9188067621857747  738318.7021312445
0.14640351148233732 0.17486416438818972 0.03533673906825258 0.0127333837890929 0.0006937419311512403 0.9186493914449241 0.9186493914449241  738318.7021323146
0.14728308409514995 0.1740848725775155 0.03641987100727291 0.030812473252121324 -0.006989622394127991 0.9180569527518235 0.9180569527518235  738318.702133607
0.1517374805031845 0.16662926026889774 0.04109028887570169 0.0993473365063638 -0.07816121110067938 0.9134502139245756 0.9134502139245756  738318.7021346301
0.15908948842074774 0.13825449444356544 0.0511177591231447 0.17364535318263302 -0.30397748095014193 0.7844702485920413 0.7844702485920413  738318.7021359269
0.14194879628624232 0.09722801831796149 0.049854358526253514 0.13888780735047762 -0.5033988658978236 0.30100497327867654 0.30100497327867654  738318.7021370813
0.1244355500295477 0.06275440489980695 0.058523420733269674 0.1747579843659506 -0.4482448240521145 -0.11469755274829858 -0.11469755274829858  738318.7021382382
0.08770059733316592 0.013420921217742883 0.05479603005599951 0.1955108014287264 -0.7504417828382266 0.005157454945929473 0.005157454945929473  738318.7021393016
0.07640290443669832 -0.04759024913687978 0.02246740434179693 -0.4216165729541946 0.8245630684674919 0.23183044924779786 0.23183044924779786  738318.7021405647
0.09874334454538962 -0.0728911929024285 0.03139565747857543 -0.6337854444946505 0.7116529279723824 0.27591355609380636 0.27591355609380636  738318.702141651
0.09663896555418743 -0.0802143757848446 0.006547658578932522 0.8150429562872743 -0.5139504430273076 0.1107416526855446 0.1107416526855446  738318.7021427513
0.0983334982572295 -0.09512893089810494 -0.004000040627474411 0.9122090861868035 -0.4097245369145074 0.00042916767618416784 0.00042916767618416784  738318.702143978
0.09944330781626658 -0.0963515472412166 0.00040187446967364046 0.9016107956651334 -0.4159680818239492 -0.11588455892544137 -0.11588455892544137  738318.7021450561
0.09838050973248959 -0.0960406847880532 -0.0028526502696209224 0.9064985207033789 -0.4207920686929178 -0.0343989807384232 -0.0343989807384232  738318.7021463404
0.09774902162149528 -0.09483895579663873 -0.002761968447310014 0.9045359391146743 -0.4252900291381629 -0.023139595822626192 -0.023139595822626192  738318.702147495
0.09803030370254875 -0.09542160867078299 -0.002421695159473271 0.9033006160155129 -0.4279578158092607 -0.023788946552035645 -0.023788946552035645  738318.7021486629
0.09800252503621143 -0.09518628227020096 -0.0024472777085061325 0.9051519408229878 -0.42388962218801945 -0.027488785353055874 -0.027488785353055874  738318.7021497444
0.09799515138391886 -0.09517410484564297 -0.0024836869020972404 0.9050412436694389 -0.4241751892883132 -0.026705546072379703 -0.026705546072379703  738318.7021508272
0.0980156196834608 -0.09542358992491472 -0.0024367850630678456 0.9032240293370379 -0.42811399061790845 -0.02387863261385876 -0.02387863261385876  738318.702152146
0.0980743151349612 -0.09542281892866157 -0.0024482047400155413 0.9033287292424462 -0.427835893778956 -0.02462037232262613 -0.02462037232262613  738318.7021531507
0.09801771878393505 -0.09540998772029637 -0.0024447332268393604 0.9031061705470198 -0.42837776465056526 -0.023274578542252112 -0.023274578542252112  738318.7021544655
0.09802010818835954 -0.09539872335283328 -0.0024401711021209034 0.9033168853734381 -0.4279017538577544 -0.02409301464376094 -0.02409301464376094  738318.7021555137
0.09832649744219389 -0.09573067405252038 -0.0022137427914179957 0.9055078071600882 -0.423697982498461 -0.02047021936289555 -0.02047021936289555  738318.7021566048
0.09834207997632732 -0.09545465269932761 -0.0020268597517321472 0.907408169470573 -0.41973959945228073 -0.019133449611024873 -0.019133449611024873  738318.7021578687
0.0983658429650098 -0.0956734760032934 -0.0020179405790598888 0.9063702739618749 -0.42201906769552244 -0.01834820890050937 -0.01834820890050937  738318.7021589649
0.09834410744837936 -0.09546884124479686 -0.002026760581061929 0.9073854936744379 -0.41978181868827885 -0.019466953762057742 -0.019466953762057742  738318.702160232
0.09831298255517089 -0.09545480618013237 -0.0020193854464394586 0.9074142166355678 -0.4196966205862143 -0.019875344054229884 -0.019875344054229884  738318.7021613874
0.09829418141054104 -0.09545680286395773 -0.0020087586886104822 0.907363201572538 -0.4197875097937324 -0.02009297056072391 -0.02009297056072391  738318.7021624537
0.0982335619826209 -0.09548577093680002 -0.002262321741040248 0.9070212752554776 -0.4203149090525614 -0.023333611223949294 -0.023333611223949294  738318.7021638553
0.09805455789390385 -0.09543853337523932 -0.002442994466824724 0.9031823008375375 -0.42822080864446266 -0.023998737594133745 -0.023998737594133745  738318.7021648368
0.0980006026373637 -0.0954051892590543 -0.0024394195826321296 0.9033978150185494 -0.427695589383835 -0.024338871466310488 -0.024338871466310488  738318.7021659141
0.098023312111904 -0.09541572106064339 -0.002414809120885832 0.903339447693406 -0.4278160270625107 -0.024454422499914603 -0.024454422499914603  738318.7021671631
0.09802580790432246 -0.09540201400185798 -0.002423548766699583 0.9033116349961967 -0.42793412982545187 -0.023822294032845606 -0.023822294032845606  738318.7021683652
0.09803506508652181 -0.0954116380778103 -0.0024146666909659552 0.9032635831463562 -0.4280319610591681 -0.023777617072463893 -0.023777617072463893  738318.7021696377
0.09798998515411353 -0.09517756737576497 -0.0024921074419344425 0.9050997098948904 -0.42398323110369046 -0.02747876577353601 -0.02747876577353601  738318.7021706518
0.09797733039712131 -0.09516563854341857 -0.0025223368366861427 0.9049427225267778 -0.424277316566981 -0.027998476845812588 -0.027998476845812588  738318.7021720344
0.09797603804742988 -0.09518840569572781 -0.0025107166480843857 0.904948978094464 -0.4242913885549355 -0.027610848983163995 -0.027610848983163995  738318.702172912
0.09795911079916285 -0.09518965371769374 -0.002505622995558396 0.9052065361345882 -0.42376333341090694 -0.028032920049169963 -0.028032920049169963  738318.7021740584
0.09807292433942648 -0.0953698181879196 -0.002608807237656072 0.9050378486596381 -0.4244349398006108 -0.02368883784468869 -0.02368883784468869  738318.7021752825
0.09805747496611988 -0.09539161253312275 -0.0025963057162962677 0.9049909257625051 -0.4245110326964477 -0.02420073495860069 -0.02420073495860069  738318.7021765726
0.0978800071826921 -0.0953853463094251 -0.002528160927923459 0.9020060135278514 -0.43045688195864423 -0.02631001397574247 -0.02631001397574247  738318.702177461
0.0980720327610629 -0.09533130506848575 -0.0024923558395775172 0.9054293385350869 -0.4236472897720699 -0.02391842381251457 -0.02391842381251457  738318.7021788856