-0.29193682990270386 -0.29193682990270386 -0.29193682990270386 -0.006000114013975433 -0.020446826551690483 0.7319887973396603 0.7319887973396603 -0.3 -0.3 0.5 -1.2251935904065987 0.19239345037116562 0.5025673344684122 
-0.29569918427603437 -0.29569918427603437 -0.29569918427603437 0.00036139812546264236 -0.013564815329322367 0.7322425922026017 0.7322425922026017 -0.3 -0.3 0.5 -1.2251935904065987 0.19239345037116562 0.5025673344684122 
-0.3034322886868907 -0.3034322886868907 -0.3034322886868907 0.008420518268949427 -0.010183860740150265 0.7355095394851796 0.7355095394851796 -0.3 -0.3 0.5 -1.2251935904065987 0.19239345037116562 0.5025673344684122 
-0.3116273167014346 -0.3116273167014346 -0.3116273167014346 0.016350662166187895 0.0031307042607537816 0.741675190060095 0.741675190060095 -0.3 -0.3 0.5 -1.2251935904065987 0.19239345037116562 0.5025673344684122 
-0.3192960109610831 -0.3192960109610831 -0.3192960109610831 0.024644357300915444 0.008232010550087878 0.746963077742684 0.746963077742684 -0.3 -0.3 0.5 -1.2251935904065987 0.19239345037116562 0.5025673344684122 
-0.3249302725540811 -0.3249302725540811 -0.3249302725540811 0.023337735880318167 0.006593192337576003 0.7508264254464594 0.7508264254464594 -0.3 -0.3 0.5 -1.2251935904065987 0.19239345037116562 0.5025673344684122 
-0.32866187181040984 -0.32866187181040984 -0.32866187181040984 0.017755210124788003 0.010752542565017986 0.753332389349494 0.753332389349494 -0.3 -0.3 0.5 -1.2251935904065987 0.19239345037116562 0.5025673344684122 
-0.3299849197252113 -0.3299849197252113 -0.3299849197252113 0.012786711866846785 0.012185754746983864 0.7522318038104712 0.7522318038104712 0.3 -0.3 0.5 -1.2851208886364716 -0.40456116875067055 0.5099091078217175 
-0.32808440124656596 -0.32808440124656596 -0.32808440124656596 0.06095887035173543 0.026689148867151322 0.7529377505368815 0.7529377505368815 0.3 -0.3 0.5 -1.2851208886364716 -0.40456116875067055 0.5099091078217175 
-0.3153673849911468 -0.3153673849911468 -0.3153673849911468 0.0843141690905429 0.07231474738691492 0.7537517965960951 0.7537517965960951 0.3 -0.3 0.5 -1.2851208886364716 -0.40456116875067055 0.5099091078217175 
-0.2949556824214957 -0.2949556824214957 -0.2949556824214957 -0.007525789985273555 -0.033600123000476864 0.7610558683507368 0.7610558683507368 0.3 -0.3 0.5 -1.2851208886364716 -0.40456116875067055 0.5099091078217175 
-0.2686871246299243 -0.2686871246299243 -0.2686871246299243 0.04621072728496486 0.03388141736112543 0.7709906691973596 0.7709906691973596 0.3 -0.3 0.5 -1.2851208886364716 -0.40456116875067055 0.5099091078217175 
-0.24693164245736463 -0.24693164245736463 -0.24693164245736463 -0.0067692796476203874 -0.011946306894939819 0.7718495251429779 0.7718495251429779 0.3 -0.3 0.5 -1.2851208886364716 -0.40456116875067055 0.5099091078217175 
-0.22309736850648307 -0.22309736850648307 -0.22309736850648307 0.05479789448112035 0.0005207481353848456 0.7761556088748294 0.7761556088748294 0.3 -0.3 0.5 -1.2851208886364716 -0.40456116875067055 0.5099091078217175 
-0.20201356802425174 -0.20201356802425174 -0.20201356802425174 -0.021563528207376337 -0.0003261827917252624 0.7692939557891302 0.7692939557891302 0.3 -0.3 0.5 -1.2851208886364716 -0.40456116875067055 0.5099091078217175 
-0.17148375358328063 -0.17148375358328063 -0.17148375358328063 0.09341870542875931 0.11044875832876438 0.7570928172548398 0.7570928172548398 0.3 -0.3 0.5 -1.2851208886364716 -0.40456116875067055 0.5099091078217175 
-0.13691001439057307 -0.13691001439057307 -0.13691001439057307 -0.04186022799748527 -0.016746342499953177 0.7674508683130044 0.7674508683130044 0.3 -0.3 0.5 -1.2851208886364716 -0.40456116875067055 0.5099091078217175 
-0.10622433141604826 -0.10622433141604826 -0.10622433141604826 -0.06448067959583968 -0.08697736784214678 0.7670966009509962 0.7670966009509962 0.3 -0.3 0.5 -1.2851208886364716 -0.40456116875067055 0.5099091078217175 
-0.07931423282026986 -0.07931423282026986 -0.07931423282026986 0.10948335722839733 0.0994430234696473 0.7538283435703766 0.7538283435703766 0.3 -0.3 0.5 -1.2851208886364716 -0.40456116875067055 0.5099091078217175 
-0.047056470195973685 -0.047056470195973685 -0.047056470195973685 0.05974994245352884 0.02209824124367645 0.7532754382961522 0.7532754382961522 0.3 -0.3 0.5 -1.2851208886364716 -0.40456116875067055 0.5099091078217175 
-0.0017032125386653965 -0.0017032125386653965 -0.0017032125386653965 0.07228438896468932 0.001786549333658851 0.7543152817034224 0.7543152817034224 0.3 -0.3 0.5 -1.2851208886364716 -0.40456116875067055 0.5099091078217175 
0.04935008203588358 0.04935008203588358 0.04935008203588358 0.04052102809654906 0.009643413049070694 0.7529220779360827 0.7529220779360827 0.3 -0.3 0.5 -1.2851208886364716 -0.40456116875067055 0.5099091078217175 
0.1054595582383534 0.1054595582383534 0.1054595582383534 0.06531252044045435 -0.005194899466994399 0.7452451781119676 0.7452451781119676 0.3 -0.3 0.5 -1.2851208886364716 -0.40456116875067055 0.5099091078217175 
0.1684563657093069 0.1684563657093069 0.1684563657093069 0.024854053031202077 0.0024548838271002764 0.7377337448101368 0.7377337448101368 0.3 -0.3 0.5 -1.2851208886364716 -0.40456116875067055 0.5099091078217175 
0.22587002420779112 0.22587002420779112 0.22587002420779112 0.03414049636371981 -0.022463650666354452 0.7304025296233255 0.7304025296233255 0.3 -0.3 0.5 -1.2851208886364716 -0.40456116875067055 0.5099091078217175 
0.277587140671351 0.277587140671351 0.277587140671351 -0.004371991262015433 -0.05425953549080956 0.7257577922490278 0.7257577922490278 0.3 -0.3 0.5 -1.2851208886364716 -0.40456116875067055 0.5099091078217175 
0.32335175622968365 0.32335175622968365 0.32335175622968365 -0.01865631547148667 -0.06675822104088194 0.7196670291318299 0.7196670291318299 0.3 -0.3 0.5 -1.2851208886364716 -0.40456116875067055 0.5099091078217175 
0.35198171468638273 0.35198171468638273 0.35198171468638273 -0.011242328396311055 -0.07872023940432264 0.7162062867194708 0.7162062867194708 0.3 0.3 0.5 -0.6882605747979562 -0.46462941255602613 0.49767915071921187 
0.36756879017871125 0.36756879017871125 0.36756879017871125 -0.05804192342200448 -0.024807196366169813 0.718317232182 0.718317232182 0.3 0.3 0.5 -0.6882605747979562 -0.46462941255602613 0.49767915071921187 
0.3735830516116424 0.3735830516116424 0.3735830516116424 0.002377066583073727 -0.010698925630988435 0.7185100284130784 0.7185100284130784 0.3 0.3 0.5 -0.6882605747979562 -0.46462941255602613 0.49767915071921187 
0.3745602296478356 0.3745602296478356 0.3745602296478356 0.013257705970636514 0.000779367309189338 0.7249509695554912 0.7249509695554912 0.3 0.3 0.5 -0.6882605747979562 -0.46462941255602613 0.49767915071921187 
0.37526497006267345 0.37526497006267345 0.37526497006267345 0.013054297474107544 0.02309186215201389 0.7264704107797061 0.7264704107797061 0.3 0.3 0.5 -0.6882605747979562 -0.46462941255602613 0.49767915071921187 
0.37743609064064865 0.37743609064064865 0.37743609064064865 -0.029220521314787855 0.06055104103452166 0.7306002077559094 0.7306002077559094 0.3 0.3 0.5 -0.6882605747979562 -0.46462941255602613 0.49767915071921187 
0.3814477041534536 0.3814477041534536 0.3814477041534536 -0.01440160402617835 0.043195845329289724 0.7312414846450087 0.7312414846450087 0.3 0.3 0.5 -0.6882605747979562 -0.46462941255602613 0.49767915071921187 
0.384660190365207 0.384660190365207 0.384660190365207 -0.05369185503802175 0.04679922577913272 0.7287587229060228 0.7287587229060228 0.3 0.3 0.5 -0.6882605747979562 -0.46462941255602613 0.49767915071921187 
0.3852780712321717 0.3852780712321717 0.3852780712321717 -0.030321425048198007 0.023838764347365468 0.7308539208937093 0.7308539208937093 0.3 0.3 0.5 -0.6882605747979562 -0.46462941255602613 0.49767915071921187 
0.38217525925325974 0.38217525925325974 0.38217525925325974 -0.020654088548753394 0.015053235983847684 0.7304457055104138 0.7304457055104138 0.3 0.3 0.5 -0.6882605747979562 -0.46462941255602613 0.49767915071921187 
0.3757020895379276 0.3757020895379276 0.3757020895379276 -0.017717514420861648 0.0013962167696355066 0.7306436484021651 0.7306436484021651 0.3 0.3 0.5 -0.6882605747979562 -0.46462941255602613 0.49767915071921187 
0.36625994164379505 0.36625994164379505 0.36625994164379505 -0.0014971603302982887 -0.004639820458163732 0.7345933349128275 0.7345933349128275 0.3 0.3 0.5 -0.6882605747979562 -0.46462941255602613 0.49767915071921187 
0.35350249741850653 0.35350249741850653 0.35350249741850653 0.020526143928880324 -0.013864691858507897 0.735598688412985 0.735598688412985 0.3 0.3 0.5 -0.6882605747979562 -0.46462941255602613 0.49767915071921187 
0.3401268770430438 0.3401268770430438 0.3401268770430438 0.02537695697348463 -0.009942284284127962 0.7363471238580656 0.7363471238580656 0.3 0.3 0.5 -0.6882605747979562 -0.46462941255602613 0.49767915071921187 
0.3299058524398751 0.3299058524398751 0.3299058524398751 0.04200048564845081 -0.00044149096620087035 0.7351054981293548 0.7351054981293548 0.3 0.3 0.5 -0.6882605747979562 -0.46462941255602613 0.49767915071921187 
0.32312672501509515 0.32312672501509515 0.32312672501509515 0.043756277675901366 0.0025493868300439228 0.7335867698829089 0.7335867698829089 0.3 0.3 0.5 -0.6882605747979562 -0.46462941255602613 0.49767915071921187 
0.3201392287971838 0.3201392287971838 0.3201392287971838 0.033379478786290516 0.0027110984371994003 0.7332154815168574 0.7332154815168574 0.3 0.3 0.5 -0.6882605747979562 -0.46462941255602613 0.49767915071921187 
0.32091026364953973 0.32091026364953973 0.32091026364953973 0.030484663645678856 -0.0012147438967851612 0.7329415090950833 0.7329415090950833 0.3 0.3 0.5 -0.6882605747979562 -0.46462941255602613 0.49767915071921187 
0.32332822992712895 0.32332822992712895 0.32332822992712895 0.020671340593468302 -0.003329080544702465 0.7341405853170091 0.7341405853170091 0.3 0.3 0.5 -0.6882605747979562 -0.46462941255602613 0.49767915071921187 
0.32603730170425343 0.32603730170425343 0.32603730170425343 0.011658542317844238 -0.010142476255923034 0.7346849374244592 0.7346849374244592 0.3 0.3 0.5 -0.6882605747979562 -0.46462941255602613 0.49767915071921187 
0.32735199448652597 0.32735199448652597 0.32735199448652597 0.0021057411188502052 -0.0054637937327110505 0.734983071674559 0.734983071674559 0 0 0.5 -0.9567270826022773 -0.13611798109243017 0.500123242593812 
0.3242005475306944 0.3242005475306944 0.3242005475306944 -0.014210832380937625 -0.06318622575444358 0.7329930379921159 0.7329930379921159 0 0 0.5 -0.9567270826022773 -0.13611798109243017 0.500123242593812 
0.31011307521672854 0.31011307521672854 0.31011307521672854 -0.04271186725409668 -0.10796755805558661 0.7359277786710948 0.7359277786710948 0 0 0.5 -0.9567270826022773 -0.13611798109243017 0.500123242593812 
0.2799692379095607 0.2799692379095607 0.2799692379095607 -0.018101215213981385 -0.09172848429789118 0.7385317298574771 0.7385317298574771 0 0 0.5 -0.9567270826022773 -0.13611798109243017 0.500123242593812 
0.23633788182938523 0.23633788182938523 0.23633788182938523 -0.02783528415704788 -0.05008297935203514 0.7560494078422285 0.7560494078422285 0 0 0.5 -0.9567270826022773 -0.13611798109243017 0.500123242593812 
0.1893769342663857 0.1893769342663857 0.1893769342663857 0.029609241278096807 -0.03925708650715031 0.7435655264614177 0.7435655264614177 0 0 0.5 -0.9567270826022773 -0.13611798109243017 0.500123242593812 
0.13804734018439171 0.13804734018439171 0.13804734018439171 0.05443384547772321 0.01976265315480639 0.747088071736083 0.747088071736083 0 0 0.5 -0.9567270826022773 -0.13611798109243017 0.500123242593812 
0.09623071683983452 0.09623071683983452 0.09623071683983452 0.043709933267750814 -0.017638136596648788 0.7499467565370258 0.7499467565370258 0 0 0.5 -0.9567270826022773 -0.13611798109243017 0.500123242593812 
0.06249404890538043 0.06249404890538043 0.06249404890538043 0.04454496367126427 0.057276348119130474 0.7546535585824946 0.7546535585824946 0 0 0.5 -0.9567270826022773 -0.13611798109243017 0.500123242593812 
0.03651340069738937 0.03651340069738937 0.03651340069738937 0.022760466507627572 0.042652421708377575 0.7549279917457643 0.7549279917457643 0 0 0.5 -0.9567270826022773 -0.13611798109243017 0.500123242593812 
0.019437919541605654 0.019437919541605654 0.019437919541605654 0.008082247918932247 0.06442585048467818 0.7532428706118024 0.7532428706118024 0 0 0.5 -0.9567270826022773 -0.13611798109243017 0.500123242593812 
0.007228632160356966 0.007228632160356966 0.007228632160356966 -0.011268066241079924 0.054582159099067 0.7491639848334423 0.7491639848334423 0 0 0.5 -0.9567270826022773 -0.13611798109243017 0.500123242593812 
3.7321153909999346e-05 3.7321153909999346e-05 3.7321153909999346e-05 -0.011196682141312884 0.05167010353299053 0.7444664082165521 0.7444664082165521 0 0 0.5 -0.9567270826022773 -0.13611798109243017 0.500123242593812 
-0.004516868918694245 -0.004516868918694245 -0.004516868918694245 -0.012861924769542335 0.034933765138606465 0.7407147148214224 0.7407147148214224 0 0 0.5 -0.9567270826022773 -0.13611798109243017 0.500123242593812 
-0.008235545286407984 -0.008235545286407984 -0.008235545286407984 -0.009207237365293493 0.023907206577472476 0.7386889892139851 0.7386889892139851 0 0 0.5 -0.9567270826022773 -0.13611798109243017 0.500123242593812 
-0.01204733383128253 -0.01204733383128253 -0.01204733383128253 0.002860392669032353 0.009717156844644647 0.737043631483203 0.737043631483203 0 0 0.5 -0.9567270826022773 -0.13611798109243017 0.500123242593812 
-0.016367121501001527 -0.016367121501001527 -0.016367121501001527 0.008051221639530731 0.004680117986196741 0.7366021942436308 0.7366021942436308 0 0 0.5 -0.9567270826022773 -0.13611798109243017 0.500123242593812 
-0.02164668892861937 -0.02164668892861937 -0.02164668892861937 0.010483804083805878 -0.004711128819587808 0.7404965528426566 0.7404965528426566 0 0 0.5 -0.9567270826022773 -0.13611798109243017 0.500123242593812 
-0.02654536735770296 -0.02654536735770296 -0.02654536735770296 0.009628050271597247 -0.006008067241599298 0.7413171364853476 0.7413171364853476 0 0 0.5 -0.9567270826022773 -0.13611798109243017 0.500123242593812 
-0.03175778568666485 -0.03175778568666485 -0.03175778568666485 0.007541322455342966 -0.004954982664464807 0.7419584254694838 0.7419584254694838 0 0 0.5 -0.9567270826022773 -0.13611798109243017 0.500123242593812 
