

-0.010228071231375037 -0.010228071231375037 -0.010228071231375037 -0.010665202093935944 0.013406910529049047 0.16947465258696978 0.16947465258696978 0 0 0.5 -0.12570969453843572 -0.5096929601135668 
-0.003199958835621113 -0.003199958835621113 -0.003199958835621113 -0.012752821421074294 0.004054255086827213 0.16628217861352906 0.16628217861352906 0 0 0.5 -0.12570969453843572 -0.5096929601135668 
0.0015189419270042615 0.0015189419270042615 0.0015189419270042615 -0.006878258770598064 -0.003931332518435982 0.16589662343939393 0.16589662343939393 0 0 0.5 -0.12570969453843572 -0.5096929601135668 
0.003811261593575484 0.003811261593575484 0.003811261593575484 -0.0012233345492517818 -0.011417054623306647 0.16654966047613912 0.16654966047613912 0 0 0.5 -0.12570969453843572 -0.5096929601135668 
0.0035413521177520154 0.0035413521177520154 0.0035413521177520154 0.0004690067509486537 -0.0009446727558325246 0.16785760895473742 0.16785760895473742 0 0 0.5 -0.12570969453843572 -0.5096929601135668 
0.0012008979464929606 0.0012008979464929606 0.0012008979464929606 0.0090533094995392 -0.0006182320780238561 0.1654610871395862 0.1654610871395862 0 0 0.5 -0.12570969453843572 -0.5096929601135668 
-0.00249469188825512 -0.00249469188825512 -0.00249469188825512 0.008314889647525458 -0.0010084520657454086 0.16591185066819686 0.16591185066819686 0 0 0.5 -0.12570969453843572 -0.5096929601135668 
-0.006756566569540077 -0.006756566569540077 -0.006756566569540077 0.00825282668976301 0.012139384828557634 0.1661948460099582 0.1661948460099582 0 0 0.5 -0.12570969453843572 -0.5096929601135668 
-0.010085791548324148 -0.010085791548324148 -0.010085791548324148 -0.0015299441491658076 0.011721706060079719 0.16787112452939393 0.16787112452939393 0 0 0.5 -0.12570969453843572 -0.5096929601135668 
-0.012629781668238377 -0.012629781668238377 -0.012629781668238377 -0.009846912070976887 0.011927121325841452 0.1687998557466727 0.1687998557466727 0 0 0.5 -0.12570969453843572 -0.5096929601135668 
-0.014500048856758915 -0.014500048856758915 -0.014500048856758915 -0.012707499638301279 0.011218499919473497 0.16873207425733833 0.16873207425733833 0 0 0.5 -0.12570969453843572 -0.5096929601135668 
-0.015727094611125463 -0.015727094611125463 -0.015727094611125463 -0.014867336415853952 0.016148718957081355 0.1676094004423421 0.1676094004423421 0 0 0.5 -0.12570969453843572 -0.5096929601135668 
-0.016043296371387097 -0.016043296371387097 -0.016043296371387097 -0.009126135551340842 0.01261206133940802 0.1663957345014128 0.1663957345014128 0 0 0.5 -0.12570969453843572 -0.5096929601135668 
-0.015956571565838764 -0.015956571565838764 -0.015956571565838764 -0.00611006362108577 0.010410497667903938 0.16699183300539402 0.16699183300539402 0 0 0.5 -0.12570969453843572 -0.5096929601135668 
-0.015352031569804291 -0.015352031569804291 -0.015352031569804291 -0.004479064840942385 0.008431038406962557 0.16612711203659408 0.16612711203659408 0 0 0.5 -0.12570969453843572 -0.5096929601135668 
-0.014850352679114283 -0.014850352679114283 -0.014850352679114283 -0.00448213121582493 0.007019874206732584 0.1658585771046625 0.1658585771046625 0 0 0.5 -0.12570969453843572 -0.5096929601135668 
-0.014459406524392931 -0.014459406524392931 -0.014459406524392931 -0.0031035435643587436 0.010050834065580256 0.16561542707247132 0.16561542707247132 0 0 0.5 -0.12570969453843572 -0.5096929601135668 
-0.013976051326804581 -0.013976051326804581 -0.013976051326804581 -0.0009429108459038517 0.008090162594163371 0.16377015447274426 0.16377015447274426 0 0 0.5 -0.12570969453843572 -0.5096929601135668 
-0.013408796417738985 -0.013408796417738985 -0.013408796417738985 5.980288868226892e-05 0.006664127173479266 0.16218778840123582 0.16218778840123582 0 0 0.5 -0.12570969453843572 -0.5096929601135668 
-0.012833794302906541 -0.012833794302906541 -0.012833794302906541 -0.0023798622039267825 0.009110803601851628 0.16192639746843962 0.16192639746843962 0 0 0.5 -0.12570969453843572 -0.5096929601135668 
-0.012500834760684957 -0.012500834760684957 -0.012500834760684957 0.003702651558257347 0.0060316550251622615 0.16122205770084577 0.16122205770084577 0.3 0 0.5 0.16160856562699644 -0.5959921433577922 
-0.01103401327172627 -0.01103401327172627 -0.01103401327172627 0.0075278440444523234 0.038327691344061394 0.16492843690711248 0.16492843690711248 0.3 0 0.5 0.16160856562699644 -0.5959921433577922 
-0.004210856167647929 -0.004210856167647929 -0.004210856167647929 0.02564226418522449 0.07206689529995113 0.16082708665694134 0.16082708665694134 0.3 0 0.5 0.16160856562699644 -0.5959921433577922 
0.012632090966595703 0.012632090966595703 0.012632090966595703 -0.005564359838923057 0.033663038581301194 0.16485144044417635 0.16485144044417635 0.3 0 0.5 0.16160856562699644 -0.5959921433577922 
0.039430893084346844 0.039430893084346844 0.039430893084346844 0.008376550170956718 0.051762511954975464 0.1615959038142329 0.1615959038142329 0.3 0 0.5 0.16160856562699644 -0.5959921433577922 
0.06769323273066037 0.06769323273066037 0.06769323273066037 -0.019767486537701655 0.011150484080620528 0.16255458875727966 0.16255458875727966 0.3 0 0.5 0.16160856562699644 -0.5959921433577922 
0.09920461976411285 0.09920461976411285 0.09920461976411285 0.006557857832912527 0.03619174850436866 0.15858753577798596 0.15858753577798596 0.3 0 0.5 0.16160856562699644 -0.5959921433577922 
0.13138041626324168 0.13138041626324168 0.13138041626324168 -0.01805645593712282 0.010128202805934572 0.1583225322951724 0.1583225322951724 0.3 0 0.5 0.16160856562699644 -0.5959921433577922 
0.16443728100226696 0.16443728100226696 0.16443728100226696 0.012272961318248002 0.016410201373760796 0.15224386200153858 0.15224386200153858 0.3 0 0.5 0.16160856562699644 -0.5959921433577922 
0.199355145423438 0.199355145423438 0.199355145423438 -0.0037127930729331502 0.003038150914632586 0.14945111201717287 0.14945111201717287 0.3 0 0.5 0.16160856562699644 -0.5959921433577922 
0.22900272222002993 0.22900272222002993 0.22900272222002993 0.011767005999597846 -0.0002630369205966918 0.14465976357657642 0.14465976357657642 0.3 0 0.5 0.16160856562699644 -0.5959921433577922 
0.25533133047720996 0.25533133047720996 0.25533133047720996 0.010390800954432905 -0.015877655676399042 0.14311467746088682 0.14311467746088682 0.3 0 0.5 0.16160856562699644 -0.5959921433577922 
0.2775616138694334 0.2775616138694334 0.2775616138694334 0.023208939121433424 -0.02105361471042577 0.13820856096454986 0.13820856096454986 0.3 0 0.5 0.16160856562699644 -0.5959921433577922 
0.2947087708006742 0.2947087708006742 0.2947087708006742 0.016605589875289473 -0.013669314571540025 0.13442724506984338 0.13442724506984338 0.3 0 0.5 0.16160856562699644 -0.5959921433577922 
0.30813334217479726 0.30813334217479726 0.30813334217479726 0.019375567877695832 -0.009653728682358696 0.1296670952342772 0.1296670952342772 0.3 0 0.5 0.16160856562699644 -0.5959921433577922 
0.316280362645234 0.316280362645234 0.316280362645234 0.004464688427355646 -0.007497426899070782 0.12552774845779707 0.12552774845779707 0.3 0 0.5 0.16160856562699644 -0.5959921433577922 
0.32106517562737863 0.32106517562737863 0.32106517562737863 0.008352554999283088 -0.00605496122347469 0.12372698298185451 0.12372698298185451 0.3 0 0.5 0.16160856562699644 -0.5959921433577922 
0.32300433671972106 0.32300433671972106 0.32300433671972106 -0.007043656282133593 -0.0009788525737206293 0.12366691970287909 0.12366691970287909 0.3 0 0.5 0.16160856562699644 -0.5959921433577922 
0.3219858188812031 0.3219858188812031 0.3219858188812031 -0.010098142583459003 -0.0011290503001719961 0.12411415689926109 0.12411415689926109 0.3 0 0.5 0.16160856562699644 -0.5959921433577922 
0.318590265509431 0.318590265509431 0.318590265509431 -0.022031800782784477 0.0003816260796172472 0.1253153072028593 0.1253153072028593 0.3 0 0.5 0.16160856562699644 -0.5959921433577922 
0.31231133942520584 0.31231133942520584 0.31231133942520584 -0.008755751731884519 0.0037038464055452512 0.1286352522863583 0.1286352522863583 0 0 0.5 -0.12570969453843572 -0.5096929601135668 
0.3028973948163996 0.3028973948163996 0.3028973948163996 -0.02397864269964329 -0.035602013023932656 0.13013321100165184 0.13013321100165184 0 0 0.5 -0.12570969453843572 -0.5096929601135668 
0.2850965856019893 0.2850965856019893 0.2850965856019893 -0.024767464407931594 -0.054394363080978746 0.13643922148644466 0.13643922148644466 0 0 0.5 -0.12570969453843572 -0.5096929601135668 
0.2578725019486112 0.2578725019486112 0.2578725019486112 -0.021792983677598864 -0.03232149237300971 0.13917118646570065 0.13917118646570065 0 0 0.5 -0.12570969453843572 -0.5096929601135668 
0.22130248632953348 0.22130248632953348 0.22130248632953348 0.000771599672424803 -0.04550491030752401 0.14877785232586427 0.14877785232586427 0 0 0.5 -0.12570969453843572 -0.5096929601135668 
0.17468980760458108 0.17468980760458108 0.17468980760458108 0.003228481993492233 -0.004491440824469104 0.15468553148919734 0.15468553148919734 0 0 0.5 -0.12570969453843572 -0.5096929601135668 
0.1295280764126194 0.1295280764126194 0.1295280764126194 0.01737428043472635 -0.0034155401370020095 0.16475601380403185 0.16475601380403185 0 0 0.5 -0.12570969453843572 -0.5096929601135668 
0.08528102790665214 0.08528102790665214 0.08528102790665214 0.011935247829069556 0.01694652384562192 0.16504159207195251 0.16504159207195251 0 0 0.5 -0.12570969453843572 -0.5096929601135668 
0.04429751040694594 0.04429751040694594 0.04429751040694594 0.01816251218766397 0.026235630273053753 0.16722331358765016 0.16722331358765016 0 0 0.5 -0.12570969453843572 -0.5096929601135668 
0.00863098813783908 0.00863098813783908 0.00863098813783908 0.01112570857950129 0.02773295364119794 0.1636658065475596 0.1636658065475596 0 0 0.5 -0.12570969453843572 -0.5096929601135668 
-0.021128361684175402 -0.021128361684175402 -0.021128361684175402 0.010592304487514786 0.0338104371810518 0.16423642305543118 0.16423642305543118 0 0 0.5 -0.12570969453843572 -0.5096929601135668 
-0.046745654536081545 -0.046745654536081545 -0.046745654536081545 0.0010935728899869712 0.04273026594133257 0.1608874069324405 0.1608874069324405 0 0 0.5 -0.12570969453843572 -0.5096929601135668 
-0.06271400975967759 -0.06271400975967759 -0.06271400975967759 -0.013003767924003337 0.0483550550048236 0.15751176041119974 0.15751176041119974 0 0 0.5 -0.12570969453843572 -0.5096929601135668 
-0.07255738991201759 -0.07255738991201759 -0.07255738991201759 -0.021015679410955727 0.039590262923004056 0.15627551852427066 0.15627551852427066 0 0 0.5 -0.12570969453843572 -0.5096929601135668 
-0.07532654771316141 -0.07532654771316141 -0.07532654771316141 -0.025629405758030518 0.03478959143555767 0.15453093506059945 0.15453093506059945 0 0 0.5 -0.12570969453843572 -0.5096929601135668 
-0.07383663724261989 -0.07383663724261989 -0.07383663724261989 -0.023513114025485556 0.028736578532822965 0.15383095054109272 0.15383095054109272 0 0 0.5 -0.12570969453843572 -0.5096929601135668 
-0.0694766317478461 -0.0694766317478461 -0.0694766317478461 -0.020517172180568907 0.022280235347309798 0.1502834361741638 0.1502834361741638 0 0 0.5 -0.12570969453843572 -0.5096929601135668 
-0.06319113768705373 -0.06319113768705373 -0.06319113768705373 -0.013750985603372012 0.015427800286463806 0.15003849068607641 0.15003849068607641 0 0 0.5 -0.12570969453843572 -0.5096929601135668 
-0.05695106447923869 -0.05695106447923869 -0.05695106447923869 -0.004313874537261598 0.00454454206789086 0.14700431725145335 0.14700431725145335 0 0 0.5 -0.12570969453843572 -0.5096929601135668 
-0.051934197335681775 -0.051934197335681775 -0.051934197335681775 0.002598298605594493 0.0031926560848947296 0.14420321911079229 0.14420321911079229 0 0 0.5 -0.12570969453843572 -0.5096929601135668 
-0.04836582055773881 -0.04836582055773881 -0.04836582055773881 0.0003778092789986877 0.002233122829287919 0.14364541009757417 0.14364541009757417 -0.3 0 0.5 -0.4130279547038679 -0.42339377686934154 
-0.04711928338779814 -0.04711928338779814 -0.04711928338779814 -0.010341106421730594 -0.027308333534207363 0.13976149770564653 0.13976149770564653 -0.3 0 0.5 -0.4130279547038679 -0.42339377686934154 
-0.05291660933309776 -0.05291660933309776 -0.05291660933309776 -0.02177247716082232 -0.04011697820614732 0.14334808292143683 0.14334808292143683 -0.3 0 0.5 -0.4130279547038679 -0.42339377686934154 
-0.06835614157939841 -0.06835614157939841 -0.06835614157939841 -0.00896722933852897 -0.03362506790780004 0.1433729491759691 0.1433729491759691 -0.3 0 0.5 -0.4130279547038679 -0.42339377686934154 
-0.08945566862558471 -0.08945566862558471 -0.08945566862558471 -0.020505885554776043 -0.013413178693711674 0.14953497058371443 0.14953497058371443 -0.3 0 0.5 -0.4130279547038679 -0.42339377686934154 
-0.11493341500220561 -0.11493341500220561 -0.11493341500220561 -0.007044079831156562 -0.0027628618484992376 0.15032883556700435 0.15032883556700435 -0.3 0 0.5 -0.4130279547038679 -0.42339377686934154 
-0.14234585368602437 -0.14234585368602437 -0.14234585368602437 -0.017679010517302952 0.005552984330045136 0.15826189252009842 0.15826189252009842 -0.3 0 0.5 -0.4130279547038679 -0.42339377686934154 
-0.1701125383886376 -0.1701125383886376 -0.1701125383886376 0.0006890044058605345 0.01360811773569858 0.15836535066393015 0.15836535066393015 -0.3 0 0.5 -0.4130279547038679 -0.42339377686934154 
-0.19609658571825472 -0.19609658571825472 -0.19609658571825472 -0.00574449901379392 0.019985542238599455 0.15984015555246536 0.15984015555246536 -0.3 0 0.5 -0.4130279547038679 -0.42339377686934154 
-0.22153493459069362 -0.22153493459069362 -0.22153493459069362 -0.0027690756787844147 0.01918210871230078 0.1585858919538594 0.1585858919538594 -0.3 0 0.5 -0.4130279547038679 -0.42339377686934154 
-0.24018543550570143 -0.24018543550570143 -0.24018543550570143 -0.008915504776186876 0.03384894613629415 0.16332271897784187 0.16332271897784187 -0.3 0 0.5 -0.4130279547038679 -0.42339377686934154 
-0.25282859968520205 -0.25282859968520205 -0.25282859968520205 7.206442499464388e-05 0.0369583469524371 0.15392067208757335 0.15392067208757335 -0.3 0 0.5 -0.4130279547038679 -0.42339377686934154 
-0.25821127438846536 -0.25821127438846536 -0.25821127438846536 0.007856164059588607 0.03874981736982023 0.14455320877409186 0.14455320877409186 -0.3 0 0.5 -0.4130279547038679 -0.42339377686934154 
-0.2577031081002926 -0.2577031081002926 -0.2577031081002926 -0.01772014901748564 0.015443022753376038 0.14083154258135483 0.14083154258135483 -0.3 0 0.5 -0.4130279547038679 -0.42339377686934154 
-0.25446342518246917 -0.25446342518246917 -0.25446342518246917 -0.017592288171650393 0.00529591469898025 0.1381019127836416 0.1381019127836416 -0.3 0 0.5 -0.4130279547038679 -0.42339377686934154 
-0.2520312821331452 -0.2520312821331452 -0.2520312821331452 -0.02806454495310094 -0.005630992572935015 0.13643181685972813 0.13643181685972813 -0.3 0 0.5 -0.4130279547038679 -0.42339377686934154 
-0.2516235114163275 -0.2516235114163275 -0.2516235114163275 -0.024524641652778664 -0.003362477014124814 0.13643530960348352 0.13643530960348352 -0.3 0 0.5 -0.4130279547038679 -0.42339377686934154 
-0.2539292629281317 -0.2539292629281317 -0.2539292629281317 -0.029774018896848466 -0.0045530566844919915 0.13437760715837888 0.13437760715837888 -0.3 0 0.5 -0.4130279547038679 -0.42339377686934154 
-0.2586391418628864 -0.2586391418628864 -0.2586391418628864 -0.03286058367741016 -0.0008482803103080751 0.13492300313597375 0.13492300313597375 -0.3 0 0.5 -0.4130279547038679 -0.42339377686934154 
-0.26609952719584035 -0.26609952719584035 -0.26609952719584035 -0.036264668169590855 0.0009808546088361778 0.1360587446996882 0.1360587446996882 -0.3 0 0.5 -0.4130279547038679 -0.42339377686934154 
