

-0.3388172358255891 -0.3388172358255891 -0.3388172358255891 -0.003675454313542366 0.008863204595747215 0.14870447582101307 0.14870447582101307 0 0 0.5 0.2679235173418071 -0.29065878252516925 
-0.3382549022889804 -0.3382549022889804 -0.3382549022889804 -0.04228488105999285 0.04355624269633221 0.14556354595111182 0.14556354595111182 0 0 0.5 0.2679235173418071 -0.29065878252516925 
-0.3296168430698175 -0.3296168430698175 -0.3296168430698175 -0.09547671285058698 0.10042193398084992 0.1415221471294134 0.1415221471294134 0 0 0.5 0.2679235173418071 -0.29065878252516925 
-0.30853865923184576 -0.30853865923184576 -0.30853865923184576 -0.08109543352976588 0.09978146911700683 0.14198162043049162 0.14198162043049162 0 0 0.5 0.2679235173418071 -0.29065878252516925 
-0.2745535497200622 -0.2745535497200622 -0.2745535497200622 -0.04996095487312368 0.08338866087455643 0.14058820691991747 0.14058820691991747 0 0 0.5 0.2679235173418071 -0.29065878252516925 
-0.22551781169408763 -0.22551781169408763 -0.22551781169408763 0.0013478401358583542 0.03236678645017918 0.13329284559050097 0.13329284559050097 0 0 0.5 0.2679235173418071 -0.29065878252516925 
-0.18067206801118055 -0.18067206801118055 -0.18067206801118055 0.046493415437333284 -0.03626248436163389 0.13066427903169336 0.13066427903169336 0 0 0.5 0.2679235173418071 -0.29065878252516925 
-0.13845664954522036 -0.13845664954522036 -0.13845664954522036 0.012866616267703856 0.026494855953330062 0.1304380357533176 0.1304380357533176 0 0 0.5 0.2679235173418071 -0.29065878252516925 
-0.0998038326483088 -0.0998038326483088 -0.0998038326483088 0.040911244645591475 0.0020099477139003613 0.13608524488179474 0.13608524488179474 0 0 0.5 0.2679235173418071 -0.29065878252516925 
-0.062494730400332446 -0.062494730400332446 -0.062494730400332446 0.03020641095612881 -0.006184503744446087 0.13601240888530608 0.13601240888530608 0 0 0.5 0.2679235173418071 -0.29065878252516925 
-0.025092994680702755 -0.025092994680702755 -0.025092994680702755 0.01753152375194343 -0.006990601468864007 0.13504685714439024 0.13504685714439024 0 0 0.5 0.2679235173418071 -0.29065878252516925 
0.0035980898028916512 0.0035980898028916512 0.0035980898028916512 0.02814225898160623 -0.02442376156697036 0.1343597407843781 0.1343597407843781 0 0 0.5 0.2679235173418071 -0.29065878252516925 
0.025981097023040495 0.025981097023040495 0.025981097023040495 0.008343266229401503 -0.022387087076808566 0.1336696524944693 0.1336696524944693 0 0 0.5 0.2679235173418071 -0.29065878252516925 
0.04103668968625541 0.04103668968625541 0.04103668968625541 0.006843561712832959 -0.02348672475178812 0.13659326350811007 0.13659326350811007 0 0 0.5 0.2679235173418071 -0.29065878252516925 
0.04930039056666853 0.04930039056666853 0.04930039056666853 0.0044862892810608014 -0.018272761228336296 0.13644041095396658 0.13644041095396658 0 0 0.5 0.2679235173418071 -0.29065878252516925 
0.05219294821278357 0.05219294821278357 0.05219294821278357 0.0008003176972411836 -0.010169838104196914 0.13631274047913225 0.13631274047913225 0 0 0.5 0.2679235173418071 -0.29065878252516925 
0.051052778913253105 0.051052778913253105 0.051052778913253105 0.007297886517760728 -0.002356019216271009 0.1330713094642312 0.1330713094642312 0 0 0.5 0.2679235173418071 -0.29065878252516925 
0.04743669552025715 0.04743669552025715 0.04743669552025715 0.008814646469084877 -0.0007438210542689915 0.13139361950041556 0.13139361950041556 0 0 0.5 0.2679235173418071 -0.29065878252516925 
0.04215210588036209 0.04215210588036209 0.04215210588036209 0.005611959224330396 0.0006460112265504711 0.1297151418459293 0.1297151418459293 0 0 0.5 0.2679235173418071 -0.29065878252516925 
0.03549773976175536 0.03549773976175536 0.03549773976175536 0.0024264520527111605 0.008764702889892255 0.12998150197287864 0.12998150197287864 0 0 0.5 0.2679235173418071 -0.29065878252516925 
0.027113282828237807 0.027113282828237807 0.027113282828237807 0.00033666589827766584 0.0016319865501447047 0.1282013790702883 0.1282013790702883 0.3 0.3 0.5 0.6273712135558136 -0.06530944975326661 
0.02053427798172786 0.02053427798172786 0.02053427798172786 -0.032273027347416876 0.056616969971483015 0.12976675324877582 0.12976675324877582 0.3 0.3 0.5 0.6273712135558136 -0.06530944975326661 
0.02197960660617641 0.02197960660617641 0.02197960660617641 -0.06219448307570227 0.10048942771593358 0.13031378881925246 0.13031378881925246 0.3 0.3 0.5 0.6273712135558136 -0.06530944975326661 
0.03913767470250177 0.03913767470250177 0.03913767470250177 -0.04340928284695665 0.09712156170546883 0.13091420734607706 0.13091420734607706 0.3 0.3 0.5 0.6273712135558136 -0.06530944975326661 
0.0695117968138846 0.0695117968138846 0.0695117968138846 -0.03872106441219957 0.08624855423415627 0.13072106430355795 0.13072106430355795 0.3 0.3 0.5 0.6273712135558136 -0.06530944975326661 
0.1097811268466751 0.1097811268466751 0.1097811268466751 -0.012650377995459847 0.03608803359606039 0.12910306930648566 0.12910306930648566 0.3 0.3 0.5 0.6273712135558136 -0.06530944975326661 
0.1563369546608953 0.1563369546608953 0.1563369546608953 -0.02588570800207998 0.03830377568574392 0.13019392229841317 0.13019392229841317 0.3 0.3 0.5 0.6273712135558136 -0.06530944975326661 
0.20863212388455085 0.20863212388455085 0.20863212388455085 -0.004006420620097129 0.0012126398288316714 0.13168658049358226 0.13168658049358226 0.3 0.3 0.5 0.6273712135558136 -0.06530944975326661 
0.26196501168688996 0.26196501168688996 0.26196501168688996 0.02969495618337481 -0.013402528802442032 0.12627170207537203 0.12627170207537203 0.3 0.3 0.5 0.6273712135558136 -0.06530944975326661 
0.30025530622419944 0.30025530622419944 0.30025530622419944 0.03923288328862708 -0.026651909007051305 0.12028632521411911 0.12028632521411911 0.3 0.3 0.5 0.6273712135558136 -0.06530944975326661 
0.331164536062262 0.331164536062262 0.331164536062262 0.03134317967054063 -0.030953274522839216 0.11650566027156264 0.11650566027156264 0.3 0.3 0.5 0.6273712135558136 -0.06530944975326661 
0.3539134684245317 0.3539134684245317 0.3539134684245317 0.024846692403642626 -0.0366434012382369 0.11491436927408757 0.11491436927408757 0.3 0.3 0.5 0.6273712135558136 -0.06530944975326661 
0.36799551532816865 0.36799551532816865 0.36799551532816865 0.017698822558747586 -0.034798644388452545 0.11179536575175551 0.11179536575175551 0.3 0.3 0.5 0.6273712135558136 -0.06530944975326661 
0.37383432243136394 0.37383432243136394 0.37383432243136394 0.00466886439528312 -0.028671067330218597 0.10942371447267808 0.10942371447267808 0.3 0.3 0.5 0.6273712135558136 -0.06530944975326661 
0.37109198430131307 0.37109198430131307 0.37109198430131307 -0.004103171355447023 -0.021582182877568815 0.10916372964156727 0.10916372964156727 0.3 0.3 0.5 0.6273712135558136 -0.06530944975326661 
0.3623886013945035 0.3623886013945035 0.3623886013945035 -0.014158776083702989 -0.006942331171165969 0.11394528766696603 0.11394528766696603 0.3 0.3 0.5 0.6273712135558136 -0.06530944975326661 
0.35008402012638584 0.35008402012638584 0.35008402012638584 -0.012550382789766968 -8.766049357128166e-05 0.11670062304362334 0.11670062304362334 0.3 0.3 0.5 0.6273712135558136 -0.06530944975326661 
0.3369730114088688 0.3369730114088688 0.3369730114088688 -0.0022571047899115483 0.01263084969389382 0.11486571127848319 0.11486571127848319 0.3 0.3 0.5 0.6273712135558136 -0.06530944975326661 
0.323398551797668 0.323398551797668 0.323398551797668 -0.0004548303127084506 0.02085961695211972 0.1171607108664857 0.1171607108664857 0.3 0.3 0.5 0.6273712135558136 -0.06530944975326661 
0.31353809385825626 0.31353809385825626 0.31353809385825626 -0.00045779370172864894 0.021284351610453552 0.11722270414412417 0.11722270414412417 0.3 0.3 0.5 0.6273712135558136 -0.06530944975326661 
0.30634390568287917 0.30634390568287917 0.30634390568287917 0.0015358911672034262 0.01980593209194539 0.11684016511169848 0.11684016511169848 -0.3 0.3 0.5 0.042595612567128946 0.06880927651635674 
0.29977570443914386 0.29977570443914386 0.29977570443914386 -0.016323107347566347 -0.029179226824615472 0.11409935162771218 0.11409935162771218 -0.3 0.3 0.5 0.042595612567128946 0.06880927651635674 
0.2811292132284163 0.2811292132284163 0.2811292132284163 -0.04203360244624141 -0.1067832392623024 0.11488196050931875 0.11488196050931875 -0.3 0.3 0.5 0.042595612567128946 0.06880927651635674 
0.2505501147439036 0.2505501147439036 0.2505501147439036 -0.015127285734378814 -0.00655369498516282 0.11998882284985757 0.11998882284985757 -0.3 0.3 0.5 0.042595612567128946 0.06880927651635674 
0.19976792013749173 0.19976792013749173 0.19976792013749173 -0.02671779397962366 -0.13324135256567435 0.1180137292340672 0.1180137292340672 -0.3 0.3 0.5 0.042595612567128946 0.06880927651635674 
0.14053948282495168 0.14053948282495168 0.14053948282495168 -0.012818183191522097 -0.011645535337048808 0.13006959995325518 0.13006959995325518 -0.3 0.3 0.5 0.042595612567128946 0.06880927651635674 
0.06956955733221168 0.06956955733221168 0.06956955733221168 0.0015116747601605389 -0.0526041687643738 0.13208145448962058 0.13208145448962058 -0.3 0.3 0.5 0.042595612567128946 0.06880927651635674 
0.000622862547034817 0.000622862547034817 0.000622862547034817 0.012704568069779217 0.08590186096015787 0.139369099351046 0.139369099351046 -0.3 0.3 0.5 0.042595612567128946 0.06880927651635674 
-0.06370098740092427 -0.06370098740092427 -0.06370098740092427 7.506849513872984e-05 -0.011124770060013466 0.1326384641257373 0.1326384641257373 -0.3 0.3 0.5 0.042595612567128946 0.06880927651635674 
-0.12371246243600657 -0.12371246243600657 -0.12371246243600657 -0.0013688872320167566 0.06333499499858558 0.13341487482260656 0.13341487482260656 -0.3 0.3 0.5 0.042595612567128946 0.06880927651635674 
-0.17275508236806086 -0.17275508236806086 -0.17275508236806086 -0.028347164993319348 0.030231093753064316 0.13181162548542766 0.13181162548542766 -0.3 0.3 0.5 0.042595612567128946 0.06880927651635674 
-0.21195449061629956 -0.21195449061629956 -0.21195449061629956 -0.018691597755089426 0.0601021870882391 0.13446419265088547 0.13446419265088547 -0.3 0.3 0.5 0.042595612567128946 0.06880927651635674 
-0.24458456394077774 -0.24458456394077774 -0.24458456394077774 -0.046380836288115915 0.05621908019225348 0.13303529354511778 0.13303529354511778 -0.3 0.3 0.5 0.042595612567128946 0.06880927651635674 
-0.2645653552859471 -0.2645653552859471 -0.2645653552859471 -0.010483360010338347 0.05846443672000915 0.12652642996856983 0.12652642996856983 -0.3 0.3 0.5 0.042595612567128946 0.06880927651635674 
-0.2758932689374225 -0.2758932689374225 -0.2758932689374225 -0.03724782932115448 0.04992218987596543 0.1269444000755234 0.1269444000755234 -0.3 0.3 0.5 0.042595612567128946 0.06880927651635674 
-0.2800321999882064 -0.2800321999882064 -0.2800321999882064 0.01210652724473579 0.034206117555903144 0.1206334339315537 0.1206334339315537 -0.3 0.3 0.5 0.042595612567128946 0.06880927651635674 
-0.2801366368594978 -0.2801366368594978 -0.2801366368594978 -0.053630843785676625 0.02533622249869168 0.1183005779914027 0.1183005779914027 -0.3 0.3 0.5 0.042595612567128946 0.06880927651635674 
-0.2800652523568087 -0.2800652523568087 -0.2800652523568087 0.01054941699020085 -0.00622213422095356 0.11897659566743453 0.11897659566743453 -0.3 0.3 0.5 0.042595612567128946 0.06880927651635674 
-0.2815885535004412 -0.2815885535004412 -0.2815885535004412 -0.05690074349185859 0.016175682322979033 0.11518592686118755 0.11518592686118755 -0.3 0.3 0.5 0.042595612567128946 0.06880927651635674 
-0.285929380989951 -0.285929380989951 -0.285929380989951 0.020465196775845896 -0.00670854515400114 0.11638824792344664 0.11638824792344664 -0.3 0.3 0.5 0.042595612567128946 0.06880927651635674 
-0.2916899522169887 -0.2916899522169887 -0.2916899522169887 -0.06943879921573062 0.021420504163036515 0.11267790820069079 0.11267790820069079 -0.3 -0.3 0.5 -0.09152417887219944 -0.5160081152970718 
-0.30022846988792107 -0.30022846988792107 -0.30022846988792107 0.09050446419650283 -0.003267503033432676 0.11165032214410635 0.11165032214410635 -0.3 -0.3 0.5 -0.09152417887219944 -0.5160081152970718 
-0.3090565036707348 -0.3090565036707348 -0.3090565036707348 0.1160514215516454 -0.0021072691561967107 0.109276109720448 0.109276109720448 -0.3 -0.3 0.5 -0.09152417887219944 -0.5160081152970718 
-0.31856911016237743 -0.31856911016237743 -0.31856911016237743 0.06651474046890253 -0.003727285550587914 0.11564353442394047 0.11564353442394047 -0.3 -0.3 0.5 -0.09152417887219944 -0.5160081152970718 
-0.3283672133334179 -0.3283672133334179 -0.3283672133334179 0.07571944924041367 0.0023342035219549436 0.12166585393580308 0.12166585393580308 -0.3 -0.3 0.5 -0.09152417887219944 -0.5160081152970718 
-0.33797534358880904 -0.33797534358880904 -0.33797534358880904 -0.024236704255710985 0.014792467323426407 0.12886722641616788 0.12886722641616788 -0.3 -0.3 0.5 -0.09152417887219944 -0.5160081152970718 
-0.34602460667690554 -0.34602460667690554 -0.34602460667690554 0.018155694569241855 0.039548318832340425 0.13294287875498456 0.13294287875498456 -0.3 -0.3 0.5 -0.09152417887219944 -0.5160081152970718 
-0.35059785007524014 -0.35059785007524014 -0.35059785007524014 -0.040469690605535666 0.014803461041319715 0.13926942565290573 0.13926942565290573 -0.3 -0.3 0.5 -0.09152417887219944 -0.5160081152970718 
-0.3505398287040059 -0.3505398287040059 -0.3505398287040059 -0.008419535122125843 0.04348637518039133 0.13829217561939958 0.13829217561939958 -0.3 -0.3 0.5 -0.09152417887219944 -0.5160081152970718 
-0.3465735581054663 -0.3465735581054663 -0.3465735581054663 -0.0154679106002523 0.028423038996269717 0.13180599214672148 0.13180599214672148 -0.3 -0.3 0.5 -0.09152417887219944 -0.5160081152970718 
-0.33946203597243746 -0.33946203597243746 -0.33946203597243746 -0.024867908757638377 0.024347919663073547 0.12373881402476912 0.12373881402476912 -0.3 -0.3 0.5 -0.09152417887219944 -0.5160081152970718 
-0.33043318198683397 -0.33043318198683397 -0.33043318198683397 -0.026900199413305934 0.01757369084714213 0.11649726312769759 0.11649726312769759 -0.3 -0.3 0.5 -0.09152417887219944 -0.5160081152970718 
-0.32188983782015507 -0.32188983782015507 -0.32188983782015507 -0.027608601994786566 0.004090116439550218 0.10992082961522508 0.10992082961522508 -0.3 -0.3 0.5 -0.09152417887219944 -0.5160081152970718 
-0.31563586917752817 -0.31563586917752817 -0.31563586917752817 -0.027643723334519376 -0.003421738957472926 0.10870494263546478 0.10870494263546478 -0.3 -0.3 0.5 -0.09152417887219944 -0.5160081152970718 
-0.3121863031004902 -0.3121863031004902 -0.3121863031004902 -0.026273721547836484 -0.01000425711157351 0.10670469345062183 0.10670469345062183 -0.3 -0.3 0.5 -0.09152417887219944 -0.5160081152970718 
-0.31295725327314755 -0.31295725327314755 -0.31295725327314755 -0.01907154144220331 -0.006648435731646198 0.10725929908842914 0.10725929908842914 -0.3 -0.3 0.5 -0.09152417887219944 -0.5160081152970718 
-0.3176964518152361 -0.3176964518152361 -0.3176964518152361 -0.009477287301864902 -0.005172577872792274 0.10708045336266163 0.10708045336266163 -0.3 -0.3 0.5 -0.09152417887219944 -0.5160081152970718 
-0.3247049313455409 -0.3247049313455409 -0.3247049313455409 -0.013961883292127272 0.005056070674527906 0.11115519009378037 0.11115519009378037 -0.3 -0.3 0.5 -0.09152417887219944 -0.5160081152970718 
-0.3327151392140001 -0.3327151392140001 -0.3327151392140001 -0.006854836538757523 0.011516939259041816 0.11469398237636196 0.11469398237636196 -0.3 -0.3 0.5 -0.09152417887219944 -0.5160081152970718 
-0.3403366553032406 -0.3403366553032406 -0.3403366553032406 -0.008783243048568347 0.019992003341006023 0.11850269991065311 0.11850269991065311 -0.3 -0.3 0.5 -0.09152417887219944 -0.5160081152970718 
-0.3463921941534751 -0.3463921941534751 -0.3463921941534751 -0.005081350008570962 0.02024098496976933 0.12055215782341437 0.12055215782341437 0.3 -0.3 0.5 0.49325142211648526 -0.6501268415666952 
-0.349222640003781 -0.349222640003781 -0.349222640003781 0.007419567868815708 0.061288106221531684 0.1265372127228639 0.1265372127228639 0.3 -0.3 0.5 0.49325142211648526 -0.6501268415666952 
-0.33967645758903997 -0.33967645758903997 -0.33967645758903997 0.02921486178970184 0.09344708339270101 0.12328569757594118 0.12328569757594118 0.3 -0.3 0.5 0.49325142211648526 -0.6501268415666952 
-0.32139063499100495 -0.32139063499100495 -0.32139063499100495 -0.0056213776071912525 0.0025569954650820955 0.12780292574192192 0.12780292574192192 0.3 -0.3 0.5 0.49325142211648526 -0.6501268415666952 
-0.2914071445325352 -0.2914071445325352 -0.2914071445325352 0.02413478362773653 0.14760330015324769 0.13483143588196989 0.13483143588196989 0.3 -0.3 0.5 0.49325142211648526 -0.6501268415666952 
-0.25323922313202873 -0.25323922313202873 -0.25323922313202873 0.006662122679003256 -0.0031035309122834994 0.12697342373995113 0.12697342373995113 0.3 -0.3 0.5 0.49325142211648526 -0.6501268415666952 
-0.20783339738175427 -0.20783339738175427 -0.20783339738175427 -0.013485151771742903 -0.013857368491265015 0.12919612995874108 0.12919612995874108 0.3 -0.3 0.5 0.49325142211648526 -0.6501268415666952 
-0.1726722997323001 -0.1726722997323001 -0.1726722997323001 0.003184284653670297 0.03613123594855246 0.11856198416582361 0.11856198416582361 0.3 -0.3 0.5 0.49325142211648526 -0.6501268415666952 
-0.13130649387297663 -0.13130649387297663 -0.13130649387297663 0.003489576560030277 0.08588477769463056 0.10868405690008326 0.10868405690008326 0.3 -0.3 0.5 0.49325142211648526 -0.6501268415666952 
-0.08654269195120572 -0.08654269195120572 -0.08654269195120572 -0.022791697878968946 -0.0433554061597272 0.10821666771653163 0.10821666771653163 0.3 -0.3 0.5 0.49325142211648526 -0.6501268415666952 
-0.03414231446660445 -0.03414231446660445 -0.03414231446660445 -0.000538013092539365 0.10365262200341117 0.11258294047674403 0.11258294047674403 0.3 -0.3 0.5 0.49325142211648526 -0.6501268415666952 
0.010973605051305523 0.010973605051305523 0.010973605051305523 -0.024050094148470806 -0.07401400860057095 0.1078807197669727 0.1078807197669727 0.3 -0.3 0.5 0.49325142211648526 -0.6501268415666952 
0.04687881315403838 0.04687881315403838 0.04687881315403838 -0.01912970755856333 -0.07367605546637906 0.11637087983754538 0.11637087983754538 0.3 -0.3 0.5 0.49325142211648526 -0.6501268415666952 
0.06871407140468996 0.06871407140468996 0.06871407140468996 -0.001903456002996166 0.005873877040188731 0.1138027397638265 0.1138027397638265 0.3 -0.3 0.5 0.49325142211648526 -0.6501268415666952 
0.0886231157108181 0.0886231157108181 0.0886231157108181 0.03080996486505403 0.04692354981256804 0.10973696800016641 0.10973696800016641 0.3 -0.3 0.5 0.49325142211648526 -0.6501268415666952 
0.1148499898061724 0.1148499898061724 0.1148499898061724 0.033226706509718366 0.043662404661954174 0.10518644090808453 0.10518644090808453 0.3 -0.3 0.5 0.49325142211648526 -0.6501268415666952 
0.1432301696384127 0.1432301696384127 0.1432301696384127 0.012125164576998476 0.014359156407561923 0.0970915042611789 0.0970915042611789 0.3 -0.3 0.5 0.49325142211648526 -0.6501268415666952 
0.1738076179365388 0.1738076179365388 0.1738076179365388 -0.010775413497689604 0.015770890809972456 0.09672346017486375 0.09672346017486375 0.3 -0.3 0.5 0.49325142211648526 -0.6501268415666952 
0.20490642044125662 0.20490642044125662 0.20490642044125662 -0.013507807596599423 -0.008110682437880838 0.09238303198442287 0.09238303198442287 0.3 -0.3 0.5 0.49325142211648526 -0.6501268415666952 
0.23013616535629491 0.23013616535629491 0.23013616535629491 -0.006975815532521186 -0.006458034672961725 0.09199403704511552 0.09199403704511552 0.3 -0.3 0.5 0.49325142211648526 -0.6501268415666952 
0.25151954049510794 0.25151954049510794 0.25151954049510794 0.008144972359139666 -0.025983943992455905 0.09129218922456322 0.09129218922456322 0.3 0.3 0.5 0.6273712135558136 -0.06530944975326661 
0.2655209454046643 0.2655209454046643 0.2655209454046643 -0.03349094815894477 -0.007286009840359323 0.09391012410269849 0.09391012410269849 0.3 0.3 0.5 0.6273712135558136 -0.06530944975326661 
0.2749004482202936 0.2749004482202936 0.2749004482202936 -0.1434541689410684 0.014790510471141041 0.09897605917455392 0.09897605917455392 0.3 0.3 0.5 0.6273712135558136 -0.06530944975326661 
0.2828269545265896 0.2828269545265896 0.2828269545265896 -0.1063689216959494 0.0355749362994455 0.10039503433319753 0.10039503433319753 0.3 0.3 0.5 0.6273712135558136 -0.06530944975326661 
0.291220203642631 0.291220203642631 0.291220203642631 -0.07053326570372485 0.023702101026373767 0.10007397667130283 0.10007397667130283 0.3 0.3 0.5 0.6273712135558136 -0.06530944975326661 
0.30053870931705545 0.30053870931705545 0.30053870931705545 -0.030415706511326534 0.017027019470516363 0.09689820929062172 0.09689820929062172 0.3 0.3 0.5 0.6273712135558136 -0.06530944975326661 
0.30946933071348526 0.30946933071348526 0.30946933071348526 0.0071365175061478174 0.011531517226451248 0.09199874295412287 0.09199874295412287 0.3 0.3 0.5 0.6273712135558136 -0.06530944975326661 
0.31792014722238493 0.31792014722238493 0.31792014722238493 0.028629215314314834 0.004712478249861883 0.08994261965595406 0.08994261965595406 0.3 0.3 0.5 0.6273712135558136 -0.06530944975326661 
0.32473364630322243 0.32473364630322243 0.32473364630322243 0.04357947054274029 -0.007613357592239685 0.08993216197158536 0.08993216197158536 0.3 0.3 0.5 0.6273712135558136 -0.06530944975326661 
0.3291638052847364 0.3291638052847364 0.3291638052847364 0.04416837382648145 -0.00750459743383181 0.09342228292126863 0.09342228292126863 0.3 0.3 0.5 0.6273712135558136 -0.06530944975326661 
0.3313079019293377 0.3313079019293377 0.3313079019293377 0.03220322427933335 -0.005063290938515319 0.09471730920553575 0.09471730920553575 0.3 0.3 0.5 0.6273712135558136 -0.06530944975326661 
0.3305523810281882 0.3305523810281882 0.3305523810281882 0.021437529544610735 -0.0074101511959788905 0.09787667516586762 0.09787667516586762 0.3 0.3 0.5 0.6273712135558136 -0.06530944975326661 
0.32721227075923653 0.32721227075923653 0.32721227075923653 0.009029874827241208 -0.002471305642698163 0.10213280247309299 0.10213280247309299 0.3 0.3 0.5 0.6273712135558136 -0.06530944975326661 
0.32154973770058104 0.32154973770058104 0.32154973770058104 -0.0001197891090692039 -0.0028317078765382904 0.10453485495279055 0.10453485495279055 0.3 0.3 0.5 0.6273712135558136 -0.06530944975326661 
0.3140529632619389 0.3140529632619389 0.3140529632619389 -0.008515721046188498 0.008922608932697605 0.10644120501020062 0.10644120501020062 0.3 0.3 0.5 0.6273712135558136 -0.06530944975326661 
0.30572443713101044 0.30572443713101044 0.30572443713101044 -0.0013629038749937798 0.021505591709103697 0.10165917878753135 0.10165917878753135 0.3 0.3 0.5 0.6273712135558136 -0.06530944975326661 
0.30024675582734106 0.30024675582734106 0.30024675582734106 -0.0022019006198544665 0.026701903189410185 0.09626822345343465 0.09626822345343465 0.3 0.3 0.5 0.6273712135558136 -0.06530944975326661 
0.2970780617218132 0.2970780617218132 0.2970780617218132 -0.013465187750660546 0.019271536838358562 0.09322592192989644 0.09322592192989644 0.3 0.3 0.5 0.6273712135558136 -0.06530944975326661 
0.295573075186639 0.295573075186639 0.295573075186639 -0.01976645341862768 0.0186882962469198 0.09285349638667131 0.09285349638667131 0.3 0.3 0.5 0.6273712135558136 -0.06530944975326661 
0.29480552403170895 0.29480552403170895 0.29480552403170895 -0.022769348523575778 0.01898681143251003 0.0917854592588034 0.0917854592588034 0.3 0.3 0.5 0.6273712135558136 -0.06530944975326661 
0.29426223884871805 0.29426223884871805 0.29426223884871805 -0.027418403719460707 0.010730094004521842 0.09283702215989552 0.09283702215989552 0 0 0.5 0.2679235173418071 -0.29065878252516925 
0.2918553241412926 0.2918553241412926 0.2918553241412926 0.0020880195683960785 -0.030746124883279744 0.09306806966197957 0.09306806966197957 0 0 0.5 0.2679235173418071 -0.29065878252516925 
0.28049105043224054 0.28049105043224054 0.28049105043224054 0.03539984831602065 -0.07854128541543108 0.09772068975568086 0.09772068975568086 0 0 0.5 0.2679235173418071 -0.29065878252516925 
0.25167674671089485 0.25167674671089485 0.25167674671089485 0.05760597504328796 -0.0855506697917387 0.1027344009173338 0.1027344009173338 0 0 0.5 0.2679235173418071 -0.29065878252516925 
0.21456274429260316 0.21456274429260316 0.21456274429260316 -0.011474912916646363 0.0069312601283646825 0.10898985231173389 0.10898985231173389 0 0 0.5 0.2679235173418071 -0.29065878252516925 
0.1705556309611259 0.1705556309611259 0.1705556309611259 0.05049250319183532 -0.04417137638487077 0.11498506523400044 0.11498506523400044 0 0 0.5 0.2679235173418071 -0.29065878252516925 
0.12621318842835916 0.12621318842835916 0.12621318842835916 -0.028672434708471146 0.03872057143674501 0.12465524891131845 0.12465524891131845 0 0 0.5 0.2679235173418071 -0.29065878252516925 
0.081076893545773 0.081076893545773 0.081076893545773 0.011446947559934155 -0.01064317232099441 0.13391279544846735 0.13391279544846735 0 0 0.5 0.2679235173418071 -0.29065878252516925 
0.03829518200327842 0.03829518200327842 0.03829518200327842 -0.0037573870215155047 0.06621303843176707 0.13843894656569758 0.13843894656569758 0 0 0.5 0.2679235173418071 -0.29065878252516925 
0.006991165640173196 0.006991165640173196 0.006991165640173196 0.04194758762351264 0.026195675397415883 0.1298687685448981 0.1298687685448981 0 0 0.5 0.2679235173418071 -0.29065878252516925 
-0.015371210607951474 -0.015371210607951474 -0.015371210607951474 -0.02159737841565239 0.05330487080634931 0.12627316624055812 0.12627316624055812 0 0 0.5 0.2679235173418071 -0.29065878252516925 
-0.031301707868522155 -0.031301707868522155 -0.031301707868522155 -0.008625594839615896 0.026348955720595403 0.12080646088839347 0.12080646088839347 0 0 0.5 0.2679235173418071 -0.29065878252516925 
-0.042621722093570034 -0.042621722093570034 -0.042621722093570034 -0.043544497857449176 0.029668346121998826 0.11921371178161257 0.11921371178161257 0 0 0.5 0.2679235173418071 -0.29065878252516925 
-0.05211160227562846 -0.05211160227562846 -0.05211160227562846 -0.05606383676528273 0.026121033606537107 0.1166827138375811 0.1166827138375811 0 0 0.5 0.2679235173418071 -0.29065878252516925 
-0.0593687978760031 -0.0593687978760031 -0.0593687978760031 -0.043845455000060866 0.010579991141532796 0.11490601506602748 0.11490601506602748 0 0 0.5 0.2679235173418071 -0.29065878252516925 
-0.06578985512693916 -0.06578985512693916 -0.06578985512693916 -0.05142823615209283 0.022830438987254068 0.11441091550813111 0.11441091550813111 0 0 0.5 0.2679235173418071 -0.29065878252516925 
-0.07214772399816027 -0.07214772399816027 -0.07214772399816027 -0.030383401671406046 0.013713810177696914 0.11482905355215665 0.11482905355215665 0 0 0.5 0.2679235173418071 -0.29065878252516925 
-0.07874374318663968 -0.07874374318663968 -0.07874374318663968 -0.021086624322679545 0.009561855301329606 0.11565678598365524 0.11565678598365524 0 0 0.5 0.2679235173418071 -0.29065878252516925 
-0.08389591235140748 -0.08389591235140748 -0.08389591235140748 -0.010446182661623659 0.017747220653915957 0.11712032175968327 0.11712032175968327 0 0 0.5 0.2679235173418071 -0.29065878252516925 
-0.08775826270163307 -0.08775826270163307 -0.08775826270163307 -0.0026218517001326365 0.023702227885983772 0.11722765214448691 0.11722765214448691 0 0 0.5 0.2679235173418071 -0.29065878252516925 
