

-0.40169578707758463 -0.40169578707758463 -0.40169578707758463 -0.023397362788894784 0.007127512068954462 0.0762467053398932 0.0762467053398932 0 0 0.5 0.33780040808367223 -0.34562359197128495 
-0.40508274979223124 -0.40508274979223124 -0.40508274979223124 -0.05395909944881773 0.04614586239785856 0.07827376641436089 0.07827376641436089 0 0 0.5 0.33780040808367223 -0.34562359197128495 
-0.39818739076088766 -0.39818739076088766 -0.39818739076088766 -0.09001245543272922 0.10339538546536085 0.07506680594786094 0.07506680594786094 0 0 0.5 0.33780040808367223 -0.34562359197128495 
-0.37626566135227296 -0.37626566135227296 -0.37626566135227296 -0.04465300299294905 0.08383533351238089 0.07540465532506684 0.07540465532506684 0 0 0.5 0.33780040808367223 -0.34562359197128495 
-0.3402423040674677 -0.3402423040674677 -0.3402423040674677 -0.04713743417546326 0.0914675071845213 0.07717184426936309 0.07717184426936309 0 0 0.5 0.33780040808367223 -0.34562359197128495 
-0.2931278168286419 -0.2931278168286419 -0.2931278168286419 -0.016327058491737902 0.06363003325683765 0.08007339902105551 0.08007339902105551 0 0 0.5 0.33780040808367223 -0.34562359197128495 
-0.2295818299103243 -0.2295818299103243 -0.2295818299103243 -0.011356996623132703 0.0612460530339701 0.08479570534159134 0.08479570534159134 0 0 0.5 0.33780040808367223 -0.34562359197128495 
-0.1673622566766746 -0.1673622566766746 -0.1673622566766746 0.02638843709569771 0.006206476056914258 0.07579611229128509 0.07579611229128509 0 0 0.5 0.33780040808367223 -0.34562359197128495 
-0.10507654540124457 -0.10507654540124457 -0.10507654540124457 0.0191885945084994 0.002263347981797166 0.07965602486021305 0.07965602486021305 0 0 0.5 0.33780040808367223 -0.34562359197128495 
-0.04816737763957559 -0.04816737763957559 -0.04816737763957559 0.0373607488925368 -0.030500183312157578 0.08029702045420607 0.08029702045420607 0 0 0.5 0.33780040808367223 -0.34562359197128495 
0.0017778264417299078 0.0017778264417299078 0.0017778264417299078 0.025558785119940138 -0.02311919446494415 0.07857887346308376 0.07857887346308376 0 0 0.5 0.33780040808367223 -0.34562359197128495 
0.04690712238571645 0.04690712238571645 0.04690712238571645 0.023451547154068577 -0.03321515827237757 0.07460680558379629 0.07460680558379629 0 0 0.5 0.33780040808367223 -0.34562359197128495 
0.0777708122019065 0.0777708122019065 0.0777708122019065 0.023986649945500493 -0.04614237384718688 0.07220176657694513 0.07220176657694513 0 0 0.5 0.33780040808367223 -0.34562359197128495 
0.09819145849187425 0.09819145849187425 0.09819145849187425 0.01566574621211794 -0.041696326889634726 0.07187863806724784 0.07187863806724784 0 0 0.5 0.33780040808367223 -0.34562359197128495 
0.10810751217434363 0.10810751217434363 0.10810751217434363 0.015362137454058934 -0.0393794066557024 0.07056779427475877 0.07056779427475877 0 0 0.5 0.33780040808367223 -0.34562359197128495 
0.10871641824234905 0.10871641824234905 0.10871641824234905 0.008445732216730702 -0.02786228326902953 0.06904254790704802 0.06904254790704802 0 0 0.5 0.33780040808367223 -0.34562359197128495 
0.10162272438369917 0.10162272438369917 0.10162272438369917 0.0060374557770048465 -0.01694616841395886 0.06977879068354396 0.06977879068354396 0 0 0.5 0.33780040808367223 -0.34562359197128495 
0.08851231253682747 0.08851231253682747 0.08851231253682747 0.0013460939610172745 -0.0061608663483927765 0.06983910822331077 0.06983910822331077 0 0 0.5 0.33780040808367223 -0.34562359197128495 
0.07344415289241554 0.07344415289241554 0.07344415289241554 -0.0006309485125258582 -0.0007110611333322307 0.07150333999520592 0.07150333999520592 0 0 0.5 0.33780040808367223 -0.34562359197128495 
0.057323283438154196 0.057323283438154196 0.057323283438154196 -0.000417715090880896 0.007090634783509592 0.07133610300861784 0.07133610300861784 0 0 0.5 0.33780040808367223 -0.34562359197128495 
0.042052731881503796 0.042052731881503796 0.042052731881503796 -8.640523952752525e-06 0.018215599730349075 0.07240073296602176 0.07240073296602176 0.3 0.3 0.5 0.6679248532714537 -0.07917404081324686 
0.02952974305536481 0.02952974305536481 0.02952974305536481 -0.045706355063063 0.0688900705870045 0.0734382601647285 0.0734382601647285 0.3 0.3 0.5 0.6679248532714537 -0.07917404081324686 
0.028561628209401783 0.028561628209401783 0.028561628209401783 -0.07403651458827737 0.09018395166133211 0.07306258662052205 0.07306258662052205 0.3 0.3 0.5 0.6679248532714537 -0.07917404081324686 
0.03782120497960443 0.03782120497960443 0.03782120497960443 -0.03344546130783902 0.04324880694107957 0.07222472061026629 0.07222472061026629 0.3 0.3 0.5 0.6679248532714537 -0.07917404081324686 
0.06160576447084652 0.06160576447084652 0.06160576447084652 -0.06139006628697289 0.1015831351452152 0.06927757059983518 0.06927757059983518 0.3 0.3 0.5 0.6679248532714537 -0.07917404081324686 
0.09106628783466958 0.09106628783466958 0.09106628783466958 0.008505057004751874 0.0017136395982411147 0.06307925372551877 0.06307925372551877 0.3 0.3 0.5 0.6679248532714537 -0.07917404081324686 
0.1280484916727268 0.1280484916727268 0.1280484916727268 -0.022747705124817854 0.0771063050432648 0.06464010804568657 0.06464010804568657 0.3 0.3 0.5 0.6679248532714537 -0.07917404081324686 
0.16489261479436865 0.16489261479436865 0.16489261479436865 0.03148898076800133 -0.046415677453760865 0.05639339277471466 0.05639339277471466 0.3 0.3 0.5 0.6679248532714537 -0.07917404081324686 
0.20248056095333322 0.20248056095333322 0.20248056095333322 0.00016932269360997186 0.06298597988670654 0.06273652414021437 0.06273652414021437 0.3 0.3 0.5 0.6679248532714537 -0.07917404081324686 
0.23954619278542413 0.23954619278542413 0.23954619278542413 0.035008052704071285 -0.051709074960492776 0.05822081502095083 0.05822081502095083 0.3 0.3 0.5 0.6679248532714537 -0.07917404081324686 
0.2715264887729348 0.2715264887729348 0.2715264887729348 0.002176711387988239 0.017028650401246986 0.0708060675483646 0.0708060675483646 0.3 0.3 0.5 0.6679248532714537 -0.07917404081324686 
0.2961199281256597 0.2961199281256597 0.2961199281256597 0.03677708265724691 -0.0391041087234742 0.07295256605476111 0.07295256605476111 0.3 0.3 0.5 0.6679248532714537 -0.07917404081324686 
0.316410861871208 0.316410861871208 0.316410861871208 0.008935516679029672 -0.00196187818027996 0.07498556231447201 0.07498556231447201 0.3 0.3 0.5 0.6679248532714537 -0.07917404081324686 
0.3310234730678272 0.3310234730678272 0.3310234730678272 0.019589910120427347 -0.011725607920499887 0.07448469998581554 0.07448469998581554 0.3 0.3 0.5 0.6679248532714537 -0.07917404081324686 
0.34107155935424877 0.34107155935424877 0.34107155935424877 0.012268794565261757 -0.016031652588929822 0.0725949960391541 0.0725949960391541 0.3 0.3 0.5 0.6679248532714537 -0.07917404081324686 
0.3472709056927797 0.3472709056927797 0.3472709056927797 -0.0020610945021249326 -0.006735060503549773 0.07041954991201196 0.07041954991201196 0.3 0.3 0.5 0.6679248532714537 -0.07917404081324686 
0.3479669915099125 0.3479669915099125 0.3479669915099125 0.005791493656648431 -0.012065879453451693 0.07151469336962639 0.07151469336962639 0.3 0.3 0.5 0.6679248532714537 -0.07917404081324686 
0.3448540952263147 0.3448540952263147 0.3448540952263147 0.0026279708695045763 -0.00487661125621638 0.06996008706541276 0.06996008706541276 0.3 0.3 0.5 0.6679248532714537 -0.07917404081324686 
0.3394094434374994 0.3394094434374994 0.3394094434374994 0.00509993085693404 0.0025789397556913824 0.06881165239309273 0.06881165239309273 0.3 0.3 0.5 0.6679248532714537 -0.07917404081324686 
0.33202781873676346 0.33202781873676346 0.33202781873676346 0.001798701005714389 0.0011959243794656203 0.07036715878954462 0.07036715878954462 0.3 0.3 0.5 0.6679248532714537 -0.07917404081324686 
