

-1.344337208252565 -1.344337208252565 -1.344337208252565 -0.0065628696383842385 0.011247153618204817 0.17479867695474713 0.17479867695474713 0 0 0.5 1.0511029716065698 -0.9202552950896681 
-1.3471706452933254 -1.3471706452933254 -1.3471706452933254 -0.05397525430357543 0.03395098547409827 0.17481243293692958 0.17481243293692958 0 0 0.5 1.0511029716065698 -0.9202552950896681 
-1.3439965423608935 -1.3439965423608935 -1.3439965423608935 -0.1972473061417614 0.12174149399219654 0.17427216034592974 0.17427216034592974 0 0 0.5 1.0511029716065698 -0.9202552950896681 
-1.326946232262641 -1.326946232262641 -1.326946232262641 -0.11613672831219886 0.09689923048404692 0.17823450962764362 0.17823450962764362 0 0 0.5 1.0511029716065698 -0.9202552950896681 
-1.29869045120325 -1.29869045120325 -1.29869045120325 -0.16460600768431255 0.124454884533671 0.18691368242378714 0.18691368242378714 0 0 0.5 1.0511029716065698 -0.9202552950896681 
-1.261133695289727 -1.261133695289727 -1.261133695289727 -0.1491381580778677 0.08466475346700386 0.19763964248309576 0.19763964248309576 0 0 0.5 1.0511029716065698 -0.9202552950896681 
-1.2142604074996257 -1.2142604074996257 -1.2142604074996257 -0.10832850107685299 0.1019415497501318 0.1977725043967498 0.1977725043967498 0 0 0.5 1.0511029716065698 -0.9202552950896681 
-1.1611690013504055 -1.1611690013504055 -1.1611690013504055 -0.03875749762238618 0.03040655924830703 0.1964489322693303 0.1964489322693303 0 0 0.5 1.0511029716065698 -0.9202552950896681 
-1.0944680540189728 -1.0944680540189728 -1.0944680540189728 0.002694507355914909 0.10227601969556367 0.1932398879181369 0.1932398879181369 0 0 0.5 1.0511029716065698 -0.9202552950896681 
-1.026344987978751 -1.026344987978751 -1.026344987978751 0.05550137846462127 0.011120133044297206 0.1750805211644358 0.1750805211644358 0 0 0.5 1.0511029716065698 -0.9202552950896681 
-0.949816500737705 -0.949816500737705 -0.949816500737705 0.004824557073126042 0.09898274180367268 0.1873628701260535 0.1873628701260535 0 0 0.5 1.0511029716065698 -0.9202552950896681 
-0.8692057451063581 -0.8692057451063581 -0.8692057451063581 0.06600060768169898 0.00012972277090734442 0.17416917769345192 0.17416917769345192 0 0 0.5 1.0511029716065698 -0.9202552950896681 
-0.7886460270669908 -0.7886460270669908 -0.7886460270669908 -0.05483257958388876 0.00827952662586258 0.18391883428764327 0.18391883428764327 0 0 0.5 1.0511029716065698 -0.9202552950896681 
-0.6985077774556756 -0.6985077774556756 -0.6985077774556756 -0.059023537767320944 0.12506706384839378 0.18579974534286037 0.18579974534286037 0 0 0.5 1.0511029716065698 -0.9202552950896681 
-0.6075158969298363 -0.6075158969298363 -0.6075158969298363 -0.02018753066726103 0.10304365602523015 0.19153388009809885 0.19153388009809885 0 0 0.5 1.0511029716065698 -0.9202552950896681 
-0.5053998369890293 -0.5053998369890293 -0.5053998369890293 0.00824034512796176 0.07111681823813554 0.191964868694514 0.191964868694514 0 0 0.5 1.0511029716065698 -0.9202552950896681 
-0.39492902449635253 -0.39492902449635253 -0.39492902449635253 0.027366517111988252 0.06232000577606843 0.19320890994074766 0.19320890994074766 0 0 0.5 1.0511029716065698 -0.9202552950896681 
-0.2833185982517027 -0.2833185982517027 -0.2833185982517027 0.06488856275527745 -0.026777820913899013 0.18864955552778298 0.18864955552778298 0 0 0.5 1.0511029716065698 -0.9202552950896681 
-0.17335020852532446 -0.17335020852532446 -0.17335020852532446 0.05301660610412535 0.03431290924839104 0.19891972466457966 0.19891972466457966 0 0 0.5 1.0511029716065698 -0.9202552950896681 
-0.06123280198275349 -0.06123280198275349 -0.06123280198275349 0.06724934429772658 -0.06471447711930314 0.18636813217650466 0.18636813217650466 0 0 0.5 1.0511029716065698 -0.9202552950896681 
0.031187329600654252 0.031187329600654252 0.031187329600654252 0.034776637817415655 -0.027212952778820142 0.18844952375926396 0.18844952375926396 0.3 0 0.5 1.3358209581129528 -1.0146626847094518 
0.10903038649560906 0.10903038649560906 0.10903038649560906 0.049892201983741065 -0.06137098305613525 0.1854432408182682 0.1854432408182682 0.3 0 0.5 1.3358209581129528 -1.0146626847094518 
0.17604424612262964 0.17604424612262964 0.17604424612262964 0.03486028567552308 -0.011557965466226252 0.18627368406043096 0.18627368406043096 0.3 0 0.5 1.3358209581129528 -1.0146626847094518 
0.2337479779691082 0.2337479779691082 0.2337479779691082 0.01327365600383231 -0.018194220449423936 0.18138296249870975 0.18138296249870975 0.3 0 0.5 1.3358209581129528 -1.0146626847094518 
0.2900269237262647 0.2900269237262647 0.2900269237262647 0.008260562120517775 -0.01817368840952741 0.17414646870143918 0.17414646870143918 0.3 0 0.5 1.3358209581129528 -1.0146626847094518 
0.33515788766887006 0.33515788766887006 0.33515788766887006 -0.009401705012197665 -0.02105916446698425 0.1675598679586855 0.1675598679586855 0.3 0 0.5 1.3358209581129528 -1.0146626847094518 
0.3728522485146413 0.3728522485146413 0.3728522485146413 -0.006863646053126555 -0.03361632759143782 0.16299117818508418 0.16299117818508418 0.3 0 0.5 1.3358209581129528 -1.0146626847094518 
0.40197063203001443 0.40197063203001443 0.40197063203001443 -0.025465679698292575 -0.04693382995929595 0.1554132101404377 0.1554132101404377 0.3 0 0.5 1.3358209581129528 -1.0146626847094518 
0.41890424033024304 0.41890424033024304 0.41890424033024304 -0.014858933166625735 -0.0566275767491272 0.1674370745102272 0.1674370745102272 0.3 0 0.5 1.3358209581129528 -1.0146626847094518 
0.42177536176734465 0.42177536176734465 0.42177536176734465 -0.016419464023942676 -0.027191488459419412 0.16923944538311494 0.16923944538311494 0.3 0 0.5 1.3358209581129528 -1.0146626847094518 
0.414845797739578 0.414845797739578 0.414845797739578 0.012373932356020067 -0.014099886852596636 0.1672773280648342 0.1672773280648342 0.3 0 0.5 1.3358209581129528 -1.0146626847094518 
0.4048402802640748 0.4048402802640748 0.4048402802640748 0.005663317397882912 0.0018093402861840886 0.16881514207114506 0.16881514207114506 0.3 0 0.5 1.3358209581129528 -1.0146626847094518 
0.39387744817201265 0.39387744817201265 0.39387744817201265 0.01346893871957938 -0.0033524720010999426 0.16585601065336886 0.16585601065336886 0.3 0 0.5 1.3358209581129528 -1.0146626847094518 
0.38328585181491465 0.38328585181491465 0.38328585181491465 -0.021869685006598798 0.016545924309339394 0.165497512578718 0.165497512578718 0.3 0 0.5 1.3358209581129528 -1.0146626847094518 
0.375297607790671 0.375297607790671 0.375297607790671 -0.004157738144887141 0.00936475532455719 0.15740272674276864 0.15740272674276864 0.3 0 0.5 1.3358209581129528 -1.0146626847094518 
0.36716713098907944 0.36716713098907944 0.36716713098907944 -0.0840663772090398 -0.012096510334886389 0.19013452382893034 0.19013452382893034 0.3 0 0.5 1.3358209581129528 -1.0146626847094518 
0.35838789798220755 0.35838789798220755 0.35838789798220755 -0.025410163982764775 0.0064141456704119235 0.16624650763330498 0.16624650763330498 0.3 0 0.5 1.3358209581129528 -1.0146626847094518 
0.35027440267952886 0.35027440267952886 0.35027440267952886 -0.01328711381665998 0.0028571884326479657 0.1574215729489903 0.1574215729489903 0.3 0 0.5 1.3358209581129528 -1.0146626847094518 
0.3397780587260442 0.3397780587260442 0.3397780587260442 -0.02040644913868031 0.009712104468984831 0.16671077402698503 0.16671077402698503 0.3 0 0.5 1.3358209581129528 -1.0146626847094518 
0.3306424246654258 0.3306424246654258 0.3306424246654258 -0.03492172581964628 0.00951422888679725 0.1675757871738016 0.1675757871738016 0.3 0 0.5 1.3358209581129528 -1.0146626847094518 
0.32018139035688536 0.32018139035688536 0.32018139035688536 -0.01893663859556109 0.006598816351990673 0.17085523620219414 0.17085523620219414 0 0 0.5 1.0511029716065698 -0.9202552950896681 
0.3091359607923383 0.3091359607923383 0.3091359607923383 -0.03792032135972777 -0.028949546074869808 0.16923347188775753 0.16923347188775753 0 0 0.5 1.0511029716065698 -0.9202552950896681 
0.29126107200857976 0.29126107200857976 0.29126107200857976 -0.038036146089491754 -0.04873085937400908 0.16890724551503775 0.16890724551503775 0 0 0.5 1.0511029716065698 -0.9202552950896681 
0.26417192820254987 0.26417192820254987 0.26417192820254987 -0.013358701858585344 -0.002916856782146716 0.15760319741968148 0.15760319741968148 0 0 0.5 1.0511029716065698 -0.9202552950896681 
0.2322211472409865 0.2322211472409865 0.2322211472409865 -0.0023440028705073936 -0.042515801870365945 0.1644764691783309 0.1644764691783309 0 0 0.5 1.0511029716065698 -0.9202552950896681 
0.19713015656985472 0.19713015656985472 0.19713015656985472 -0.011961900893773325 0.005630595891467005 0.15918892348193467 0.15918892348193467 0 0 0.5 1.0511029716065698 -0.9202552950896681 
0.15996609474756823 0.15996609474756823 0.15996609474756823 -0.0032600793985810535 -0.004316100091298598 0.15336785152596571 0.15336785152596571 0 0 0.5 1.0511029716065698 -0.9202552950896681 
0.12458294904251746 0.12458294904251746 0.12458294904251746 -0.009325477921316485 0.01692557087242787 0.15114883345776076 0.15114883345776076 0 0 0.5 1.0511029716065698 -0.9202552950896681 
0.09218281669408859 0.09218281669408859 0.09218281669408859 -0.013581257450076415 0.015812982676865907 0.15210470823667102 0.15210470823667102 0 0 0.5 1.0511029716065698 -0.9202552950896681 
0.05833580024581553 0.05833580024581553 0.05833580024581553 -0.008707442339359637 -0.01974016531225242 0.1553659658577599 0.1553659658577599 0 0 0.5 1.0511029716065698 -0.9202552950896681 
0.03037786045651592 0.03037786045651592 0.03037786045651592 0.001295083455284599 0.022529827437758262 0.15163675147422181 0.15163675147422181 0 0 0.5 1.0511029716065698 -0.9202552950896681 
0.0032935382252932102 0.0032935382252932102 0.0032935382252932102 0.012438889137079757 0.01321673983847609 0.15158181334157164 0.15158181334157164 0 0 0.5 1.0511029716065698 -0.9202552950896681 
-0.019594996061624594 -0.019594996061624594 -0.019594996061624594 -0.014076545994708535 0.041818532061747384 0.15502561319915534 0.15502561319915534 0 0 0.5 1.0511029716065698 -0.9202552950896681 
-0.03493047314256873 -0.03493047314256873 -0.03493047314256873 -0.018270788432870454 0.031162527359973127 0.1543618009617457 0.1543618009617457 0 0 0.5 1.0511029716065698 -0.9202552950896681 
-0.04546491337476176 -0.04546491337476176 -0.04546491337476176 -0.024455069150688312 0.02625823881364838 0.14958096884051286 0.14958096884051286 0 0 0.5 1.0511029716065698 -0.9202552950896681 
-0.0521496428585731 -0.0521496428585731 -0.0521496428585731 -0.028711469187539706 0.025530257346014204 0.13685409079098707 0.13685409079098707 0 0 0.5 1.0511029716065698 -0.9202552950896681 
-0.056550706869919275 -0.056550706869919275 -0.056550706869919275 -0.020680904232050212 0.021024539397761915 0.12232132577724762 0.12232132577724762 0 0 0.5 1.0511029716065698 -0.9202552950896681 
-0.05867752729315151 -0.05867752729315151 -0.05867752729315151 -0.008645217170389442 0.01604518244809439 0.11658462898968232 0.11658462898968232 0 0 0.5 1.0511029716065698 -0.9202552950896681 
-0.05874922381460991 -0.05874922381460991 -0.05874922381460991 -0.008187399703394374 0.013404437883462681 0.11384638269807722 0.11384638269807722 0 0 0.5 1.0511029716065698 -0.9202552950896681 
-0.05687188882492694 -0.05687188882492694 -0.05687188882492694 0.003161376897249896 0.013869041177533735 0.12068273321021766 0.12068273321021766 0 0 0.5 1.0511029716065698 -0.9202552950896681 
-0.053299591901769035 -0.053299591901769035 -0.053299591901769035 0.0007639142783460817 0.010575725425011135 0.13015421408543976 0.13015421408543976 -0.3 0 0.5 0.7663849851001869 -0.8258479054698844 
-0.050004094047257336 -0.050004094047257336 -0.050004094047257336 -0.004464246652743384 -0.029787350652609006 0.13649655224849183 0.13649655224849183 -0.3 0 0.5 0.7663849851001869 -0.8258479054698844 
-0.051819048747061364 -0.051819048747061364 -0.051819048747061364 0.011345784690929046 -0.042214954052283614 0.14759189396186279 0.14759189396186279 -0.3 0 0.5 0.7663849851001869 -0.8258479054698844 
-0.060385178760032486 -0.060385178760032486 -0.060385178760032486 0.007627134050503364 -0.038273846931028144 0.15743541191475538 0.15743541191475538 -0.3 0 0.5 0.7663849851001869 -0.8258479054698844 
-0.07592190468199722 -0.07592190468199722 -0.07592190468199722 0.0034856762223962477 -0.03599065462372355 0.1767903494533136 0.1767903494533136 -0.3 0 0.5 0.7663849851001869 -0.8258479054698844 
-0.09735445990692126 -0.09735445990692126 -0.09735445990692126 0.006922906121964174 -0.016460314249970152 0.18812404242772976 0.18812404242772976 -0.3 0 0.5 0.7663849851001869 -0.8258479054698844 
-0.12429004879887794 -0.12429004879887794 -0.12429004879887794 0.01801911987745175 0.0012811254089456867 0.19495740287593516 0.19495740287593516 -0.3 0 0.5 0.7663849851001869 -0.8258479054698844 
-0.14897246944748516 -0.14897246944748516 -0.14897246944748516 0.031374855814275175 0.014203746936183143 0.1939754013676558 0.1939754013676558 -0.3 0 0.5 0.7663849851001869 -0.8258479054698844 
-0.17204485800727062 -0.17204485800727062 -0.17204485800727062 0.020528333643186573 0.015185330268799152 0.1990634727498755 0.1990634727498755 -0.3 0 0.5 0.7663849851001869 -0.8258479054698844 
-0.19214445098044108 -0.19214445098044108 -0.19214445098044108 0.014407498705443555 0.015024995440083492 0.18872567887616315 0.18872567887616315 -0.3 0 0.5 0.7663849851001869 -0.8258479054698844 
-0.2106338517823292 -0.2106338517823292 -0.2106338517823292 0.0002860322327652453 0.029704990439201114 0.17836842112619056 0.17836842112619056 -0.3 0 0.5 0.7663849851001869 -0.8258479054698844 
-0.22559374042363964 -0.22559374042363964 -0.22559374042363964 -0.02824722608765242 0.011710686943938243 0.16865060829055561 0.16865060829055561 -0.3 0 0.5 0.7663849851001869 -0.8258479054698844 
-0.2388754036023081 -0.2388754036023081 -0.2388754036023081 -0.03702792285771312 0.017977426771788534 0.15782878433879616 0.15782878433879616 -0.3 0 0.5 0.7663849851001869 -0.8258479054698844 
-0.25220513299169967 -0.25220513299169967 -0.25220513299169967 -0.03971014300243469 0.014206765566329148 0.15075727999548805 0.15075727999548805 -0.3 0 0.5 0.7663849851001869 -0.8258479054698844 
-0.26524340892345344 -0.26524340892345344 -0.26524340892345344 -0.028864427912704622 0.017539027790657837 0.1482173201382775 0.1482173201382775 -0.3 0 0.5 0.7663849851001869 -0.8258479054698844 
-0.27839908612097874 -0.27839908612097874 -0.27839908612097874 -0.032280893941292944 0.01661098626033057 0.14181270603970886 0.14181270603970886 -0.3 0 0.5 0.7663849851001869 -0.8258479054698844 
-0.2885680343104467 -0.2885680343104467 -0.2885680343104467 -0.02399149111779529 0.022123120130393418 0.1410976913879839 0.1410976913879839 -0.3 0 0.5 0.7663849851001869 -0.8258479054698844 
-0.2971602820477129 -0.2971602820477129 -0.2971602820477129 -0.0157245107077345 0.019967092121811813 0.14185032540498962 0.14185032540498962 -0.3 0 0.5 0.7663849851001869 -0.8258479054698844 
-0.30348640039871555 -0.30348640039871555 -0.30348640039871555 -0.0048083817655909375 0.01764408727145638 0.1429035749681707 0.1429035749681707 -0.3 0 0.5 0.7663849851001869 -0.8258479054698844 
-0.30777317720072006 -0.30777317720072006 -0.30777317720072006 -0.005032703344218024 0.019023063985664498 0.14985802299574905 0.14985802299574905 -0.3 0 0.5 0.7663849851001869 -0.8258479054698844 
