% SQUARE 
% x y z  qx qy qz qw setx_v sety_v setz_vsetx_cf sety_cf setz_cf 
-0.9899194757364157 -0.9899194757364157 -0.9899194757364157 -0.046506677594407034 0.014354163081900753 -0.3532766041639304 -0.3532766041639304 0 0 0.5 1.512156464395029 -0.3172028080232576 0.4942579266042969 
-1.0051908437358439 -1.0051908437358439 -1.0051908437358439 -0.07336842100129642 0.0597119835534326 -0.3608786474089392 -0.3608786474089392 0 0 0.5 1.512156464395029 -0.3172028080232576 0.4942579266042969 
-1.0078876497551483 -1.0078876497551483 -1.0078876497551483 -0.14512245038673896 0.09094510555255601 -0.35025600748918234 -0.35025600748918234 0 0 0.5 1.512156464395029 -0.3172028080232576 0.4942579266042969 
-0.9895304313029905 -0.9895304313029905 -0.9895304313029905 -0.12443264262515173 0.11167291511105394 -0.35376306056753265 -0.35376306056753265 0 0 0.5 1.512156464395029 -0.3172028080232576 0.4942579266042969 
-0.948560914520903 -0.948560914520903 -0.948560914520903 -0.11135313653867311 0.10378469436650598 -0.3610712881289056 -0.3610712881289056 0 0 0.5 1.512156464395029 -0.3172028080232576 0.4942579266042969 
-0.8848642584365194 -0.8848642584365194 -0.8848642584365194 -0.020788357388265493 0.03514133891862819 -0.3716567033091418 -0.3716567033091418 0 0 0.5 1.512156464395029 -0.3172028080232576 0.4942579266042969 
-0.8252841588643208 -0.8252841588643208 -0.8252841588643208 0.032168507406049464 -0.002813210528585033 -0.37506703572956746 -0.37506703572956746 0 0 0.5 1.512156464395029 -0.3172028080232576 0.4942579266042969 
-0.7658237739741605 -0.7658237739741605 -0.7658237739741605 -0.0697895595238799 0.06374413884126447 -0.3736774591216224 -0.3736774591216224 0 0 0.5 1.512156464395029 -0.3172028080232576 0.4942579266042969 
-0.7042674456632266 -0.7042674456632266 -0.7042674456632266 -0.05818519065926858 0.05277428711204981 -0.37332403486744536 -0.37332403486744536 0 0 0.5 1.512156464395029 -0.3172028080232576 0.4942579266042969 
-0.636531924861424 -0.636531924861424 -0.636531924861424 -0.04323044393053354 0.054215600325659245 -0.3750129348763885 -0.3750129348763885 0 0 0.5 1.512156464395029 -0.3172028080232576 0.4942579266042969 
-0.5638219054762175 -0.5638219054762175 -0.5638219054762175 -0.035505395698299004 0.04120432910033675 -0.37552657974742226 -0.37552657974742226 0 0 0.5 1.512156464395029 -0.3172028080232576 0.4942579266042969 
-0.4806604643071197 -0.4806604643071197 -0.4806604643071197 -0.013926361434104927 0.0342476862750042 -0.37315486403849824 -0.37315486403849824 0 0 0.5 1.512156464395029 -0.3172028080232576 0.4942579266042969 
-0.4035753143641019 -0.4035753143641019 -0.4035753143641019 -0.022792895623955565 0.03811054774414084 -0.3754661483257957 -0.3754661483257957 0 0 0.5 1.512156464395029 -0.3172028080232576 0.4942579266042969 
-0.3265375435774459 -0.3265375435774459 -0.3265375435774459 -0.0004931990608976834 0.018969237907723938 -0.37665001684168614 -0.37665001684168614 0 0 0.5 1.512156464395029 -0.3172028080232576 0.4942579266042969 
-0.25268368245103634 -0.25268368245103634 -0.25268368245103634 0.01203205895417942 -1.5398353150583057e-05 -0.37674307722563455 -0.37674307722563455 0 0 0.5 1.512156464395029 -0.3172028080232576 0.4942579266042969 
-0.1799331038075251 -0.1799331038075251 -0.1799331038075251 0.04594952598065693 -0.016505823844719398 -0.3748159025607412 -0.3748159025607412 0 0 0.5 1.512156464395029 -0.3172028080232576 0.4942579266042969 
-0.12595185251127095 -0.12595185251127095 -0.12595185251127095 0.05610253980255977 -0.032062652137336604 -0.36979951319472343 -0.36979951319472343 0 0 0.5 1.512156464395029 -0.3172028080232576 0.4942579266042969 
-0.08814557217005055 -0.08814557217005055 -0.08814557217005055 -0.03380803312036084 -0.07118152319323533 -0.34195237065776934 -0.34195237065776934 0 0 0.5 1.512156464395029 -0.3172028080232576 0.4942579266042969 
-0.07279651432166741 -0.07279651432166741 -0.07279651432166741 -0.2463493968296066 -0.18813378984851448 -0.2774639318027953 -0.2774639318027953 0 0 0.5 1.512156464395029 -0.3172028080232576 0.4942579266042969 
-0.07876973333074247 -0.07876973333074247 -0.07876973333074247 -0.6403761034703757 -0.5081654928455206 -0.0858380024803184 -0.0858380024803184 0 0 0.5 1.512156464395029 -0.3172028080232576 0.4942579266042969 
0.0 0.0 0.0 0.0 0.0 0.0 0.0 0.3 0 0.5 1.7214037608202304 -0.1030478690327622 0.5130523684614213 
-0.09460279749782452 -0.09460279749782452 -0.09460279749782452 0.37437963053807777 0.38751174751976 0.48896291217451704 0.48896291217451704 0.3 0 0.5 1.7214037608202304 -0.1030478690327622 0.5130523684614213 
-0.10512318154279708 -0.10512318154279708 -0.10512318154279708 0.4390454611245861 0.17856601746777012 0.4567986127939111 0.4567986127939111 0.3 0 0.5 1.7214037608202304 -0.1030478690327622 0.5130523684614213 
-0.11994898518090788 -0.11994898518090788 -0.11994898518090788 0.40654882368672446 0.07085573531506284 0.5279055087546833 0.5279055087546833 0.3 0 0.5 1.7214037608202304 -0.1030478690327622 0.5130523684614213 
-0.12100477180077958 -0.12100477180077958 -0.12100477180077958 0.3927489467256822 0.05144211245871634 0.5127997726901009 0.5127997726901009 0.3 0 0.5 1.7214037608202304 -0.1030478690327622 0.5130523684614213 
-0.12102771500671478 -0.12102771500671478 -0.12102771500671478 0.39539570225771314 0.05637284532803556 0.5124110322523123 0.5124110322523123 0.3 0 0.5 1.7214037608202304 -0.1030478690327622 0.5130523684614213 
-0.12104023956893656 -0.12104023956893656 -0.12104023956893656 0.39461940607726065 0.05523329462282057 0.5125291286254912 0.5125291286254912 0.3 0 0.5 1.7214037608202304 -0.1030478690327622 0.5130523684614213 
-0.1210638726320486 -0.1210638726320486 -0.1210638726320486 0.3944061800204725 0.05468116027992764 0.5124658617013682 0.5124658617013682 0.3 0 0.5 1.7214037608202304 -0.1030478690327622 0.5130523684614213 
-0.1211244493172764 -0.1211244493172764 -0.1211244493172764 0.393193019013957 0.05316837596063182 0.5133218511465848 0.5133218511465848 0.3 0 0.5 1.7214037608202304 -0.1030478690327622 0.5130523684614213 
-0.12117939870030345 -0.12117939870030345 -0.12117939870030345 0.3933849020641281 0.05248764958978523 0.5131701320235742 0.5131701320235742 0.3 0 0.5 1.7214037608202304 -0.1030478690327622 0.5130523684614213 
-0.12106032242318877 -0.12106032242318877 -0.12106032242318877 0.39400301935945237 0.05436073109237085 0.5126197830126505 0.5126197830126505 0.3 0 0.5 1.7214037608202304 -0.1030478690327622 0.5130523684614213 
-0.12100638040390778 -0.12100638040390778 -0.12100638040390778 0.3942977403193895 0.055582160944014886 0.5127350308374263 0.5127350308374263 0.3 0 0.5 1.7214037608202304 -0.1030478690327622 0.5130523684614213 
-0.12104587203318487 -0.12104587203318487 -0.12104587203318487 0.3944964746368874 0.05502616306744316 0.5124595707536066 0.5124595707536066 0.3 0 0.5 1.7214037608202304 -0.1030478690327622 0.5130523684614213 
-0.12099287891994476 -0.12099287891994476 -0.12099287891994476 0.39396276860899754 0.0542030824012189 0.5125764252020669 0.5125764252020669 0.3 0 0.5 1.7214037608202304 -0.1030478690327622 0.5130523684614213 
-0.12106290785760657 -0.12106290785760657 -0.12106290785760657 0.3953914157220698 0.05665817010897456 0.5125944309484608 0.5125944309484608 0.3 0 0.5 1.7214037608202304 -0.1030478690327622 0.5130523684614213 
-0.12103675905000237 -0.12103675905000237 -0.12103675905000237 0.3946400594904409 0.05569270335672097 0.5126377230431666 0.5126377230431666 0.3 0 0.5 1.7214037608202304 -0.1030478690327622 0.5130523684614213 
-0.12098580612086782 -0.12098580612086782 -0.12098580612086782 0.3948504485590796 0.055221868607021066 0.5122259897518844 0.5122259897518844 0.3 0 0.5 1.7214037608202304 -0.1030478690327622 0.5130523684614213 
-0.12117383577998111 -0.12117383577998111 -0.12117383577998111 0.39354312999520696 0.0524070116003324 0.5129770097832613 0.5129770097832613 0.3 0 0.5 1.7214037608202304 -0.1030478690327622 0.5130523684614213 
-0.12099209533502982 -0.12099209533502982 -0.12099209533502982 0.39467255972030724 0.055015227972509725 0.5124913025174507 0.5124913025174507 0.3 0 0.5 1.7214037608202304 -0.1030478690327622 0.5130523684614213 
