% set_x set_y set_z  738339.4329585645
-0.4468441220346025 -0.012811930016517982 1.7359819584279068  738339.4329954851
-0.45654288522235625 -0.02336241914171496 1.7481997427674738  738339.4330462273
-0.46519931996748887 -0.028874705043258383 1.7560002750486883  738339.433047126
-0.47505003698790804 -0.031469872516171886 1.7594585945974814  738339.4330476657
-0.4815841453527277 -0.03262451580863434 1.7591803669394943  738339.4330482003
-0.4860113004452157 -0.03261426034783852 1.7578783754238962  738339.4330485606
-0.48920366167419965 -0.02886077996875216 1.7501938387340694  738339.4330489261
-0.48347096475574314 -0.022616726696506568 1.7340141184768005  738339.4330492897
-0.4656648291131322 -0.00818395390986677 1.6892500005385696  738339.4330500077
-0.43580693336181653 0.01602353237680023 1.620218940375437  738339.4330519716
-0.3966563666880952 0.03712456996906202 1.5456198123551717  738339.4330550617
-0.36212099690522315 0.05039922966471062 1.4883381108791618  738339.4330584825
-0.3145176295765599 0.06486253720539911 1.4189928534864311  738339.4330611761
-0.2714276432572704 0.0760086035723205 1.3605620988374887  738339.4330645719
-0.2213057892818592 0.08568072683303343 1.2897266585564302  738339.4330674765
-0.17355289530925547 0.09136389193707271 1.2087576600023249  738339.433070899
-0.13432030362223782 0.09213711535562177 1.1323996663491864  738339.4330746762
-0.08969788231776306 0.08690081864704882 1.047760642547677  738339.4330781003
-0.057951249835151736 0.07866711395935026 0.9904565251055194  738339.433081912
-0.02685222211096556 0.06513537394953199 0.9293421273012922  738339.4330845978
-0.010827626915448377 0.05375668344492904 0.8881942845496236  738339.4330874648
0.0020980394375288455 0.04143517291807475 0.8476992207776838  738339.4330892718
0.013925532827164041 0.026348843216714102 0.7969609693523426  738339.4330910639
0.020934504731749532 0.013611463104574423 0.7527516604908834  738339.4330932245
0.028036407739977665 -0.004503301303446683 0.6912859308495336  738339.433095206
0.031108073495312243 -0.017688248631752668 0.6490334697443473  738339.4330977228
0.03473714481758841 -0.03282951170019475 0.6046628174603259  738339.4330995262
0.0403326586297506 -0.043366181534419485 0.5761092054203695  738339.4331015166
0.05043333133700632 -0.050844290659100344 0.5582019553084632  738339.4331027645
0.06317065331369719 -0.04887703389710734 0.5614448027691283  738339.4331036694
0.08547272783887006 -0.03514943362709343 0.587689974229024  738339.4331042038
0.11027989093680883 -0.01594921355041525 0.6278636200340586  738339.4331058096
0.14694724271679352 0.010963265753574694 0.6907409231453949  738339.4331079541
0.18114058742633693 0.033601911971042994 0.7516006559281802  738339.4331110277
0.22000692926437018 0.05580278127516984 0.8237124516981422  738339.4331139128
0.26952669141766245 0.07802658720153917 0.9240080237929681  738339.4331173154
0.3104648932361063 0.09335354862368098 1.0246030091375191  738339.4331218363
0.3472006232250878 0.10244949429488881 1.1441061719136534  738339.433126142
0.3742100422608774 0.10304193423615378 1.24157093429228  738339.4331309918
0.40582917529400936 0.09696616269321325 1.353226540467919  738339.4331349301
0.43105380062177334 0.08705252608347645 1.43906376312281  738339.4331394382
0.45844853782593764 0.07139458588515966 1.5252088219698006  738339.4331430459
0.48751565290076304 0.053943122734059205 1.6043388476068317  738339.4331466365
0.5080975214385004 0.0423103204408285 1.654920486082924  738339.4331500527
0.5345575210660403 0.030603283099361934 1.6972921469122624  738339.4331523833
0.5529038857675593 0.021610977324090543 1.7148450068873413  738339.4331545454
0.5663541264704497 0.014812172860245765 1.7181882993591961  738339.4331556114
0.5695267304804608 0.015170178932504049 1.7121954680406404  738339.4331563269
0.5671845523243961 0.017187068735900007 1.705798646160847  738339.4331566906
0.5612146917752313 0.0193198125548291 1.7031095080061225  738339.4331570355
0.5542970316290323 0.019682522614031788 1.7109338909980456  738339.433157394
0.5285960892428709 0.01748210530907855 1.7443495922845174  738339.4331579279
0.49139752472318127 0.016146820492568777 1.784776829143406  738339.4331597256
0.43194826576210543 0.016035099231121706 1.8405968557415764  738339.433161907
0.3727732421229035 0.01543253481513567 1.8853676413473046  738339.433165152
0.29011738786227526 0.015502858298710518 1.929738113508249  738339.4331680675
0.20375459406115698 0.016087717447792235 1.9603020581419648  738339.4331718283
0.12760546152020985 0.015196275110468557 1.9777508625782156  738339.4331754002
0.00689129670986995 0.009507362031417383 1.991350400759979  738339.4331784516
-0.08576253076145476 0.0018210516013295879 1.991504111806706  738339.4331833102
-0.19799891044607368 -0.005809097550002379 1.9746148286566483  738339.4331870717
-0.2850100867739349 -0.011829821695019586 1.9484445585238375  738339.4331915466
-0.38637178063197675 -0.022664123467347783 1.9055578768517216  738339.4331951522
-0.4633894818803764 -0.0337107490797494 1.8597949206754236  738339.4331994615
-0.5461271244461198 -0.04567794407201185 1.7913962703870145  738339.4332030518
-0.6040785794633169 -0.053868636036906344 1.7273109498024863  738339.4332073767
-0.6623013645579323 -0.06377245174265911 1.6407942343471071  738339.4332107838
-0.6980988310659447 -0.06922663963731411 1.5617269095847068  738339.4332149207
-0.7228542323213718 -0.07124010761775862 1.4734851424154936  738339.4332183282
-0.73668570637734 -0.07116143906241183 1.3601893146776194  738339.4332219335
-0.7304829519417105 -0.06916163649059623 1.259049753920543  738339.4332264364
-0.7080579616519357 -0.06482546487531406 1.1584240948010156  738339.4332305205
-0.6715890225728013 -0.058928153839268346 1.0601149998396193  738339.4332346565
-0.613924450552049 -0.049966409502623294 0.9629227393761409  738339.4332388125
-0.5537693843285428 -0.040569640221458605 0.8942828373988998  738339.4332432902
-0.4830882492542481 -0.03196814997908518 0.8288060716104266  738339.4332469106
-0.40609458514135055 -0.02097548328720689 0.7769612571354909  738339.4332506817
-0.3323529910018931 -0.008294838967465001 0.7472218182846472  738339.4332544546
-0.23388063003057716 0.006543372600912954 0.7258633053132939  738339.4332576849
-0.1475182632007559 0.016172349881525612 0.7186098462855653  738339.4332616718
-0.026545333369599113 0.024365274268264507 0.7231097584144223  738339.4332650801
0.06634040768282444 0.028440468441878683 0.7383433656131645  738339.4332699197
0.17957550356929625 0.029994527938672553 0.7679120535198124  738339.4332736615
0.26023951357852704 0.026130293286928685 0.7910446848885664  738339.433278343
0.3714697224678817 0.01238332770482567 0.8241228518710559  738339.4332817624
0.4389971292889256 0.0006805137569913264 0.8493925562837233  738339.4332864478
0.4960442798668988 -0.011805372597941914 0.8751918528740612  738339.4332893225
0.5227751195584824 -0.019962863445036574 0.886681704398475  738339.4332918396
0.5332661952395383 -0.024194576983997455 0.8912642463480976  738339.4332930917
0.529247223747965 -0.023415878660506498 0.8966254163571011  738339.4332936322
0.5221434299422424 -0.019137416128004257 0.9091377922674083  738339.4332939904
0.5154426827740163 -0.00843566677945829 0.9535065854663441  738339.43329471
0.5128874183246735 0.004056278261483403 1.017671737615576  738339.4332965261
0.5110288022242548 0.020306725756203764 1.1331155318387267  738339.4332992185
0.5111491615465446 0.026472010576035845 1.2387530881906728  738339.4333038823
0.5090780747461168 0.022616479877224763 1.4028266490240728  738339.433307998
0.5025932801159507 0.0060061150851162 1.5528297676702423  738339.4333144723
0.4883152835433559 -0.025312490862666105 1.7087590897723535  738339.4333204094
0.47237365428215433 -0.05794238344668942 1.8229551108748223  738339.4333267092
0.4583781536118764 -0.08971010851223443 1.9182606654189913  738339.4333313747
0.4457656105430922 -0.12177792366255277 2.0057339372583463  738339.4333353189
0.4367675428251729 -0.1402780460427458 2.052598632789633  738339.4333390909
0.4262961861970695 -0.15478500355223362 2.084046983156619  738339.4333412338
0.41687370023829456 -0.1593447239447374 2.0904866517336362  738339.4333426591
0.40729613671595016 -0.14980472588329427 2.0774742170429015  738339.4333432133
0.3952778795058179 -0.13214708750459941 2.05264777082527  738339.4333439466
0.3793635098917251 -0.11157923817917204 2.0196989536465524  738339.4333453631
0.355681381386897 -0.08458093960939682 1.9748295441226924  738339.4333469919
0.3177001609860407 -0.047675014056798304 1.913212558611048  738339.43334934
0.27780318077660326 -0.016680687810013993 1.854560211004634  738339.4333525597
0.2187775338303008 0.020856771398582417 1.7724407652522935  738339.4333556351
0.16331395504011076 0.0517862349630585 1.695047697646336  738339.4333599322
0.09765503779371039 0.08087679131918998 1.6019301458539945  738339.4333638484
0.03435404327819171 0.10210763995421493 1.5037774337198602  738339.4333685351
-0.029288718936272315 0.11678853945058858 1.3989057647998975  738339.4333732056
-0.09971808183357166 0.12057212756833166 1.285485517648447  738339.433378076
-0.1560705172136963 0.11403042785717953 1.1945441747813168  738339.4333833086
-0.2214874043882061 0.0975321234335353 1.0890526535117977  738339.4333874676
-0.27424665257080993 0.07765503584364092 1.0126479509092807  738339.4333924629
-0.3245011383732897 0.05352810768390002 0.9429581236612181  738339.433396237
-0.3787664403356427 0.02202076063351199 0.8671089451222592  738339.4333998292
-0.41870016136024746 -0.005211717578435232 0.8110012012911311  738339.4334037775
-0.4520391275371984 -0.027328091072993933 0.7713754674865173  738339.433406641
-0.4682011081676534 -0.035541807426073865 0.7584125106920652  738339.4334089909
-0.47515383573945286 -0.03577299682781449 0.75698162124643  738339.4334098712
-0.47949952191741846 -0.02843542160265247 0.7737285741272532  738339.4334102381
-0.48597175386522035 -0.007889306207987607 0.8311543180220251  738339.4334109686
-0.49001157256021866 0.01778104832205615 0.9096426850970594  738339.4334134965
-0.4925010720593186 0.042407152330775535 0.9986450833052835  738339.4334167582
-0.4949395113541397 0.06451637489363445 1.1125148825294409  738339.4334203565
-0.4988981172526396 0.07742873927821484 1.2381941333175033  738339.4334250066
-0.5036703454344483 0.07876713583493031 1.379235671983802  738339.4334299976
-0.5068934960692085 0.07229551750396553 1.4895650069504585  738339.4334355942
-0.507008361569395 0.05477632640749596 1.6192589814828773  738339.4334398992
-0.5048386410349979 0.03336733046847354 1.717046001427318  738339.433445109
-0.5036811593312753 0.010058606162809274 1.8022212257220664  738339.4334490843
-0.5036583341792327 -0.021217069753581383 1.896612962217006  738339.4334524987
-0.49892911721188293 -0.04054701645443154 1.949243022170635  738339.4334564387
-0.4917778056448163 -0.055114384090536234 1.9836324543413033  738339.4334586166
-0.49043092891307183 -0.057443680955466245 1.985659740809515  738339.4334602433
-0.4945482976044264 -0.05366416025271288 1.9654522384041233  738339.433460426
-0.5029344443510003 -0.04695886988675509 1.9278332139492198  738339.433461318
-0.512985884265991 -0.037088640253201646 1.8758478800973208  738339.4334629443
-0.5238890946477466 -0.022859094627738115 1.8082536899136412  738339.4334651148
-0.5342435666386046 0.0023329407059771725 1.7131946719889233  738339.4334679878
-0.5424117135198334 0.029597068238052002 1.62007486440004  738339.4334719289
-0.55051200285554 0.057436629155650704 1.518137679675819  738339.4334757162
-0.5619179164591137 0.08321721952404429 1.3887646007740204  738339.4334798519
-0.5752969540285794 0.09774749189338841 1.2792162725926155  738339.4334851035
-0.5954164777591533 0.10694928613363974 1.1317126327665703  738339.4334894292
-0.6084689215793446 0.10708473423420584 1.03735482484594  738339.4334952029
-0.6262006707943533 0.10116706880174664 0.9052318176840332  738339.4334989813
-0.6348663936057402 0.09426702357272426 0.8112354118485867  738339.4335042216
-0.6393727133480792 0.08710197770978409 0.7097159774374302  738339.4335079837
-0.6385789850167131 0.07977521615252577 0.6068522330481028  738339.4335119245
-0.6348079754323349 0.07083963167959936 0.49565441392247267  738339.4335160546
-0.6324082016539485 0.06439249588469816 0.40536088131166736  738339.4335205336
-0.6297740324145059 0.059225279923579385 0.3097711958096617  738339.4335241537
-0.6243516311078431 0.058082536878050706 0.2252785925538518  738339.4335279369
-0.617547634027318 0.05915843988098197 0.14800821476590886  738339.4335313648
-0.6079502863757607 0.06220701155098417 0.08042073828460156  738339.433534403
-0.6034251327355711 0.06628433212605593 0.041452484738107837  738339.433537096
-0.6004281979443067 0.07242998371016557 0.001958507102721446  738339.433538728
-0.5972988442135023 0.07506273821614648 -0.025511528564400768  738339.4335403512
-0.5983202955875968 0.07696823622539659 -0.02563305448443967  738339.4335415983
-0.5977353698404364 0.07547860716277732 -0.025189470728376916  738339.4335417843
-0.5975413053288692 0.07487600801025084 -0.025370428234441564  738339.4335419609
-0.5976110161439243 0.07507120828833636 -0.02487635295846581  738339.4335421353
-0.5975781195433808 0.07507506420424569 -0.025085372840287386  738339.4335423191
-0.5976346136299265 0.07508965260036327 -0.02499999711472105  738339.4335424983
-0.597637048294813 0.0750916692658991 -0.02499289313204196  738339.4335426736
-0.5976368156487561 0.07508333023015691 -0.025022196929935764  738339.4335428589
-0.5976686694583534 0.07510481801555195 -0.024941166024723398  738339.4335430397
-0.5976378691783917 0.07511003220407089 -0.025006505127526717  738339.4335432148
-0.5976349907542922 0.07508950288246141 -0.02502781170044008  738339.4335433919
-0.5976232340494818 0.07510829243897646 -0.025021399758915933  738339.4335435705
