% set_x set_y set_z  738339.4061566573
0.43520531291007736 0.06348023732504612 0.30182185442440573  738339.406193522
0.43424759833399795 0.07722489924782533 0.3102208085641881  738339.4062122646
0.43494539687777517 0.099418251956521 0.319793601042875  738339.4062129826
0.43717594746211264 0.11818038239401146 0.32120697917188407  738339.4062140577
0.4405774835863047 0.14200323245691568 0.3178291594954989  738339.4062149415
0.44480878290482173 0.16687822351049125 0.312059451702144  738339.4062161902
0.44998082170495673 0.2058154293353641 0.2975546352460981  738339.4062174628
0.4521270961547953 0.24257357186388623 0.2885091280332647  738339.406219245
0.4488709327510011 0.27431955871088304 0.2867624913701981  738339.4062208815
0.4381901529238921 0.3082775175525778 0.2887482095166053  738339.4062221373
0.42507371765181223 0.3282307217314884 0.2942677243833958  738339.4062235814
0.4079665685032778 0.340799365824362 0.30280156600788344  738339.4062246659
0.39804609655046747 0.34017702214970336 0.3106568693456435  738339.4062255891
0.3964745508162017 0.3268398768061106 0.31250002992036297  738339.4062261052
0.3963933087946483 0.307294225676636 0.31396584594691845  738339.4062266392
0.39478198077050997 0.3125184341120099 0.3183008252549425  738339.4062275508
0.39700305435685534 0.3531221747956822 0.3235248772843316  738339.4062279128
0.39648636893786293 0.4027750257569805 0.322633995064035  738339.406229534
0.389495207355978 0.4628821975894117 0.32033612515901844  738339.4062315337
0.37175729858051837 0.5065692500035309 0.31714877809858544  738339.4062338748
0.3174659835511475 0.5558964924779846 0.3158268338292416  738339.4062358534
0.2344850894047294 0.5959577668193263 0.32026542977499994  738339.4062387231
0.08418438840570852 0.6393503613753553 0.3412740841234156  738339.4062424619
-0.038353686124414504 0.6596095447219908 0.36578349508895014  738339.4062485743
-0.15228162672520396 0.6689360853154297 0.3873813156002622  738339.4062536067
-0.2690052038020266 0.6708545197639318 0.3971304869711598  738339.4062581012
-0.3363492078139154 0.669477044463224 0.3929144062712534  738339.4062627624
-0.3738106293593235 0.6717772221999333 0.3816323116777556  738339.4062654547
-0.36735961966735936 0.6801161965942311 0.3712967967015381  738339.4062670749
-0.3197016368880914 0.697297922210726 0.35818205772830036  738339.4062677954
-0.2440053073429535 0.7154795656323036 0.3433533236513095  738339.4062699656
-0.14267904933326142 0.731825415304814 0.3288856511411769  738339.4062732023
-0.022157470524224395 0.7412461580086631 0.32236580768611095  738339.406277326
0.11928953203209168 0.7395815834726466 0.3253458235191367  738339.4062820285
0.23202960877796341 0.7287479062312262 0.33343283733022655  738339.4062876084
0.335631239829619 0.7116092631894071 0.34739097043826384  738339.4062921049
0.44741198118485653 0.6856002884900669 0.3685008984371897  738339.40629623
0.5353174521704526 0.6592762025718094 0.3831042649703417  738339.4063008853
0.612683277722422 0.6288646583323881 0.3957627044540436  738339.4063046376
0.6566643042813829 0.6040723446540676 0.4038483571970539  738339.4063080624
0.6861316889334037 0.5761361266631363 0.41098441850482315  738339.4063100554
0.7017376437096842 0.5505585414814778 0.41607715366314946  738339.4063116816
0.7124504880050532 0.5130352701993772 0.41515111677213323  738339.4063129325
0.7202379821363768 0.4664873130358726 0.41109476309564413  738339.406314562
0.7299042139079805 0.4131672899393956 0.40796737452893184  738339.406316543
0.7503254727697617 0.33634214306082727 0.40362310774006066  738339.4063186848
0.7750219484682958 0.2654070568808648 0.4023103098770725  738339.4063219067
0.8126601781376871 0.16633791254118477 0.4069299625801102  738339.4063249809
0.8477817434675314 0.06331094946103949 0.4087745762501611  738339.406329111
0.8737852021894262 -0.04752165878389337 0.4046064803278662  738339.4063334104
0.8878218605033883 -0.14327256822731763 0.39477957280778686  738339.406337884
0.8945168088143467 -0.24767288229391432 0.3779930441638468  738339.4063416659
0.8940683832406101 -0.3178673604148888 0.36022475793575603  738339.4063459412
0.8839760989489386 -0.37861599877017316 0.348769068035757  738339.4063488218
0.8694327345043045 -0.4088163799892264 0.3523326951580302  738339.4063513344
0.8515049102702485 -0.4246532494928299 0.35777388810056143  738339.4063527815
0.832364481720486 -0.4322209015033337 0.35761195499056125  738339.406353849
0.8160791023838527 -0.42753587061812665 0.3538152771746647  738339.4063547443
0.7997670443026744 -0.4111832495934383 0.35072441424218803  738339.4063554615
0.7827475485940532 -0.3942294127513174 0.34945108238286304  738339.4063565254
0.7596388007362859 -0.37611972870146415 0.3509359008433992  738339.4063576057
0.7455547138873243 -0.34295185177762644 0.35034052865694426  738339.4063588536
0.7358826891827385 -0.2753973814248675 0.35479965584652623  738339.4063603046
0.7329076446329584 -0.18972708520025125 0.3583495544116752  738339.4063630028
0.730672404688761 -0.08846940949054742 0.3634648938340885  738339.4063664146
0.7264878236206342 0.0027870978014026817 0.37200869969034867  738339.4063703769
0.7194407129037753 0.10499109405537563 0.38152800715545926  738339.406373978
0.7149598287935565 0.19047355720638845 0.38561811045107064  738339.4063780884
0.7129099675898354 0.2673202286772031 0.3959692130691585  738339.4063814862
0.7098284469509684 0.32605707791326927 0.41612550242808616  738339.4063845498
0.6987374718197854 0.3769883983149368 0.4460931544812152  738339.406387075
0.6783448970561764 0.40200576927885484 0.4715069489260454  738339.4063895642
0.6530263392840897 0.4059308300279584 0.49093721089688835  738339.4063911741
0.6161034981740947 0.3912302342489236 0.5083029911675417  738339.4063924507
0.5844373002896001 0.3637370248431953 0.5168190252896623  738339.4063942436
0.5442976242958204 0.31213174243515446 0.5270213775541417  738339.4063960491
0.5055919681280255 0.2565178470484505 0.5412173413279315  738339.4063987458
0.47024829860117817 0.2019428509584288 0.5599759655078773  738339.4064015906
0.42718657088167267 0.13313628760363258 0.5865769760021042  738339.4064043119
0.3949404258320048 0.07546039934714531 0.6047531025285263  738339.4064077594
0.3589371060867924 0.006702619337783622 0.6157294612849207  738339.4064104612
0.33225574648801615 -0.04870779364655277 0.6125142148456152  738339.4064135328
0.30407943764239753 -0.11503693692201047 0.6015281663367672  738339.406416019
0.27947412502730884 -0.16794533313998722 0.5906421389347788  738339.406418916
0.24209941358440884 -0.23743732950262456 0.5783680894695988  738339.4064212517
0.2122687319200818 -0.2885054797055592 0.5708714880272175  738339.4064245113
0.17619746271327122 -0.3523605486122228 0.561293287164501  738339.4064268415
0.14817423831804008 -0.4067480449889459 0.5495639602705233  738339.406429734
0.12260535624412136 -0.4604242832176611 0.5299672835043182  738339.4064322149
0.09626445559120188 -0.5179511857216793 0.5035840764055463  738339.4064347158
0.07896866816045889 -0.5578469815862543 0.49225198229913253  738339.4064374232
0.062339920834557125 -0.6000991602869534 0.49066874801764826  738339.4064392209
0.05484815004808817 -0.6308921355127427 0.4859780262081946  738339.406441005
0.05289410003584326 -0.6591369541381914 0.4739546312778434  738339.4064422509
0.059508112848490516 -0.6635959034455498 0.46672007333624405  738339.4064435094
0.07479409880083189 -0.6466892908922472 0.4684892869032346  738339.4064440456
0.09989838107089494 -0.5985680918466835 0.46391676512865065  738339.4064451084
0.12469389505541177 -0.5431305951655366 0.4514964587034187  738339.4064472669
0.1572188071753313 -0.46218563416623576 0.4307014984787472  738339.4064497678
0.18643919451032825 -0.3899440488976692 0.402219116120479  738339.4064533558
0.22592048722213454 -0.3009553771725013 0.35268193897395017  738339.4064565914
0.2624227735615593 -0.22552644965241864 0.29792359741205293  738339.4064609184
0.29385708265797816 -0.15555262654974283 0.23599434465713445  738339.4064648651
0.3174590499310216 -0.09450322224196735 0.1756094510533458  738339.4064688269
0.3302960384918152 -0.049857017057681155 0.1280722564287445  738339.4064724444
0.34019084427455887 -0.01834783508011996 0.07665004002986489  738339.4064751267
0.3438795584172187 -0.011567078288817104 0.039797292598014025  738339.4064776443
0.3424915782175311 -0.011633518102787593 -0.002934380722570816  738339.4064792742
0.3401242233584091 -0.01401978786699417 -0.023374745854706683  738339.4064810914
0.34027594542375594 -0.014795648702094242 -0.025486488977266623  738339.4064820057
0.34022142888096885 -0.015065168147869184 -0.025661349093619668  738339.4064821856
0.34042624883302397 -0.014739223188860751 -0.025732188528868008  738339.406482371
0.3405084847037626 -0.014770087005081159 -0.02541512236771316  738339.4064825481
0.34041611528087484 -0.014730540224074473 -0.025249435956185954  738339.4064827291
0.3403798059039306 -0.014759837968577308 -0.025237033174567252  738339.4064829045
0.34037113103512023 -0.014762536697962498 -0.025245165633946572  738339.4064830967
0.340381298924745 -0.014770050709303512 -0.0252186379196207  738339.406483281
0.34038819881096377 -0.014760237112817104 -0.025263470144165717  738339.4064834547
0.3404055588513873 -0.0147285480606952 -0.025245610006668702  738339.4064836318
0.34040754385927746 -0.0147412266734445 -0.025271976257191325  738339.4064838114
0.3403782453067469 -0.014770869859980024 -0.02527664036365945  738339.4064839832
0.34037381144633916 -0.01476440103089222 -0.02526929111584521  738339.4064841691
0.34037966506367434 -0.014769336913906642 -0.025261056042040323  738339.4064843488
