% set_x set_y set_z  738339.437276631
-0.843901239315533 -0.20263152951760316 1.6916610562706618  738339.4373134809
-0.8435388666691666 -0.2049705012152113 1.6917682761932806  738339.4373704477
-0.8430551725851595 -0.2037135422322948 1.689852512361151  738339.4373706288
-0.8427327908636975 -0.20145508565080927 1.686270237150745  738339.4373708051
-0.8428477609586795 -0.20132935579374955 1.6848032626784588  738339.4373709842
-0.8433797164502779 -0.20216684763621773 1.6852124184107908  738339.4373711704
-0.8435236558503711 -0.20317652073161843 1.6875977454466229  738339.4373713502
-0.8435701508303735 -0.20397578771830063 1.6897677502166861  738339.4373715314
-0.8446683729005419 -0.2043812636036869 1.6904982659058585  738339.4373717078
-0.8457337853483164 -0.20492789218355512 1.6902517783793665  738339.4373718813
-0.847460465725208 -0.2052652388976369 1.6891286985428455  738339.4373720584
-0.8474787847224636 -0.2057328223756555 1.6887725443082666  738339.437372237
-0.8461551973296269 -0.206263737654454 1.6891730258358437  738339.4373724136
-0.8446990014030542 -0.20638964291632103 1.6896988417984662  738339.4373725888
-0.8432577793432315 -0.2061411066851473 1.6899049318854031  738339.437372766
-0.8422673155290871 -0.20618617771842634 1.6904312794121443  738339.4373729425
-0.8427776616337723 -0.20651639368492333 1.6904531385986823  738339.4373731237
-0.8451050781276662 -0.20756750887925068 1.690023402688509  738339.4373733066
-0.8474770502699348 -0.20867809922231687 1.6893334971716196  738339.4373734914
-0.8489327369238161 -0.20901658360375516 1.6886483779620922  738339.4373736671
-0.8491891265080851 -0.2091368794861243 1.6885793832619707  738339.4373738401
-0.8482389806994125 -0.20963073743685096 1.6883332360072458  738339.4373740152
-0.8477211432983763 -0.20999054905275608 1.6874849723584386  738339.4373741952
-0.8471558943819855 -0.21168463828031894 1.6887063235555249  738339.43737437
-0.8474362692207179 -0.21301098230439697 1.6884745323198918  738339.4373745519
-0.8489285657537815 -0.2067434644503368 1.6718790087204647  738339.4373747302
-0.8484178389888268 -0.19561571801921104 1.6421657547059767  738339.4373754433
-0.8432926588338513 -0.18176288479610278 1.6044564758230067  738339.43737671
-0.8286617890401825 -0.1655098530145762 1.5590574451871824  738339.4373783226
-0.8118882295649595 -0.15527488586270163 1.525096469895143  738339.4373803077
-0.7882717377127633 -0.14451405649634097 1.484313458957869  738339.4373819078
-0.7657774286261484 -0.13583158132179401 1.445068471005765  738339.4373838964
-0.7441310147586381 -0.12821291926780648 1.402705195685606  738339.4373858462
-0.7256864522653107 -0.12110478939792867 1.3607669000757572  738339.4373878427
-0.712002421408693 -0.11697768770633879 1.3256473721229234  738339.4373898127
-0.7035335179907718 -0.11551747426578729 1.2990083914035886  738339.4373914128
-0.6989775635412849 -0.11482904074915885 1.2816279238600237  738339.4373926875
-0.6961570480862045 -0.11491640809948116 1.2721216757844618  738339.4373933951
-0.6935349915521548 -0.11538681839994568 1.2736070924023646  738339.437393943
-0.6852918578273804 -0.11523466725800638 1.288244533995682  738339.437394121
-0.6731582156914483 -0.11412930859964786 1.3078696845022755  738339.4373948325
-0.6500470775569118 -0.11178988992052957 1.3460954514718642  738339.4373957249
-0.6242282863101528 -0.11108660521392974 1.3920904667979523  738339.4373975133
-0.5952601508047276 -0.11212969338455461 1.4520538779042382  738339.4373996828
-0.5710698187990638 -0.11569562667334617 1.5067156682488403  738339.4374023769
-0.5435230624505071 -0.12373140764097745 1.571867779524451  738339.4374046981
-0.5244133860964032 -0.13215405889191637 1.6162650589866263  738339.4374075547
-0.5131435414149552 -0.1399359136434593 1.6472194701211331  738339.4374095385
-0.5095441799439037 -0.14490729075799316 1.6661174275780832  738339.4374109784
-0.5096057028693919 -0.1469346759630504 1.672090220641603  738339.4374118868
-0.5082413659471826 -0.14672183649741502 1.67092181256766  738339.4374122393
-0.5055273236081168 -0.1431720275316456 1.6594551367846042  738339.437412412
-0.502761179248874 -0.13508673630734389 1.6290431369986635  738339.4374129479
-0.5016421756664005 -0.1275449838779003 1.5973798865023145  738339.4374142216
-0.5002046533517343 -0.1198859661546422 1.5570824944054353  738339.4374154833
-0.49841494311005957 -0.11476612248941168 1.5121627903775245  738339.4374171158
-0.49781965011632473 -0.11126102075859554 1.4658340402591359  738339.4374189167
-0.4962781019821548 -0.1067930147752043 1.408589845535369  738339.4374207131
-0.4947675904132297 -0.10362464853608047 1.3722485936724735  738339.4374230285
-0.49550602334961086 -0.10206235515840567 1.3504333469711172  738339.4374244654
-0.4951791763967259 -0.10415676002261555 1.350290121184398  738339.4374253718
-0.4872304396077765 -0.10598254125025497 1.3555121412769784  738339.4374255582
-0.469814353470973 -0.10765580469991992 1.3613751612748777  738339.437426096
-0.44021403680168336 -0.11080369120338641 1.3669865681965214  738339.4374268372
-0.40886816439451573 -0.11449917560737007 1.3689854051202364  738339.4374280777
-0.3627503157376756 -0.12060848649787768 1.3671865409959227  738339.4374293245
-0.3215692045434636 -0.12682628110142416 1.363639571758131  738339.4374312819
-0.27335123209152645 -0.13503386473751422 1.3597445768294665  738339.4374330646
-0.24212308176409744 -0.14102429688745366 1.3578411358697364  738339.437435029
-0.22367190850077134 -0.14469659722305664 1.3563905494804491  738339.4374362916
-0.22163210947744405 -0.14554733249030777 1.356490532560921  738339.4374371856
-0.23944689727107407 -0.14139055081865687 1.3552484501624402  738339.4374373673
-0.26689087759719626 -0.13458287409202527 1.3531195454470804  738339.4374380942
-0.30641926073228837 -0.12542553583373922 1.3530758807991752  738339.4374393276
-0.35206711662558604 -0.11749427995726497 1.3602819358136904  738339.437440945
-0.4002369709540264 -0.11264476752384335 1.3762485337214418  738339.4374429215
-0.4480511757161565 -0.11225350146749387 1.4056389588243132  738339.4374448922
-0.47387020956984266 -0.11592175589828065 1.4374472570258754  738339.4374472187
-0.4967026727649713 -0.1259429436738979 1.4958671414526192  738339.4374488379
-0.4970454806074656 -0.13585999451701403 1.5415124985719608  738339.437451341
-0.48154626926157884 -0.14579509006693162 1.5820068378293641  738339.43745332
-0.44636371654329854 -0.1569376592490276 1.6158824339128064  738339.4374551374
-0.40898201813356083 -0.16426993630323755 1.6273056896535094  738339.4374571117
-0.3583010691078993 -0.1698945782715631 1.6241552981045897  738339.4374587316
-0.3143808897372019 -0.17323580350236786 1.6130626366770346  738339.4374608814
-0.28019925017052916 -0.1761151001521006 1.6017225957857835  738339.437462699
-0.2612133418145819 -0.17949368441803823 1.596901700395401  738339.4374641381
-0.25681563462426676 -0.1840670739854965 1.6001304511062848  738339.4374650568
-0.2649316332758728 -0.18596214845320574 1.6001846919319274  738339.4374654109
-0.28008034387094166 -0.18288151519660448 1.5881807387840654  738339.4374657834
-0.2971351483766373 -0.1770310730610928 1.5605383442131067  738339.4374666808
-0.30725628647744724 -0.17171705729225353 1.5291194899365956  738339.4374681265
-0.3116410497246714 -0.1645927492639299 1.483194935468001  738339.4374695538
-0.3090818618199992 -0.16047949325667468 1.4443996606156084  738339.4374715246
-0.29928773725820185 -0.158038292364873 1.4072356319402084  738339.4374731188
-0.27416940560786607 -0.15913878953529287 1.3715129470392193  738339.43747475
-0.23922716124276272 -0.16431632023396162 1.35357792112963  738339.437476541
-0.19669557714203625 -0.17242464810099944 1.3514422781322706  738339.4374781492
-0.1580914066959192 -0.18144653034674332 1.36563557387319  738339.4374799466
-0.12097138404066375 -0.19534355605279852 1.4073301228222008  738339.4374817257
