% set_x set_y set_z  738339.4354011456
-0.6436374888967782 -0.21587311157597483 1.9810479694745053  738339.4354381991
-0.6493260940137264 -0.21537780455547173 1.9762314657081919  738339.4355011313
-0.6536403871489057 -0.2158351043892685 1.9737724843716038  738339.43550149
-0.6570439590363231 -0.21824513636984702 1.9735803998524541  738339.4355018513
-0.6590396513653674 -0.22297151832673118 1.9754273395597006  738339.4355020224
-0.6601147871279356 -0.22547496928842092 1.9749206314315657  738339.435502382
-0.6615855915220812 -0.22475482841377786 1.969764678280105  738339.4355025647
-0.6626916507407485 -0.22191886301718602 1.9630297624191915  738339.4355029219
-0.6618267059136551 -0.2189751783468649 1.9580226376143601  738339.4355032747
-0.6588251731567707 -0.21846272645934875 1.9581949051537344  738339.4355036431
-0.6550824642362099 -0.21870953168360224 1.9606424464715049  738339.4355038264
-0.6510153820088737 -0.21955058383581832 1.964269202750893  738339.4355040124
-0.6496810104525261 -0.22029836080668613 1.9662871492168361  738339.4355043722
-0.6483307218299753 -0.22014441989258715 1.9668022795402296  738339.4355045474
-0.64816404121629 -0.2181381343809286 1.9649749468410385  738339.4355047295
-0.6495968161387632 -0.21453599410066398 1.9613813062828458  738339.4355049117
-0.6519679548985906 -0.21208006827907086 1.958067519569011  738339.4355052672
-0.6561078625958385 -0.20828661042024268 1.95073188065291  738339.4355056239
-0.6614327436831906 -0.201479654898614 1.9372516861663267  738339.4355061619
-0.6660386526177964 -0.19332931205736772 1.9193942649350613  738339.4355068858
-0.6696817588531097 -0.18220923371394154 1.8909770554078662  738339.4355077884
-0.6711525687146341 -0.1713315631697377 1.8588086384991098  738339.4355090564
-0.6708207519751669 -0.15797651537305812 1.8208284254418712  738339.4355104972
-0.6681959360114726 -0.14416882917553786 1.7819104806162869  738339.4355121166
-0.6624562059876857 -0.12700756870659063 1.7276304414559203  738339.4355137481
-0.6549178441472967 -0.1116076480618527 1.6723617384321359  738339.4355160926
-0.6463716133904154 -0.09711817241342839 1.6136573389840538  738339.4355184339
-0.6381248325916126 -0.08525618899135343 1.5567182959758132  738339.4355209441
-0.6305558593462792 -0.07591726404227296 1.5021338678317102  738339.4355232557
-0.625869735854771 -0.07113604539802562 1.4688100005425069  738339.4355255889
-0.6224122982495072 -0.0677953813436189 1.4497799307609014  738339.4355270425
-0.6168998710412599 -0.06500126937134434 1.4497485851807543  738339.4355279363
-0.6104135399272028 -0.06475372176794479 1.4702403205258028  738339.435528303
-0.5982229318785145 -0.06798459312199365 1.5204007564318556  738339.4355292188
-0.5857284623617356 -0.07281774049453979 1.5696905704964828  738339.4355313855
-0.5653665126029717 -0.08114980372835338 1.635915437217285  738339.4355335383
-0.5366904185251152 -0.09400490401290174 1.7136488726247485  738339.4355362486
-0.4985960555245345 -0.11290752470700594 1.8000233233888867  738339.4355395249
-0.46865027311429036 -0.13035253692428292 1.8618617773557395  738339.4355433069
-0.43796600612835085 -0.15045004543816484 1.9197667080823593  738339.4355461904
-0.4197800979475471 -0.16421553198228503 1.9526546415206874  738339.4355488814
-0.4066080976023148 -0.17324950737646974 1.972986472453889  738339.4355504909
-0.39543012666245786 -0.17321279251939267 1.9748672993349965  738339.4355515619
-0.3853787166422912 -0.1629435541020167 1.9556519577022429  738339.4355520892
-0.37974941872186885 -0.14242790096090935 1.912250216544446  738339.4355531704
-0.37668385818665395 -0.1161555154486248 1.8485933584326595  738339.4355554942
-0.3760895842424404 -0.09149051186411884 1.7764245400461454  738339.4355581817
-0.37557023202262013 -0.07122868027342576 1.7027128465933419  738339.4355612588
-0.3746162597411048 -0.05607072524716549 1.640589087418769  738339.4355643281
-0.3709518295281959 -0.04257510064605152 1.5836910311258223  738339.435566858
-0.3649368694485765 -0.03720691602463829 1.5652645594903192  738339.4355691766
-0.36011053050054664 -0.03951672585334692 1.5727655779748464  738339.4355700838
-0.3549085201345047 -0.042002826265034286 1.5796133138743764  738339.4355704484
-0.3434292878230866 -0.042122062058291034 1.5798688827102532  738339.435570801
-0.3213887487185482 -0.03957838950093645 1.572741671149959  738339.4355713422
-0.285184517444254 -0.034699170956016566 1.5611634315091898  738339.4355724168
-0.24967332758309688 -0.031599671226972964 1.553323501468968  738339.435574054
-0.20521511759868358 -0.029951101988311038 1.5497378534963222  738339.4355754963
-0.16207085440784952 -0.030029669676966308 1.5515044771924207  738339.4355773027
-0.13245779071258515 -0.031363259414223674 1.5550579714281585  738339.435579106
-0.11726703481433359 -0.031849368442508776 1.5555607772495352  738339.4355803732
-0.12408236513887011 -0.029579206766002557 1.549593895879453  738339.435581092
-0.14846933119404934 -0.024925742174661494 1.5414733180682227  738339.4355816343
-0.18683757260898518 -0.022085752118471448 1.5414901759934008  738339.4355827414
-0.2384296296891532 -0.024836986691083907 1.5572464202371237  738339.4355843489
-0.2810949813866202 -0.03229126946448235 1.5826219952700729  738339.4355864838
-0.3247026996006835 -0.0470550097679262 1.6264815456947828  738339.4355884481
-0.3457592672772368 -0.06271586672760233 1.6725065305929718  738339.4355909375
-0.35078411580925317 -0.07937942421799676 1.7223904160899677  738339.4355930877
-0.3380313156374053 -0.09918152297209515 1.7807717619083512  738339.43559526
-0.31239738261407773 -0.11356482845192278 1.8221975631611715  738339.4355977636
-0.2661241649660983 -0.12853633584721033 1.859583902905687  738339.4355997547
-0.21073301694244084 -0.13506682164198872 1.8694775668776802  738339.4356022787
-0.15184752868494647 -0.13142645539727693 1.8544343652990039  738339.4356046352
-0.10756948622153575 -0.12612799243390174 1.8369886441140093  738339.4356071522
-0.09080639700038005 -0.12840121512765837 1.839008096033298  738339.4356091088
-0.10245648634260017 -0.1402780018000987 1.8571550750030525  738339.4356098241
-0.12428633565103119 -0.14654328203375835 1.8605164712589095  738339.4356108942
-0.15848517030812825 -0.1459809711058024 1.837527010344553  738339.4356119675
-0.18156527964159705 -0.13788041992224698 1.7924589956616683  738339.4356136108
-0.19216667421363548 -0.12510957739817216 1.7282533187241957  738339.4356157515
-0.18418980786404118 -0.1135949142289921 1.6720293364788026  738339.4356184726
-0.15925759807299153 -0.10273552599863664 1.6213598526885964  738339.4356208324
-0.1095958230312591 -0.09409987724293664 1.5805114053036948  738339.4356232032
-0.05306716934661066 -0.09405249622740756 1.5738123582380357  738339.4356257583
0.004848332066305071 -0.10327964754968318 1.5963949325945297  738339.4356280792
0.05197189253655545 -0.12067863209482955 1.6437159332394284  738339.4356305924
0.07425177266716558 -0.14649952052597484 1.7158864709804555  738339.4356332786
0.06583984931636691 -0.16921550011792405 1.7798298585719923  738339.4356363735
0.02913713512549565 -0.19542143771890946 1.850862336320511  738339.4356390402
-0.016833187947670154 -0.21259885094179426 1.889194088815143  738339.4356424385
-0.06801795091768172 -0.2202192931901284 1.898382705057523  738339.4356449499
-0.10592110968179817 -0.21365791578473037 1.8817021744131617  738339.4356470875
-0.11058694074425592 -0.20704728112226703 1.8719878518247777  738339.4356487225
-0.09395014203532588 -0.20685678203489205 1.8741491827122063  738339.4356492494
-0.06411111920467162 -0.2124584732285681 1.8832565759316675  738339.4356499626
-0.023082829571522617 -0.2197385516772801 1.8914675394327176  738339.4356512487
0.011409752040741872 -0.22598712236968238 1.897552068699346  738339.4356530523
0.04166270957610955 -0.2347284791315749 1.9071952576106972  738339.4356545014
0.05314086393552232 -0.24041482369594505 1.9124662421422938  738339.4356559259
0.06129202117420471 -0.23795759508324568 1.9042599253048433  738339.4356564702
0.06583851222131312 -0.23036203250953657 1.8879899921165348  738339.4356569952
0.0718680993866765 -0.21847398663746392 1.8585538215074822  738339.4356578845
0.07578388130722086 -0.20491404128288332 1.8248749353427052  738339.43565914
0.07822576223299921 -0.18834363145296926 1.7817932707343194  738339.4356605894
0.07770054553904295 -0.17333642779529987 1.735165612102104  738339.4356624045
0.07636348404826836 -0.15760381221188915 1.6820683152609508  738339.4356643672
0.07720822349514614 -0.1412057590139987 1.6234756516808508  738339.4356665211
0.07921324308563771 -0.13030410020554947 1.585394669501565  738339.435669017
0.08156453865426429 -0.12421836643972814 1.568843796985864  738339.4356706184
0.08288849563723599 -0.12562953294044302 1.5868686417206006  738339.4356713349
0.0798568289109868 -0.13486090087392918 1.633079110248995  738339.4356720477
0.07079068607028666 -0.15095769258522163 1.697178013052251  738339.4356740421
0.0622743044982635 -0.16477913302025013 1.746061219599337  738339.435676746
0.050407239915819003 -0.1853349664464895 1.8096048208618702  738339.4356788988
0.04193012930449617 -0.19917122686637737 1.8501287514143845  738339.4356815943
0.04590636787383391 -0.20636421112243244 1.8667011754536085  738339.4356833796
0.06371827111395006 -0.2043123589501254 1.8526533721072231  738339.4356842777
0.10052545220361228 -0.19311576270580053 1.8048026707023643  738339.435685159
0.13749951195850588 -0.17999404356928198 1.7457041512266083  738339.4356876843
0.18120615944329138 -0.1667710683218974 1.6681148994814712  738339.4356905422
0.21085392569699443 -0.16085155585812558 1.6128336394147982  738339.4356941239
0.2375601165256334 -0.15737671554213536 1.5640889997624055  738339.4356966497
0.2523315988474955 -0.15820193521641443 1.5524307043782488  738339.4356989558
0.25800900793978837 -0.16667315568669733 1.5857225028547974  738339.435699856
0.255471721206319 -0.17997548319790485 1.6443014541317649  738339.4357012776
0.2496549703244488 -0.20020549853799532 1.720342311376979  738339.4357036334
0.2434775310000364 -0.23081384643431194 1.8115609627991114  738339.4357068676
0.2416607730721591 -0.24927690652614018 1.8579439654454226  738339.4357106138
0.24515423925848145 -0.2544872897299739 1.8730718551282368  738339.4357125963
0.25254854917916875 -0.24978690139845908 1.8618281852541527  738339.4357133146
0.2720771200367931 -0.2399869012507039 1.822958627220157  738339.4357140228
0.29715267906135384 -0.23044377916189082 1.772268754424443  738339.435715829
0.32999639121618823 -0.2211528228529051 1.7048230332320389  738339.435718168
0.37855789971526643 -0.20784745751185627 1.5940851805062828  738339.4357212537
0.41680536916411076 -0.19354930754339403 1.4784209102406956  738339.4357260983
0.4435278065068492 -0.17240724191217396 1.3111691555247542  738339.4357309475
0.4410946624314512 -0.15076149167830705 1.1470766357937416  738339.4357375724
0.4077601980855323 -0.12453589443331917 0.9645625768127515  738339.4357440664
0.3626612914554136 -0.10592898334272309 0.8280449721497783  738339.4357514788
0.3114457547749289 -0.08728223584737571 0.684901693525771  738339.4357572569
0.26744260708895684 -0.06904451406684754 0.5422789495393722  738339.435763186
0.23480323339666873 -0.05254399189462431 0.42205546571011315  738339.4357691427
0.20291517201439985 -0.040004472872307587 0.2886534550147084  738339.4357740125
0.19126181539854145 -0.03488229663264152 0.20534099148285065  738339.435779454
0.18892715961914316 -0.028522784513088078 0.12412284728145934  738339.4357828789
0.19265371200192238 -0.02456258233661828 0.07263076894827235  738339.4357860981
0.1987344899210546 -0.021426974321996355 0.030830660483664847  738339.4357882489
0.2022788107112688 -0.01939238142047441 0.01003362583565932  738339.4357900504
0.20250381025917016 -0.020978297034287573 -0.01814871279937789  738339.4357909637
0.20203156704301836 -0.021276395252242696 -0.024467115589305085  738339.4357922078
0.20198585169927746 -0.022421501164017116 -0.026031747915460014  738339.4357925555
0.2021515773363804 -0.02167241145719188 -0.025613441387856685  738339.4357927406
0.20215144699764145 -0.021661860255313116 -0.025403343412543897  738339.4357929262
0.20214468109638323 -0.02166148171366217 -0.02536529404430851  738339.4357931126
0.2021503897156964 -0.021662904537880816 -0.025363129698967864  738339.4357932894
0.20214920665720984 -0.021664646641468048 -0.025359665542851965  738339.4357934648
0.20214069740561771 -0.021662802229000782 -0.02538349030720217  738339.4357936403
0.20214129241848586 -0.0216602152563419 -0.02537117467601261  738339.4357938156
0.20213747791646772 -0.021662604532761715 -0.025392029644263493  738339.435793992
0.20215030252332528 -0.021660898298041294 -0.025376354236897995  738339.4357941772
