% set_x set_y set_z  738339.4218362861
-0.39532667422623036 0.5654718793312008 0.7679064305422532  738339.4218733618
-0.449489736689296 0.5565528784257233 0.7673205788413854  738339.4219049489
-0.5003908652129879 0.549272438969216 0.764794139495954  738339.4219114503
-0.5266279902129913 0.5458472335119975 0.7639301006085409  738339.4219187804
-0.5346061202924589 0.5471588366992004 0.7660227917060793  738339.4219241486
-0.5124656319101286 0.5541226243111599 0.7714727084165091  738339.421928452
-0.45510843207378143 0.5669953232537968 0.7775343342732987  738339.421931014
-0.38282578116027505 0.5823688834677783 0.7825677084086643  738339.4219328191
-0.2654054252061646 0.6029450999117253 0.7890261117901229  738339.421937172
-0.1494033199046604 0.6187441449799843 0.7934701853261958  738339.421944751
-0.005727076691286548 0.6313305286162527 0.7953731172056838  738339.4219519143
0.14585612782209764 0.6374402052666149 0.7940340576697323  738339.4219607022
0.28321522713548114 0.6354044575182649 0.7919032177683545  738339.4219697049
0.4461648190719501 0.6272833663368501 0.7907664755487931  738339.4219785245
0.5758176086609412 0.614787764675354 0.7936551363721128  738339.421987894
0.6785563615104511 0.5914272703465947 0.8055914955728756  738339.421996641
0.7359275859760356 0.5648613232370796 0.811877559983215  738339.4220038555
0.7849935234024034 0.5249307974488641 0.8152167794143176  738339.4220099743
0.8109595804619754 0.48397648087553613 0.8250494110332571  738339.4220155738
0.8299640474777905 0.4309837971098862 0.8457814868271162  738339.4220211481
0.8491791320031854 0.3376392581538808 0.8780270279670455  738339.4220271066
0.8607910908761456 0.24926939784775642 0.9002604044990514  738339.4220345109
0.8699655612574767 0.12448600835536604 0.9179328885873445  738339.4220433641
0.8737969441261256 0.019277506621300254 0.9225471535631373  738339.4220532532
0.874774915520882 -0.07946071169083738 0.9206754879999662  738339.422063261
0.8751579600046769 -0.19015500339607033 0.909799289647106  738339.4220710119
0.8793708319984694 -0.2792995618409289 0.8900439557970876  738339.4220793034
0.8858673825601017 -0.3496235960973517 0.8627957224814006  738339.4220870445
0.8914320139782324 -0.40835514452537314 0.8395893362201048  738339.422093624
0.8856833577327676 -0.45328851999489433 0.8263549410047863  738339.4221001461
0.8663751395781162 -0.5023540691961672 0.8164213211844529  738339.4221056983
0.8465918999902114 -0.5386917982025109 0.8110349998127716  738339.422111463
0.8321550507580496 -0.5591087213571095 0.8013554851973314  738339.4221174008
0.8228067347831219 -0.5575505690432542 0.7883254946296893  738339.4221229912
0.8218146883732049 -0.5319140461143332 0.7800279357818303  738339.4221273097
0.8241882540172473 -0.4912151148654077 0.7780641066179975  738339.4221298555
0.825469991427781 -0.432583259042119 0.7754774837697063  738339.4221327154
0.827358183405156 -0.3401752824502514 0.7742706206148485  738339.4221373763
0.8336071401208754 -0.254040539339754 0.782191631297851  738339.422144392
0.8423922902898207 -0.1367339994355118 0.8037627589273932  738339.4221517554
0.84632980555468 -0.053521560199307906 0.816636053717164  738339.4221601429
0.8501713873983897 0.032217272166912926 0.8253944625064015  738339.4221673653
0.8551635218869633 0.11155232811422384 0.8288502099028788  738339.4221740055
0.8623081314240028 0.19452221427331715 0.8289829019768872  738339.4221806467
0.869699701698329 0.25851570474073077 0.8281450942144271  738339.4221869551
0.8777032437786934 0.3266892031038539 0.8264919485613391  738339.4221930581
0.8807785206896575 0.38942247601658375 0.8188862205063517  738339.4221988257
0.8837520345815567 0.43951165683390975 0.8101750009425078  738339.4222040261
0.882358563197989 0.488963864062484 0.802055262547608  738339.4222088971
0.8744254241953073 0.5356780464823708 0.7977522800418617  738339.4222130703
0.8582647180387614 0.5867138156596744 0.7918187869679455  738339.4222170205
0.8318311362770044 0.6318852109176435 0.7723958960499295  738339.4222218874
0.7949951994123897 0.6770886655981737 0.7419994004157104  738339.4222269278
0.7389553387840136 0.7223366551897278 0.7088745252475088  738339.4222316119
0.6825504635486338 0.7506512034112376 0.6871575718056386  738339.4222372182
0.6114053548528522 0.7695256951646147 0.6742772463136452  738339.4222432814
0.5554622853848096 0.7730929287639872 0.6702313993267311  738339.4222499492
0.4984445422344199 0.7653748048913617 0.6640868550491577  738339.4222570888
0.44532819872778534 0.750619037826994 0.6492589030895676  738339.4222633758
0.4050986431006319 0.7302874302392024 0.6248899925383452  738339.4222698628
0.37794619137307045 0.7075534706675896 0.5938073950551652  738339.4222761495
0.3616448954377944 0.6871068534235847 0.5699934537534882  738339.4222817088
0.34400058472473105 0.6637543792536852 0.5552294812091343  738339.4222870677
0.3299851959497624 0.6403059234138933 0.5721320705423825  738339.4222920793
0.32056863910060396 0.6136386629944748 0.6117030264209946  738339.4222967436
0.3195107375218067 0.5944834708942767 0.6449117016896462  738339.4223019627
0.3243977725067164 0.5769425551843295 0.6768142880373976  738339.4223071304
0.3355383246547985 0.5652881465456221 0.6993471880482188  738339.4223114222
0.34286079356245275 0.5595619202307895 0.7100693561851935  738339.422315006
0.34592584874481724 0.5587807080910087 0.7039397935713618  738339.4223180977
0.3476360695295719 0.5662654226502851 0.6836139936539893  738339.4223204037
0.3492624029508751 0.5795672885993723 0.6561783666854856  738339.42232237
0.34866878685228075 0.5966509921942805 0.6185995855063456  738339.4223250613
0.3436659878220268 0.6162765904246275 0.561918699770665  738339.422328819
0.33812055018779313 0.6373817618048869 0.4857789643713179  738339.4223340098
0.336982875564469 0.6583456923986224 0.3900899248579364  738339.4223400694
0.3382500888857586 0.6729867507408155 0.3152351979718043  738339.4223470978
0.34179460540413054 0.6900994557182567 0.24323975933646447  738339.4223532183
0.3473289703624898 0.7086120414977978 0.19297635064399193  738339.4223591395
0.3577236115525558 0.7322201421249719 0.1327908475008128  738339.4223640006
0.37245668890353856 0.7543738980114015 0.07872896592983983  738339.4223685073
0.3873581123310805 0.7708200197704163 0.03732003833761686  738339.4223731741
0.4033048043010851 0.7811690098474546 -0.004507917185910813  738339.4223771294
0.4035424045224108 0.7811032693116777 -0.009244140463070006  738339.4223805201
0.4045226812578408 0.7813002961473072 -0.011878364074797034  738339.4223833997
0.40528447675877655 0.7816451648617788 -0.01177591136733811  738339.4223859058
0.40602347067876093 0.7818691035256611 -0.011948048754571429  738339.4223886112
0.40565577858279783 0.7817037336924022 -0.012295949691587437  738339.422391102
0.4053949592588007 0.7815463937281877 -0.012578604400222024  738339.4223935952
0.4053507032346193 0.7815368660274307 -0.012714837068131738  738339.422395935
0.405381136215301 0.7814861175160376 -0.012654722872753894  738339.4223982614
0.405291157670623 0.7815100390267541 -0.012789783795823772  738339.4224006063
0.4052411393848092 0.781462493430544 -0.012925476294007197  738339.4224029429
0.40513907055162923 0.7815045008381672 -0.012976137697142344  738339.4224052677
0.40518404749704406 0.7814794160886408 -0.012958589584149287  738339.4224076205
0.4051598142005821 0.7814656647423045 -0.012835441613838264  738339.4224099646
0.4051017147390162 0.7814267979017973 -0.012878240883629473  738339.4224123083
0.4050382930949705 0.7813824775532952 -0.013007385487564265  738339.4224148021
