% wand_x wand_y wand_z  738331.7116921825
0.5488035624587413 -0.5931776797171364 0.6204130458451599  738331.7116934379
0.5505624673688583 -0.5940439503977603 0.6173782207598737  738331.7116945421
0.5518110218587753 -0.594003096383102 0.6155984228236191  738331.7116957948
0.5522308613542855 -0.5920231986214307 0.6137709976865001  738331.7116968788
0.5507717044578633 -0.5876495444866108 0.6130389054136851  738331.7116981403
0.5488370719311286 -0.5828903102206967 0.6114931023933389  738331.7116992259
0.5470940987623969 -0.5683283908523444 0.6055683599747292  738331.7117004836
0.5487113678953125 -0.5479201156585491 0.6061917581024507  738331.7117015641
0.5492608799900655 -0.5285726665973738 0.6085927410811501  738331.7117026431
0.5474281938160477 -0.5051581442919455 0.6087233568586425  738331.7117039103
0.5451880022699999 -0.4846526489809452 0.611595053456236  738331.7117049773
0.5422943025239827 -0.4578627887080707 0.6168997564813489  738331.7117062702
0.5391510266983672 -0.4310429336950086 0.6220916287305599  738331.7117073449
0.5354187435115908 -0.40753537753284735 0.6258245244881728  738331.7117084275
0.5322450559740557 -0.3694484310841589 0.6303571917267675  738331.7117096938
0.5321440982539717 -0.3392896651685735 0.6334203513605215  738331.7117107778
0.5319495622625285 -0.30254428402548983 0.6341882177667696  738331.7117120395
0.5315498179249759 -0.2734761169569734 0.6300685645234105  738331.7117131109
0.5328647970372807 -0.23964245103227078 0.6213351748052999  738331.7117143619
0.5354214464009569 -0.21182719376551595 0.6152464908785074  738331.7117154652
0.5371909618322733 -0.18173887467516442 0.607112685845297  738331.7117165473
0.537453393573282 -0.1509261318298454 0.5973712356029974  738331.7117178163
0.5360963793552258 -0.1264755670435403 0.5892040418039066  738331.7117189176
0.5345325436865314 -0.10220579891979432 0.5830704701568913  738331.7117201488
0.5341389282222341 -0.08023443688487064 0.5772741451562625  738331.711721231
0.5342299324341121 -0.054880556926151396 0.5720325801243326  738331.7117223174
0.5355767685954417 -0.025601047195147435 0.5664337251512354  738331.7117235826
0.5358338268671304 0.0014806105640145098 0.563375182378474  738331.7117246568
0.5369482956152611 0.038783350205940634 0.5607320583820332  738331.7117259187
0.5371131986611846 0.07072820599968349 0.56007773837241  738331.7117269987
0.5359102865799773 0.10321648793704473 0.5619728259131009  738331.711728094
0.528380141473507 0.14239194558082646 0.566122395904919  738331.7117293705
0.5249567760443075 0.17332504963576395 0.5745098286944667  738331.711730461
0.5206081617053284 0.2123897125307055 0.5852424882933106  738331.7117317276
0.5218990070625686 0.24650595895925578 0.590499754713314  738331.7117327941
0.5247248117250579 0.2849683809421048 0.5890598513951989  738331.7117338822
0.5297468129287046 0.330763873016237 0.5811947742820288  738331.7117351498
0.5335172969620464 0.36999727284749173 0.5733717212653908  738331.7117362522
0.5378156270844027 0.41908451818858966 0.5629925198948141  738331.7117375123
0.5429554745270654 0.46384162245358845 0.557043766722237  738331.7117385941
0.54719779841919 0.49835510377433334 0.5522748104567896  738331.711739684
0.5523091930304896 0.5460158592990098 0.5426798945077771  738331.7117409528
0.5550665587998891 0.578907187793757 0.5371536823650883  738331.7117420391
0.558499088881984 0.6157175142942309 0.5332410523719426  738331.7117433024
0.5605672179178893 0.6439835591485562 0.5298367696576858  738331.7117443808
0.5629978171874974 0.666377330822774 0.5261401465383883  738331.7117454736
0.5647842990564742 0.6882253049026202 0.5239071168086762  738331.7117467463
0.5629275736428563 0.7002115770938264 0.5220173806983729  738331.7117478256
0.5557392313597515 0.7066256291120364 0.518301448738942  738331.7117490788
0.5467257325317898 0.7080640960241249 0.5162533309487797  738331.71175015
0.534600395346835 0.7065052278395246 0.5156742799993349  738331.7117512424
0.519642869545105 0.7006148726869686 0.5149259656810965  738331.711752501
0.5010207387072049 0.6890748678481267 0.5120727900269518  738331.7117535702
0.47469448420378113 0.6705276938943411 0.5057657905849705  738331.7117548225
0.4490799548073151 0.6523539379708525 0.4998242930613193  738331.7117559046
0.41471746284197364 0.6269013195058893 0.4926360422235297  738331.7117571726
0.3829900374558261 0.6025286424110253 0.4871891978505707  738331.7117582461
0.34267600514761054 0.5708589796357965 0.48346550770516833  738331.7117595016
0.30877279798346796 0.5446431120717939 0.48514736406843606  738331.7117605732
0.2718668460789939 0.513820311634878 0.49109504290008127  738331.711761662
0.23664692743879898 0.47999894177096036 0.4962060145936719  738331.7117629343
0.20127379623267283 0.44417829544780957 0.500016018142605  738331.7117640236
0.1626354296464013 0.40366790007636455 0.5025364986018189  738331.7117652626
0.13102350061722456 0.37088589139581457 0.503892344409398  738331.7117663516
0.09685419742393325 0.3358909550311747 0.5025067391274533  738331.7117674333
0.06404985702554136 0.29942350916570354 0.4977058862477434  738331.7117686997
0.04161688896137263 0.2750282943215757 0.4946823191844529  738331.7117697791
0.012620353400125324 0.24482750889303206 0.4882127290967298  738331.7117710469
-0.006059613887778235 0.2247377253547706 0.48231532053517095  738331.7117721173
-0.026282355803102307 0.20338578206891605 0.47582276950724073  738331.7117733649
-0.039707902094253955 0.18628810660597964 0.46887206613529825  738331.7117744604
-0.04793102890202936 0.16897255317089774 0.4618727219735525  738331.7117757179
-0.04891751661217816 0.15947021206889583 0.4611543015829737  738331.7117768
-0.049024247973507226 0.15748815924212484 0.46207359041022367  738331.7117778723
-0.04646293382775599 0.15969455143332556 0.4600336879372948  738331.7117791249
-0.03988316360332422 0.15786053877694115 0.45672810442403816  738331.7117802136
-0.02844215270315533 0.15361038331968482 0.44814760869235415  738331.7117814886
-0.015997102880182773 0.148528165625879 0.4309099558199303  738331.7117825594
-0.00503971194694598 0.1412216030982774 0.39604988481942854  738331.7117838142
0.001403472973196006 0.13274767610333457 0.3542883138041433  738331.7117848933
0.0027382372791868418 0.1295598717471884 0.3224278343162016  738331.7117859749
0.000971711261639288 0.12649491591515757 0.2720938291769819  738331.7117872486
-0.0025432461068775375 0.12272378788982488 0.2328805049811367  738331.7117883351
-0.0071027326125945 0.11800449651243339 0.1823258641608621  738331.7117895744
-0.0094351693867122 0.11651947908647942 0.14673546690652892  738331.7117906575
-0.011225601571615354 0.11846319763331488 0.11188075245780925  738331.711791899
-0.011176366110983145 0.12150662462298607 0.09012081760009891  738331.7117929724
-0.010058876437517803 0.1261596678056238 0.0688110279703006  738331.7117942178
-0.00932506336882944 0.13086611260704356 0.05236087962465769  738331.71179529
-0.008747767837995734 0.13463672319747716 0.035911700914789485  738331.7117963738
-0.004532121826240681 0.1338936315764429 0.011979894044345725  738331.7117976317
0.0003570376339976738 0.12958929572172012 -0.0029691406559281346  738331.7117987224
0.0006754361008424769 0.12937550667113207 -0.006599193194384907  738331.7117999656
0.0007707760279931465 0.12957363860857515 -0.007738902240753115  738331.7118010713
0.0009608556526280166 0.12961996169141493 -0.00783400914052532  738331.7118023271
0.0008764686643977427 0.12960947707284579 -0.007335052373888376  738331.7118034046
0.001039737357443519 0.12912008887287676 -0.007611823952511562  738331.7118046457
0.0009177502321519998 0.1291758953469231 -0.0075301307102812265  738331.7118057257
0.0008642209148609159 0.12940504734708974 -0.007118488940401379  738331.7118068035
0.0008605238358982307 0.12940250847974583 -0.007161481015073943  738331.7118080626
0.0008717884106551802 0.12940495034159893 -0.007168592162034342  738331.711809143
0.0008578320808951695 0.12940177989290771 -0.0071649851203133075  738331.7118104168
0.0008650150411446272 0.12940351030969863 -0.007145761291659456  738331.7118115129
0.0008853060099176124 0.12941339867298524 -0.007161889277217207  738331.711812599