% wand_x wand_y wand_z  738339.4380783252
-0.4320401502364247 -0.36278135397696304 1.237058130471894  738339.4380795831
-0.42536137428621124 -0.3427552793895555 1.2274034653117767  738339.4380808391
-0.42439958668371125 -0.3308915145260984 1.2186164629046086  738339.4380819211
-0.42848370468176744 -0.3244954785464739 1.2132696301836832  738339.4380829931
-0.4347153702593684 -0.3187326789294503 1.2052673519325423  738339.4380842462
-0.4358934863788151 -0.3168169111141857 1.1985999280615431  738339.4380853036
-0.4289472890611935 -0.3132201384648836 1.189641435251517  738339.438086564
-0.41902963096858364 -0.31299698085053557 1.1880840824966414  738339.4380876471
-0.41279831916101545 -0.31819404003657287 1.1839894638335855  738339.4380889115
-0.4146297591385148 -0.32681920710485657 1.178224467788919  738339.4380899781
-0.42400654220825434 -0.3402556063141278 1.1711813030032607  738339.4380912064
-0.43468138855183724 -0.3504724596271659 1.16936262736324  738339.4380922928
-0.4462470646110127 -0.36169801305855437 1.1730093992336366  738339.4380935337
-0.45474845072326636 -0.3688198793587121 1.178234030604928  738339.4380945954
-0.4600992270637066 -0.3728341195025983 1.1837621644012044  738339.438095839
-0.4598862142824092 -0.37219470586564063 1.1835277270070208  738339.4380969191
-0.45769438873691215 -0.36537684098545686 1.1763476607030632  738339.4380981717
-0.4570549333168538 -0.3503871534158712 1.1680201471787248  738339.4380992495
-0.4645252176670435 -0.32725882491524794 1.1494267219402654  738339.4381005178
-0.4806173014489936 -0.3117954304605352 1.1423929751047632  738339.4381015762
-0.5071899056106902 -0.2999602157469547 1.1452710952927294  738339.4381028195
-0.5257039658315819 -0.2904653600009616 1.1455926141612633  738339.4381038973
-0.5347467393252535 -0.27830728664611687 1.1440435574356314  738339.4381049798
-0.5385434325627376 -0.26641518559167027 1.1800647799681347  738339.43810624
-0.5457802472890273 -0.2634310577593106 1.2586120716004765  738339.438107326
-0.5520087393285242 -0.2636818838026913 1.3674527985040417  738339.4381085826
-0.5538901910071197 -0.2652799784632219 1.4562481286505407  738339.4381096611
-0.5532555476797821 -0.27198919137059707 1.5588494057117153  738339.4381109047
-0.5512502072739816 -0.2854257138581418 1.6347474944992884  738339.4381119786
-0.5519283188656293 -0.3069806362316864 1.7045344115894987  738339.4381132416
-0.555156457517123 -0.32028179189178446 1.7366776169298817  738339.4381143308
-0.5605421297682155 -0.32648909719470554 1.7482147565727946  738339.4381153939
-0.5677763120192847 -0.3246872881828296 1.740782904998984  738339.438116641
-0.5739304406875104 -0.31716452861804706 1.7257068775375135  738339.4381178722
-0.5767249417056782 -0.31042874542804283 1.7124597985680117  738339.4381189558
-0.5769438790761718 -0.3043734947056746 1.6976186301503102  738339.4381200442
-0.5761773994435715 -0.2967519251082812 1.6771405559373755  738339.4381213171
-0.576394817684555 -0.289849952737768 1.6554852072854107  738339.4381224029
-0.5755003334862292 -0.2801619347830371 1.6251146647060926  738339.4381236602
-0.571553626094133 -0.2712686514434387 1.59814068822728  738339.4381247453
-0.5660120511541411 -0.2619021557889159 1.5668339893429681  738339.438125811
-0.5612351916189863 -0.2536882196492767 1.528761165383127  738339.4381270871
-0.5576081515503445 -0.24774711492500603 1.4930008095728633  738339.4381281505
-0.5535879686197575 -0.2410912845460813 1.4490247619116645  738339.438129405
-0.5510076595089264 -0.23557565799657554 1.403988146441208  738339.4381304814
-0.5482728306625976 -0.2333296090929061 1.3613948825308582  738339.4381317206
-0.5458428512631435 -0.23271176486282816 1.3230366426086169  738339.4381327995
-0.5426147022044252 -0.23379180683636888 1.28874698557556  738339.438134055
-0.5402040870384741 -0.23416638781449942 1.2565890306095266  738339.438135139
-0.5364960136739181 -0.2328361351724541 1.2347474519782229  738339.4381363809
-0.5323185517861145 -0.23120692298412188 1.2345149938844  738339.4381374543
-0.5239719397598692 -0.2279909356497975 1.2562429420351098  738339.4381387061
-0.5143159425408117 -0.2232337572758962 1.2901952099512048  738339.4381398045
-0.49951184991904346 -0.21626302314235485 1.3413098906348078  738339.4381408729
-0.47815593121149996 -0.20867001699976462 1.4074112192489907  738339.4381421191
-0.4584373975091368 -0.20390750905580662 1.4647322704149734  738339.4381432001
-0.4336038755431654 -0.20136787979593537 1.532450434870823  738339.4381444383
-0.40617315253637376 -0.2037860300298199 1.599619981752199  738339.4381455418
-0.3746527333410179 -0.21058736112513443 1.6639616126801064  738339.438146789
-0.35312775805725055 -0.21526537631957032 1.6999513149852001  738339.4381478587
-0.3347490227708501 -0.2162753449945715 1.7205327061168525  738339.4381491314
-0.3252384765010615 -0.2155153674550531 1.7242869649534296  738339.4381502103
-0.32207058434150837 -0.21508114893043043 1.7212673905144813  738339.4381512858
-0.32370305445338465 -0.21364292374705257 1.709462987610725  738339.4381525293
-0.32651162005038986 -0.21072814806387974 1.694376142038341  738339.438153616
-0.33131076536325293 -0.20396985304488444 1.6592922054938628  738339.4381548658
-0.33545018146651584 -0.1983778001131751 1.624370641895128  738339.4381559361
-0.34020814987326503 -0.19303512222381652 1.5786570351841929  738339.4381571978
-0.34448706940165136 -0.18840350662621638 1.5284446364978406  738339.4381582603
-0.34997634487300017 -0.1837289578870628 1.4702951578603674  738339.4381595448
-0.3535007075283244 -0.18267298051074912 1.424340875792366  738339.438160606
-0.3568795765421032 -0.1835456848415565 1.3818065625899398  738339.4381616915
-0.3626551566744981 -0.1845573221710673 1.3400149281849372  738339.4381629408
-0.36643777760038027 -0.18539501393908214 1.3179765951494267  738339.438164028
-0.3626856558309065 -0.18544176773727333 1.3049770089231145  738339.4381652902
-0.34831726018429554 -0.18303773347343377 1.3007082107572345  738339.4381663566
-0.32177035046225916 -0.17713415546619823 1.2995379023363074  738339.4381676161
-0.2936688803306045 -0.17072864359725487 1.3000029858016755  738339.438168673
-0.25505889942242005 -0.1632121687870935 1.3026717492625002  738339.438169932
-0.2215411315512319 -0.15809300075363827 1.3045491750274294  738339.4381710108
-0.17923408707963515 -0.15174951534911876 1.304798944095894  738339.4381722606
-0.14993642206092245 -0.1466825417584644 1.3042257998714297  738339.4381733349
-0.13271021220237905 -0.143384151889986 1.302989866333059  738339.4381744238
-0.13427510071661425 -0.1423068084577595 1.2979101308602587  738339.4381756743
-0.15168731215398862 -0.14331375002086524 1.2924973606349826  738339.4381767485
-0.18464490719619217 -0.14752036049441813 1.2948146546599961  738339.4381780074
-0.22605406701769842 -0.1556322213299845 1.3125843699583601  738339.4381790712
-0.2691928564191508 -0.16813566585055384 1.3486197906031048  738339.4381803359
-0.3062354770922018 -0.18377027913268526 1.4009973943583727  738339.4381814336
-0.3299709656504768 -0.1996954520668398 1.4694805569611455  738339.4381826844
-0.3301639309605103 -0.20891387204609363 1.5275733448694053  738339.4381837628
-0.3083520187717664 -0.21564054844210478 1.5920048862155731  738339.4381850106
-0.2728074906919228 -0.21723223907622505 1.6339843202000224  738339.4381860892
-0.23729553317689062 -0.21513233892673297 1.650776411992261  738339.4381871665
-0.17788531548757763 -0.2069478779353947 1.645697115014833  738339.4381884495
-0.1360333251735952 -0.19806245261516958 1.6272144931913735  738339.4381895072
-0.10065065274173807 -0.1901637134589699 1.6100307107221734  738339.4381907537
-0.07732728140622849 -0.18817576268270764 1.6047216166246199  738339.4381918306
-0.06121293076089639 -0.18927376130696108 1.6055519874577937  738339.4381930892
-0.05291763004353265 -0.1905746983771624 1.6071465829724665  738339.4381941885
-0.04569058702859117 -0.19159429632568692 1.6076934228062911  738339.4381952654
-0.03730970454919829 -0.191214492536618 1.6068536649690164  738339.4381965178
-0.03036970313922999 -0.1898701699837955 1.6054373980630257  738339.4381976178
-0.026392893689640554 -0.18948305432683332 1.6047494497837098  738339.4381988625
-0.028873326292602617 -0.18942464018932464 1.6018767521324633  738339.4381999392
-0.047886477974517644 -0.19024667024398143 1.590341448600073  738339.4382011853
-0.07023889975661908 -0.19067551558323706 1.5664864245563663  738339.4382022573
-0.09066709373142998 -0.18913481011198569 1.5175362904392022  738339.4382034951
-0.09766420137085971 -0.18699796552030967 1.4657779944525011  738339.4382045828
-0.09619495995244469 -0.18383410013721616 1.4084620616617332  738339.4382056617
-0.07605364035576119 -0.17944752128978061 1.343462171526591  738339.4382069217
-0.03537175681554448 -0.1758214397760187 1.2988437457795372  738339.438208171
0.012471863359864967 -0.17221534884530856 1.2815614527725794  738339.4382092296
0.0580996089645625 -0.1703828098588311 1.2914626095719843  738339.4382103088
0.10349480649460167 -0.17181136987641962 1.3388264163079575  738339.4382115488
0.12425382755484832 -0.1777834637742165 1.399377608128447  738339.4382126293
0.1276307009239355 -0.1910552361938084 1.4826170757233361  738339.4382138896
0.111292065523485 -0.20556971192182866 1.546778300108841  738339.4382149668
0.07356196205773925 -0.22264980128097656 1.6076070565481282  738339.4382162364
0.031549965328354246 -0.23593689956646485 1.6402152976365778  738339.4382172956
-0.028198722424179434 -0.24877988453494868 1.6540411681047114  738339.4382185541
-0.07779251303759513 -0.25531556074646794 1.6424672615376124  738339.43821962
-0.12765538649966882 -0.2575484424445733 1.604116075574534  738339.4382208785
-0.15174250889856467 -0.25583196132036173 1.5608795411855059  738339.4382219559
-0.1602840085857802 -0.24969421590044966 1.5015362482993326  738339.4382231977
-0.15169766010394753 -0.24214620134075351 1.4537295585164987  738339.4382242883
-0.13285730908278198 -0.2340193680641097 1.4108916160886193  738339.4382253474
-0.09741647638472671 -0.2251361382178822 1.3679359973935175  738339.4382266136
-0.06655993315355492 -0.2207155989912508 1.3462448396130835  738339.4382276863
-0.026106539862674482 -0.21836490892949684 1.3344691981090742  738339.4382289597
0.008535751232812496 -0.2183085911060065 1.3357425469688833  738339.4382300305
0.04599477924365057 -0.21810717477013125 1.344063583726362  738339.4382312729
0.07512716650884202 -0.21898697020487345 1.3576386647702923  738339.4382323431
0.08928447762165076 -0.22083975847174525 1.3650099162352176  738339.438233586
0.0866335475362105 -0.22049659190784168 1.358993038534826  738339.4382346544
0.07844453902236793 -0.21896047636837207 1.3508909293672713  738339.4382358928
0.0754055089053964 -0.21777477430071346 1.3581080335604256  738339.4382369919
0.0752831795292047 -0.21606594931993453 1.3795264941329735  738339.4382380826
0.07367012665397939 -0.21569357246005794 1.4255023503765996  738339.438239341
0.06918429962405288 -0.21840022850254165 1.4763261433592823  738339.4382404098
0.0614385403071007 -0.2262438537836864 1.5463993958889504  738339.4382416789
0.053903448621432044 -0.23669815401604602 1.6092478014722038  738339.4382427452
0.0429669974712857 -0.24969480089829485 1.6676565642903545  738339.438243993
0.034083623898992735 -0.25666389913395843 1.696830775522564  738339.438245073
0.028542528094922033 -0.2594275656245637 1.7095392061257362  738339.4382463212
0.029236498051414258 -0.25774009955227734 1.7020558583225174  738339.438247392
0.03841832091114818 -0.25063592015458114 1.6708577273209073  738339.4382486616
0.05410237428746798 -0.2416170912383069 1.629199302563402  738339.4382497573
0.07776693899697018 -0.2302230327746896 1.5700699401243614  738339.4382508348
0.10368679525573521 -0.22230476235939547 1.5050073781659632  738339.438252074
0.13052690633864816 -0.21860805068464628 1.4374764212396423  738339.4382531572
0.16074067796596567 -0.21767371958309215 1.3674505930694878  738339.4382544336
0.18302644134613208 -0.21760779134358796 1.3227635927910777  738339.4382554989
0.20236419688037893 -0.21827725821372979 1.3034201338822657  738339.4382567693
0.2102192642267555 -0.21940638841610613 1.324241853181356  738339.4382578492
0.21130707337593854 -0.22264170145605738 1.3808151047350623  738339.4382589133
0.20733965003210392 -0.22910700396728023 1.4576456400787101  738339.4382601739
0.20119040576057734 -0.23974263359515038 1.5408556663187127  738339.4382612476
0.19608425044800418 -0.2543857853104083 1.6240177404604395  738339.4382625362
0.19143338744948032 -0.2677950234918886 1.6830053831194345  738339.438263624
0.18584504248146333 -0.28136686364210356 1.733763754735954  738339.438264694
0.1783008870329882 -0.2911645228158132 1.7649651534401232  738339.4382659516
0.17193651164375964 -0.2906755931334173 1.7647688772533099  738339.4382670394
0.16653609120897991 -0.28069086875775934 1.7338938558467545  738339.4382682814
0.1651812874078243 -0.2665255684458063 1.690598088500314  738339.4382693585
0.16794296344375678 -0.24910308853262547 1.62981891861597  738339.4382706176
0.1708747998422501 -0.24052248567788662 1.58055025150821  738339.4382716779
0.17231693529516576 -0.23716771558702993 1.5223262676393965  738339.4382729174
0.17226632415524795 -0.2361346543861986 1.4597742366202908  738339.4382739909
0.17380311670396803 -0.2335878883157277 1.3983462933081006  738339.4382752522
0.17809160421378478 -0.23143761465029206 1.3658307364892348  738339.4382763337
0.19194785233672737 -0.23388452756017453 1.3541521007212696  738339.4382774265
0.2551741910757723 -0.2542724712869664 1.3754163794441683  738339.4382786916
0.3429266642672235 -0.2827252099661689 1.4101724590503917  738339.4382797676
0.47089767115121783 -0.3196699813704485 1.4019731562146336  738339.4382810412
0.5297365153532825 -0.32641273252633807 1.3051676773453815  738339.4382821089
0.4973190231717578 -0.29681277468865636 1.1662761154741283  738339.4382833545
0.33070445352276245 -0.21522858061272718 1.082399133134209  738339.4382844238
0.03555629519949652 -0.14449274436143697 1.086974180075826  738339.4382856638
-0.22183450907242594 -0.16456302113858728 1.128573123593652  738339.4382867685
-0.45309130543552545 -0.2700547423651619 1.1551672927175998  738339.4382880048
-0.5568344273685805 -0.36130308161205366 1.12130844499855  738339.4382890874
-0.5950250583222998 -0.41547185911825885 1.025000497793124  738339.4382901576
-0.5598440620476449 -0.39423982530195434 0.8795068262350946  738339.4382914181
-0.4971455085277721 -0.33458780446287045 0.766299283079869  738339.4382924757
-0.38650909180405096 -0.2221656057473919 0.6382155707574672  738339.4382937293
-0.3002980820353855 -0.12976717030722942 0.5633159293547394  738339.4382948057
-0.23485061744126673 -0.06835730735093531 0.5087895832921924  738339.4382960638
-0.19060841311213442 -0.032035769098774 0.4457153656591568  738339.4382971431
-0.16610347526768487 -0.011538449701105085 0.3632376762299065  738339.4382983878
-0.16197116200247177 -0.000375097298004607 0.2967104289952076  738339.4382994756
-0.16876338513311562 0.009955228371755581 0.2092827100922473  738339.4383007161
-0.1799896094890336 0.012922730294826296 0.1335769684799529  738339.4383017975
-0.18816220848265855 0.012843739847196141 0.045045385858491334  738339.4383030455
-0.18733440838404938 0.006733448716431114 -0.030059759378127063  738339.4383041129
-0.18980798303542562 0.004059343224008906 -0.014368292515311097  738339.4383052097
-0.1886333840115955 0.004150768394364804 -0.023348916258853616  738339.438306472
-0.18874521290605908 0.004060199476734771 -0.023957168973928186  738339.4383075478
-0.18881943938779316 0.004091903961502018 -0.023584382560465383  738339.438308792
-0.18881799403400065 0.004151987616396001 -0.023307454058222273  738339.4383098639
-0.1889030589926574 0.004239834218173506 -0.023403120473261867  738339.4383111186
-0.18891390844328948 0.004250439601567999 -0.023422449227738243  738339.438312191
-0.18891124594197942 0.0042801970365747176 -0.0233972169347606  738339.4383134448
-0.18892392785765394 0.0042484262375722705 -0.02342819549287684  738339.4383145173
-0.18892077607366453 0.004282619884082469 -0.023417507210989882  738339.4383157798
-0.18895861962319987 0.0042372063920686305 -0.023428457512419367  738339.438316853
-0.18894475741769878 0.004265145200527982 -0.023437108769129387  738339.4383179501
-0.18892291019352703 0.004259792265073718 -0.023452999392173584  738339.438319201
