% wand_x wand_y wand_z  738331.7066166991
0.5491553789083822 -0.5747906493366574 0.6299586445460834  738331.7066179606
0.5463482937900485 -0.5706715584623945 0.6272901145493021  738331.7066192059
0.5444799384108207 -0.5693612814902539 0.6248780178281987  738331.7066202778
0.5429677312858648 -0.568796186110847 0.6220571490436796  738331.7066213802
0.5427171269733906 -0.5682559389453736 0.6200353787412762  738331.7066226413
0.544173713620619 -0.5682793128985352 0.6195379262715501  738331.7066237159
0.546051660228405 -0.5677106553246283 0.6193823022368483  738331.7066249731
0.5478512020882474 -0.5668080663220897 0.6190866631804591  738331.7066260502
0.5487745530680987 -0.5653472989150329 0.6178643131067645  738331.7066271454
0.5498294514031209 -0.5610653315040893 0.6165704721822616  738331.7066284167
0.5527369025621829 -0.5494719431975983 0.6191245060183105  738331.7066294935
0.559303086398988 -0.5257869279985147 0.6268609530288893  738331.7066307621
0.5647017017286281 -0.5033049225807763 0.6344880428182206  738331.7066318492
0.569851158322599 -0.4755765815585214 0.6420894259935994  738331.7066329342
0.5755643635918032 -0.4433966292245927 0.6494954566768965  738331.7066341938
0.5799104459928617 -0.412594472896369 0.6530895090257448  738331.7066352903
0.5859562397342198 -0.37918016301640184 0.6554699779955108  738331.7066365571
0.5922095489063506 -0.3440487498077741 0.6552630748094308  738331.7066376212
0.5961610563862888 -0.31267055223724577 0.6523717426231295  738331.7066387066
0.5989415082726613 -0.27554355014581094 0.6453036745926264  738331.706639958
0.6002452880110556 -0.24729408067433595 0.6377356998126132  738331.7066410506
0.6018727139061975 -0.2119804310424933 0.6318070637587374  738331.706642314
0.6037202871089209 -0.18343458917833372 0.6271484378979355  738331.7066433899
0.6050733461565093 -0.14900589082262888 0.6221832719582029  738331.7066446459
0.605947592097376 -0.12262884482810602 0.6193023329150289  738331.7066457376
0.6054774803171823 -0.08932076891197549 0.6161996451798556  738331.7066469785
0.6048337347613328 -0.05935192288578677 0.6130105429714261  738331.7066480712
0.6028873044763935 -0.03470914525851014 0.6099411066257471  738331.7066491647
0.5982949155918295 -0.006928709021219348 0.6056376120958401  738331.7066504285
0.59292964850147 0.016819439544796744 0.6041493450141264  738331.7066515003
0.5868673427103716 0.03987423785956898 0.6034157834948934  738331.7066527499
0.5807488315276519 0.0624426114081022 0.601666491287154  738331.7066538197
0.5750898411246069 0.08686444762159368 0.599992375927736  738331.7066550682
0.5703981361837648 0.1109263104114892 0.5998212487635908  738331.7066561511
0.5664826008992769 0.1386898473530525 0.5984526704825631  738331.7066572309
0.5623878633970856 0.16887776296210882 0.5955397109129741  738331.7066584798
0.5591633849492186 0.20045355246181698 0.5950798156510682  738331.7066595736
0.5565277246204875 0.23140555036503868 0.5944267538242998  738331.706660842
0.5538752313651287 0.25429964279925094 0.5922375874656223  738331.7066619232
0.5483543664512497 0.28413183458175406 0.5926843522777877  738331.7066631701
0.544043461417641 0.3104001770984581 0.5980704487981341  738331.7066642456
0.5419119564907594 0.33439363604082023 0.6019424900686344  738331.7066653273
0.5441442396653611 0.36572331644793765 0.6052335302814041  738331.7066666026
0.548417215072577 0.3926495835548252 0.6066370371345281  738331.7066676929
0.553451010186877 0.4289573917188689 0.6072024362677629  738331.706668955
0.5566773549082165 0.4649382765231484 0.6044718018937666  738331.706670054
0.5573131443862556 0.49943962388884283 0.5999673561890669  738331.7066711424
0.5560977827265495 0.5400190853103353 0.5936638901064534  738331.7066724193
0.5555489896975648 0.5701883567193836 0.5887008629768242  738331.706673491
0.5579007616893294 0.6049639970267163 0.5866737482179618  738331.7066747559
0.5613295088911893 0.6363758398327174 0.5848905183190822  738331.7066758358
0.5663973154121702 0.662177184760133 0.5826726968770991  738331.706676915
0.5699774556101006 0.6890066388950603 0.5778811170943837  738331.7066781712
0.5660807464931986 0.7049774933828237 0.5737945267282474  738331.7066792519
0.5521607627349931 0.7182101299397468 0.5688618630669966  738331.7066805243
0.5360557598215474 0.7275340404777737 0.5678057807847827  738331.706681582
0.509995636395709 0.7367919442471789 0.5658156452092303  738331.7066828243
0.4806192260741952 0.7438226436667802 0.5646326341953577  738331.7066838958
0.44659825553051885 0.7500632513726144 0.5669086431108081  738331.7066851576
0.41354190168409427 0.7555393187047658 0.5691186134290401  738331.706686253
0.3727605644951159 0.7610471962880463 0.5731433498845905  738331.7066873574
0.325383690221386 0.7632020811909804 0.5780583034497999  738331.7066886271
0.2810590290112399 0.7627922007951464 0.5828193312196116  738331.706689697
0.2415513814166945 0.7615915614141598 0.5871302281123143  738331.7066907857
0.19944890345016816 0.7571520185189343 0.5892449069051622  738331.7066920681
0.15741658176241255 0.7537735036539278 0.5951385771978853  738331.706693143
0.1131403973529723 0.7524319416662749 0.6041586869072478  738331.7066943931
0.07832922206728812 0.7508828058684331 0.6079866254933616  738331.7066954776
0.039301677269035336 0.748907870865066 0.6107648490308937  738331.7066967406
0.005269078989676744 0.7483681516242813 0.6131225154995589  738331.7066978415
-0.0242247671077083 0.7477302574730991 0.6150111836571082  738331.7066989305
-0.06127774875208353 0.7471071805176279 0.6176683052918229  738331.7067001928
-0.0915198971654502 0.7476069217900534 0.6188995456485283  738331.7067012668
-0.1294847103261803 0.7506274114687188 0.6207884397304955  738331.7067025369
-0.1642218129017672 0.7535329487544629 0.6211548336286346  738331.7067035915
-0.19604358604171032 0.7530199323374797 0.6200378709431686  738331.7067048349
-0.2252171457146198 0.7514385173195192 0.6161354316126904  738331.7067059202
-0.24907764558372825 0.7529299566029161 0.6156077207267932  738331.7067070097
-0.2797736105367225 0.7538772861116476 0.6186334889138296  738331.7067082924
-0.3065287955467158 0.7519729430059713 0.6195893093761603  738331.7067093696
-0.3392116379885193 0.7510155249082514 0.6206659171055292  738331.7067106284
-0.36763788323487595 0.7514683855835408 0.6249479859431454  738331.7067117168
-0.39464973882063015 0.7528572253688226 0.6279537223683964  738331.7067128032
-0.4267794570967273 0.7553000997524414 0.6294045780815721  738331.7067140867
-0.45452849705814496 0.756533335172421 0.6306479526468435  738331.7067151704
-0.47806920680710274 0.758176441816027 0.63227928152152  738331.7067162538
-0.5015430691153372 0.7674694756311876 0.626142721066643  738331.7067175076
-0.523003838757454 0.7558248566610966 0.6311973709805091  738331.7067186047
-0.5430776735877247 0.7511110525227161 0.6281536265063926  738331.7067198744
-0.5570677519224988 0.7458074807697208 0.625409878394272  738331.7067209423
-0.5723234187594632 0.7432046015918843 0.6242041838558695  738331.7067222066
-0.5874443315658128 0.7442653653646428 0.6310945669664342  738331.7067233085
-0.5917193975127029 0.7429554825790978 0.6381465939656086  738331.7067243921
-0.5969453527426353 0.7390756154582996 0.6528385516947387  738331.7067256449
-0.600463635213365 0.7312666172384457 0.6646772981723108  738331.7067267186
-0.6052889672279473 0.7169379075188633 0.6723138094321747  738331.7067279773
-0.6112278433784796 0.6990194296648988 0.6715225814647805  738331.7067290454
-0.615984479334594 0.6727006873432588 0.6727766139497691  738331.7067302972
-0.6196451379544217 0.6434085069797706 0.6714926950717597  738331.7067313828
-0.6238767892509597 0.6148468711526839 0.66491536177612  738331.7067324694
-0.6300038884149752 0.5797075269830443 0.6543944075567988  738331.7067337099
-0.6347844959176366 0.5516123315661668 0.6486218476586085  738331.7067348202
-0.637143110529907 0.5192863814388811 0.6437970028350001  738331.7067360836
-0.6386913514039216 0.49062161320830056 0.6433670609582235  738331.7067371719
-0.6393485337064444 0.46131940461757986 0.6460613668091948  738331.70673826
-0.6420175540649636 0.42549296810578796 0.6481792398525209  738331.7067395287
-0.6470303727279684 0.3917869817681601 0.6453535361351568  738331.7067406193
-0.650325439938673 0.35732547784115076 0.6412106433428967  738331.7067418797
-0.6543185037317323 0.32444610419316167 0.6367123839638188  738331.7067429601
-0.6606447365263142 0.2885814953361344 0.6299014448271492  738331.7067440482
-0.6637192519874383 0.25403506787385155 0.624509854870039  738331.7067453077
-0.6664086289641585 0.22851482844935392 0.6211104094233615  738331.7067463782
-0.6690963188575334 0.2006895628762976 0.6203626707591043  738331.7067476439
-0.6723845371664703 0.1772316803612706 0.6212271714543893  738331.7067487068
-0.6779075004580557 0.1424372339791665 0.6217399378953022  738331.7067499891
-0.6800324495102849 0.11259735644442928 0.6204747116651174  738331.7067510779
-0.6809589722617725 0.07971009877877959 0.6189206093822283  738331.7067521701
-0.6833670923520291 0.03913716305258528 0.6154800139418614  738331.7067534087
-0.685196158245142 0.006111055409915785 0.613544661992758  738331.7067544926
-0.6857246152219657 -0.03365392354721734 0.6138838533663467  738331.7067557534
-0.6850201173796013 -0.06488173870503196 0.6138749218516226  738331.7067568275
-0.6869759873022159 -0.1028911203973383 0.6105193889066781  738331.7067580918
-0.6914439524228748 -0.13730360388594431 0.6047381711687605  738331.706759188
-0.6949075300359039 -0.1658325287913979 0.5966066502496046  738331.7067602436
-0.6991334248378491 -0.19810490794168867 0.5840694300523381  738331.7067615117
-0.7027007980779025 -0.22035410730899294 0.5757071013339237  738331.7067625886
-0.7064679990663988 -0.24477712152214923 0.5664280266239491  738331.7067638447
-0.7100875740296081 -0.2691281262273784 0.5588898790844303  738331.7067649314
-0.7146617547259471 -0.2930883778664079 0.5528922084080726  738331.7067660149
-0.7212865460454232 -0.32621472252016753 0.5432850862184548  738331.7067672738
-0.726660584330776 -0.3546640280743604 0.534172697724159  738331.7067683612
-0.7306951392742536 -0.3908449000824404 0.5215844173914813  738331.7067696282
-0.7332264833852128 -0.4217938897673818 0.5107039811172687  738331.7067707224
-0.7323764084012587 -0.45816795036122576 0.5016795200110279  738331.7067719743
-0.7285418389475113 -0.489550609980596 0.49357797593968755  738331.7067730502
-0.725777459271085 -0.5201020830527102 0.48368488791428116  738331.7067741265
-0.7240995345028639 -0.556316016737649 0.4707183673710163  738331.7067753667
-0.723873316231153 -0.5856370992055238 0.46144594580340825  738331.7067764535
-0.7230743609441213 -0.6181705510000846 0.4507367919186109  738331.7067777256
-0.7225526097893207 -0.6414052173227529 0.44107647740742734  738331.7067788125
-0.7218615307172485 -0.66187159359998 0.43441742041690085  738331.7067800635
-0.7227176338811451 -0.6713735391697098 0.4353002662107555  738331.7067811487
-0.7185114306171891 -0.6775094417964532 0.44290143216986605  738331.7067822409
-0.7026297896203278 -0.6796068644694955 0.4605689198834716  738331.7067834885
-0.6776925224230739 -0.6807580034011352 0.4749090538954856  738331.7067845658
-0.6327800221318409 -0.6832337680324957 0.48962597320323403  738331.7067858183
-0.584750365727941 -0.6846939175410153 0.498570717103224  738331.7067868933
-0.5156045622271742 -0.684567697328281 0.5071650617808865  738331.7067881519
-0.456362046691053 -0.6834774810708558 0.5115779640921726  738331.7067892351
-0.38285309804696677 -0.6843324323463671 0.5133054321475466  738331.7067904761
-0.3198224755940973 -0.6874994449617352 0.5115936659682864  738331.7067915539
-0.2675256448637079 -0.6916190759228061 0.5099589490488814  738331.7067926421
-0.20933155797346586 -0.6958226920960756 0.5096192354664436  738331.7067938929
-0.16803295240343435 -0.7003357004102124 0.5081266283035287  738331.7067949802
-0.12531759504528786 -0.7051724354031531 0.5058077145876568  738331.7067962475
-0.09846513849319173 -0.7082776691740904 0.5042566588782942  738331.7067973192
-0.07430088052430014 -0.7105026078081759 0.4987827303003043  738331.7067985755
-0.06297494493457988 -0.7063073259023849 0.4905348238670444  738331.7067996557
-0.05781262557423352 -0.6960233665063881 0.4833605349263458  738331.7068007435
-0.055100731976565016 -0.6734122366073004 0.47941544682472226  738331.7068020053
-0.05274476040233934 -0.646724437494858 0.47883751612270803  738331.7068030844
-0.04859315062891674 -0.6068351009652858 0.478732976287178  738331.7068043437
-0.04566417983430657 -0.5644701152268456 0.4790043114352457  738331.7068054444
-0.043837630059816605 -0.5168385730448065 0.481985359129943  738331.7068066963
-0.04174262495797234 -0.46707886140342475 0.4885055991591725  738331.7068077964
-0.03963436212368827 -0.4198600165056632 0.4955594367298018  738331.706808882
-0.03524168583008116 -0.3643756947050886 0.5033985518301098  738331.7068101619
-0.03020628808726946 -0.3207817043574055 0.50657651424077  738331.7068112489
-0.022341641746412642 -0.27117878798650163 0.5095030938036101  738331.7068123191
-0.014565433121161951 -0.2185246015607924 0.508868512068582  738331.7068135921
-0.009451972078188998 -0.17480248285942773 0.5058485303798625  738331.7068146677
-0.003093366169711071 -0.1234160316357793 0.5011494656215297  738331.7068159297
0.0024847258090436746 -0.07697051876940832 0.49581209181213565  738331.7068170018
0.008159264685491517 -0.032539174293852446 0.4864111603217585  738331.7068182538
0.012427472274502086 0.006842498141978965 0.478085916173916  738331.7068193398
0.013718064049547939 0.03774254881238037 0.4671761269244932  738331.7068204345
0.010874538909330565 0.06618598801979265 0.443004959289178  738331.7068217022
0.006397412354337728 0.08692117032417787 0.41931752249623677  738331.7068227922
0.00249621270361469 0.10223810725801455 0.400248060027365  738331.7068238893
-0.0018453546779186537 0.11529237119619616 0.3760348241975531  738331.7068251574
-0.004844294903502843 0.12194713438406586 0.35692803706063925  738331.7068262311
-0.008019871255145104 0.12432468403049365 0.3337072222115653  738331.706827487
-0.012250435211159746 0.12169845770487486 0.3085453178843529  738331.7068285911
-0.01645329893500533 0.11701411787315111 0.27885449178583105  738331.7068298634
-0.018229775622094352 0.11342730260122125 0.24192162804523773  738331.7068309318
-0.01744253690732893 0.11407515968285116 0.20950231157157764  738331.7068320233
-0.01406416666244852 0.11536089678500581 0.1808705370551113  738331.7068332571
-0.01134817192363234 0.11384545908621045 0.1599044471126934  738331.706834331
-0.009751581821868104 0.11125946888200153 0.12747387199034227  738331.7068355962
-0.010824364548859617 0.11017402271935513 0.09685975582790213  738331.706836686
-0.011421729929374314 0.10784430457455658 0.06159798143504847  738331.7068379541
-0.009821586605498969 0.10561960068405002 0.03839504589734588  738331.7068390186
-0.0056232158882177 0.10229250595898381 0.01817256640001907  738331.7068400992
-0.002160447012486609 0.09530125954369588 -0.006395418157287232  738331.7068413488
-0.0025442516189451377 0.09665816348759723 -0.008237967004917208  738331.706842423
-0.0021844415987020216 0.09588760514979967 -0.007612660982668351  738331.7068436833
-0.002315862987088344 0.0961548812377908 -0.0070757207770332075  738331.7068447652
-0.002139848523890021 0.09625561156859647 -0.007062088688696924  738331.7068460298
-0.0021204039394194323 0.09622880653076607 -0.006741174587028  738331.7068471113
-0.002568036286169978 0.09634978378214223 -0.006174822331302779  738331.7068483733
-0.0019778502472441806 0.09613367078281644 -0.006763106237102867  738331.7068494387
-0.002131054167718294 0.09623332373615609 -0.006670182098488962  738331.7068505244
-0.0025818920455933448 0.09635611117698611 -0.006169864259335249  738331.706851795
-0.0021331317756880302 0.09623920755864368 -0.006661459068311308  738331.7068528726
-0.002130436323802005 0.09624804397160432 -0.006644052284442601  738331.7068541314
-0.002797241763539101 0.0966110397848124 -0.005669846400718571  738331.706855208
-0.0025108826183314944 0.0966387316855142 -0.006097369986776517  738331.7068564837
-0.0027151635959839 0.09682150487989682 -0.005552022667131091  738331.7068575543
-0.0027262094511198635 0.09680531248011386 -0.005534390027163482  738331.7068586453