% wand_x wand_y wand_z  738331.7317215198
0.7032218916248113 -0.5788766732235737 0.44086950968046973  738331.7317227805
0.6987116308358611 -0.5700295766358222 0.44118536369589095  738331.7317238592
0.6941666324789736 -0.557510254170912 0.44461686538779444  738331.7317251302
0.6910678328875708 -0.5452447225807109 0.44782713120492856  738331.7317262071
0.6875440228951454 -0.5274241951879524 0.4524219285739365  738331.7317274729
0.6859389990368108 -0.5116282202165289 0.4585159156768072  738331.7317285425
0.6858972967265639 -0.4908849614328221 0.4659847782896748  738331.7317297977
0.6880054312744336 -0.47182427368706903 0.4703450192985982  738331.7317308765
0.6914413821157472 -0.44724660140399247 0.4743175105952353  738331.7317319554
0.6961971168445028 -0.41446100087821347 0.48239904191556043  738331.7317332133
0.6991084307161587 -0.3850332420632166 0.49320915894066863  738331.7317342941
0.7027052967158197 -0.3447436096959765 0.5068655948309931  738331.7317355437
0.7034745106267005 -0.3091692263388547 0.5195311311938778  738331.7317366232
0.7013025606120507 -0.2643361386021444 0.538130850961795  738331.7317378924
0.6967050232991134 -0.22387828155562609 0.5563179572328799  738331.7317389605
0.6891039912576822 -0.18580855850373307 0.5740860096546642  738331.7317402248
0.6779838181135573 -0.1512013617003417 0.5892050470242071  738331.731741301
0.6643408596757818 -0.1234861704130331 0.6004552570709923  738331.7317424114
0.6419403273075024 -0.09186578699688189 0.6117516561353162  738331.731743673
0.6188323840189911 -0.06750487561657213 0.616713257864508  738331.7317447424
0.5857476762207016 -0.042414737113677665 0.6184200719694631  738331.7317459981
0.5518554796287914 -0.022402734102226388 0.6171599966265787  738331.7317470858
0.5193674302165164 -0.004747001589071958 0.6147194359730669  738331.7317481602
0.4769530904395029 0.016770627744874433 0.6105755776683239  738331.7317494219
0.43735983212845597 0.03581687364330438 0.6070716659800451  738331.7317505054
0.38257189903183714 0.05736944686548519 0.6077761856645463  738331.7317517395
0.3356924556283612 0.0730109859581885 0.6102416480938216  738331.7317528216
0.2765841436209555 0.08830385421181865 0.6111841057331967  738331.7317540889
0.225720089163404 0.09893492155845689 0.6137859665703889  738331.7317551752
0.17010303857884068 0.10791551636235272 0.6150799951259568  738331.7317562543
0.11399256537426494 0.11402851844960103 0.6162687271198232  738331.7317575143
0.05764141070396955 0.11795721161394486 0.6179765665823896  738331.7317586018
-0.0026181304194959573 0.12081411835291654 0.6170841091052844  738331.7317598552
-0.049636948656656785 0.12189957974791665 0.614320284174494  738331.7317609392
-0.10461457054658002 0.11999867133843845 0.6085465032066351  738331.7317622247
-0.15489301283484386 0.11981071468656475 0.598620375863617  738331.7317633235
-0.19924620722612268 0.12083040215427464 0.5904968185328933  738331.7317644117
-0.2532215713546308 0.12339083536080572 0.5845815104951639  738331.7317656655
-0.29538330718746436 0.12385666871798738 0.582253442391364  738331.7317667542
-0.3398045217035529 0.1200918745215013 0.579821901280168  738331.7317678434
-0.38614880616214303 0.1122563857094849 0.5740785010292632  738331.7317691112
-0.4246288750079661 0.10293661179739705 0.5692461380476045  738331.7317701877
-0.47071841680911264 0.08494078027148964 0.5620494232977877  738331.7317714505
-0.5061709592889454 0.0648761088088442 0.5545865179696902  738331.731772531
-0.541135073921966 0.03573346173360084 0.5485508453954296  738331.7317736357
-0.577047244597041 2.9144792395277395e-05 0.5431391876393792  738331.7317749021
-0.6056421025103594 -0.031113383740180328 0.5333706946126889  738331.7317759788
-0.6375883835873056 -0.07060557415309224 0.5230751447354508  738331.73177725
-0.6615083585547932 -0.1043564026030599 0.5147074825035102  738331.7317783245
-0.687399164028742 -0.14957047676368976 0.4995657025637732  738331.7317795877
-0.7065168144586044 -0.1915480083951873 0.48431966624712236  738331.7317806665
-0.7198143508968762 -0.22776877146790084 0.4702601150772127  738331.7317817495
-0.7282417630733817 -0.27004191525005317 0.45073179106938305  738331.7317830271
-0.7315329215677915 -0.30334950108856623 0.4340921365248604  738331.7317841077
-0.7335774203663401 -0.34181746105340194 0.41599147293423694  738331.7317853656
-0.7349792134516392 -0.37205382440239143 0.4043007464043737  738331.7317864374
-0.7365295037434335 -0.40527330267475675 0.3937068389947348  738331.7317875135
-0.7375031466901484 -0.44050752145402006 0.382951423125137  738331.7317887655
-0.7375971499634443 -0.468658551543141 0.3744692558336822  738331.7317898531
-0.73698649960127 -0.502159670143025 0.36637669194471795  738331.7317911125
-0.7369729005037546 -0.5315159932631718 0.3605299994512877  738331.7317921792
-0.7395470603596109 -0.5671154084646398 0.3540751443163561  738331.7317934358
-0.7434534716708397 -0.5909748112616829 0.3516151051820772  738331.731794516
-0.7469870134198942 -0.6022116731070358 0.35216286518356155  738331.7317957775
-0.7482669318818596 -0.5999576462550525 0.35370770177107996  738331.7317968472
-0.747458814009536 -0.5854591568107125 0.3553856613746945  738331.7317980938
-0.7405777295212466 -0.5602748196499971 0.3580900590809465  738331.7317991805
-0.7331253827577993 -0.5264102734043042 0.3599122685349073  738331.7318002733
-0.7161841654810857 -0.476536165201027 0.36410140185772566  738331.7318015348
-0.6950524372322391 -0.42268302879659025 0.3681068013498345  738331.7318026138
-0.6646825861995098 -0.36073362249501495 0.37096843593409223  738331.7318038566
-0.6344042294848269 -0.3067649170119108 0.3726637080730892  738331.7318049415
-0.5875498646869108 -0.2374247528568661 0.3757490336272392  738331.7318061945
-0.5428861600876321 -0.17078719677529156 0.3793516028960683  738331.7318072646
-0.5001200484750714 -0.10868078355179547 0.3854669215423133  738331.7318083418
-0.44642463593764814 -0.03291028648963704 0.39425952094625055  738331.7318096218
-0.40222029433097456 0.027105826031418655 0.39871633174783644  738331.7318106968
-0.3494718653729935 0.0982563566024031 0.4016596772696699  738331.7318119579
-0.30403520154048563 0.1647778501177397 0.4087619270591606  738331.7318130417
-0.2659556456777708 0.22541945493794613 0.4173379947338941  738331.7318141252
-0.22549029722219555 0.29353671266221815 0.42830408027287686  738331.7318153923
-0.18837016968853496 0.3604261534957063 0.44036989324209436  738331.7318164691
-0.1497590732357179 0.4285104195026214 0.45476115607864925  738331.7318177505
-0.1202832654215371 0.47689420399327737 0.4653754026384926  738331.7318188153
-0.08801389639122804 0.5274892617954883 0.47782969185050833  738331.7318200718
-0.06236290704348274 0.5678614223136386 0.4866705674372367  738331.7318211572
-0.03985584709612274 0.603380861700015 0.49236739707378363  738331.7318224
-0.02202560696118644 0.6310441349946737 0.4948243764448761  738331.7318234864
-0.006048346699165381 0.6577498758063661 0.4934251464159221  738331.7318245672
0.0065838443738488826 0.6861072019209465 0.49119458929529375  738331.7318258446
0.013503836122892745 0.7098790153576507 0.4950354936113994  738331.7318269343
0.020647239354701252 0.7342026262788148 0.505101985839939  738331.7318281961
0.024400933222521917 0.7483988234952982 0.5185223229565047  738331.7318292721
0.030193657536647295 0.749889225061536 0.5196511803798481  738331.7318303401
0.0359144001355109 0.7412364994699777 0.517716211270664  738331.731831618
0.04250809203323938 0.7247716036598462 0.5116251399691742  738331.7318327004
0.05494083721782352 0.6931814245123654 0.49780937284861576  738331.7318339609
0.07028285077919745 0.6553024740531269 0.4817980387953259  738331.7318350495
0.0868745267714722 0.6162366758955332 0.46776597745767473  738331.7318361239
0.11181002737781429 0.5627471171122647 0.4532923575168426  738331.7318373941
0.13325817281804103 0.5160376837879863 0.4464214576616307  738331.7318384699
0.16080198576113658 0.4541063649491081 0.43980069269071076  738331.7318397352
0.18363080664762024 0.40080763202920755 0.4361816003563615  738331.7318408049
0.21354721900825116 0.3290310229244112 0.43403512083401413  738331.7318420714