% wand_x wand_y wand_z  738318.713472664
0.2071245561945042 0.5617078312512003 0.74136961498499  738318.713473992
0.20575747148008247 0.5584325663788513 0.7424001103056054  738318.713475142
0.2050525631691077 0.5551789326626587 0.7426874918669112  738318.7134763045
0.20522683239458994 0.5524676198642055 0.7419692561977352  738318.7134775737
0.20445450711493066 0.5502367978809802 0.7410948568292826  738318.713478613
0.202043543566726 0.5490560452977132 0.739977909165456  738318.7134796507
0.19926075020352976 0.5489540916976505 0.7373767151394703  738318.7134808962
0.197096639700238 0.5495587839856789 0.7347925193743962  738318.7134821407
0.19567790979991898 0.5502397389207923 0.7322338109740231  738318.7134832426
0.1946977712753326 0.5502971434486872 0.7293232578419796  738318.713484407
0.19388321462715213 0.5492770019907277 0.7286505517292352  738318.7134855656
0.1920440831932161 0.5469079472753483 0.7293944088807359  738318.7134867206
0.1898583063656236 0.5444694995067365 0.7312802994050208  738318.713487732
0.1875238313997446 0.5407072503814679 0.7354840472080442  738318.7134890339
0.18645727151878716 0.537946863330469 0.7370777014865968  738318.7134900782
0.18707096788281588 0.5373623459514287 0.7352605631030027  738318.7134913485
0.1886557880032799 0.538785921363589 0.7311998051654693  738318.7134923906
0.19119402374817096 0.5424903204412997 0.7235138158239278  738318.713493666
0.1927487913392137 0.5456637945801831 0.7166749510204287  738318.7134948778
0.19354017841962248 0.547307396422375 0.71291088876872  738318.7134958627
0.19399790779853882 0.547565760498373 0.7114388146605096  738318.713497177
0.19347022790165905 0.5460821297060531 0.710771883527188  738318.7134981807
0.19259899491783145 0.543220635978071 0.7089437346472388  738318.7134994497
0.19249984800340603 0.5406204476367759 0.7066101967342219  738318.7135006074
0.19212565001139678 0.5379660974325734 0.7046094397825193  738318.713501885
0.19150905914519809 0.5358559783476836 0.7028085801937468  738318.7135029834
0.19106093268992866 0.5339541370063167 0.7023233758717626  738318.7135040928
0.19078046458324277 0.5322022688460986 0.7026793844771044  738318.7135052391
0.19068711147869746 0.5309305755423585 0.702539626050533  738318.7135062515
0.19090584955663115 0.5291592292857412 0.7024445709303052  738318.7135075473
0.19097063978593767 0.5275519994899704 0.7031244806352214  738318.7135087071
0.19120528086012983 0.5258759358794358 0.7044930585453834  738318.713509866
0.19143957366427647 0.5248171702193488 0.7056416223406354  738318.7135109546
0.19171468026626162 0.5241317010655083 0.7070351205539991  738318.7135120651
0.19193986669714982 0.5241637408322826 0.7085392360481007  738318.7135132831
0.19204435735852415 0.5247584242393637 0.7109971774343368  738318.713514502
0.19242238185519278 0.5251351577822585 0.7139168798003739  738318.7135156564
0.19287144180021906 0.5250824008887134 0.7164090489357704  738318.7135168148
0.19363105865867525 0.524691102301537 0.7181646605846873  738318.713517865
0.19517468028274146 0.5243747726223507 0.7200230616587995  738318.7135191242
0.19683413858633447 0.52487243628188 0.720610413426684  738318.7135204375
0.19974772865549575 0.5288386398701936 0.7201754760739495  738318.7135215594
0.20149236899699793 0.5342166094958629 0.7209249643771118  738318.7135226072
0.2033163607634173 0.544497766102546 0.7219980997298985  738318.7135237787
0.20480818958658828 0.5556641975690612 0.7245212068273598  738318.7135250515
0.2058235126613205 0.5673253121810945 0.7291591904412653  738318.7135260678
0.20574405667906037 0.5756751657761111 0.7332477876476526  738318.7135271154
0.2052182091729101 0.5837663450585455 0.7383032958798738  738318.7135283509
0.20418762710826238 0.5869988570180222 0.742512583093446  738318.7135294474
0.20330871574307738 0.5865625228981287 0.7463504445203065  738318.7135307024
0.20188918478397447 0.5829171955223048 0.751143379121931  738318.7135318569
0.20051787646350402 0.5790893803984285 0.7564573145318783  738318.7135330113
0.19935418775099253 0.5764459603878958 0.7593314963403354  738318.7135340502
0.197307305343856 0.5752954358445572 0.7636505654001228  738318.7135354722
0.19607319492243508 0.577525682824612 0.7653327288870138  738318.7135366035
0.19594520215236938 0.5813735129131884 0.7697106693308796  738318.7135377945
0.19614755819836896 0.5845195044070548 0.772924088175117  738318.7135387982
0.19732896553231022 0.5873968298617784 0.7733108370844416  738318.7135399649
0.2001004554247277 0.5872643568717467 0.7737584173246519  738318.7135412336
0.20255149429011654 0.5840794191154907 0.7755263086140525  738318.7135422955
0.20629489987371896 0.5775625069590182 0.779625266781076  738318.7135434586
0.21048021827904603 0.5694534381366431 0.7856152274554935  738318.7135447303
0.21390714351359683 0.5614741157973079 0.7924119473673679  738318.7135457471
0.2175028146052254 0.5522060471747798 0.8007178878316203  738318.7135470206
0.22142264546812043 0.5430060242226711 0.8069274386824535  738318.7135480596
0.22604462383503288 0.532036557576727 0.8139723821437614  738318.7135491908
0.23208445756188592 0.5159590296224698 0.8226763218834044  738318.713550494
0.23575140449291265 0.5036837609498377 0.8280445806479841  738318.7135515462
0.23854451035878707 0.49173893671240676 0.8313333953040272  738318.7135525736
0.24040953872458215 0.4770034209021778 0.8351506144646698  738318.713553855
0.24159452199424644 0.46229961184967844 0.8386088314364915  738318.7135550092
0.24198519077802944 0.446534514680057 0.8418250643683727  738318.7135561899
0.24090168058604897 0.429274506426964 0.8424028972983495  738318.7135573212
0.23919734310869786 0.41114957399614355 0.8419089655304832  738318.7135585563
0.23735388172334132 0.39627150544936224 0.8418601034165973  738318.7135595845
0.23513071448989917 0.37234122514316526 0.8417451452048694  738318.7135609107
0.233962672170546 0.35751429588339245 0.8416327257696071  738318.7135619477
0.23358249566517483 0.34445576288728186 0.8410160137774887  738318.7135629981
0.23404573843752416 0.33111647913801895 0.8415607554978581  738318.7135642678
0.2352742317441352 0.3227367838165508 0.8405307396481912  738318.7135654229
0.23682843564069164 0.31461209882430996 0.8352509130554068  738318.7135666292
0.23826885847622126 0.3071085591786384 0.828336111333424  738318.7135677383
0.24026418755423196 0.29827716880960914 0.8229136950168079  738318.7135687842
0.24359283119924183 0.2833529328051227 0.8189765302132966  738318.7135701809
0.24654366672340136 0.26853658962968563 0.8153472964140622  738318.7135711047
0.250915575881646 0.24900950176934242 0.811311761304577  738318.7135725069
0.25465055233714573 0.23753403089439767 0.8103347387928094  738318.7135735581
0.2576122959849345 0.22879865356281232 0.8086909054527409  738318.713574655
0.26066718897244484 0.22297746887415035 0.8032890313235747  738318.713575936
0.26133244968653424 0.22031275914719178 0.7990358159200882  738318.7135769981
0.2611407957595999 0.21840060740620576 0.7940543147338235  738318.713578318
0.2609030629637041 0.21424815878146522 0.7879419705103667  738318.7135795323
0.26176504329159306 0.20729967548226022 0.7847742844305488  738318.7135804668
0.2639631194955319 0.19536727078418664 0.7852105388754048  738318.713581517
0.26590399132769327 0.18046057098192583 0.7846932976738951  738318.7135829012
0.2673160434847569 0.16949068304682655 0.7830210215732225  738318.7135839427
0.26914999917505245 0.15844135260654524 0.7793990026036252  738318.7135849878
0.2714887563412747 0.14599125155277284 0.7766814511753819  738318.7135862575
0.27394617940809257 0.1335226932089495 0.773501563042439  738318.7135874123
0.27683785804331407 0.12213157865407114 0.7704828779646962  738318.713588452
0.2805124859751484 0.10877277534033286 0.7694619685720596  738318.7135897332
0.28331576456687146 0.09845575340450134 0.7710843947887069  738318.7135908882
0.2849896780980608 0.0886808160711163 0.7740794761126404  738318.7135919271
0.28594515503276413 0.08241936192494559 0.775583075886488  738318.7135932042
0.2867618805586007 0.0815402608934662 0.774364807495254  738318.7135943592
0.2863430535114167 0.08618529409265596 0.7745530410899446  738318.7135955595
0.2843868976226816 0.09399053318248285 0.7768372516789221  738318.7135966449
0.2808965118953897 0.10599293450667256 0.7801565721980331  738318.7135978343
0.27884769096551415 0.11850445759329514 0.7832451645571187  738318.7135991036
0.2771587674100496 0.13187496961685446 0.7857864631709839  738318.7136001426
0.2760329603159035 0.14439664754059595 0.7876097749868435  738318.7136012742
0.2752760388965468 0.16010488362320197 0.7900171741358812  738318.713602573
0.2743916041282407 0.173491628125451 0.7913103662329123  738318.7136035766
0.27312742463305467 0.18854978848572956 0.7916938453751441  738318.7136046508
0.2704963922007802 0.21227582442370316 0.7934982943612112  738318.7136060956
0.2676130799494703 0.23087290808577984 0.7945187979131526  738318.7136072054
0.26505085677122964 0.24584580319705338 0.7951264781878827  738318.7136082408
0.26172234688382523 0.2671498376930459 0.7975470728105941  738318.7136094071
0.25952629372871894 0.287928063800063 0.7999212011211161  738318.7136107036
0.25844156821076397 0.31244692676434244 0.8021256251123273  738318.7136118355
0.25834902532725074 0.3311754400891132 0.8020648155395007  738318.71361287
0.2589178410726141 0.3572765882497197 0.7996075176923098  738318.7136141111
0.2602468705141615 0.3817775141026548 0.7975571463329633  738318.7136153079
0.26135669798971056 0.40551263454879816 0.7979604984418166  738318.7136163468
0.2623031220618353 0.42740571243147163 0.8000428638402514  738318.7136175125
0.2639648135596136 0.44932648467729674 0.8024523257350245  738318.7136187962
0.2661809757785316 0.46590408904070035 0.8031458684549653  738318.7136199387
0.26884913477228706 0.4820491252708165 0.8017006655475557  738318.713620862
0.2721168394259299 0.5024216407140059 0.7999453302144508  738318.7136221317
0.27391253647177255 0.5195917255261157 0.798951661484823  738318.7136232987
0.2750482313118133 0.5386639456720778 0.7996917512522675  738318.7136243606
0.27499131537069404 0.5588161590040875 0.8019371487390363  738318.7136256073
0.27455863094838834 0.5757660532411337 0.8043463596008203  738318.7136267691
0.2738650138080211 0.59252248087584 0.8047399297561489  738318.7136280392
0.2725651510278088 0.6062694218543865 0.8063089879708207  738318.7136291962
0.27144394655398607 0.6166318416945319 0.8076678736554569  738318.7136302614
0.2708119794228588 0.6262492028722243 0.8076783698949515  738318.7136314156
0.27040745204433997 0.633789441764442 0.8061886947688474  738318.7136328222
0.2703534391550465 0.6403941685800513 0.8025789838129389  738318.7136337366
0.26828996650273057 0.6507943499802367 0.7999584192702514  738318.7136348609
0.26451118979056765 0.6632968339487763 0.7986801906341325  738318.7136360382
0.2589484270285949 0.6782345920231349 0.8010799042926301  738318.7136372965
0.2529175249846952 0.6892817215826372 0.8032612919386911  738318.7136384633
0.24437926517459746 0.699336016857394 0.8046451035281059  738318.7136395018
0.23645888420937528 0.7062268723689391 0.8048045382612482  738318.7136405407
0.22302331202077966 0.7140388892867683 0.8039667045198535  738318.713641811
0.20952825606345488 0.7169027883210193 0.7996421899486721  738318.7136430221
0.19277706206280443 0.715684770451478 0.7947016180664497  738318.7136442458
0.17880521608079222 0.7130288690117026 0.7916382585730625  738318.7136452846
0.16344223183825582 0.7097699639429639 0.7900180735773001  738318.7136464422
0.14825250823050945 0.707541801159931 0.788483122040028  738318.7136477261
0.1367022163772828 0.7078576296254561 0.7859015458171181  738318.7136487536
0.12445320491798463 0.7110168466749274 0.781854740196191  738318.713649934
0.11178269572187595 0.7161165159224123 0.7781714941695188  738318.7136510671
0.09819810108107278 0.7209425427604051 0.7742947343108911  738318.7136522683
0.0817514355117754 0.7229028958301864 0.7719457798272961  738318.713653504
0.06932154542335241 0.7217218548106085 0.7720008625184641  738318.7136545358
0.05325306666655849 0.7184784639561703 0.7726441265513324  738318.7136555862
0.03648167488754696 0.7148654303175151 0.77298552019766  738318.7136568546
0.022502698087246205 0.7122713133542637 0.7719651105512946  738318.7136580205
0.012508040036756037 0.710183195383443 0.7703456031642988  738318.7136590577
0.00043665995606028774 0.7072929093536654 0.7679993737653915  738318.7136604202
-0.010314086583778146 0.7053327185956817 0.767149879044553  738318.7136614817
-0.021333400380301487 0.7043265895042399 0.7672719216201395  738318.7136625322
-0.0335349052912732 0.7037793375043715 0.7666012851066579  738318.7136638009
-0.043891656044401824 0.703889139102056 0.7658009365028451  738318.7136649551
-0.057008698385688866 0.7038961945503458 0.7656247309953734  738318.7136662368
-0.06926587475644264 0.7041451622191515 0.7670186537198453  738318.7136674019
-0.08057360341827532 0.7051234332337479 0.7679368028731554  738318.7136683604
-0.09378571805865331 0.7062879673572446 0.7676893761596628  738318.7136694683
-0.1085756204048429 0.7061932486444009 0.7665515603884058  738318.7136707496
-0.12018898123763971 0.7050673066473307 0.7672641766702578  738318.7136718354
-0.13306958809091854 0.7024016743934258 0.7683699739741218  738318.7136731073
-0.14294639950109445 0.7001732000351757 0.7656674728034509  738318.7136742205
-0.15141626275809947 0.6983065279088785 0.7598084844314793  738318.7136754012
-0.16110285805524008 0.6969228489544478 0.754359294497984  738318.7136765324
-0.1706608193772528 0.696197738039781 0.7525764370259385  738318.7136776866
-0.18271048021257766 0.6974506767707318 0.7573422219890285  738318.7136789679
-0.19604163821141662 0.7014700184914018 0.7638310102310897  738318.7136801509
-0.20539954660648435 0.7068121687272535 0.7641334597659794  738318.713681274
-0.21278929154181533 0.7127623834955228 0.7574060586466133  738318.7136823359
-0.21731094498577655 0.7153423591793514 0.7505854860414041  738318.7136834745
-0.22504112309607618 0.7158289939602523 0.7435032777481286  738318.7136847442
-0.2358245771738652 0.71313516992387 0.7348248054931187  738318.7136859138
-0.24943248626769943 0.7094170317980643 0.7269971112314388  738318.7136869663
-0.26380194798765727 0.7076403538391796 0.7208758267153491  738318.7136881091
-0.27551561322395546 0.7105580037047562 0.7139586440922748  738318.7136892291
-0.28560621527832947 0.7146385927445624 0.7086936761591575  738318.7136903023
-0.2959921441135642 0.720100567538272 0.6992488378952647  738318.7136915721
-0.3046247205454732 0.7220369316883852 0.6895801784992894  738318.713692737
-0.3149142725991812 0.7194685788766328 0.6849738316641837  738318.7136940073
-0.32379099790935206 0.7163665119556052 0.6855245162094158  738318.7136952328
-0.33365207586801626 0.7113691280235228 0.6837849057458215  738318.7136962136
-0.3427132950356184 0.7072068439636593 0.6779527021652171  738318.7136974029
-0.35024381182716857 0.7057240127503553 0.6676344898670661  738318.7136986388
-0.3533553471820951 0.7067777877906265 0.6607966317875529  738318.7136996893
-0.3552325730610395 0.7069940110559995 0.6542840157274742  738318.7137008321
-0.35497467237014296 0.7056167294285925 0.6510564727682093  738318.7137020024
-0.35142277148024487 0.7016957715016281 0.6471143680825173  738318.7137032909
-0.3479695684244962 0.6949225685678453 0.642090400081945  738318.7137044256
-0.345159376542365 0.6844989632898039 0.6375303868559015  738318.7137055589
-0.3436047542291092 0.672221384333777 0.6355019198276771  738318.7137067358
-0.34320345045234546 0.6580713822057316 0.6355630331870603  738318.713707799
-0.34246006116178884 0.6433390596956652 0.6340086657564767  738318.7137089544
-0.34155720696123515 0.6269500150338088 0.6300482810056275  738318.7137102117
-0.34092772213126243 0.6132836886400376 0.6275618723752999  738318.7137112614
-0.3403625193468413 0.5994474051822035 0.6263462056942712  738318.7137122903
-0.33993108819453266 0.580931949880722 0.6252343868108342  738318.7137135721
-0.33918263132033655 0.5649148198542366 0.6255546659259329  738318.7137146918
-0.33786909199259474 0.5455894273249908 0.6257731491847096  738318.7137159955
-0.3371512738035728 0.5282810362050199 0.6255445086137684  738318.7137170346
-0.33653605472066894 0.5113092098421287 0.6259534091576883  738318.7137182222
-0.3363831100791351 0.49296465186324334 0.6254499710828761  738318.7137194991
-0.3363747934929858 0.47980103072568536 0.6243788948794206  738318.7137205173
-0.3364316669566659 0.4615748462197761 0.6229328695303864  738318.7137217872
-0.3366355110416863 0.44623023315755406 0.6225587218227702  738318.7137228199
-0.33713745803922035 0.4295271319266161 0.6234157389361986  738318.7137239851
-0.33782505694044557 0.41158477792664117 0.6249733917431923  738318.7137251745
-0.3379513655951137 0.3965711207049498 0.6264975841927122  738318.7137263006
-0.33781274074371176 0.38003713065629624 0.6289937533836453  738318.7137273396
-0.33671287388013904 0.3617141035128755 0.6295455051436348  738318.713728762
-0.3356713348324091 0.34898138423105673 0.628456066279355  738318.7137297713
-0.33417001535236257 0.3365145388823945 0.6273486780671116  738318.7137309314
-0.332348682862939 0.3235542331998651 0.6264163296377635  738318.7137320858
-0.3303723255742245 0.31092724709986785 0.6256752616098948  738318.713733239
-0.32771650158916876 0.29819992061152434 0.6270570841380908  738318.7137346282
-0.3250155717155728 0.28986737548270997 0.627967429885703  738318.7137355659
-0.31944417004131803 0.2821396470794729 0.6272382091403349  738318.7137368341
-0.31352411135292657 0.27876676940894146 0.6264709154214172  738318.7137378504
-0.30374403991546073 0.2753345188865548 0.6263497025127143  738318.713738901
-0.28619136320811683 0.270674370117882 0.6259296516860277  738318.7137401822
-0.26369421950713634 0.26825123913757537 0.6214453892764484  738318.7137414629
-0.24269159490276368 0.2696711339897091 0.6175175087051481  738318.7137426431
-0.22368165375916094 0.27320625792085457 0.6149187175379437  738318.7137436592
-0.2046094771568621 0.27884840199604977 0.6090335266140642  738318.7137448434
-0.18825387290512335 0.28662341311955447 0.6006475648638736  738318.7137459746
-0.17633838297671198 0.29651341744253595 0.5971691406768813  738318.7137470943
-0.16512828965772935 0.30779267207347083 0.5963333747955424  738318.7137484102
-0.156947702845185 0.31730036613257406 0.5973579484549578  738318.7137495645
-0.1478990695902213 0.32266578694723924 0.6002986545539066  738318.7137507226
-0.13756376396370248 0.32500979316063217 0.6026426270436125  738318.7137518771
-0.12903247035596319 0.326878052345173 0.6055924125368302  738318.7137529188
-0.11745606982498838 0.33003905128017413 0.6084987335383736  738318.7137539581
-0.10502569471618406 0.334217468610367 0.6099181486893408  738318.713755352
-0.09410548849166235 0.33925486417046014 0.6087498018056876  738318.7137564138
-0.08469933476840284 0.34534920376327227 0.6079547315938467  738318.7137574408
-0.07457222770892022 0.354770238272304 0.6087692595726806  738318.713758933
-0.0672271489689145 0.3648319738131205 0.6088598779526723  738318.7137598691
-0.06109218655059695 0.3749356379820155 0.6076637561795368  738318.7137609029
-0.05191664882605224 0.3870506813436588 0.6063616844258735  738318.7137621867
-0.042181512777855104 0.396431635154923 0.6057647158510864  738318.7137634456
-0.03131500102422736 0.40579640205809325 0.6060996302898942  738318.7137646812
-0.024060704891160405 0.41223124666044486 0.6062952983443476  738318.7137656505
-0.015549790087857309 0.4222021048442473 0.6049208497731773  738318.7137668065
-0.00809943604293819 0.4335759030285324 0.6024404632254604  738318.7137680849
-0.0016742678207878625 0.44339357368130095 0.600865448394687  738318.7137691238
0.005500503975024863 0.4547382589032834 0.5986126168851635  738318.7137702809
0.013271950702071284 0.46745600105694857 0.5942865878364662  738318.7137715583
0.018111562234658856 0.4772501495601763 0.589213123376146  738318.7137725967
0.02323564874570267 0.4873865534431746 0.5875622132944917  738318.713773775
0.029656063939079057 0.49829047561660317 0.5878346563736552  738318.7137750579
0.035389145818755734 0.5058026610646668 0.5881003445494913  738318.7137760737
0.040180168392565066 0.5114476517794181 0.5885451921790504  738318.7137771125
0.04714971965693029 0.5176408767210516 0.589009094028218  738318.7137783824
0.05025746097885671 0.5207752637018883 0.5856572543070152  738318.7137794561
0.04969446093871766 0.5228910791876218 0.5796017013380247  738318.7137807589
0.04734974676154902 0.5246667490071752 0.576704308211192  738318.7137818551
0.04285305132965338 0.5263855099492774 0.5762473703986347  738318.7137829863
0.03737885636331905 0.5271752570040132 0.5717601760984933  738318.7137841638
0.03272717246867626 0.5268945927318007 0.5660719775083094  738318.7137853297
0.030038961904085157 0.5242565597400781 0.560553516075547  738318.7137863686
0.027876677967638357 0.5196814591400929 0.5524719672453948  738318.7137876332
0.026984421452984447 0.5139496339151426 0.5385052796072821  738318.7137888249
0.02799370124722383 0.5083907962543214 0.5233485169422201  738318.7137900877
0.02931456076599308 0.5040513630149405 0.5120048823225759  738318.7137911036
0.031719533442988807 0.49806759899960473 0.49720678134754703  738318.7137922925
0.03386291341816675 0.49198870667628575 0.48752169601361117  738318.7137934269
0.03575077505238006 0.4864163426442425 0.48035523878571185  738318.7137946399
0.03694259717357606 0.4822961242352735 0.47104325933478813  738318.7137957514
0.036823535872629 0.47915851643138524 0.45950876485638364  738318.7137969071
0.035603924678704026 0.47677986312207177 0.4464382695449332  738318.7137980626
0.034371412297576384 0.47489571929337726 0.43107913776242623  738318.7137991018
0.03316352258275636 0.4732451798351588 0.4151957076482831  738318.7138003714
0.03184384728951853 0.4704919087993136 0.3964969302982324  738318.7138015279
0.03168598770615062 0.46590984262730967 0.38059788181719234  738318.7138026938
0.03263054980028618 0.45761800226148797 0.3635743992476731  738318.7138038939
0.034982747532139785 0.4461030734465829 0.34659576245725515  738318.7138050244
0.03704359178017405 0.4336647015826357 0.32900811827750603  738318.7138062982
0.03935330253273295 0.4219366843069691 0.31127212598958265  738318.713807314
0.04076605946630654 0.4114206994925657 0.29271690584015697  738318.7138085961
0.040409421102064656 0.4031169195283228 0.2767869695152466  738318.7138096321
0.037744213847852884 0.3963250680220294 0.26032079582849643  738318.7138107865
0.03242264214129569 0.3902243486156106 0.24031863869920067  738318.7138120631
0.028028540889511823 0.3872206991626941 0.22586238267885156  738318.7138132175
0.0239616910781001 0.38416033441833597 0.2116612972517276  738318.7138141874
0.019055105942712543 0.37962017116751806 0.19469415536305554  738318.7138154163
0.01471910426147429 0.3748936598180152 0.17823896969147096  738318.7138165748
0.010442548189383788 0.36982075348288423 0.16499362939518641  738318.7138177396
0.006072431629191196 0.363060473358263 0.15087242995199276  738318.7138190033
0.0015626749471795236 0.35574067641276164 0.13696408094767473  738318.7138202039
-0.0026857782387170685 0.34859571484704566 0.1218788128461347  738318.7138212079
-0.006747653011389047 0.34181425409837407 0.1028702058869678  738318.713822443
-0.00872241342994739 0.33519848171841954 0.08608207596629144  738318.7138237591
-0.008817399385607431 0.330113914113224 0.07524745109104733  738318.7138245555
-0.009177584294378772 0.3193828030171871 0.054655345428517736  738318.7138259723
-0.011153054594309087 0.31194162182122 0.04169150027729483  738318.7138270108
-0.01615010440733472 0.3054964802345595 0.031022037819195606  738318.7138281577
-0.024520674400138207 0.3045862328807683 0.022927484320888196  738318.713829428
-0.02938494503620616 0.30673146009167096 0.014507713457918174  738318.7138304684
-0.029447810674267227 0.3068381235138301 0.008810233054861541  738318.7138316244
-0.029862034213972075 0.3062292490645082 -0.0007157987694600225  738318.7138327787
-0.02967386843554793 0.3067844422926695 -0.0051057741761852005  738318.713833933
-0.029237485217159537 0.30737624913047984 -0.0065867397589020665  738318.7138350989
-0.02919594654943828 0.30737003137307994 -0.0066990274791182145  738318.7138362515
-0.029045512603597952 0.30750525204722967 -0.006846090504261828  738318.7138374059
-0.02889472631905188 0.30753509415117625 -0.006869598433977778  738318.7138386939