% wand_x wand_y wand_z  738339.4307744615
0.18773345683100814 0.04054548859615313 0.4820939370284041  738339.4307758454
0.18857600076136294 0.035018586048079045 0.47888150202363533  738339.4307768762
0.1858391913890712 0.033791378155498486 0.48475279058778475  738339.4307781629
0.18319737681350376 0.036738327419137524 0.497518896067227  738339.4307792017
0.18558854682728892 0.0386434904097521 0.502993278907887  738339.4307804692
0.1887247827317769 0.038432362829824304 0.5035752046983377  738339.4307815046
0.18724863013262766 0.03653896529683781 0.50193632872554  738339.4307827777
0.1802519270623231 0.03521759726026244 0.5027103912206559  738339.4307839492
0.17131234942349996 0.03504631843597984 0.5093014186370809  738339.4307849794
0.16188224594397618 0.03614808744020338 0.5203164162617139  738339.4307862642
0.15760943492995333 0.037514996274501736 0.5319689661067389  738339.430787294
0.1594348408397556 0.03781276049181013 0.5392841165507231  738339.430788569
0.16437594115288623 0.038178360445510914 0.541444362244064  738339.4307896126
0.1676797123349711 0.03873103252457322 0.5406693674386562  738339.4307907055
0.168965053652858 0.041381531328917774 0.5395119208292815  738339.430792047
0.16875482176686155 0.04317104907750634 0.5371510476759784  738339.4307930866
0.16834121073619102 0.0461292974108733 0.5249682305675335  738339.4307943551
0.17051206817910947 0.04452787983855189 0.5145120378129521  738339.4307953963
0.17512494427290443 0.04087064078949917 0.5103482281131614  738339.4307966427
0.17761456991716557 0.03556863367780879 0.5083807145284871  738339.4307978359
0.17698951573501703 0.032092428549690945 0.5054092547015145  738339.4307988661
0.17592871179737662 0.034130016056939196 0.4996222515363212  738339.4308000365
0.17471740050397497 0.04192479801646336 0.4967539801779989  738339.4308011832
0.16977413182627957 0.05050267184045048 0.5035332017710988  738339.4308024605
0.16437916364643734 0.0533588000804951 0.5111245244400798  738339.4308035026
0.16042257548964986 0.05348010778488622 0.5120912046180157  738339.4308047822
0.15862038016098576 0.05433353867501537 0.5100069613392431  738339.4308058051
0.1566572983460944 0.05680754167855881 0.5084417905747759  738339.4308070886
0.1549502454724895 0.05858428481930603 0.5084688295403638  738339.430808128
0.1519101395707231 0.06119652812977438 0.5089790433610011  738339.4308092832
0.14695405784408686 0.0655426020883438 0.5110611831532383  738339.4308104756
0.140472760207658 0.0717392330718142 0.5135236077366091  738339.4308116579
0.13417415749378062 0.08143440929541573 0.5154554399636373  738339.4308128101
0.12614776095363564 0.09481058956554668 0.5185405044520549  738339.4308139146
0.11536059547702374 0.11179397406711544 0.5287230227744063  738339.4308150712
0.10247244716621025 0.1287533469394406 0.5371030404523418  738339.43081635
0.09337799043887311 0.13959419580473176 0.5412673391049718  738339.430817386
0.08488226063728631 0.1453902942185241 0.5472668248014809  738339.4308186624
0.07901523776742543 0.14810388518900855 0.5446467007593933  738339.430819696
0.06665375891390786 0.16095040332277671 0.5370051311933826  738339.430820945
0.04301621108176335 0.18407959003416932 0.5428466128757572  738339.4308221276
0.021427674247704087 0.2025243494049223 0.5510434272651538  738339.4308231212
-0.008875879162226066 0.22958551060205903 0.556845627884368  738339.4308243943
-0.035404634095320485 0.2566121140337752 0.5558155504358945  738339.4308254981
-0.05600477579447067 0.28083032736924857 0.5490489504041558  738339.4308265721
-0.08142281984459616 0.30547530891147395 0.5395248465704817  738339.4308279195
-0.10479682958470471 0.31624286278942626 0.5316106567639022  738339.4308289608
-0.13004784725172755 0.3157032891142776 0.5225277391543459  738339.4308301756
-0.1546640374680855 0.3012026036803882 0.5000378593814557  738339.4308313992
-0.16715715964452568 0.2825031662673745 0.4872110096725784  738339.4308324392
-0.17332489127289724 0.2523835595432514 0.48382641076204713  738339.4308337198
-0.16927348234490297 0.22475230127461487 0.4795005250813925  738339.4308347498
-0.15887775517816952 0.18323229917821265 0.47231739077811785  738339.430836016
-0.15500180174593106 0.16607340673645754 0.467667301844896  738339.4308370657
-0.1448819259362041 0.15757229069752932 0.4588933171281019  738339.4308382336
-0.13134833957808095 0.1548647066036174 0.4576665332760628  738339.4308395052
-0.12379994731810012 0.15076732253603553 0.457554839924498  738339.4308405468
-0.12168895087842974 0.14229558160662462 0.4549022167848404  738339.4308418108
-0.12723951098383282 0.1405346452258601 0.4581557596726857  738339.4308428371
-0.13796081418115608 0.14300404889788765 0.4643120369477723  738339.430844086
-0.14400913734941476 0.14295515044412221 0.4686144864344787  738339.4308451613
-0.14943929554408414 0.13215636479179282 0.46969622094684393  738339.4308464021
-0.15141524693221312 0.11541074568088194 0.4710899034930991  738339.4308476088
-0.14433895889504902 0.10160915241785129 0.47436367276992747  738339.4308486445
-0.13376138964431786 0.08749768163165374 0.4768141122310092  738339.4308499186
-0.12458031888115735 0.07314567443953657 0.4732675932512465  738339.4308509612
-0.1192307879498364 0.06405661487220388 0.47394108549935543  738339.430852237
-0.1192765222521678 0.05766551744586386 0.47769121362440814  738339.4308532616
-0.11800064085553677 0.04779223313210927 0.48014944015886585  738339.4308545353
-0.11992739295045415 0.042417702773608706 0.48608453260242707  738339.4308555976
-0.11889610959197232 0.04047268333244497 0.4959446497037547  738339.4308567522
-0.11714668599666697 0.03821131423698048 0.5001778533031516  738339.4308580238
-0.1193632684072461 0.038146097318796514 0.5021123319391916  738339.430859048
-0.12311845811194573 0.03829125907876647 0.5053578684062725  738339.4308603177
-0.12294874955854945 0.03954053385249799 0.5017191821081213  738339.430861357
-0.11928906961055884 0.04757981753116355 0.5003018902464094  738339.4308626275
-0.11604008146923145 0.05451371837657274 0.495860032386229  738339.4308637953
-0.1134470606862711 0.06452556040336918 0.4890344041906279  738339.4308648986
-0.11447895244732852 0.07429366044956164 0.48087151556028807  738339.4308660282
-0.11757640308422067 0.07869069098308616 0.4761333467262228  738339.4308671653
-0.12930342112780044 0.08444680130058828 0.47854099605840494  738339.4308684143
-0.13718304698120956 0.08881192731326476 0.48417860729807854  738339.4308694557
-0.1447299811410207 0.09237773586078132 0.48449279975284665  738339.4308706379
-0.1568584435188374 0.09805536498390381 0.48723994557233963  738339.4308717959
-0.1682513316667836 0.0996364400205666 0.48769642265397944  738339.4308728641
-0.1822780844201517 0.09435318308856054 0.4820156838210956  738339.4308742282
-0.1921008921734263 0.08486762760305493 0.4812161596656042  738339.4308752537
-0.1990465952935616 0.07621931981122047 0.4816030021921392  738339.4308765379
-0.2016834730946048 0.07236943233123813 0.4808925031366659  738339.4308775712
-0.20560231885200242 0.06916071461000876 0.4795572169492738  738339.4308788328
-0.21188565051117622 0.06462122466496462 0.4816030139961813  738339.4308800047
-0.21828232285811222 0.05983094048832932 0.4826057210541758  738339.4308810516
-0.2264107451986403 0.05285972162574672 0.48086767374012146  738339.4308823196
-0.23271602521702073 0.044551409351517114 0.4800232755497006  738339.4308833467
-0.23997754177429365 0.03716918061975007 0.4772881622250223  738339.4308846064
-0.2474438029657547 0.03551583095068377 0.4773842537745978  738339.4308857895
-0.25153211546279486 0.0372811464807456 0.4748597448582366  738339.4308868377
-0.25488352815140314 0.044076982773874875 0.46928317960666693  738339.4308881172
-0.2601622502293486 0.050326749248616236 0.46475178909404  738339.4308891462
-0.2632017804675766 0.053691581089196624 0.4599754654195379  738339.4308904221
-0.26573458721362503 0.05741328740956148 0.4569185446463407  738339.4308914603
-0.2675462115822554 0.06450109677027524 0.45706519934625023  738339.430892745
-0.27010882680576215 0.07049725782104942 0.4590259659570677  738339.4308937738
-0.2875217880316956 0.07074742103751047 0.4636167443578392  738339.4308950481
-0.3025767883444644 0.06360784232677928 0.4721236631707929  738339.4308960642
-0.3133328606620089 0.04687920104768603 0.4796542073751335  738339.4308973638
-0.3132223913877346 0.03482924236580516 0.47930578542449953  738339.4308985273
-0.3164055963880725 0.028748082135594894 0.48075358322922  738339.4308995691
-0.32290889730016503 0.02438668033095429 0.4830536429935158  738339.4309007754
-0.3237536265328946 0.02345205414388221 0.4837115869449937  738339.430901886
-0.32305601128379846 0.02350846190844506 0.4785707877645581  738339.4309031572
-0.32511707393336997 0.0186189086986981 0.47542752430081425  738339.4309041937
-0.326744593334933 0.001519552324438127 0.47508068296857064  738339.4309054606
-0.33009613993824133 -0.014216159733895018 0.47195988250740206  738339.430906508
-0.3336737612182711 -0.038705918822428284 0.4685287148545258  738339.4309077472
-0.333608456415672 -0.06367428696088678 0.46419352183502743  738339.4309089498
-0.33732465802271905 -0.08175999379433581 0.4622889841562905  738339.4309099907
-0.34382594023194507 -0.0933100040504956 0.4620709790460866  738339.4309113114
-0.34794691724703886 -0.09909435209811468 0.4579883163534171  738339.4309122218
-0.3479623086375662 -0.10552726696780354 0.4552128145637329  738339.4309135794
-0.34646973157220506 -0.10413488286380941 0.45158634546336446  738339.4309146082
-0.33900417522807413 -0.09248167528305982 0.4439068989694004  738339.4309158894
-0.32387021765244123 -0.08615997083627579 0.43588034690121524  738339.4309169203
-0.3027359470861871 -0.09106121500959966 0.4313161832900934  738339.4309181352
-0.2872782374595217 -0.10095209239718649 0.43318897005244406  738339.430919214
-0.26285165327617516 -0.12313199412166705 0.43421740635453726  738339.4309204802
-0.24545215988526645 -0.15492174632195438 0.4361945018717202  738339.4309215524
-0.22912774721432363 -0.19647079639889617 0.4366590650599164  738339.4309227071
-0.23926628125904598 -0.21962601074384314 0.4378426869345114  738339.4309238797
-0.25127377666260975 -0.2292415789686966 0.4395980739135051  738339.4309250358
-0.2540626559065032 -0.23004478744669304 0.4422631756500861  738339.4309262993
-0.24183951733981207 -0.22758349318733187 0.4381420927980544  738339.4309272929
-0.2095104399470481 -0.21480123752865848 0.4334640770134426  738339.4309286076
-0.18502048614121763 -0.19650883437135677 0.4309661461913708  738339.4309296523
-0.17434178263148306 -0.18584478739535365 0.4332799050431397  738339.4309308928
-0.165537215598932 -0.17861206949437877 0.4390626613100277  738339.4309319671
-0.16479305446603326 -0.155050472529751 0.4414496517065008  738339.4309332368
-0.1738122897789902 -0.12601652808879618 0.44148334675286216  738339.4309342869
-0.19060384861439694 -0.08912589154815041 0.4421711655707348  738339.4309354424
-0.21964513507918632 -0.03528569073369718 0.4430566496521736  738339.4309367142
-0.24679582736481367 0.015535366807567539 0.4463428370904001  738339.4309377596
-0.3015822759646268 0.10732538795851554 0.45471094385130845  738339.4309390284
-0.35742270438744744 0.18218478399378488 0.4472962066610313  738339.430940201
-0.4211972274526628 0.2451010776975773 0.4303260738291899  738339.4309412311
-0.5002240945199928 0.3008683402957716 0.40618327282394856  738339.430942506
-0.5750175684988025 0.3374142087700736 0.38728406657549386  738339.4309434758
-0.6703237627025473 0.35987501399755556 0.38781315875196803  738339.4309448734
-0.7548498787798578 0.37295781038086173 0.40564202107375086  738339.430945858
-0.8250721544235374 0.3894959851120827 0.4151524617904475  738339.4309471336
-0.8811151612576383 0.4125442439305058 0.42770831666566156  738339.4309481721
-0.9378857628094784 0.4375782886752113 0.4427859597616313  738339.4309493747
-0.9787588523052567 0.4559028604215473 0.4322584555889912  738339.4309504878
-1.011356802151573 0.47093504706998796 0.4001969658643781  738339.4309517562
-1.0280815248289947 0.47509647846343417 0.3701167559534886  738339.4309527985
-1.0373157580272767 0.4711467373305791 0.3462687147997955  738339.4309539645
-1.0353634940557142 0.4693019429619714 0.3311624475540844  738339.4309552462
-1.028239933650654 0.47513273063363465 0.32758326664469717  738339.4309562143
-1.0156911222722023 0.4738927385686907 0.3241722761466939  738339.4309575608
-1.0094829354454857 0.46954749449190536 0.3239092254341624  738339.4309585915
-1.0041475826114261 0.4736271380318838 0.3241269134549928  738339.4309598124
-0.9979601955629868 0.4847194173120667 0.3210383794420536  738339.4309609003
-0.9927631311349009 0.4995247944120643 0.3182226892413816  738339.4309621655
-0.9903768336655339 0.5147737302309967 0.32748724555376174  738339.4309633574
-0.9857631256265617 0.5313916993385005 0.3421890254641036  738339.430964421
-0.9818604064058205 0.5535231450424685 0.3624433297904056  738339.4309656377
-0.9758625516721374 0.5785339787805257 0.37446603305801984  738339.4309668167
-0.9717418270472791 0.603801057295404 0.37630887632497034  738339.4309678586
-0.9653016154261731 0.6252210772220788 0.37086079714555803  738339.430969126
-0.9573631840810387 0.6410226355940276 0.35780795135949117  738339.4309701534
-0.943817526714352 0.649364427403239 0.342123293318048  738339.4309714097
-0.9259779182366827 0.648793354468953 0.33537900692966205  738339.430972598
-0.9116739877460792 0.649831973006158 0.3301559292529109  738339.4309736225
-0.9017745831839641 0.6610684411443595 0.3304015494748134  738339.430974901
-0.8908566969667663 0.671093097206365 0.33066682800817637  738339.4309760722
-0.8842906655223477 0.6792901239733318 0.33101760240818273  738339.4309770935
-0.8677625254307514 0.6899037695064165 0.33272916758784654  738339.4309783756
-0.8433767254358138 0.6931546468288696 0.3408807691046266  738339.4309795846
-0.8048609237175605 0.6984355590268424 0.345422357652152  738339.4309805704
-0.7388812030058235 0.7125541419590566 0.3506212511793859  738339.43098186
-0.6780428393729199 0.7296723262630412 0.35329124691994834  738339.4309828812
-0.607686207586511 0.7440621119289235 0.3621139239776166  738339.4309841646
-0.5385718545776553 0.7539133834364578 0.37296486261605005  738339.4309853585
-0.46568194653954154 0.7599903094774177 0.37104040175286584  738339.4309863646
-0.366983006618773 0.7522695414175106 0.3662131408228861  738339.4309875863
-0.27904244873875345 0.7396018990768963 0.3612570440175658  738339.4309886794
-0.167156305758663 0.7123078639325211 0.35730801602530876  738339.430989943
-0.08106087146852362 0.6809854696335251 0.3566560071062086  738339.4309911187
-0.01147069835519382 0.639005705637994 0.3644239061466426  738339.4309921659
0.054503107319860855 0.5671986224429695 0.38270344638770404  738339.4309934236
0.09026691874411512 0.5036377366039649 0.39755695741981706  738339.4309944545
0.12144878738271739 0.4235355702274142 0.41197699355529616  738339.4309955337
0.14198522177278533 0.3368105590337729 0.42206865224337997  738339.4309969094
0.15221940036677084 0.2832477428721512 0.4322840867734936  738339.4309979469
0.15508531292171426 0.2311522185494672 0.4512860197242608  738339.4309992213
0.15107071436693226 0.19445726512312864 0.46609076341865685  738339.4310002555
0.14352505216923986 0.14613347986200131 0.4673898281222687  738339.4310015332
0.1359456227262725 0.11284979460399246 0.4617532129130095  738339.431002572
0.1252554751049822 0.07009773466766384 0.45035679919039945  738339.4310038434
0.10916820523298948 0.03793818468996915 0.44550483131665924  738339.431004883
0.0920397475581417 0.012284839735458769 0.44136627257596556  738339.4310061227
0.07715655287800031 -0.005879407283149832 0.437807976102519  738339.4310072025
0.056396675055765115 -0.025500091641322654 0.43777505479052564  738339.4310084144
0.037767799006823456 -0.04013709829213282 0.4388907907816424  738339.4310096427
0.03198069158249681 -0.04943373731876664 0.43609816150832026  738339.4310106772
0.03067110220477368 -0.0609231678231223 0.4354232526112221  738339.4310119437
0.028542219729164518 -0.06418780862815555 0.43653926262182335  738339.4310129747
0.01758092144062721 -0.06129383135661664 0.43366254667019066  738339.4310142603
0.00827932553066318 -0.05803865209647359 0.43571244960402883  738339.4310152965
-0.008311570049362898 -0.06219761044782774 0.4353019348144762  738339.4310165622
-0.025384021459257278 -0.07613731632984166 0.4314752196820004  738339.431017749
-0.03765972032039689 -0.08592201152587567 0.43028018849342525  738339.4310187104
-0.05452946345885291 -0.08893024149084247 0.42953982636882654  738339.4310200477
-0.06983636348382605 -0.08512458657021738 0.4261386859568814  738339.4310212109
-0.0818600921640584 -0.07742962951463198 0.42368663878033613  738339.4310223759
-0.09746474691033133 -0.0694202846680153 0.4212499827576715  738339.4310233908
-0.11690391120927646 -0.06159728973142024 0.42181905579311924  738339.4310246672
-0.1335647534074162 -0.0571485391247997 0.4226214803156443  738339.4310258379
-0.14466713069103884 -0.05484595156053917 0.42217458695570576  738339.431026875
-0.1561048654450849 -0.056543286737125165 0.4233961254720072  738339.4310281632
-0.16611344072924444 -0.06391065267813852 0.42674621550835723  738339.4310291979
-0.1717294589430985 -0.07367069363772243 0.4289199956486431  738339.4310304603
-0.1754462005322776 -0.08562547570932547 0.4297127958861536  738339.4310316325
-0.17761311540947705 -0.09752122337965852 0.4305874189171723  738339.4310326761
-0.17680686766947845 -0.1113527170512844 0.43142087959619263  738339.4310339465
-0.1738927641222523 -0.1201611076820006 0.4294137945851497  738339.4310349838
-0.1702532748069057 -0.12555334912640906 0.42676047571843617  738339.4310362623
-0.16735823340892428 -0.12972752281060093 0.4258135658894274  738339.4310372802
-0.16510122050260004 -0.13467777302036937 0.42654797540216993  738339.4310384623
-0.16473221494947693 -0.13957816609716991 0.42822764973920807  738339.4310397198
-0.16556351519486245 -0.14333495269846985 0.4304868293616981  738339.4310407622
-0.16648846587662158 -0.14827676362266395 0.43287706992683234  738339.4310418399
-0.16774047176647788 -0.15555067345842513 0.43544352001591025  738339.4310432037
-0.16937112344521563 -0.16323365682145244 0.4384122408539774  738339.4310442486
-0.1705249464686564 -0.17230882832848005 0.441560410893545  738339.4310455314
-0.17030052218432118 -0.1788834329494639 0.44289589102225846  738339.4310465703
-0.16937768059315486 -0.18526473874789587 0.4433701340155247  738339.4310478345
-0.1691908807384333 -0.1894570450133331 0.4438559218171983  738339.4310488596
-0.16931345616853366 -0.19533966880405573 0.4439991741997229  738339.4310500356
-0.1686545768084762 -0.20181058375217373 0.44362254992379024  738339.4310513084
-0.16672342427397985 -0.20629953460987038 0.4428808188741048  738339.4310523468
-0.16274371467965898 -0.21572200019605825 0.442379084776776  738339.4310535258
-0.15903388911920086 -0.22648389569029045 0.44237496283220296  738339.4310546549
-0.15547311857719784 -0.23797453463768245 0.44081216429514103  738339.4310558593
-0.15354223468630532 -0.2503925889052557 0.44003308991830853  738339.4310569685
-0.15359357288881814 -0.26747957568870423 0.4418679723612256  738339.4310582416
-0.15273327379980764 -0.2780822729198203 0.44190279641231994  738339.4310592851
-0.1516822826653121 -0.2912724210724193 0.4410756099652094  738339.4310605279
-0.15232316665962872 -0.30007871604403374 0.4390358950164268  738339.4310617152
-0.15459236040360655 -0.30184229296208753 0.4378501324829881  738339.4310627551
-0.1568680848001193 -0.30029960371684106 0.4368682560299943  738339.4310639593
-0.15326459759153174 -0.28815099446824183 0.4318771967719418  738339.4310650325
-0.13001236796172289 -0.25773311761501433 0.42454278510666027  738339.4310662872
-0.08216653780299873 -0.21632103306167194 0.4148078823514687  738339.4310673901
-0.004759361026653509 -0.15837380127659534 0.3960739942112469  738339.4310686645
0.05922000730322757 -0.10816082953480399 0.37729825433239067  738339.4310697004
0.15472028115026581 -0.029961543259357782 0.3463903146026496  738339.4310709715
0.21337392577372355 0.022858210311557346 0.3264239123889349  738339.4310720139
0.27722231200786346 0.08214223565659706 0.3122196880883875  738339.43107329
0.31085788024525535 0.12005284301120553 0.31713137914752404  738339.4310744464
0.32825507816616933 0.152117345949116 0.3374222459335557  738339.4310755411
0.3455389984550811 0.1859226924515948 0.3625360181229467  738339.4310767688
0.3623533789897593 0.21632329684668308 0.3705041253565899  738339.4310777438
0.3924477272822333 0.2493916574333133 0.37345181195112187  738339.4310790767
0.415839541357573 0.2585153388820674 0.39468259290017926  738339.4310801163
0.4350467637342572 0.27672631726943425 0.426035400830366  738339.4310813907
0.44544636633162216 0.30119075782228144 0.4515042394737317  738339.4310824367
0.45450611781113176 0.3214241506735653 0.4653635728815354  738339.4310835889
0.4727709815309281 0.3363937375441732 0.4792303532029852  738339.4310848701
0.4917328825876921 0.3485341907626987 0.5008702097784555  738339.4310858541
0.5155607083224664 0.3660703742402524 0.5321290730684212  738339.4310871786
0.5274679492666184 0.38069478591893974 0.5539462352485814  738339.4310881601
0.5278613532678579 0.4022845194139397 0.5949061537401873  738339.4310895012
0.5161909888845726 0.41198370398877965 0.618413055985325  738339.4310905223
0.4681442375653478 0.4232004887653891 0.6543686427520206  738339.4310918002
0.4132503700452563 0.4289262756860838 0.7016090203633324  738339.4310928467
0.35336550474876954 0.4323522652722516 0.7705254119462317  738339.4310939396
0.30891860652629455 0.43522470309758693 0.8457772816623795  738339.4310952849
0.2991000108773473 0.43299155320839827 0.8683320970791307  738339.4310963078
0.30074561648399134 0.4275323326182611 0.8677085473981536  738339.431097601
0.3016284370109659 0.42240651155837916 0.8553660732660512  738339.431098621
0.3018714716764659 0.4167054946688834 0.8487318079828899  738339.4310998679
0.2981131448835142 0.41168109660941027 0.8565037465360896  738339.4311011084
0.29322445692063764 0.4113193819301592 0.8584441298376455  738339.4311021161
0.2895918376120562 0.4108179421400919 0.8491655602232394  738339.4311034256
0.2867682528812442 0.4089622340524873 0.8437284147230816  738339.4311044172
0.2920566514314795 0.4071146389463687 0.8344648524797648  738339.4311056476
0.30619889145084 0.4065577379991965 0.8158153679548256  738339.431106727
0.32830395946210716 0.41038032674230884 0.7869717584230296  738339.431108006
0.351193038024936 0.4112067384837865 0.7575934903937107  738339.4311091688
0.3750656895119597 0.40623330382364364 0.7318486484609856  738339.4311101967
0.3924960898368129 0.4025062486435121 0.7206610645528542  738339.4311114093
0.40510475850142313 0.39761851015815225 0.7143379740520815  738339.43111251
0.42032617355239626 0.39605517540971125 0.7044999422973541  738339.4311137903
0.4367465237924021 0.4015921528648819 0.6885124729493797  738339.4311149627
0.45308947058317933 0.4130070296190342 0.669629305413029  738339.4311159989
0.46296179159004924 0.42903721590139315 0.6581436109392267  738339.431117281
0.46514941072252475 0.447221785744367 0.6557747588735272  738339.431118308
0.46546553959453485 0.4708790678235668 0.6541158904238252  738339.4311195881
0.46484697516135876 0.48550398003136597 0.6502427358251965  738339.4311206251
0.46245954394009964 0.4929652038998121 0.6461283914664526  738339.4311217922
0.46172326766217076 0.4952463541784593 0.63891425543732  738339.4311230659
0.46226897780230464 0.4930165796491122 0.6302973348511854  738339.4311241054
0.464442063535976 0.4851380527771721 0.6170787161703519  738339.4311253699
0.46866453432435407 0.4752143580452624 0.606716873486322  738339.4311265289
0.4730488716473689 0.4680699669592919 0.5998266025772677  738339.4311275769
0.47874727864233413 0.4578492453754943 0.5903827203100765  738339.4311288535
0.4873182127066251 0.4451262396920781 0.5778413476724911  738339.431129884
0.49435035385272896 0.4336172699287506 0.5648500420421574  738339.4311311541
0.49789706372965825 0.42519938917025435 0.5545139286328158  738339.4311322061
0.499385083313598 0.4190919819642686 0.5492001215327087  738339.4311333689
0.500188886881875 0.41308968146885044 0.5461279667066102  738339.4311346395
0.5018966227131061 0.41129690581961137 0.5410124753532841  738339.4311356666
0.5051389975855383 0.41040172310982836 0.5322446437758278  738339.4311369078
0.5125766597072964 0.41226223033832665 0.5219868555818613  738339.4311381513
0.519534363287098 0.4144123323104877 0.5107419003757339  738339.4311391447
0.5288305625872005 0.4172232331200529 0.4892261756488028  738339.4311404214
0.5420376443027856 0.4229129381157071 0.45961433228389337  738339.431141461
0.5698286634081032 0.43653037884103063 0.4204127524715561  738339.4311427212
0.5986372791433148 0.44540876134242385 0.3916216490562834  738339.4311438918
0.6183864151585335 0.4466294814617194 0.3748620355812124  738339.4311449302
0.6386742388046813 0.4440841225947575 0.3559632776450824  738339.4311462133
0.6528834942330896 0.44268338014889896 0.34619541579851754  738339.4311472503
0.6541763424703666 0.43746641199602426 0.34662952544365183  738339.4311485104
0.6515476357042209 0.4301859973985298 0.34685522563988513  738339.4311496889
0.6549005176394477 0.4238557588758544 0.34345420764786894  738339.4311507193
0.6533225940009706 0.4150733393081236 0.34429114070044714  738339.4311519902
0.6391858606614662 0.4107905434069606 0.3561943143602703  738339.4311531836
0.620598402988611 0.4090839979597565 0.3740232534369002  738339.4311542799
0.5963485813623969 0.4050938257416399 0.4008346021150048  738339.4311554646
0.578405283127147 0.3987755475235191 0.42487527864685254  738339.4311565461
0.5628086564853326 0.3881504060038024 0.4558542211100086  738339.4311577765
0.5519981586126419 0.37233403984732616 0.47295863600722166  738339.431158971
0.539223902749885 0.3549459480399285 0.47230795083103916  738339.4311600229
0.5175946726690206 0.3297035969583696 0.4654181917272422  738339.431161256
0.48671836456498446 0.3007635374711759 0.45807742424408865  738339.4311622892
0.45388925299124333 0.2723437770613325 0.45305081847320766  738339.4311635012
0.39929827007548635 0.22886728656555222 0.4449530165519346  738339.4311647665
0.3519939709887 0.19445689315421066 0.44104938557819573  738339.4311657713
0.2960787465159517 0.15327172056145266 0.4417980393877466  738339.4311670427
0.24054334238740976 0.10974192153686739 0.44742564130787876  738339.4311680675
0.19107978864592037 0.06929154778199358 0.44665651740311224  738339.4311694121
0.1492169032629701 0.035484685006662686 0.44784880115856035  738339.4311703908
0.11427596122590139 0.009350026179335008 0.45104683445390126  738339.4311714756
0.08047735253783095 -0.013451992445626637 0.4537581233637827  738339.4311727308
0.06059673656867178 -0.028257288158588623 0.4548756025176952  738339.4311738207
0.03708176102581496 -0.04382584946643367 0.4552493321816591  738339.4311750819
0.01874222800090331 -0.05362785300091188 0.45973698479958836  738339.4311761827
0.006493464614612463 -0.06952014225727592 0.46552630596742717  738339.4311774549
0.004958441420565672 -0.07728111830442608 0.46949833047306827  738339.4311784774
0.013591780276348102 -0.08181120885825914 0.47603464786863  738339.4311797678
0.03585607659579981 -0.07862144688442518 0.480888450737691  738339.4311808116
0.07464882506052303 -0.06584116036551557 0.48557507550536605  738339.4311820859
0.11518034007631407 -0.05157471817713019 0.48845264811632244  738339.4311832482
0.16400460136377934 -0.033043059946638614 0.4865751332239515  738339.431184295
0.23152024536575705 -0.006033229999908394 0.47708051414806857  738339.431185566
0.2888478959359266 0.019304747738197774 0.4687949586025899  738339.4311866019
0.3571780649949166 0.050427931314695015 0.4588372692171948  738339.4311877728
0.41124019908280274 0.06911102487570685 0.44902771820354975  738339.4311888685
0.4707884581745537 0.07756380904739549 0.4373443080860748  738339.4311901894
0.50614201353251 0.07324890739373846 0.43442931339854995  738339.4311912158
0.543371138592551 0.06483447250025942 0.4348801509198275  738339.4311924888
0.5744728680944909 0.06138402325917175 0.426944444352066  738339.4311936754
0.6054672989764611 0.06324156332247953 0.4120960015238261  738339.4311946979
0.6288842939021434 0.06935173934184306 0.4025532714220915  738339.431195966
0.6328359561733338 0.07841276793100112 0.4084403887391141  738339.4311970164
0.6241692810663771 0.09088738485956308 0.4238007654087067  738339.4311981739
0.6089187790476505 0.11218028661211525 0.4424525588473845  738339.4311994435
0.5971998311201436 0.13166464174754822 0.45746969612858984  738339.4312004787
0.5937065618464759 0.1554858846549813 0.47651450803515477  738339.4312016474
0.6018263614026859 0.17441800912923788 0.48334583060030367  738339.431202921
0.6178065113645258 0.18782737673178113 0.47315060105761153  738339.4312039454
0.6323535570194979 0.20030872490833815 0.4631740386326099  738339.4312051237
0.6364211840511178 0.210391909534993 0.4649877524976475  738339.4312063899
0.6356016469848212 0.22278629161769925 0.4700892473680332  738339.4312074155
0.6372434128382033 0.23773543518946805 0.46776334339991404  738339.4312086904
0.6351297840398866 0.24949783841321038 0.46720158183472166  738339.4312098684
0.6298355360903146 0.2583592543573194 0.46940302067731926  738339.431211055
0.6222153044949775 0.26183185679334237 0.47636116631698106  738339.4312121634
0.6129891440111573 0.2635882329741131 0.4878003791279015  738339.431213376
0.6061411524202744 0.26589222627944803 0.5047596483770334  738339.4312143698
0.6014276788153154 0.26963284260943765 0.5285258959941721  738339.4312155385
0.5999036553154704 0.2689397570828269 0.5576044027301114  738339.4312168163
0.5978036372211529 0.2671646184730047 0.5734070773934217  738339.4312178345
0.5931718873124974 0.26753844833424834 0.5867814757304645  738339.4312190113
0.5880166713111742 0.26883532770964774 0.5961809219279947  738339.4312202856
0.5847643267706804 0.27231317787536474 0.6024265337272376  738339.431221357
0.5849108960842542 0.27374751307626133 0.6038024067810697  738339.4312225991
0.5892600980890215 0.27290923227066827 0.59904986744109  738339.4312236418
0.5966198121879944 0.27001131734121886 0.5931344588929407  738339.4312249152
0.6030259662031077 0.26527118705657005 0.5915332422973362  738339.4312259367
0.6065069653103108 0.2579720172316445 0.5911940426124969  738339.4312271491
0.6070206353363665 0.25026310772307797 0.5952225030598122  738339.4312283893
0.6038907754595098 0.24294494238975703 0.6056958038429633  738339.4312294109
0.5957508786425411 0.23881354147200645 0.6245885270719234  738339.4312307017
0.5830693034279589 0.2367419457457345 0.651436810886531  738339.4312318516
0.5721714561322425 0.23729278590599046 0.6699451749324591  738339.4312328942
0.5598111639560439 0.2376250660313033 0.6809036251883764  738339.4312341656
0.5485587515059328 0.2375717517418935 0.6957354999451971  738339.4312353554
0.5415438896591943 0.2320506068923697 0.7177118223394013  738339.431236364
0.5367629073254038 0.21801830261279856 0.7484811189132065  738339.431237634
0.5373780725444208 0.20992001952103417 0.7685638102058323  738339.4312388024
0.5389981876938758 0.20683892386660716 0.7820901954418286  738339.4312398394
0.5407976456290031 0.2087819118756093 0.7930258884228768  738339.4312410227
0.542564890196797 0.21014948484933538 0.8069388955542482  738339.43124214
0.5473794307931564 0.21142631576958798 0.8176418132742815  738339.4312434223
0.5569203085372211 0.2106515153566325 0.8266522054731956  738339.4312446137
0.560385250401696 0.20959490117305538 0.8386347615723306  738339.4312456232
0.558378383348687 0.20720425640845222 0.8439957602390736  738339.4312468956
0.5515834148911589 0.2055481684485034 0.8510149724522142  738339.4312479252
0.542635272523341 0.19648036921144335 0.8653719138870598  738339.431249096
0.535897455920825 0.18053364199533248 0.8812621358114966  738339.4312504064
0.5322636559788719 0.17061400555494058 0.8899479529463226  738339.4312513984
0.5325407159327349 0.1663110859501375 0.8897364832650446  738339.4312526733
0.5328120812876955 0.16324744958419798 0.8861865757477165  738339.4312538751
0.5352624182642488 0.16455677388626205 0.8771588105244742  738339.4312548748
0.5364911163478989 0.16836496622383784 0.8622202514509577  738339.4312561486
0.5320987657355579 0.17175511648022196 0.8473489279992569  738339.4312573246
0.5288608350953795 0.17170957022898006 0.8413237563427263  738339.4312583574
0.5238468487187802 0.17080476732353458 0.827356844379351  738339.4312596339
0.5187748386688017 0.16788166918643085 0.8105533843588391  738339.4312606618
0.5133467100330725 0.1608993293773169 0.7922566761737434  738339.4312618738
0.5080448896154378 0.1505693399357419 0.7812158861937295  738339.431263103
0.5021187099388145 0.14466604521974047 0.7887966941410014  738339.4312641362
0.49384627496939404 0.14146833171032638 0.8053775477850501  738339.4312653074
0.4871563508032273 0.14489993736664097 0.8152250783942736  738339.4312665813
0.4830465234328801 0.14855315420182602 0.8296275785045067  738339.4312676202
0.48272623236723666 0.15025515815933688 0.8660541538197422  738339.4312689193
0.47434387886422336 0.15765273714461375 0.9095789952414667  738339.4312700935
0.4465762620681961 0.17014293339694994 0.9490164146437399  738339.4312710054
0.39105091012750876 0.19782335588286717 1.0139217178798587  738339.4312723709
0.3453954235180503 0.23461496144816893 1.0643599715874512  738339.4312733983
0.33571415228736096 0.279289657143959 1.0958588223143457  738339.4312746732
0.34721579712330575 0.3099532780333507 1.1005431130414705  738339.4312756964
0.358769511831524 0.35689541433479555 1.0886718601124823  738339.4312769797
0.35796731624112405 0.3859299962200807 1.078213376416778  738339.4312781589
0.3645105700024382 0.4016846447585138 1.068377758941764  738339.4312792801
0.3738757583137174 0.40727786199256516 1.0320887876569085  738339.4312804813
0.3889880054950264 0.39661417958388245 0.972437478634442  738339.4312814936
0.41061818979112646 0.35685777725601975 0.8697662762597828  738339.431282786
0.4205567567271597 0.31466319003704724 0.7722151306795424  738339.4312838053
0.4352046650648964 0.23067506482086467 0.6309760610491094  738339.4312850885
0.4406002662758926 0.1627379508647894 0.5575472356120373  738339.4312861299
0.43267007247254285 0.08601452446814543 0.5030982880198295  738339.4312873018
0.41171496871201985 0.010409514353960024 0.4672708477580328  738339.4312885766
0.38308491389412636 -0.04285214236313394 0.4515008316907177  738339.4312896117
0.33656326894172256 -0.08169234672817655 0.4410651918005755  738339.4312908913
0.279518018725926 -0.09845326223963605 0.4358616718203461  738339.4312919249
0.22756926721128412 -0.0975629933892527 0.43904622538742205  738339.4312931955
0.18206297052955692 -0.0897729455638088 0.4425580824929884  738339.4312942399
0.14533016580302494 -0.0712343492942436 0.44939745033359624  738339.4312955139
0.11943460727284694 -0.05219767681761517 0.45026008193823297  738339.4312966084
0.09286374448106037 -0.029005884220783457 0.4527672018246709  738339.4312978252
0.0789330874738246 -0.01765716824309824 0.45426746086877645  738339.4312988358
0.06475756617749934 -0.00349360740585941 0.45666336159892323  738339.431300143
0.0549872505444513 0.002277356712752048 0.4527534372611536  738339.4313011704
0.04047520195966514 0.003676498510685298 0.44422216340156107  738339.4313024173
0.021536437874095857 0.002558046444958622 0.4346416619006051  738339.4313034997
-0.0015392926174319188 0.008733929152262081 0.4302206451511545  738339.43130466
-0.03166141548007089 0.017214413396516682 0.42780813253624267  738339.431305938
-0.050960360566492925 0.02041982755246047 0.42485548189367944  738339.4313069744
-0.06516316005823039 0.019488868195584153 0.4190956713640293  738339.4313081785
-0.07499088338252165 0.022212784330131824 0.41702855153427454  738339.431309269
-0.08575564724262012 0.02743541425942925 0.4180687887948317  738339.4313105149
-0.0950604592542824 0.03062959415310929 0.4158983099915453  738339.4313115977
-0.10031460829109193 0.027328674776788214 0.4129895472232565  738339.4313126779
-0.11172543102941532 0.018691152625179595 0.4105039373496856  738339.4313140267
-0.12645168850158192 0.020360188976101007 0.41683997595442407  738339.4313150675
-0.14155698571078018 0.025961116210040967 0.4229791129856259  738339.4313163285
-0.15735352797051272 0.02782183573102436 0.4242289340485093  738339.4313175082
-0.16807986129381722 0.0314197373536225 0.4258978657567806  738339.4313185379
-0.18348464874283116 0.03990526049638753 0.4319516921447998  738339.431319819
-0.18998926197609126 0.04989951691540444 0.4355173870127511  738339.431320854
-0.1866922561658682 0.05664688940866594 0.4332266236092101  738339.4313221325
-0.18376528018424862 0.05862359589264262 0.43091300819607337  738339.4313231687
-0.18298355307866082 0.058600955292478066 0.43362189306614407  738339.4313244476
-0.17935174652036978 0.05074636983604507 0.4343698816147549  738339.4313254837
-0.173004705319562 0.038005517102182605 0.43498050673431654  738339.4313266451
-0.1683551009929151 0.01943764941276234 0.4414839957767868  738339.4313279198
-0.1729713725090959 -0.0019498444415713156 0.4477674085007545  738339.4313289549
-0.18041096550383673 -0.01837101164815578 0.4523645131270719  738339.4313301813
-0.19033686932686697 -0.020862228082151824 0.45765134690132303  738339.4313312733
-0.19515072337432907 -0.014856339132974135 0.46119987973233223  738339.4313325469
-0.1886480590569903 -0.01085817185308491 0.4607752437058864  738339.4313335865
-0.17759526245046112 -0.010520160741344525 0.4560452955355484  738339.4313347586
-0.16600941622555115 -0.0060133724439488615 0.4548741466302584  738339.4313358904
-0.14741219833060912 0.005743683130398427 0.45795473841829665  738339.4313371677
-0.12684045045534817 0.010634425392477435 0.454810368900731  738339.4313383426
-0.11205536174406819 0.020410436314446917 0.45244244215075835  738339.4313393732
-0.10504701578204784 0.0531830445077942 0.4580808409893908  738339.431340646
-0.10295711815591035 0.08139215504816152 0.46239106525957985  738339.4313416732
-0.1004001681470306 0.0962279357615172 0.4609209893789239  738339.4313427524
-0.0874466948619241 0.08679154243934294 0.44802581877382475  738339.431344003
-0.05746440085357153 0.05566693202339865 0.4284599081972648  738339.4313452522
-0.01769564024665501 0.023181883195630835 0.41075993728306903  738339.4313464327
0.014181639845530452 -0.0038665414517365625 0.40094902375301206  738339.4313474747
0.052392141083649875 -0.04258203672277307 0.40095541450552946  738339.431348747
0.08776503347139974 -0.07661249567347893 0.4010157452785774  738339.4313497952
0.14040425901331804 -0.11871738062071625 0.389063125742276  738339.4313510159
0.20494912748390168 -0.15680378485632 0.3712882499078146  738339.4313521044
0.26428833936830304 -0.1934943404801807 0.36098538366147914  738339.4313532736
0.301118226148742 -0.23117933791198703 0.3597570507749929  738339.4313545487
0.3172643396938852 -0.2470366222298646 0.36401088973419005  738339.4313555906
0.32579674818746546 -0.25415502536998713 0.3688257630615667  738339.4313568478
0.3344519533138688 -0.2524017059100959 0.3808146001012821  738339.4313578866
0.3426386998492787 -0.25507218886698324 0.3919351562980226  738339.4313591679
0.35068368005193074 -0.26003835830988403 0.3976705540914119  738339.4313602068
0.35788013764784704 -0.2637202290999993 0.395906456237927  738339.4313613732
0.3572101917275871 -0.25775380672830644 0.3889584652185711  738339.4313626449
0.35083549707436673 -0.24793770771711734 0.38535214737875867  738339.4313636742
0.33448126970449693 -0.23549375688330315 0.38302032506048633  738339.4313648787
0.3031820284928109 -0.2238318052701659 0.387543876063912  738339.4313661533
0.2782177301970989 -0.21565541129313925 0.3908212617915059  738339.431367145
0.2436326637554447 -0.20449503842411362 0.3925254715651881  738339.4313684257
0.20847783467969166 -0.19109117911395634 0.3928198713838427  738339.4313696172
0.183117206366795 -0.17943717929276162 0.39269679554870107  738339.4313706914
0.14617305655531881 -0.16507344132742266 0.3949239774354149  738339.4313719025
0.11281608892262279 -0.152367682704784 0.39736775372133726  738339.4313729379
0.08154649411461824 -0.13868381707292893 0.3982076339488031  738339.431374213
0.05613068624139849 -0.1248627072902828 0.3984101227719605  738339.4313752486
0.024274157943459065 -0.1069596519790359 0.4000961167756238  738339.4313765293
-0.0033759235522052245 -0.08770776352076243 0.40579841635283437  738339.4313775757
-0.02746922073849962 -0.07118066400146092 0.41223606075600644  738339.4313787243
-0.0506393861807888 -0.06180224581255719 0.41736904492324667  738339.431380012
-0.07064044204739893 -0.05287379094923518 0.4228176668317735  738339.4313810401
-0.08919256331834989 -0.04400187813156169 0.4255802363904489  738339.4313823096
-0.09935286420819955 -0.039460695826989765 0.4260900076700267  738339.4313833582
-0.11372952268913052 -0.03393093702648996 0.4263403686969088  738339.4313845447
-0.12730677891397318 -0.025916807214070667 0.43084386459803464  738339.4313856667
-0.14231547395346686 -0.01753994249359756 0.4372550421588922  738339.4313869331
-0.15998070997377875 -0.010221576343477846 0.4429082055609776  738339.4313881118
-0.1735483408716926 -0.0050304493372910885 0.44846288698755304  738339.431389145
-0.1871158086879579 0.0005314343072283217 0.45042766428640296  738339.4313904177
-0.1951312318338778 0.00723044933301968 0.4498357950886178  738339.4313914524
-0.20350807226915973 0.017826131657931208 0.45017691977043  738339.4313927365
-0.20933052825319154 0.024220430300406538 0.4495807411286578  738339.4313939007
-0.21345667860941395 0.02769062523342432 0.4494515085622629  738339.4313949406
-0.220049263009189 0.038045930195548604 0.45087036977540385  738339.4313962116
-0.22602867468148263 0.048669745265065234 0.45077559817826157  738339.4313972312
-0.23453872247249616 0.06554614353694607 0.4524403033692992  738339.4313985276
-0.23870306181748205 0.07655480347678459 0.4536772017846402  738339.4313995609
-0.23468501005634654 0.09043193388728613 0.4531955671974161  738339.4314008367
-0.22500297720319348 0.09627355506381056 0.4511108826690593  738339.4314018721
-0.2078993873519391 0.10111113303467832 0.4466471885638562  738339.4314030337
-0.1913230443853924 0.10642675860972083 0.4448257146369249  738339.4314042447
-0.18019795775935032 0.11163689584177389 0.4449047369085756  738339.4314053147
-0.17531022964624093 0.11052329067219226 0.44619362209607505  738339.4314065696
-0.1771574755443698 0.10589981588615872 0.4441054245148926  738339.4314077874
-0.18378200369963807 0.10333053443527562 0.4414080064565068  738339.4314087371
-0.19968731169536455 0.10036875525740174 0.4378597212786723  738339.4314100993
-0.2146175922016092 0.09392938895235606 0.4354029354178209  738339.4314111387
-0.23300679059873058 0.07833277390656088 0.42703110148562634  738339.4314124059
-0.24357005641330215 0.06229884426674642 0.42136666758905733  738339.4314134503
-0.2409302567907257 0.044391816461534776 0.420597022139162  738339.4314146771
-0.2352146044541315 0.02173016975207856 0.4140188056326017  738339.4314157623
-0.22822478841163407 0.002173499995646859 0.40997918379333337  738339.43141701
-0.21770498674469696 -0.01650184009215844 0.4080704297624342  738339.4314181977
-0.2036799189943805 -0.036703569546890503 0.4051352381499972  738339.4314193379
-0.18355767417091767 -0.06673666876913537 0.4023501576923273  738339.4314205653
-0.1585155119361014 -0.09469307731886385 0.4032763958128669  738339.4314214919
-0.1173303246158647 -0.13545571778677548 0.4082671207426766  738339.4314227412
-0.0743435773780414 -0.17670137786388634 0.4105048110244923  738339.4314239207
-0.008115208701573179 -0.23600496042860936 0.40608565659156937  738339.431425137
0.05185985152787051 -0.27759508782286324 0.4014031198328409  738339.4314261765
0.10904648360828463 -0.316434353096363 0.3938055543793843  738339.4314273461
0.16648297424036226 -0.37034330610534827 0.38468622749250403  738339.4314286045
0.19728958437899677 -0.42238574964925335 0.3881116155355992  738339.43142962
0.22716932685982527 -0.49959329319840845 0.3978044169635014  738339.4314309247
0.24702478667101363 -0.56870032982747 0.4118583867911399  738339.4314319674
0.2640002440288978 -0.6405422348577551 0.442014517836541  738339.4314331376
0.2939902197914644 -0.7011004281510843 0.4735645599766623  738339.4314344067
0.3198420484582068 -0.7385026715858208 0.47972694083347694  738339.4314354351
0.3657254416810033 -0.784653096147335 0.47316496793274115  738339.4314366409
0.4207949181167327 -0.8143241962729223 0.4622498516748829  738339.4314377529
0.5199703037970218 -0.8692528457861983 0.41381131632139784  738339.4314390301
0.5884790272233835 -0.9274152260070461 0.3603399511660258  738339.4314400575
0.653542711814826 -1.0361395943156737 0.32626763286154375  738339.4314413265
0.6727412124534169 -1.1128076711323347 0.32378210627649956  738339.4314425057
0.6857521484262872 -1.1666886531937435 0.31785830168661083  738339.4314435386
0.7144024670627085 -1.2318115685884417 0.3098908220639264  738339.4314448567
0.7431745541465556 -1.278314252324994 0.30550160704411744  738339.4314458461
0.77339732996324 -1.3298907969951743 0.3111430219162538  738339.4314469298
0.802611218151434 -1.388190291257816 0.3366740364499907  738339.4314482919
0.8174853946137707 -1.4482643314292691 0.3707658448222958  738339.431449314
0.8360162530251286 -1.5399805150573393 0.39393570771758346  738339.4314505892
0.856568072939434 -1.6033016279712737 0.3780573849176446  738339.4314517592
0.86910194999444 -1.6667120403498286 0.3599887355547526  738339.4314527952
0.8796670022590908 -1.7259449876569515 0.34558830016042846  738339.4314540768
0.8938574398537891 -1.777970443703298 0.33004908383573295  738339.4314551019
0.9066436847067963 -1.8166306680684423 0.32052126258573116  738339.4314563111
0.9265694825652278 -1.8564209187130172 0.3105071591328442  738339.4314575779
0.9396039585221522 -1.8768822175655657 0.3036041562907867  738339.4314585709
0.952994575419556 -1.8978258773920378 0.2977071872662961  738339.4314598553
0.9615644468417117 -1.9080429556718754 0.2934145178025539  738339.4314608956
0.9671344714361004 -1.9185085704152436 0.29282886351117793  738339.4314620652
0.968011151072131 -1.9258487358453287 0.29223011242239594  738339.4314633402
0.9648753855323652 -1.9323087637182452 0.2887942357697691  738339.4314643632
0.9564400382983583 -1.9413767673283042 0.284643383549007  738339.4314656408
0.946421075512447 -1.9523119058526217 0.28278841750865097  738339.4314667995
0.937644011209824 -1.9590391947855081 0.2802968925069546  738339.4314678385
0.9258486358031648 -1.9677824122534198 0.2766867626100649  738339.4314691143
0.9216530902079229 -1.9723500105272 0.27478893443977337  738339.4314703206
0.9216446427407707 -1.9748760544181587 0.27361104918631934  738339.431471365
0.9244475863649104 -1.9744912726931754 0.2725010185473775  738339.431472497
0.9309136482851532 -1.9728671072091288 0.27026322389495766  738339.431473632
0.9377218445910033 -1.9697529954689073 0.26929700905312115  738339.4314748938
0.9429903324372008 -1.9676863969402618 0.2690136489295563  738339.4314761051
0.9453672238807667 -1.9662576701804062 0.2693564813386036  738339.431477123
0.9456425024332712 -1.9671203508690065 0.2684776663071592  738339.4314783813
0.9424432835432307 -1.9707562594522399 0.2668241610556272  738339.4314794086
0.9379280734629651 -1.9749918660210823 0.26581879099203853  738339.4314807014
0.9309597646738753 -1.9816924358620214 0.2640808370888023  738339.4314818446
0.9256936040894244 -1.986010754833001 0.262501382985721  738339.4314828889
0.9223773347008583 -1.987536687646057 0.26277262130496964  738339.4314840432
0.9208149104743684 -1.9878727010538142 0.26241030962766465  738339.4314853245
0.9224111263732412 -1.9872565864539935 0.26071904736774676  738339.4314863634
0.9268954096220603 -1.9885443123596938 0.260628492003432  738339.4314875293
