% wand_x wand_y wand_z  738331.7287460314
0.6195843596942161 -0.6969387561092518 0.6285884868543182  738331.7287473034
0.6195838105755277 -0.696343670482724 0.6286077361799254  738331.7287483787
0.6194561621502008 -0.6945662505586297 0.6292486878408978  738331.7287496327
0.6183295923194282 -0.6928888009961708 0.6297223360443879  738331.7287507162
0.6159293586178495 -0.6904672772747754 0.6286591835140939  738331.7287519858
0.6139574758516859 -0.6883957032866292 0.6278271279338768  738331.7287530494
0.6137274990207698 -0.6855581037154667 0.6264791200911544  738331.7287542977
0.616643821861435 -0.6815658688354672 0.6252879521806719  738331.7287553699
0.6235920354875725 -0.6739514685780232 0.6256712973390808  738331.7287566303
0.6307558847160528 -0.6650479043765837 0.6282445881916224  738331.7287577023
0.6386867592245478 -0.6520203227399887 0.6320867049312  738331.7287587983
0.6465478631916586 -0.6342826606073451 0.6349910454530021  738331.7287600379
0.6533816829727134 -0.61295481355357 0.6378148556574532  738331.7287611222
0.6587666835436349 -0.5795106848015518 0.6423686653182918  738331.728762377
0.6594428668618226 -0.5426861859721351 0.649967606704138  738331.7287634638
0.6583176289167978 -0.5055965300494335 0.6587947540844081  738331.7287645717
0.6551996421632317 -0.45596222607693315 0.6684125499562206  738331.7287658263
0.6504522135817947 -0.41254636004871237 0.6756008803178237  738331.7287668932
0.6415936888433041 -0.3582595411096584 0.682258862555479  738331.7287681634
0.6338073304853488 -0.30798772184208356 0.6835363003735777  738331.7287692521
0.6296029925365584 -0.25335132429818125 0.6740358619902856  738331.7287705197
0.6286484654360557 -0.2075953888200509 0.6662460241681882  738331.7287716041
0.6287217132714954 -0.1556011024667999 0.6621097134364811  738331.7287726969
0.62987378357601 -0.10397578719677368 0.6594133821150547  738331.7287739407
0.6312361629287127 -0.05308005343520588 0.6591218375248873  738331.7287750131
0.6335218565890647 -0.006851701151386532 0.6644301805078975  738331.7287762745
0.6346331913835548 0.03768352881592655 0.6693739598945049  738331.7287773434
0.6346272484117138 0.08480241399500296 0.6689396073474416  738331.7287785939
0.6339558130830404 0.11914574165428676 0.6668319345369678  738331.7287796654
0.6306344626628126 0.1687403409185929 0.6641001742212433  738331.7287807738
0.6258629522329459 0.21570177103853147 0.6669077717223777  738331.7287820369
0.620654099318077 0.2623001534317803 0.671833291079861  738331.7287831228
0.6175495263755004 0.3071057490692075 0.6768736139186677  738331.7287843863
0.6143287189607742 0.3534179448091364 0.6838983605641916  738331.728785469
0.6124363198678261 0.3977101872767651 0.6944476231502722  738331.7287867167
0.6124248660447651 0.43867221348306373 0.7064760626684854  738331.7287877944
0.614741318490837 0.4789820811626158 0.7176121057393068  738331.72878888
0.6188133720737318 0.5189850420972463 0.7239878299702037  738331.7287901517
0.6240903755122768 0.5599768341849268 0.7256794178681936  738331.728791222
0.6276902053835633 0.6075149610429961 0.7254605687414639  738331.7287924717
0.6303912530804314 0.6468077330904869 0.726096593173164  738331.7287935538
0.6342815601801465 0.6940960745198376 0.7270396870785542  738331.7287948286
0.636994270011314 0.7297323016331491 0.7288770212938177  738331.7287959195
0.6400045546669823 0.7639529692667452 0.7285806830930569  738331.7287970019
0.6404733958578007 0.7925736312398503 0.7253437003157502  738331.7287982854
0.6386949748843997 0.8120809350150737 0.7248577612773949  738331.7287993699
0.6356002113134462 0.8213025298948569 0.7256319005144504  738331.7288004494
0.6293344474874021 0.8223281844619222 0.7236304212029094  738331.7288017254
0.6226508001287311 0.8156121172293508 0.7191030592089008  738331.7288028128
0.6102172333645542 0.7978841818592178 0.7111804361574042  738331.7288040508
0.5963675319124468 0.7778644836107222 0.7039326060474497  738331.7288051513
0.5717015259029089 0.7470967869122879 0.6951055467466312  738331.7288063928
0.5455888885610496 0.7172232015986324 0.6870581346657361  738331.7288074883
0.5112144012112085 0.6812254175660208 0.6758998219558864  738331.7288085546
0.4722016485546644 0.6418219990746556 0.6616682941594851  738331.7288098172
0.4301855620890086 0.5980825067196933 0.6513956257805444  738331.7288108947
0.3845914297686075 0.5503981715869565 0.646190463244426  738331.7288121477
0.3408663119123338 0.5050728556770722 0.6430748505065897  738331.7288132173
0.28021292155836053 0.4451222516693524 0.6410386556491491  738331.7288144864
0.23580231460382906 0.4033829840643841 0.6378710959564288  738331.7288155574
0.18901669057488799 0.3610577915825319 0.6297502075924876  738331.728816657
0.1467198654979605 0.32202898009099373 0.6207328928670226  738331.7288179316
0.10925347649354515 0.28849304403932097 0.6152070499932727  738331.7288190017
0.07769560626873001 0.2555792144167182 0.6092028808696379  738331.7288202548
0.058344654270219565 0.2314087090485174 0.6061255121156452  738331.7288213437
0.04136737360333029 0.2060083648668704 0.6046443428406841  738331.7288226177
0.03409601918461666 0.187172471200854 0.604660509276486  738331.7288237052
0.03165393606185271 0.1640367571255968 0.6056417196685783  738331.7288247955
0.033839688485071476 0.1412228708896312 0.6079437383365714  738331.7288260647
0.03859720602930906 0.11931589679680542 0.6043606593086723  738331.7288271334
0.04969702717418471 0.09879896694878332 0.6008149567263502  738331.7288282411
0.0626429389987013 0.08518853522800354 0.5990327024639965  738331.7288295015
0.07175036632087456 0.07452360236930751 0.6055795700868729  738331.7288305772
0.07581558773454804 0.06932639786464151 0.6204916216430729  738331.7288318403
0.07348125089993948 0.0642447976671149 0.6284589590110211  738331.7288329282
0.06882983774603853 0.0548443724243122 0.6361981736720631  738331.7288340183
0.06440497336165286 0.045186152989945286 0.6560390773586091  738331.728835288
0.057041729522404 0.03691924697465609 0.6817851802900644  738331.7288363563
0.04711658845070761 0.0342012858601046 0.702447993900489  738331.7288375925
0.038152030393790025 0.04076610688056524 0.7339333891854483  738331.7288386674
0.029602378243158967 0.058297250342399375 0.7875228981202647  738331.7288399204
0.021592487634291085 0.07925606128452853 0.8614147944847182  738331.7288409856
0.01570792523262312 0.09311259920806446 0.9462727751235713  738331.7288422481
0.014089077216293915 0.10220817527405013 1.0343870135486717  738331.7288433326
0.0174373572698391 0.1071404774823624 1.1186358787051274  738331.7288444452
0.02364046684284196 0.10743649428109132 1.1939056474073797  738331.7288457066
0.028776335306140044 0.1040957675360582 1.2378477381608126  738331.7288468032
0.033408052124861476 0.09664251030936484 1.2692314477445956  738331.7288480704
0.035437563586676324 0.08948111130345279 1.2691579119455918  738331.7288491551
0.03500069642452737 0.08433794804244552 1.2424455271181185  738331.7288502323
0.03210779339546988 0.08041709550227943 1.1996248086186396  738331.7288514825
0.026813151570994707 0.07830981906441199 1.1489040250722158  738331.7288525578
0.020548686766973853 0.07287579722535825 1.089152962936919  738331.7288538193
0.014649387170933361 0.0663552149174362 1.0216073273856734  738331.7288549091
0.011277366969642297 0.05724631407977605 0.9459549873809328  738331.7288561648
0.00834150471304148 0.050795194499753844 0.8822063680790301  738331.7288572475
0.007520999777628457 0.046387514415929205 0.8067403833368005  738331.7288583386
0.006953569704411206 0.041044109288033453 0.7257249731134074  738331.7288595976
0.006778741255441797 0.03614243677315659 0.6612232193747692  738331.7288606749
0.007449749463525505 0.029581445446926723 0.5888768760379778  738331.7288619453
0.0088598528500118 0.02302519775291004 0.5174179085685158  738331.7288630333
0.010699049971353323 0.018070101614563596 0.4530863748009881  738331.7288641282
0.013777152173878445 0.015782905508386545 0.3733999030190475  738331.728865373
0.01760538267255439 0.015264557455760698 0.3022557152699423  738331.7288664553
0.022256401142891742 0.014888354999728572 0.22506515915575181  738331.7288677276