% wand_x wand_y wand_z  738339.4039615841
0.38310774270582937 -0.17487768699909828 0.7339638144099486  738339.4039628451
0.3835423094491326 -0.17562590891485014 0.733972931463111  738339.403963915
0.3831908291698298 -0.1759166816624815 0.7366092938863523  738339.4039651453
0.38345654810725277 -0.17633986576190172 0.7385344741907214  738339.4039664018
0.3845828472394134 -0.17677868874306174 0.7387932985635082  738339.4039674582
0.3863440683493786 -0.17709329521508282 0.7390909230843049  738339.4039687775
0.387376058556155 -0.17672834600270423 0.7396276225146537  738339.4039698222
0.3882154360552757 -0.1759929747388127 0.7405462281735368  738339.4039709765
0.38883416221173767 -0.17473674050667468 0.7406040578252409  738339.4039721332
0.38872728024687325 -0.1740197609103168 0.7395185165238439  738339.4039732927
0.38811117670179435 -0.1734451720948584 0.7370359838102568  738339.4039745738
0.3879360841808388 -0.173253164143021 0.7356912484483652  738339.4039756096
0.38785235946487523 -0.17303710016016566 0.7355129411690206  738339.4039768805
0.38756977717147256 -0.17261701153526698 0.7351798223893027  738339.4039778823
0.38682255693945866 -0.17220068282163936 0.7348462231789106  738339.4039789517
0.3857246309844174 -0.17194013445650824 0.733873546366421  738339.4039802352
0.38432375243895894 -0.171892390641211 0.7332514455599434  738339.4039814513
0.3820237857242075 -0.1715251840429061 0.7323135602151783  738339.4039827246
0.3802597659007271 -0.17113705483236555 0.7326990319467912  738339.4039837109
0.380089538286114 -0.17095814521703087 0.73442447940912  738339.4039850186
0.38124543377302283 -0.17084503435437842 0.7353691257559434  738339.4039860218
0.3824202223550067 -0.1702985701818365 0.7362070104412232  738339.4039871899
0.3830352038815008 -0.16974537394511355 0.7371434788377755  738339.4039883511
0.38358466103072003 -0.16921525667494033 0.737852285767952  738339.4039896247
0.38442672130031413 -0.16901302216184338 0.7373694775102687  738339.4039906538
0.3859094794037725 -0.16889777376308018 0.7362673025100891  738339.4039919366
0.3875930507734492 -0.16847617618196947 0.7354579181745926  738339.4039929318
0.39102824524386515 -0.16816203285548711 0.7334683338717826  738339.4039942428
0.39514329311000707 -0.1673994815926914 0.7315003134718958  738339.4039952873
0.39948256739384863 -0.16674423413342152 0.7321188405972797  738339.4039964853
0.40496550378873525 -0.1663085920962595 0.7332519337607136  738339.4039975938
0.4113039698803092 -0.16640320253649538 0.7328862620524647  738339.403998661
0.4189545528959377 -0.16739486626189493 0.7323270503145624  738339.4040000888
0.4243696965995192 -0.16783367159542048 0.733424802129902  738339.4040010105
0.4323719071616722 -0.16917465074120241 0.7377857221894197  738339.4040023469
0.437770978804127 -0.1704945996130157 0.7409719161461279  738339.4040033884
0.44298935475484974 -0.17155066374445577 0.7457744214937384  738339.4040045941
0.44643459712553735 -0.1723745867995662 0.7529374151063284  738339.4040056999
0.44897682201022254 -0.17324441435451127 0.7606159738984232  738339.4040067514
0.4500785902253341 -0.17455928255210693 0.7671633444447303  738339.4040080177
0.44907569612310705 -0.17517973714996385 0.7719059932645237  738339.4040092289
0.4456076348915355 -0.17657230164400597 0.7747733561250219  738339.4040104537
0.4413909742029578 -0.17887443164259512 0.7725012024821621  738339.4040114159
0.4351436247931435 -0.1825166125467502 0.7650794041976806  738339.4040127684
0.4301286863835896 -0.1871862298897008 0.7584499395579326  738339.4040138066
0.42600947916464255 -0.19364117622140684 0.7502052612728886  738339.4040150875
0.4249947729700854 -0.1989149172948766 0.7464655470824508  738339.404016123
0.4263428421213699 -0.2014549664397191 0.7465632452826354  738339.4040172811
0.4296536890431068 -0.20448431102342654 0.7510767451235858  738339.4040184207
0.43570001748676834 -0.207737501062058 0.7557971814380074  738339.4040195999
0.44265883448615734 -0.21065860747408977 0.7585525186402077  738339.4040208732
0.44916427676125315 -0.2152523530794166 0.7662846196962738  738339.4040219034
0.4548837744206516 -0.2216527821220408 0.7753495121632482  738339.4040231829
0.458164510629704 -0.22841888332894159 0.7789439159168715  738339.404024226
0.4609734856157223 -0.24196174854909666 0.780564746459828  738339.4040254939
0.46111375420254075 -0.25475817692685027 0.7849527745657933  738339.4040265193
0.4620882281776371 -0.2737724312420202 0.7952031899478762  738339.4040276952
0.4664598520927499 -0.2943136465091153 0.8072590556042708  738339.4040289659
0.4733204592881248 -0.3116371386667167 0.8177100873636627  738339.404030001
0.4756766439143494 -0.32600774325269083 0.827369266951826  738339.4040311662
0.4699361628610912 -0.3388337471571577 0.8375199396374877  738339.4040323093
0.46097906098818153 -0.3498557987483518 0.8468094110881739  738339.4040334887
0.45264142050844297 -0.3596458459146776 0.8596622036416313  738339.404034763
0.44843417851683964 -0.3644184187755845 0.8675668105474517  738339.4040358018
0.44457862883962934 -0.36623076367692 0.8738336621909036  738339.4040370666
0.4424560336945775 -0.36518548267042417 0.8770302262069186  738339.4040380935
0.4420830830522346 -0.3639867930731861 0.8788742057924935  738339.4040392651
0.44397547383786573 -0.36533244495974443 0.8798999283647602  738339.4040405627
0.44940210593157087 -0.36704348849799207 0.8775076428549244  738339.4040415824
0.4585967963525417 -0.36951514427650733 0.8679712260824605  738339.4040428526
0.4652590664228148 -0.3705208452728219 0.8566158305959384  738339.4040439025
0.467971728694969 -0.3694169399435645 0.8472714528647238  738339.4040450514
0.4666356677476932 -0.3610651300196238 0.8440263007621032  738339.4040462018
0.46010637567667545 -0.34419176499984167 0.8458569517076884  738339.4040473729
0.4511584666814083 -0.3245435184032974 0.8513260436987683  738339.404048568
0.44392856699693484 -0.30562228797818203 0.8555937206415696  738339.404049672
0.43750131011023413 -0.2845971799996064 0.8618172594152661  738339.4040508515
0.4320803496735783 -0.26471052579653553 0.8715974553342493  738339.4040519843
0.4271163308159607 -0.24616935872767884 0.8835697800507852  738339.404053163
0.4194743695857913 -0.22178552371351282 0.8962534936645178  738339.4040544281
0.4099281552039564 -0.20162976118876716 0.9048156568135011  738339.4040554668
0.3963723131119687 -0.1786604688548846 0.9148305061051019  738339.4040566762
0.3821872207379916 -0.15711663207236312 0.9223203327725567  738339.4040577803
0.3649434206873593 -0.13263727306499418 0.9313500197598643  738339.4040589483
0.3499759689999197 -0.11298184076762513 0.9376227429281033  738339.4040602196
0.3398776844224778 -0.09925003577613008 0.9347611074292776  738339.4040612456
0.32604670186919366 -0.07986719589243194 0.9271187511598545  738339.4040625361
0.3127188945231842 -0.0621306465357754 0.9223906480759316  738339.4040636905
0.3018773044691335 -0.04610265549735613 0.9203515234309848  738339.4040647293
0.2908308982048263 -0.02593233814890381 0.9184611217732708  738339.4040660106
0.2852542014919691 -0.010784873824612705 0.9170610774836594  738339.4040670383
0.2802748312652456 0.005750702794937276 0.9188796057963101  738339.4040682655
0.27505432975719146 0.02235478534119948 0.9235502194700327  738339.4040694743
0.267035262447685 0.0385268097042128 0.9288114212594781  738339.4040705133
0.254628675057881 0.05751391581719471 0.9365017675545271  738339.4040716676
0.23871374929487138 0.07992433781628504 0.9428403866049393  738339.4040728218
0.22091280438430094 0.09903441857313854 0.9490891674021984  738339.4040739877
0.20427594042668198 0.11576408623723974 0.9562076573591829  738339.4040750499
