% wand_x wand_y wand_z  738315.5046745492
0.6146993079184173 0.4007994897553162 0.886604462603933  738315.5046759094
0.6155267194289178 0.4006929443356647 0.8854920128068898  738315.504676948
0.6175207513013757 0.40108321831053245 0.8849332001259006  738315.5046782217
0.6196654931824551 0.40287123701085276 0.8860990792940582  738315.5046793834
0.6212921926072834 0.4052251864302567 0.8878887245646643  738315.5046804873
0.6220394172137417 0.4066293098212349 0.8889733238766613  738315.5046817012
0.6219798864858521 0.40616335246573376 0.8882625991780884  738315.5046826779
0.6218276721001355 0.40367268789464394 0.8881693801398756  738315.5046840153
0.6216093293818667 0.40023391875954445 0.8888561622888271  738315.5046850501
0.6206687046092613 0.3951746867253878 0.8886383157859515  738315.5046862793
0.6196255919269181 0.3909882912505486 0.88798245612272  738315.5046873665
0.6196508072289543 0.3875230486504539 0.8872977867088294  738315.5046886351
0.6194590791279586 0.3840879594577355 0.8860167632725002  738315.5046897962
0.6187610036585732 0.3814893946229761 0.8847006196953072  738315.5046907638
0.6180196943830664 0.37873112284070115 0.8820754576915084  738315.5046921162
0.617282767601768 0.37786759223100524 0.8789157709053874  738315.5046931554
0.6165174611212573 0.3788631280469839 0.8754336582553777  738315.5046944252
0.6163542863471564 0.3803003269097139 0.8732687747711564  738315.5046954659
0.6172237235133994 0.38183964483703775 0.8714117419256815  738315.5046967044
0.6193656693534235 0.38377298577225133 0.8689233992640092  738315.5046979446
0.6227485743265682 0.3869009895519908 0.863320047571337  738315.5046990559
0.625914893291808 0.39057751119009004 0.8574899730660009  738315.5047002161
0.6285462137348745 0.3945992115679345 0.8522852961487488  738315.5047012062
0.6308741386806764 0.39793231214881974 0.8477169500772906  738315.5047024691
0.6317712283848667 0.3995532495411581 0.8458099099513413  738315.5047035764
0.6321844405843815 0.3998874431758842 0.8450618116079469  738315.5047048448
0.6329158810209201 0.39935323698738734 0.8428492978694738  738315.5047060052
0.634227036506739 0.39886485975597163 0.8393155186359195  738315.5047070221
0.6365054046001384 0.3985242856857443 0.8337871502425531  738315.5047083207
0.6380160493187226 0.3995413361727054 0.8288541531734969  738315.5047094761
0.6372843047547637 0.40031437751391585 0.8236115936746704  738315.5047105184
0.6335300748532176 0.39895450984854924 0.8149002187065476  738315.5047119432
0.6312780634093378 0.3967316842247432 0.8154949090479331  738315.5047128786
0.6302344097406677 0.39471978293640725 0.8248289604852802  738315.504713984
0.6278881332820779 0.39489835877543294 0.8331375748799589  738315.5047154033
0.6240658544527455 0.39535956344498585 0.8310724312381732  738315.5047164188
0.6216984396978366 0.39475410494067886 0.818683862512402  738315.5047176015
0.6222405582776713 0.39254648411557075 0.7945907026384463  738315.5047188484
0.6223010793883957 0.38782975574889456 0.7586536048426089  738315.5047198944
0.6191392227750346 0.38579227760667417 0.7261228481221933  738315.5047209217
0.5994872093347484 0.38209474756997297 0.6813092291892876  738315.5047223201
0.56961782028505 0.37349068632411236 0.6650135482105596  738315.5047233705
0.5251486200049139 0.3560438793507427 0.646255765967731  738315.5047245509
0.4836831171989972 0.3359902974374675 0.6253511876696347  738315.5047256707
0.43220198536764337 0.3172596374120369 0.6065836604860724  738315.5047269479
0.3954434721845889 0.3062593796636625 0.5916424285716977  738315.5047279939
0.3719181483096653 0.3015874031623107 0.5714520368895698  738315.5047290327
0.33925110307766515 0.30136627948647116 0.5243592564737637  738315.5047303026
0.304331215327376 0.3083203931289392 0.4759669504933367  738315.5047314567
0.2647664962483136 0.319482768652903 0.4308383640513949  738315.504732507
0.19515445030354053 0.34048753895034367 0.35365930709091364  738315.5047336635
0.13484626627428944 0.35689046060845375 0.27449368813694985  738315.5047349454
0.0920151014530687 0.3615228510324784 0.19535559798711422  738315.5047360959
0.07362181776856964 0.3558907096835559 0.13899936484423592  738315.5047372506
0.06950832272694067 0.34579927822504464 0.09582737119356123  738315.504738411
0.07245288933854963 0.3374097801913928 0.04594289298644447  738315.5047396693
0.08170051501248511 0.3334569012617717 -0.002457197099882033  738315.5047406043
0.07983448737713066 0.33300739789910977 -0.008656594759595971  738315.5047420197
0.07876413073276196 0.3330795953086952 -0.0078554913043801  738315.504743042
0.07888537077559335 0.3331278881320415 -0.00711750694455632  738315.5047441989
0.07873072140662088 0.33321976689928673 -0.007002179940490013  738315.5047454622
0.07902287234795467 0.3331494367394584 -0.006803903338671009  738315.5047465123
0.07907285250564816 0.33315607712910184 -0.00672151420303131  738315.504747551
0.07907023796259537 0.3331462675376266 -0.006724468589548624  738315.5047488244
0.07898585809536413 0.3331547979744765 -0.0066876906791627656  738315.5047500684
0.07899596738641028 0.3331560898722014 -0.006692913440979627  738315.5047511425
0.07898525727757877 0.3331615392329082 -0.00671591208572531  738315.5047524184
0.07909104080081131 0.3331221856715271 -0.006766814120799169  738315.5047534595
0.07912226132825725 0.33310309363181273 -0.006810852981697711  738315.5047545128
0.0788906298877607 0.3332078205398281 -0.006626287673690108  738315.5047557452
0.07910423049957638 0.33306689875675094 -0.006886364853994308  738315.5047569297
0.07911217844300919 0.3331062295407483 -0.006829852524303915  738315.5047580837
0.07910160187532035 0.3331257401046425 -0.006794095616526301  738315.5047593917
0.07910689644900089 0.33312118048035866 -0.0068038857940535685  738315.5047604014
0.07910642279194398 0.3331169565662476 -0.006806325908507446  738315.5047614403
0.07899610571986986 0.33317579995394897 -0.0067053655478638025  738315.5047627167
0.07901822152492889 0.33311182508886505 -0.006798961051770561  738315.5047638702
0.07892908578681902 0.33318280049396654 -0.006657481580426181  738315.5047650344
0.07896199786807527 0.33318439444197895 -0.006678703008779556  738315.5047660156
0.07898063901820399 0.3331751016219718 -0.006696982702309798  738315.5047674127
0.07897345786937515 0.3331847846312242 -0.006696808354855759  738315.5047685785
0.07898333165172691 0.333177142073871 -0.006708057407196047  738315.504769548
0.07897720131236131 0.3331902861277511 -0.006697737160022104  738315.5047708175
0.07898073057214175 0.3331816176746275 -0.006707310185499335  738315.5047719834
0.07897511234890506 0.3331805215353178 -0.006692513749477206  738315.5047730152
0.07898106745907009 0.33318497680494846 -0.006702030804919281  738315.5047742861
0.07906839458644715 0.33312913630747015 -0.006814999969687539  738315.5047754425
0.07899344837717821 0.3331493372828171 -0.0067974724183624494  738315.5047764885
0.07896238484787797 0.3331668373971782 -0.0067582677183511365  738315.504777773
0.07897563424169134 0.33315044572165253 -0.006780059197128595  738315.5047787887
0.07909487902044096 0.33312571387012263 -0.0068159667341280775  738315.5047799547
0.07907150625282026 0.3331445565203164 -0.006808680797191615  738315.5047811897
0.07908631680451936 0.33314422892899925 -0.006825639201582952  738315.504782402
0.07907662527330593 0.3331337597266267 -0.006832691212608586  738315.5047834291
0.07907088511706391 0.33310678695784807 -0.006872234359858086  738315.5047848267
0.07888455728265979 0.33318869027112824 -0.006667271080220354  738315.5047857773
0.0788918522954114 0.33319077847170553 -0.00667743403623242  738315.5047868354
0.07882541500438414 0.33320647499617473 -0.006639713650808165  738315.5047881069
0.07889483478784384 0.3331893436557172 -0.006695335726872947  738315.5047892458
0.0789000591686644 0.33319088380378253 -0.006692531284067948  738315.5047905159
0.07888984712914152 0.33318658038517457 -0.006694384758277238  738315.5047916694
0.0789050747722693 0.3331824669562121 -0.006701950511304356  738315.5047926963
0.07890089902683063 0.33318998551114115 -0.006706847915097267  738315.5047940826
0.07889795886894704 0.3331874132078562 -0.006695004485430692  738315.5047950873
0.07889658047250474 0.33318003519325423 -0.006699408272697901  738315.504796149
0.07890426764941144 0.33318762686980286 -0.006703408805672103  738315.5047974302
0.0788897947437304 0.3331835859980987 -0.0066825786402032435  738315.5047985961
0.07889448959825537 0.3331820626390415 -0.006697974159576606  738315.5047996755
0.07891046626977546 0.33318336535871634 -0.006720072018864588  738315.5048009095
0.07890088963432862 0.3331898903832074 -0.006705061217225571  738315.5048020524
0.07890166925001639 0.3331891183870479 -0.00671155389279354  738315.5048033403
0.07889406100871126 0.3331850881686208 -0.006710447298865761  738315.5048043907
0.07889713481755453 0.3331809512808667 -0.006718067990262694  738315.504805562
0.07889317404534828 0.3331854218639756 -0.006715353137444575  738315.5048065778
0.07890320452803856 0.33318983903513716 -0.006719615339312089  738315.5048077783
0.07890538913912264 0.3331890877906065 -0.006713319358401646  738315.5048090135
0.07890488708695038 0.3331916079921998 -0.006729110272953878  738315.5048101909
0.07889999281236265 0.33319463664869764 -0.006724410081804043  738315.5048111951
0.07890277122658575 0.3331851496115448 -0.006722606215711435  738315.5048124882
0.07890414260624272 0.3331806236878886 -0.006739551869467641  738315.5048135614
0.07889374310817396 0.33317816943908585 -0.0067115716450313525  738315.5048146811
0.07890943845631261 0.33318211091098476 -0.006730252696445456  738315.5048158354
0.07890249954574913 0.333180318190841 -0.006730328374302183  738315.5048170936
0.078896691542623 0.33318794063125706 -0.006730143314986047  738315.5048182248
0.07889222919824854 0.33318284692170863 -0.006719610992988172  738315.504819345
0.07889860412050197 0.3331872839412969 -0.0067314304435754195  738315.5048204814
0.07889321647701227 0.33318073119966946 -0.006729604849241731  738315.5048216938
0.07889843402222511 0.3331854137576272 -0.006730310887682665  738315.5048227819
0.07889803140876633 0.3331812668588812 -0.006726260048663953  738315.5048240569
0.07890032273210439 0.3331847854301188 -0.006726290321461801  738315.5048252181
0.07890263192943077 0.33317888896366715 -0.006729470661696412  738315.504826234
0.07889747885876001 0.3331787362397676 -0.0067334028995670245  738315.5048275269
0.0788967412638027 0.3331819741280029 -0.006731143275545124  738315.5048287739
0.07889919320931911 0.3331875634049318 -0.006736325222771461  738315.5048296973
0.07889783214946286 0.3331837655632487 -0.006744848823045488  738315.504831036
0.07889289003351378 0.333183546861109 -0.0067278003053219205  738315.5048321673
0.07889987976176471 0.3331844526251279 -0.006750800692020129  738315.5048332526
0.07881633704089278 0.33320563950231996 -0.006682976569312306  738315.5048343597
0.07890018919418348 0.3331800711050182 -0.006744978420791594  738315.5048358347
0.07889657144982741 0.3331824275134952 -0.006741147908224596  738315.5048368274
0.07882879289119096 0.33320211685564916 -0.006684606482534676  738315.5048378202
0.0788842694932484 0.3331834955057863 -0.006730813197691082  738315.5048390081
0.0788895554995508 0.3331842363843157 -0.00673275936460522  738315.5048402548
0.07889129453558148 0.33318716279227034 -0.006738282607748309  738315.5048414207
0.07889555946265257 0.333171899109642 -0.006742908705711452  738315.5048424945
0.0788840557732751 0.3331788311416568 -0.00670772733627785  738315.5048437143
0.07892692962121242 0.33317052404250114 -0.006712180300580414  738315.5048448914
0.07896812722065381 0.3331688840880511 -0.006703280199994696  738315.5048461391
0.07898044295358395 0.33316806940541965 -0.006699495422555742  738315.5048470946
0.07898559212096552 0.33315680286432386 -0.006708424263590609  738315.5048484799
0.07900597343584273 0.3331430388324072 -0.0067536152400481395  738315.5048494611
0.0790179910413361 0.33313921960269777 -0.006772942395556346  738315.5048505458
0.07900421960567378 0.3331198198833573 -0.0068084835120311455  738315.5048519534
0.07888850709278934 0.33320129525947734 -0.006630118467039943  738315.504852923
0.07885136400157296 0.33319125258550825 -0.006578193650852735  738315.5048542687
0.07878060291199304 0.333267884442014 -0.006394474115391826  738315.5048553076
0.07883150619398659 0.33325342919300877 -0.006463308907495817  738315.5048563699
0.07883383558021816 0.33323712877164124 -0.006411624002136115  738315.504857519
0.0793448507737158 0.3330300248816144 -0.006523961904266838  738315.504858858
0.07929814022034361 0.3329719633873648 -0.006763955266200325  738315.5048598857
0.0784570238233446 0.333015456786011 -0.007071851258509746  738315.5048609704
0.09631043552737518 0.32727548832461734 -0.000972807893083891  738315.5048621362
0.13661084811547344 0.3018517666854719 0.04031212253342675  738315.5048633933
0.17915236523966452 0.24476030431133058 0.13201289817047923  738315.5048644667
0.21446760966161585 0.1666105409605889 0.21406500421527971  738315.5048655864
0.24102560140162677 0.04619624842196057 0.2834283512927856  738315.5048669024
0.24822614221277625 -0.08716471551341505 0.3232008349692645  738315.504868022
0.23907210294299835 -0.25786604775208327 0.3680210144387489  738315.5048690847
0.23551498702091242 -0.47043181272190704 0.42434239257273965  738315.504870464
0.2699604028947621 -0.7151010909567582 0.48983133763261305  738315.5048715106
0.3466940881800712 -0.9170656125862107 0.5686687246660467  738315.5048726716
0.46351744445897547 -1.0837373262244931 0.6414316542499062  738315.5048739169
0.6059461514360814 -1.2088372604585382 0.7032672332996359  738315.5048750943
0.7654543836907203 -1.287401005974738 0.7542465985530201  738315.5048761449
0.8920705237953208 -1.31410339050567 0.7752991259503839  738315.5048771605
1.0502330942271711 -1.31676092292269 0.779600387465593  738315.5048784883
1.1368134297966859 -1.3080374935776728 0.7760880862344285  738315.5048796261
1.1974790106310482 -1.303709467680685 0.7811965433048036  738315.5048806419
1.2389810805436465 -1.2815415862985207 0.7952384471023395  738315.504881762
1.2508365910600054 -1.2560235585002593 0.7986720393087131  738315.5048830318
1.2562186002234939 -1.2536410342382265 0.7950955785571775  738315.5048841629
1.2860882615738385 -1.2733484781248654 0.7946783151344956  738315.5048856672
1.315186262381429 -1.2806231339076757 0.8090413768768541  738315.5048866735
1.3292822364200243 -1.2808698270655774 0.8289810691125012  738315.5048875945
1.3321404876644642 -1.2903355884769365 0.8487685578586438  738315.5048889718
1.3227100705505344 -1.3032200939225125 0.8648032408564645  738315.5048899765
1.3060625617336517 -1.323088857817863 0.87215323839364  738315.5048910654
1.2693737398464136 -1.3594252598332461 0.8611327234241887  738315.504892439
1.2293129877337061 -1.4043316496571792 0.8509644708650144  738315.504893455
1.1727463497459607 -1.4751180673776307 0.848694391424595  738315.504894703
1.1210112287707432 -1.552605863390248 0.8543297724399925  738315.5048957876
1.0989724540794041 -1.5832434044415327 0.8724675198287748  738315.5048969879
1.0831018904872218 -1.6118972639011786 0.8948001475332984  738315.5048980846
1.0792977994898214 -1.6254413553524116 0.9290183492514249  738315.5048991697
1.083631542692064 -1.633487198581476 0.9620824394062885  738315.5049003239
1.0866823487371513 -1.6387132451311124 0.9823081964972229  738315.5049016168
1.0912016188227716 -1.6437170981991887 1.00005903249827  738315.5049028494
1.098491768234149 -1.6428668450870065 1.0212468078772359  738315.504903796
1.1069494883398812 -1.6446373595294963 1.0311198806885045  738315.5049050892
1.11607366426684 -1.6478939965335557 1.0371962254442806  738315.5049061973
1.1259639254498564 -1.648381411267164 1.0431520607920095  738315.5049073859
1.1345632405237702 -1.6461892744534843 1.0441577272827913  738315.5049086488
1.1428867776464995 -1.643148576127774 1.0403250426011785  738315.5049097104
1.1484956927174002 -1.6406354611722938 1.0363708674591736  738315.5049107843
1.1502114372142505 -1.6385674107786041 1.0327346915141358  738315.504911965
1.150880255790578 -1.6379269374707157 1.0316523973178628  738315.5049131934