% wand_x wand_y wand_z  738339.4368553892
-0.843901239315533 -0.20263152951760316 1.6916610562706618  738339.4368566353
-0.8435388666691666 -0.2049705012152113 1.6917682761932806  738339.4368578839
-0.8430551725851595 -0.2037135422322948 1.689852512361151  738339.4368589649
-0.8427327908636975 -0.20145508565080927 1.686270237150745  738339.4368602128
-0.8428477609586795 -0.20132935579374955 1.6848032626784588  738339.4368612864
-0.8433797164502779 -0.20216684763621773 1.6852124184107908  738339.4368623721
-0.8435236558503711 -0.20317652073161843 1.6875977454466229  738339.4368636156
-0.8435701508303735 -0.20397578771830063 1.6897677502166861  738339.4368646877
-0.8446683729005419 -0.2043812636036869 1.6904982659058585  738339.4368659498
-0.8457337853483164 -0.20492789218355512 1.6902517783793665  738339.436867008
-0.847460465725208 -0.2052652388976369 1.6891286985428455  738339.4368682638
-0.8474787847224636 -0.2057328223756555 1.6887725443082666  738339.4368693642
-0.8461551973296269 -0.206263737654454 1.6891730258358437  738339.4368706014
-0.8446990014030542 -0.20638964291632103 1.6896988417984662  738339.4368716897
-0.8432577793432315 -0.2061411066851473 1.6899049318854031  738339.4368727775
-0.8422673155290871 -0.20618617771842634 1.6904312794121443  738339.436874023
-0.8427776616337723 -0.20651639368492333 1.6904531385986823  738339.4368751035
-0.8451050781276662 -0.20756750887925068 1.690023402688509  738339.4368763438
-0.8474770502699348 -0.20867809922231687 1.6893334971716196  738339.43687743
-0.8489327369238161 -0.20901658360375516 1.6886483779620922  738339.4368786725
-0.8491891265080851 -0.2091368794861243 1.6885793832619707  738339.4368797593
-0.8482389806994125 -0.20963073743685096 1.6883332360072458  738339.4368810111
-0.8477211432983763 -0.20999054905275608 1.6874849723584386  738339.4368820768
-0.8471558943819855 -0.21168463828031894 1.6887063235555249  738339.4368833365
-0.8474362692207179 -0.21301098230439697 1.6884745323198918  738339.4368844187
-0.8489285657537815 -0.2067434644503368 1.6718790087204647  738339.4368856705
-0.8484178389888268 -0.19561571801921104 1.6421657547059767  738339.4368867456
-0.8432926588338513 -0.18176288479610278 1.6044564758230067  738339.4368878212
-0.8286617890401825 -0.1655098530145762 1.5590574451871824  738339.4368890898
-0.8118882295649595 -0.15527488586270163 1.525096469895143  738339.4368901621
-0.7882717377127633 -0.14451405649634097 1.484313458957869  738339.4368914351
-0.7657774286261484 -0.13583158132179401 1.445068471005765  738339.4368925015
-0.7441310147586381 -0.12821291926780648 1.402705195685606  738339.4368937721
-0.7256864522653107 -0.12110478939792867 1.3607669000757572  738339.4368948257
-0.712002421408693 -0.11697768770633879 1.3256473721229234  738339.4368960714
-0.7035335179907718 -0.11551747426578729 1.2990083914035886  738339.4368971696
-0.6989775635412849 -0.11482904074915885 1.2816279238600237  738339.4368982519
-0.6961570480862045 -0.11491640809948116 1.2721216757844618  738339.4368995198
-0.6935349915521548 -0.11538681839994568 1.2736070924023646  738339.4369005826
-0.6852918578273804 -0.11523466725800638 1.288244533995682  738339.4369018599
-0.6731582156914483 -0.11412930859964786 1.3078696845022755  738339.4369029221
-0.6500470775569118 -0.11178988992052957 1.3460954514718642  738339.4369041722
-0.6242282863101528 -0.11108660521392974 1.3920904667979523  738339.4369052515
-0.5952601508047276 -0.11212969338455461 1.4520538779042382  738339.436906493
-0.5710698187990638 -0.11569562667334617 1.5067156682488403  738339.4369075727
-0.5435230624505071 -0.12373140764097745 1.571867779524451  738339.4369088289
-0.5244133860964032 -0.13215405889191637 1.6162650589866263  738339.4369099189
-0.5131435414149552 -0.1399359136434593 1.6472194701211331  738339.4369109926
-0.5095441799439037 -0.14490729075799316 1.6661174275780832  738339.4369122437
-0.5096057028693919 -0.1469346759630504 1.672090220641603  738339.4369133204
-0.5082413659471826 -0.14672183649741502 1.67092181256766  738339.4369145689
-0.5055273236081168 -0.1431720275316456 1.6594551367846042  738339.4369156585
-0.502761179248874 -0.13508673630734389 1.6290431369986635  738339.4369169043
-0.5016421756664005 -0.1275449838779003 1.5973798865023145  738339.4369179964
-0.5002046533517343 -0.1198859661546422 1.5570824944054353  738339.4369192409
-0.49841494311005957 -0.11476612248941168 1.5121627903775245  738339.4369203101
-0.49781965011632473 -0.11126102075859554 1.4658340402591359  738339.4369213876
-0.4962781019821548 -0.1067930147752043 1.408589845535369  738339.4369226525
-0.4947675904132297 -0.10362464853608047 1.3722485936724735  738339.436923726
-0.49550602334961086 -0.10206235515840567 1.3504333469711172  738339.4369249846
-0.4951791763967259 -0.10415676002261555 1.350290121184398  738339.4369260563
-0.4872304396077765 -0.10598254125025497 1.3555121412769784  738339.4369273002
-0.469814353470973 -0.10765580469991992 1.3613751612748777  738339.4369283768
-0.44021403680168336 -0.11080369120338641 1.3669865681965214  738339.4369296492
-0.40886816439451573 -0.11449917560737007 1.3689854051202364  738339.4369307094
-0.3627503157376756 -0.12060848649787768 1.3671865409959227  738339.4369319568
-0.3215692045434636 -0.12682628110142416 1.363639571758131  738339.4369330233
-0.27335123209152645 -0.13503386473751422 1.3597445768294665  738339.4369342693
-0.24212308176409744 -0.14102429688745366 1.3578411358697364  738339.436935343
-0.22367190850077134 -0.14469659722305664 1.3563905494804491  738339.436936425
-0.22163210947744405 -0.14554733249030777 1.356490532560921  738339.4369376804
-0.23944689727107407 -0.14139055081865687 1.3552484501624402  738339.436938922
-0.26689087759719626 -0.13458287409202527 1.3531195454470804  738339.4369400118
-0.30641926073228837 -0.12542553583373922 1.3530758807991752  738339.4369410941
-0.35206711662558604 -0.11749427995726497 1.3602819358136904  738339.4369423533
-0.4002369709540264 -0.11264476752384335 1.3762485337214418  738339.4369434193
-0.4480511757161565 -0.11225350146749387 1.4056389588243132  738339.436944674
-0.47387020956984266 -0.11592175589828065 1.4374472570258754  738339.436945757
-0.4967026727649713 -0.1259429436738979 1.4958671414526192  738339.43694701
-0.4970454806074656 -0.13585999451701403 1.5415124985719608  738339.4369480961
-0.48154626926157884 -0.14579509006693162 1.5820068378293641  738339.4369491698
-0.44636371654329854 -0.1569376592490276 1.6158824339128064  738339.4369504339
-0.40898201813356083 -0.16426993630323755 1.6273056896535094  738339.4369515055
-0.3583010691078993 -0.1698945782715631 1.6241552981045897  738339.436952767
-0.3143808897372019 -0.17323580350236786 1.6130626366770346  738339.4369538317
-0.28019925017052916 -0.1761151001521006 1.6017225957857835  738339.4369551033
-0.2612133418145819 -0.17949368441803823 1.596901700395401  738339.4369561911
-0.25681563462426676 -0.1840670739854965 1.6001304511062848  738339.4369572666
-0.2649316332758728 -0.18596214845320574 1.6001846919319274  738339.436958539
-0.28008034387094166 -0.18288151519660448 1.5881807387840654  738339.4369596142
-0.2971351483766373 -0.1770310730610928 1.5605383442131067  738339.4369608918
-0.30725628647744724 -0.17171705729225353 1.5291194899365956  738339.4369619599
-0.3116410497246714 -0.1645927492639299 1.483194935468001  738339.4369632301
-0.3090818618199992 -0.16047949325667468 1.4443996606156084  738339.4369643097
-0.29928773725820185 -0.158038292364873 1.4072356319402084  738339.4369653801
-0.27416940560786607 -0.15913878953529287 1.3715129470392193  738339.4369666228
-0.23922716124276272 -0.16431632023396162 1.35357792112963  738339.4369676965
-0.19669557714203625 -0.17242464810099944 1.3514422781322706  738339.436968968
-0.1580914066959192 -0.18144653034674332 1.36563557387319  738339.4369700465
-0.12097138404066375 -0.19534355605279852 1.4073301228222008  738339.4369713028
-0.10645133517858485 -0.20813799823042853 1.4601060225100193  738339.4369723869
-0.11459341610993243 -0.2188177700981114 1.5202764193408536  738339.4369736433
-0.1359741776884527 -0.2246014093684923 1.5642565333528  738339.4369747285
-0.16549161623696046 -0.22922331304261034 1.600634963290551  738339.4369757905
-0.209037453610199 -0.23184881584275632 1.6285696408870587  738339.4369770576
-0.2523284963787064 -0.23089502902109854 1.6340097464146106  738339.436978147
-0.2975793623341749 -0.22568953955217483 1.6177398854819132  738339.4369793866
-0.3299507415435458 -0.22066902024435456 1.5917375052695717  738339.4369804696
-0.35876115182299245 -0.21402093523258922 1.5451176281682864  738339.4369817224
-0.3684213465614944 -0.20750944726001838 1.4980540258402595  738339.4369828131
-0.36184141105934803 -0.20090873150080782 1.4396519950066615  738339.4369840618
-0.34221239036313156 -0.19722593114075973 1.3990296077491313  738339.4369851374
-0.30836361842521903 -0.19621055432148019 1.36918650704219  738339.4369862165
-0.26829681750455503 -0.19942332874545385 1.3548787933496946  738339.4369874697
-0.22645817331069915 -0.2055201815714219 1.352194342932094  738339.4369885507
-0.18601003840031674 -0.21316468321589113 1.356179664168749  738339.4369898123
-0.1530659371223008 -0.22034398861785115 1.3646537962787482  738339.4369908797
-0.13881166048242274 -0.2245919219464765 1.3769725764091225  738339.4369921257
-0.14397664410248928 -0.22550352240478724 1.3951891288355782  738339.4369931924
-0.1565882189551534 -0.22329895577314848 1.4242211017891002  738339.4369944457
-0.1701871654254946 -0.22104067505495562 1.4676808275623845  738339.4369955314
-0.18330270314900535 -0.22173828196453851 1.5165730526297594  738339.4369966261
-0.1982640723258737 -0.22591771083817674 1.5793548275120846  738339.4369978668
-0.20839662449800167 -0.23105782245009357 1.6318696700846334  738339.4369989589
-0.215932690051704 -0.23752891806056095 1.674036894750596  738339.4370001947
-0.22160816782068446 -0.241586632603391 1.6980297255505066  738339.4370012837
-0.2247197465306214 -0.24378862370403678 1.7056660547127398  738339.4370025162
-0.22163471375508284 -0.24505368468754846 1.7018007360273812  738339.4370035933
-0.2073989999571826 -0.24607221415182073 1.6832762969658517  738339.4370048534
-0.1876585503772564 -0.24583614132923964 1.656596682514871  738339.4370059005
-0.15724473446059964 -0.2455084877413667 1.6154250600286495  738339.437007177
-0.13130286668306657 -0.24744537668896135 1.58043419609493  738339.4370082294
-0.10012118552452577 -0.25180024473518037 1.5362535032508333  738339.4370094821
-0.07148742743066668 -0.25636131510868165 1.4961334934308401  738339.4370105566
-0.04491049235752884 -0.26176633025787277 1.4581504321225598  738339.4370118063
-0.021022801293415733 -0.2671306823564214 1.4246958026329715  738339.437012884
-0.0006192906673980137 -0.2729106762184256 1.4006695471268427  738339.4370141445
0.015255455631459735 -0.2779598645865758 1.3853182323815032  738339.4370152304
0.02751575037715413 -0.28154221220476244 1.377548451688312  738339.4370164687
0.03364063096953874 -0.28375497084950346 1.382299356512565  738339.4370175439
0.03899989900464427 -0.28629815538357367 1.4037440533096963  738339.4370187724
0.041430289992702436 -0.28824201477614786 1.4317569126453247  738339.4370198395
0.04251115423348786 -0.2922626665038703 1.4773501076594981  738339.4370210939
0.041424298277185835 -0.2975067293250819 1.5213872646982447  738339.4370221662
0.03889436865830117 -0.3049451230709445 1.5729176649399546  738339.437023262
0.0364669682989707 -0.3150015369287492 1.6301230597317597  738339.4370245236
0.03394514830553723 -0.32473132331051335 1.678622117002213  738339.4370256091
0.02945964932645428 -0.3381425808153155 1.731510195613868  738339.4370268611
0.02967185330095976 -0.3464841046105931 1.7546138327705416  738339.4370279324
0.03280882494794134 -0.34975123974870675 1.7582153420400162  738339.4370291779
0.03514395620549223 -0.34846275573291974 1.7515623919530547  738339.437030244
0.03844068775285442 -0.3467920147624831 1.7413941665061392  738339.4370313464
0.04187811470402571 -0.34529700502336014 1.7298749981635833  738339.4370326147
0.04560375643956679 -0.3441039660686552 1.7128556421890095  738339.4370337022
0.04825630275132626 -0.34436140509246044 1.6839682332537045  738339.437034992
0.05375054327106176 -0.34494605174279236 1.633213872757442  738339.4370360622
0.0694352426439452 -0.3461533471909224 1.560027923330265  738339.4370371308
0.11062328420219274 -0.3559474215860306 1.4351311058584  738339.4370383805
0.16877207399345615 -0.38035724603802423 1.2903955650231682  738339.4370394546
0.2239420271653068 -0.4192402388424035 1.11716629216868  738339.4370406868
0.23700530792430075 -0.45273617680032713 0.9405347187128194  738339.4370417786
0.18707063427666387 -0.4684577858041561 0.7220427396040765  738339.4370430311
0.09496240917839434 -0.4435447396983576 0.5609655338922368  738339.4370441069
0.00044080158769765996 -0.3828044078091398 0.4384967150071377  738339.4370453715
-0.07478610833105191 -0.29455738012626487 0.32677475520408317  738339.4370464368
-0.127444938370926 -0.19213074977462102 0.23947763110090495  738339.4370476916
-0.15057983464575447 -0.1256083558015402 0.18993819964285732  738339.4370487593
-0.16073184373813978 -0.07530024315914564 0.13504525839937154  738339.4370500233
-0.1675330134262836 -0.04565628375542183 0.07850672276484567  738339.4370510995
-0.1728301582919225 -0.03409575203737842 0.03227197268844694  738339.4370521747
-0.17666592150500585 -0.03296125388794723 -0.017668742838838365  738339.4370534171
-0.1766664422429992 -0.035661110990585845 -0.018050491529457348  738339.4370544957
-0.1762548458725878 -0.03479454613196656 -0.023089679692210863  738339.4370557696
-0.17620260610113966 -0.03540910449579227 -0.023835596855802072  738339.4370568251
-0.1762167270597535 -0.035397123844693394 -0.02407629197994929  738339.437058098
-0.17628203848704962 -0.03530113236772637 -0.02390217258277655  738339.437059189
-0.17629693763715412 -0.035276846366907574 -0.024009194806071193  738339.4370602687
-0.17630245912497688 -0.035265728984359646 -0.023989339955030706  738339.4370615185
-0.1763778983462956 -0.03520743009307056 -0.023953290455784156  738339.4370627545
