% wand_x wand_y wand_z  738339.4047680533
0.5005254455916542 0.19017212779570183 0.7486007285539293  738339.4047693091
0.4974244981492709 0.18959008874189154 0.7494233429193722  738339.4047706244
0.4955925004933947 0.18951780563614742 0.7508353747699686  738339.4047716645
0.49470789965686646 0.18966599088294736 0.7525534107052412  738339.4047728287
0.4951607469655245 0.189629704521371 0.7544429161108537  738339.404773978
0.4969183189156864 0.18908909329473325 0.7537023478925513  738339.4047751377
0.49924745078510574 0.18811433954318849 0.7517290674588842  738339.404776293
0.5015351943150599 0.18701888069129616 0.7508600072251385  738339.4047774496
0.5029984081497291 0.18663018161737568 0.7514342872113668  738339.4047786193
0.5040233725658901 0.186743441472143 0.7525563312894149  738339.404779777
0.5055787185874252 0.18730472657287175 0.753379161530199  738339.4047810878
0.5067395226504864 0.18728509722516407 0.7538801520570793  738339.4047820813
0.5075748124216629 0.18739981908579842 0.7533506742801618  738339.404783299
0.5075947693050862 0.18724524283525532 0.7530335654472328  738339.4047843963
0.5067172040572747 0.18677869162812988 0.7531518652646548  738339.4047854549
0.5041039228270402 0.18659447888978922 0.7534956235502484  738339.4047867099
0.5004471209183778 0.18668307121144864 0.7532859738386767  738339.4047878793
0.49651104074099683 0.18666391663444495 0.7537051101192106  738339.4047890452
0.4945917757826873 0.18673586362019776 0.75446589026171  738339.4047901935
0.49356840310541245 0.18679186387266877 0.7561872674606691  738339.4047915031
0.493756139521212 0.1869234547367671 0.7567535856498921  738339.4047924953
0.4946141098310152 0.18739986843702847 0.7570648453045962  738339.4047937719
0.49550513668779944 0.18773730307421874 0.7577011074510838  738339.404794811
0.4972357775768728 0.18795680026060144 0.7580045160715343  738339.4047959686
0.4990845857961764 0.18823272307177633 0.7577650746404966  738339.4047972519
0.5002694578152482 0.18855272816486418 0.7583683764245471  738339.4047982878
0.5008994031446331 0.18891357262264685 0.7602155143490381  738339.404799564
0.5008062034615555 0.18919654394848825 0.7611443777166638  738339.4048006547
0.5002104282629454 0.18903718028152533 0.7624443405264777  738339.4048017678
0.49938172287020555 0.18867100743075066 0.7636305700895721  738339.4048029145
0.49797925283949546 0.18854391431987302 0.7637145179461478  738339.4048040876
0.4967012663822047 0.18864134082201994 0.7637871800583347  738339.4048052345
0.4963206846119666 0.1895483852261288 0.7648971882914075  738339.4048064386
0.49684662648963274 0.19111609265825422 0.7663642243196348  738339.4048075405
0.49887305293040496 0.1938012708862601 0.770226174012881  738339.4048087712
0.5011074654646618 0.19740253488592327 0.7823242717092532  738339.4048099676
0.5037998209247366 0.2005100846757477 0.7924703551651124  738339.4048110499
0.5100386957144366 0.20245201870664595 0.7969740250121614  738339.4048122974
0.5143078610982889 0.20106962213242513 0.7948206502781814  738339.4048133289
0.5184078990027483 0.19792772951699616 0.7886239316392957  738339.4048144949
0.5211760782602437 0.1953932819377041 0.7846481801874111  738339.40481577
0.520841459409394 0.19410723238849528 0.7838630809890987  738339.4048167942
0.5175829661018754 0.19352817562746866 0.784637365864981  738339.4048179968
0.5104280115544779 0.19445741595774027 0.7872794658347643  738339.404819242
0.5057473374988941 0.1960257883141989 0.7931302850712287  738339.4048202801
0.5022412041170875 0.19687654356883721 0.804784554282447  738339.4048214676
0.5001026420187615 0.193121430469542 0.8222707365987175  738339.4048227425
0.49742656092818444 0.1866462509076196 0.8377113564851758  738339.4048237499
0.48781284750615284 0.17114687484224442 0.8627015386964674  738339.404825022
0.47287787198178527 0.15393993719681362 0.8839201092668013  738339.4048260542
0.4513307044680753 0.13310484563812894 0.9033454665402189  738339.4048272333
0.40875347442388005 0.10080112248695379 0.9276953692727704  738339.40482855
0.37726131802236007 0.0804299191242985 0.9377698068542204  738339.404829546
0.3299459374345761 0.04992319578453447 0.9451696366281872  738339.4048308764
0.2991154238755775 0.031624462301674795 0.9494940327483333  738339.40483185
0.250373860866042 0.01148589595833677 0.9546916121608376  738339.4048331208
0.21460931207081585 0.006346984055131178 0.9535047721324239  738339.4048341245
0.16582867019875708 0.008178375988476216 0.9502448878562559  738339.404835207
0.11480414769573113 0.01632247712825382 0.9470377509059438  738339.4048364767
0.06367219858242479 0.02961091013867956 0.9452630294981865  738339.404837639
0.004599217798423341 0.046430511145876326 0.9428725512746154  738339.4048389171
-0.0342339072650908 0.06039665861774359 0.9352367592020642  738339.4048399514
-0.07621256425683856 0.06946808320383172 0.9209255475456897  738339.4048412803
-0.10645679723980885 0.07273135287344577 0.9109213027564192  738339.4048422669
-0.1371499693121087 0.07938192927745975 0.8990328246762332  738339.4048433054
-0.17673382091505185 0.08686814056645725 0.8904244334265952  738339.4048445805
-0.2242383640217407 0.09615747091203224 0.8908985102788064  738339.4048457518
-0.266863340022373 0.10732009361266827 0.8902869977524825  738339.4048468951
-0.30543887214893906 0.11744895314941219 0.8940213523045172  738339.4048480663
-0.33635475501784257 0.1189466540906342 0.899221301815917  738339.4048492113
-0.36624349878185125 0.11776873562660475 0.9028431743155303  738339.4048503697
-0.3956368573758759 0.12027988638098996 0.9054955921680735  738339.404851564
-0.41961760912468 0.12921020522137586 0.9093327286333194  738339.4048526876
-0.4489762927540381 0.1492533123056274 0.907464023247664  738339.4048538984
-0.4740428589015328 0.1752067215806446 0.9019736953588631  738339.4048550024
-0.4916303279584966 0.20038133195799526 0.8967312825714854  738339.4048561619
-0.5089242209983326 0.22521280600945182 0.8849559009232602  738339.4048573101
-0.5221318021170807 0.23990548466475684 0.8758280209475154  738339.4048584703
-0.5285107389728558 0.25925932379231226 0.8683401973685287  738339.4048596445
-0.5275709311861685 0.28641089048445356 0.865994648278222  738339.4048607848
-0.5217832787680258 0.32133347044712096 0.8727553529475824  738339.4048619894
-0.5185690255380988 0.3555156198678866 0.8955557527420549  738339.404863096
-0.5157663341719531 0.3922922234371202 0.9326852951098942  738339.404864266
-0.5095050802986049 0.41394652836177726 0.9617201125325038  738339.4048654132
-0.49914468396104056 0.43426891321472294 0.9860428088852426  738339.4048665847
-0.4874045314531107 0.4584599033465396 0.9941999891102803  738339.4048677281
-0.47259010975858157 0.4914519107846434 0.993775840535189  738339.4048687967
-0.45197791215350575 0.5364721486244662 0.9873565590185491  738339.4048700606
-0.43033598320465694 0.5787130005080335 0.9795511531067412  738339.4048712022
-0.4000997791471219 0.63262879042201 0.9673813709941551  738339.4048724067
-0.3722911690454939 0.6809997469044243 0.9546314434904527  738339.404873517
-0.3546446042262179 0.7162631340890411 0.9488121393535469  738339.4048745577
-0.3402510483434099 0.7596289209859846 0.9416023793197164  738339.404875822
-0.33543769233883125 0.796486105064058 0.9351204876416982  738339.4048768993
-0.3367101122093696 0.8362534512096927 0.9278064404575029  738339.404878272
-0.34278724779600744 0.8695083751208554 0.924069052243452  738339.4048793484
-0.35139801275690485 0.9008496682025505 0.9230237727343872  738339.4048804814
-0.3602261830065252 0.930659203941699 0.9243775024502643  738339.4048816174
-0.36968184670047965 0.9562362391114491 0.9294484479399854  738339.4048829353
-0.37670579812738486 0.9682355022741393 0.9361690726387445  738339.4048839441
-0.38314919384094454 0.9732068878963545 0.940318713286567  738339.4048852144
-0.3875357068977476 0.9715283097741876 0.9436117977866803  738339.4048862011
-0.39446088597207196 0.9606889973048754 0.9564951209036325  738339.4048874463
-0.40101360628321275 0.9393073046409849 0.9780639833578771  738339.4048885618
-0.4061674363287248 0.9118977984419604 0.9991325128882163  738339.4048897766
-0.4110342480685301 0.8682256026567574 1.0264771875493546  738339.4048908764
-0.4158036416411306 0.8251150291008575 1.0467031161832694  738339.4048919268
-0.42141050915703304 0.7752631091027261 1.0595592842951698  738339.4048931894
-0.42635039822093795 0.7266529479801295 1.065075339139707  738339.404894349
-0.43082398074557016 0.6788346190009381 1.0710856758270118  738339.4048955061
-0.43212841537226193 0.6227913665778536 1.0770309083087317  738339.4048966623
-0.42809498027464765 0.5682679380382368 1.0688158933665288  738339.4048979422
-0.4246314702204784 0.5288756698061494 1.0558208945336265  738339.4048989132
-0.42462045228252565 0.4739453326186226 1.0397506612113565  738339.4049003044
-0.42479788003455005 0.44602278155361624 1.03511736747704  738339.4049012593
-0.4218952278958262 0.417191383957009 1.034496557833355  738339.404902463
-0.4200915427625472 0.3967965798639085 1.0354540491454611  738339.404903615
-0.42089088627164345 0.37943367655650995 1.0313522410277431  738339.4049046657
-0.4227842491092224 0.35693059323353177 1.0180518378212062  738339.4049059236
-0.4219573868329064 0.3362535525523069 1.005900097248049  738339.4049070807
-0.41484087723777646 0.3136924749391678 0.9991155373609695  738339.4049082574
-0.4043709302387963 0.292255747426401 1.0011229914060458  738339.4049093977
-0.3957182991087774 0.2716244970176722 1.0102652775020848  738339.4049104342
-0.38863508172978417 0.25238014595947433 1.0183619200793297  738339.4049116756
-0.3805623649312495 0.2438295282442309 1.0119907408895312  738339.4049128679
-0.3706663514810573 0.24627941383281138 0.99517157639115  738339.4049140236
-0.35852104271272434 0.25222237140338544 0.9791219544264558  738339.4049151017
-0.3417600495680566 0.2554544525142535 0.960014381236902  738339.4049164624
-0.33080133691536473 0.2540718406011056 0.9493533688068672  738339.4049174393
-0.3165444629455183 0.25532389495477176 0.935844752364752  738339.4049186963
-0.30671500826861103 0.25481936373919295 0.9302361258451708  738339.4049198115
-0.2948829750659674 0.25276936056304805 0.9258352108048133  738339.4049209689
-0.28360041309094464 0.2498780174038444 0.9210282336783883  738339.4049221264
-0.2750498465695387 0.24431858987547728 0.9223739293164823  738339.4049231843
-0.27225753311557166 0.23210419194310652 0.9349295712839687  738339.4049246144
-0.2717046834522356 0.2231884954330819 0.9414748704939152  738339.4049256045
-0.2681213483768202 0.21564568235749482 0.9378391407177271  738339.4049268763
-0.2677215059122787 0.20904935565531846 0.9331952692426625  738339.4049278791
-0.272431653642673 0.195821806570288 0.9286544158955948  738339.4049291289
-0.27763139340762705 0.18079232101714227 0.9241491063532227  738339.4049302303
-0.2814887756402975 0.16356947566270721 0.91732095603215  738339.4049313933
-0.28642446090126944 0.14609212155470738 0.9129071376857707  738339.4049327144
-0.291886601818498 0.1327724594509179 0.9192604032809907  738339.4049337059
-0.29560352566941617 0.12124428443031866 0.9323855754201616  738339.4049348776
-0.2906730208687882 0.10985972279197365 0.9458430503334508  738339.4049360129
-0.275859756306969 0.0969317444250617 0.947891293407243  738339.4049371781
-0.2585526288121283 0.08847337535369318 0.9410958221869522  738339.4049384528
-0.24617525171670407 0.08080440060263987 0.928598983405921  738339.4049394861
-0.2259196518011557 0.07119431534741112 0.916072395547977  738339.4049407638
-0.2029209353481385 0.04832949350271407 0.8933797949113372  738339.4049417955
-0.17105750218750784 0.023258821762029373 0.8492166694045429  738339.4049430529
-0.14317620515245538 -0.0018567351005887222 0.8593518067497767  738339.4049441149
-0.12527343129382704 -0.013432964267132478 0.88823622613759  738339.4049452809
-0.11778187895765256 -0.009814729501889044 0.8965104138085034  738339.4049465505
-0.1176324347410124 -0.0033058283110153235 0.8920776140012937  738339.4049475779
-0.11814766688542022 -0.0004081564524934964 0.8963279082760769  738339.4049488591
-0.11625381923877187 0.0014761777316256212 0.9050663136586713  738339.404949898
