% wand_x wand_y wand_z  738318.7436568389
0.3784623295586249 -0.33565212457924953 -0.00991821102003609  738318.7436581376
0.3784597166039551 -0.33566035992325227 -0.009912027954381158  738318.7436593461
0.37845873884514986 -0.3356605315030045 -0.009914838102474509  738318.743660573
0.37846363049755233 -0.3356525007411162 -0.009914009817658475  738318.743661611
0.3784667615048398 -0.3356456936300075 -0.009908433090241755  738318.7436628934
0.3784652003043268 -0.3356544457406427 -0.009914586972475933  738318.7436638674
0.3784680969072034 -0.33565661402949337 -0.009927304896669488  738318.7436652092
0.3784596945697618 -0.3356258188753018 -0.00990825541173034  738318.7436662421
0.37846810464107616 -0.3356183401783496 -0.009910814151692024  738318.7436675101
0.37845886974432486 -0.3356526848878606 -0.009918159457311289  738318.7436685311
0.3784662105568595 -0.33562379504146483 -0.009901886798603913  738318.743669713
0.3784587345989107 -0.3356519610666205 -0.009916329961470209  738318.743670984
0.3784635619855542 -0.33562147339342635 -0.009927814164573301  738318.7436720295
0.37847003841839466 -0.3356135256351746 -0.00990695508905989  738318.7436730685
0.3784606247900658 -0.3356541164123358 -0.009921841541529286  738318.7436743404
0.3784672496494349 -0.3356280121923173 -0.0099143045167595  738318.7436755031
0.37845811781810934 -0.3356505380373816 -0.00991941045126741  738318.7436767726
0.3784639760435578 -0.3356221668367951 -0.0099101050126345  738318.7436777421
0.3784675644475643 -0.3356496179688025 -0.009919767902400213  738318.7436788585
0.37845759596087186 -0.3356511683107826 -0.009926909871524251  738318.7436801323
0.37846008826452243 -0.3356541890736229 -0.009921187773685282  738318.7436813319
0.37846318267174694 -0.33566087400182437 -0.009919951724468436  738318.7436824453
0.3784612315660675 -0.335660512432876 -0.009916390181829583  738318.7436835306
0.37846430436420164 -0.3356548960345042 -0.00992914854145152  738318.7436848715
0.37846831024253913 -0.33562820756048506 -0.009934146291807245  738318.743685882
0.3784700197205381 -0.3356250827233137 -0.009921198061034616  738318.743687075
0.37846043775096755 -0.33566279601746524 -0.00993084793573409  738318.7436883455
0.3784598290092339 -0.33566621457455864 -0.009929221680205864  738318.7436893886
0.37846690428630575 -0.33565596347776866 -0.009926953744873698  738318.7436906648
0.3784687397955228 -0.33572547331432673 -0.009815139005353803  738318.7436917106
0.3784697320860858 -0.33565636264066945 -0.009921506161991764  738318.7436930349
0.3784609366866344 -0.3356577573609314 -0.009922268688760765  738318.7436940189
0.37845698806625344 -0.33565661644436817 -0.009919367287753812  738318.7436952983
0.37846026384760983 -0.335656125849928 -0.009913933269969567  738318.743696334
0.37846382286445135 -0.33565629336731445 -0.00992295553574335  738318.7436976096
0.37846324469543674 -0.3356536915466127 -0.009911196694362672  738318.7436986485
0.3784586657723237 -0.33565176833828647 -0.00992072152876556  738318.743699806
0.37845822073620955 -0.3356581312525452 -0.009902370879388833  738318.7437009603
0.3784619888524907 -0.3356216568569239 -0.009928586644879816  738318.7437023255
0.37846724347266514 -0.33562494452589026 -0.0099182725527969  738318.7437033878
0.3784593289493552 -0.3356547426220736 -0.009918549045877242  738318.7437044287
0.37845932675947663 -0.3356512252130832 -0.009923019347318134  738318.7437056878
0.37846923645372244 -0.3356519348004335 -0.009932576440554897  738318.7437068636
0.3784566350527958 -0.3356521984674315 -0.00991427544320893  738318.7437078265
0.37838463827198054 -0.335687714134114 -0.010007568489443423  738318.7437091871
0.37830947211219945 -0.33570523452176937 -0.010056604155916178  738318.743710226
0.37842885691056877 -0.33569599513930143 -0.010106320129695926  738318.7437113805
0.3784923808902546 -0.3356937475622734 -0.00997757464175796  738318.7437126724
0.3784681306753158 -0.33575080488844994 -0.00982642371740115  738318.7437136327
0.3783933398873788 -0.33566502157358025 -0.009952938487013221  738318.743714971
0.37840907154268344 -0.33566897799874257 -0.009946039225261981  738318.7437161304
0.37843252942857414 -0.3356365155111993 -0.009935872600901698  738318.7437170653
0.3784561359913632 -0.33562066359712955 -0.009909344036992401  738318.7437184472
0.3784687618568034 -0.33575384420595744 -0.009799916601444187  738318.7437194927
0.37843817875054014 -0.33566845239255577 -0.009938542046576272  738318.7437206355
0.37827629058579604 -0.33584960623054716 -0.00977023753673139  738318.7437219416
0.37846173609229805 -0.33565723577835366 -0.009929045038970307  738318.7437229545
0.37825978181471676 -0.3357772978123684 -0.010115190296191429  738318.7437243399
0.3783584442356898 -0.3356229467907159 -0.010374064698504468  738318.743725298
0.3782475765027017 -0.33589827408510875 -0.009731128884349937  738318.7437264266
0.3782543893280309 -0.3357303824527049 -0.01013540174256845  738318.7437276976
0.3782517702169573 -0.3357757029740702 -0.01014862475297947  738318.7437288639
0.3782633032164107 -0.3357704707400949 -0.010137899342022605  738318.7437298988
0.3781417034457622 -0.33595142612268797 -0.009847618583499225  738318.7437311682
0.37821097985830565 -0.33567205290720337 -0.010511246494289512  738318.743732331
0.3782755328350066 -0.3357350585687339 -0.010127367683887665  738318.7437333869
0.37836170426726856 -0.3356570767758328 -0.010100174125739471  738318.7437346474
0.37836916734017095 -0.3356869848032067 -0.010105745601197803  738318.7437358137
0.3783390389607575 -0.3357136274056452 -0.01009906411140772  738318.7437368415
0.37840640424700167 -0.3357152388725344 -0.009888734545011458  738318.7437381109
0.37840320537614525 -0.3356616468010319 -0.009997838576972829  738318.7437391579
0.3783518686256296 -0.3357162105628047 -0.010035170711897004  738318.743740428
0.37835772916683913 -0.33571435800414995 -0.01002656252089324  738318.7437414669
0.37835782784755634 -0.3357229252438091 -0.010042146145375267  738318.7437426248
0.3784081230716284 -0.3356575116007178 -0.009994427387752698  738318.7437439297
0.3784297901501126 -0.3357679139937605 -0.009860826329167351  738318.7437449449
0.37840404175185677 -0.3356538613691614 -0.010026652940183895  738318.7437462147
0.3784330672514714 -0.3356873375782258 -0.009904106115632395  738318.7437472503
0.37842440690509477 -0.3356471278762429 -0.009998533058530695  738318.7437484162
0.3785505427267478 -0.3357483111135179 -0.010383300834966558  738318.7437496892
0.3788235122092562 -0.3353995306625436 -0.011395613576352416  738318.7437507287
0.3783237644288518 -0.3353507070271958 -0.010024800208666368  738318.743751907
0.3783533114771597 -0.3354629970189417 -0.00981867356594099  738318.7437531604
0.3784257025310978 -0.33568163402329043 -0.009985394729620269  738318.7437542039
0.37845056847927283 -0.33562325850971947 -0.009957925938976661  738318.7437554763
0.37845259629104894 -0.3356441449003684 -0.00996033557777132  738318.7437565152
0.3784258797225604 -0.33577706625595566 -0.009842213771231149  738318.7437576121
0.37843585716279143 -0.33566849972658 -0.009993399670124551  738318.7437589393
0.37847118185290757 -0.33565520999823534 -0.009938684497222603  738318.7437599897
0.37847165072581634 -0.3356539479527084 -0.009927765486090355  738318.7437611407
0.3784420213670069 -0.3356420618355814 -0.009946127197452331  738318.743762448
0.3784614838800641 -0.33563121772640286 -0.009905449424890172  738318.7437634632
0.3784616954686566 -0.33563830901597996 -0.00992730294784707  738318.7437646207
0.3784281591621053 -0.33567381607311064 -0.009913611429772665  738318.7437658216
0.3783814267099173 -0.3356962933661386 -0.010013771007745037  738318.7437669316
0.37831571525270047 -0.33570263828503266 -0.010062329009242432  738318.7437681995
0.3781752099069517 -0.3358696745812237 -0.010020680598550524  738318.7437693686
0.37808337699165023 -0.3358108131497074 -0.009820890134339648  738318.7437704323
0.37762254533067224 -0.335734127691345 -0.009528301282225142  738318.7437717002
0.3779028260123546 -0.33580158199020776 -0.010078242650701976  738318.7437726718
0.3778861694640242 -0.3359708541938024 -0.010291526102663576  738318.743773997
0.37824307721707884 -0.33583180733864815 -0.01001765742024009  738318.7437750358
0.37827897658410614 -0.33577186202758413 -0.009822300186311979  738318.7437763521
0.37826588048214965 -0.33566621561458115 -0.009904100439925404  738318.7437773448
0.37824075753920744 -0.33566853263368246 -0.009912504506006867  738318.7437785108
0.3782093257162671 -0.3358568850629731 -0.009764993391228083  738318.7437798043
0.3790407715880656 -0.33600814103016496 -0.010578334227600319  738318.7437808198
0.38064836386470186 -0.33856078704055814 -0.01098225652457129  738318.7437818588
0.38250005152859595 -0.3415978082638393 -0.009052749394950274  738318.7437832571
0.39257436969594234 -0.35245847457653984 -0.006792990845870692  738318.7437843003
0.40313268323937756 -0.366295461826551 0.0005992341100776917  738318.7437853276
0.4183531763520412 -0.38775773570033656 0.01595518130015405  738318.7437866142
0.4289601812979639 -0.40784132017175706 0.03879508826357122  738318.7437877672
0.43567073803467304 -0.4320827030787579 0.06311078968658172  738318.7437890334
0.437897599436223 -0.45832848292618644 0.07442452477313315  738318.743790215
0.43552545681584526 -0.4782310825234028 0.07930288578086767  738318.7437912414
0.4256219105049692 -0.5092028275035279 0.08571691561932893  738318.7437925142
0.4122993928673348 -0.5375232549880186 0.0921927282531934  738318.7437936916
0.39853006948111697 -0.5649694934300292 0.09843412754500311  738318.7437947127
0.38112815034406694 -0.5960511266774315 0.10981505798357938  738318.7437960404
0.3653344545094897 -0.6232301298150339 0.12904866978784696  738318.7437970216
0.34589589583679853 -0.648336312060776 0.15364101389835677  738318.7437981892
0.322871576414676 -0.6672499175738423 0.17862043733308372  738318.743799456
0.3013727760947451 -0.6781411855312065 0.20222814629469135  738318.7438004916
0.2772527958606505 -0.6855265539397335 0.22347924315416628  738318.7438016578
0.24901637604716972 -0.6907810112361878 0.2479247030764852  738318.7438029884
0.22815949724772966 -0.6928511713365422 0.2628795159766696  738318.7438039581
0.20547997476933066 -0.6936211603026524 0.2770549493776899  738318.743805131
0.18620110857817945 -0.6946619404588033 0.28202992651288367  738318.7438063314
0.17257188414847205 -0.6967370971114181 0.28196370799502135  738318.7438074413
0.1588832069748342 -0.6997388030113834 0.28692731777745784  738318.7438085933
0.14065179833015762 -0.7037561233773271 0.3065259474758045  738318.743809872
0.12366335964194454 -0.7079431744894082 0.3174040902334465  738318.7438109108
0.10179478649421142 -0.715504631261199 0.3201307223474783  738318.7438121033
0.07841713703322424 -0.7254487176960283 0.32068076955176494  738318.7438133449
0.06558240350738456 -0.7325148788664042 0.32666185775439266  738318.7438143839
0.05093197053618815 -0.7420702609250983 0.3381321832982095  738318.7438156417
0.03660657554172237 -0.7526838690629485 0.351690957646191  738318.743816843
0.024458376747057566 -0.7631191549575841 0.35967788729875516  738318.7438178589
0.005734730170438049 -0.7790447710498553 0.3684067632454677  738318.7438189093
-0.014134132875671635 -0.7977672813757928 0.37514865128224156  738318.7438201722
-0.029307181252296893 -0.8126487231625178 0.38056482407537096  738318.7438213383
-0.046171893472331804 -0.8268876458216479 0.3894706092579841  738318.7438225365
-0.05857298003306424 -0.8359253427654083 0.3902849195273556  738318.7438236431
-0.06843056632307307 -0.840233615623797 0.3863349378886179  738318.7438248052
-0.07907447480972468 -0.8421197991901921 0.39187625203716725  738318.743826073
-0.08975169521500277 -0.8427852603500368 0.40122995302466324  738318.7438271121
-0.10842940155760697 -0.8418551359489981 0.4116138957905356  738318.7438283046
-0.12469601520352827 -0.8419918899446807 0.4167296187146051  738318.7438295512
-0.14111719522943345 -0.8434737085348475 0.41929727627144314  738318.7438305902
-0.16267445267667188 -0.8487210233163032 0.42401684112985427  738318.7438318663
-0.18186844057550222 -0.8527423894299213 0.43258434406754637  738318.7438329051
-0.20484212228306853 -0.8542711115757067 0.43756565622122745  738318.743834071
-0.23323219553050506 -0.8523927802853719 0.4351982753191092  738318.7438353548
-0.25514120705825144 -0.8489376356696221 0.43316195957358944  738318.7438362873
-0.2853253332447902 -0.8442531872633009 0.43679249807765136  738318.7438376509
-0.31143334969134884 -0.8418444540363516 0.4444084346492814  738318.7438386956
-0.33335068874179297 -0.8400020810342461 0.4526920235742665  738318.7438398617
-0.3608024658418586 -0.8397888499513626 0.4656094110138925  738318.7438410507
-0.38585207822003675 -0.8379535080589308 0.47299430164258854  738318.7438421675
-0.40767971905630546 -0.8312106611215768 0.4706497584909798  738318.7438433461
-0.4331651416048223 -0.8163362791282797 0.4609988885963646  738318.7438445986
-0.4482329028264224 -0.802418080199986 0.4511961475962357  738318.7438457545
-0.45776621379070254 -0.7888817850735915 0.4432545889228368  738318.743846678
-0.468276575876487 -0.7685793739859026 0.4343457101480594  738318.743848068
-0.478878780268878 -0.750160918445735 0.4300469192393451  738318.7438491131
-0.4904388540015403 -0.7293454362759226 0.4294693792992275  738318.7438502677
-0.5039392958650546 -0.7054993178743545 0.4265027460543361  738318.7438515386
-0.5170919716351097 -0.681331450703542 0.42422563185142015  738318.7438525201
-0.5332240036240593 -0.6523927962499878 0.4247701391995303  738318.7438537369
-0.5467670270888272 -0.6297821645341896 0.42674748103632393  738318.7438550084
-0.5578651058639097 -0.6116844112916268 0.4307670603566149  738318.7438560558
-0.5682899094122713 -0.5963406297843596 0.4355464002430641  738318.7438572348
-0.5814363085564812 -0.5814426774782193 0.44177879161852585  738318.7438584876
-0.5972885786542804 -0.5657147900821881 0.45290582316448963  738318.7438596783
-0.610973041007512 -0.5487471946900561 0.45878868188294347  738318.7438607186
-0.6244928037881196 -0.5245146236099136 0.45783884233299676  738318.7438619552
-0.6328089593626948 -0.5009580275166524 0.4561011506679538  738318.7438630251
-0.6369922417156804 -0.4778886077210838 0.4559396990010832  738318.7438642723
-0.6366567262474244 -0.45581879593545727 0.4569033174370895  738318.7438653113
-0.6336578446433966 -0.43548509957322723 0.4576222384341703  738318.7438665293
-0.628390113115222 -0.4161815299692432 0.45881983396001724  738318.7438677511
-0.6245571889314814 -0.4036130650160307 0.4568685862137381  738318.7438687822
-0.6183194195496913 -0.38677910601315896 0.45244643677637325  738318.7438698516
-0.6128691570281775 -0.3658949465563491 0.4479752203223813  738318.7438712161
-0.6120100324535954 -0.3463159321259188 0.44497438385404897  738318.7438722606
-0.6159441298277433 -0.32032727185789894 0.4381344111486365  738318.7438735316
-0.621817586780938 -0.3002339582879895 0.434135788278151  738318.7438745709
-0.6260630339408231 -0.28533496726960383 0.4354631824856927  738318.7438757296
-0.6287505592061281 -0.26257378623661304 0.43606110882532084  738318.7438770097
-0.6280274680049963 -0.24430186463117548 0.44066483969432263  738318.7438782173
-0.6240853451369062 -0.22126065870966827 0.4418212546620731  738318.7438792015
-0.6165853988891642 -0.19806916188012305 0.4410035624297083  738318.7438804717
-0.6052415020978252 -0.17917115991695418 0.4439749081275263  738318.7438815108
-0.59070167762165 -0.1648279422804916 0.4469516329354494  738318.7438826772
-0.5779033246892437 -0.1546935342973453 0.4460166457780057  738318.7438838201
-0.5644869846941007 -0.14200777153263464 0.43953670680863705  738318.7438849898
-0.5472932882968333 -0.1229345160045512 0.43448383756582226  738318.7438862643
-0.5331225269487192 -0.10252341424170926 0.43705453411295586  738318.7438874431
-0.5239426815109793 -0.08455667402578591 0.4400772221258262  738318.743888468
-0.5135656071512044 -0.05757058830756307 0.4423866092432907  738318.7438897332
-0.506932836313137 -0.03494540685797602 0.445427043651253  738318.743890772
-0.4979166051232846 -0.008766361010581992 0.44766531100802415  738318.7438919243
-0.48529536856408817 0.02060508134938601 0.4506456447545864  738318.743893149
-0.4725261298167801 0.047794394100828974 0.4535575614038863  738318.7438942479
-0.457810533092709 0.07334808437824501 0.4539493559909875  738318.7438954201
-0.4402919251066553 0.09412488634679464 0.4534569271677121  738318.7438967025
-0.42767850389387324 0.10293752004188134 0.4545738036773801  738318.7438977765
-0.410927856777791 0.11002147281591047 0.4519857656301653  738318.7438990005
-0.3948683966302378 0.11357958233423017 0.44674159098834515  738318.7439000278
-0.38191529234548127 0.11723191875880881 0.4420296563708318  738318.743901192
-0.3669613866159262 0.1231025430355679 0.43729909442556864  738318.7439024884
-0.3527468102182546 0.12935845109676192 0.4360232775226656  738318.7439034926
-0.3333238757490929 0.13615107595914916 0.4392505364125763  738318.7439046791
-0.31100217556076537 0.14136296208914864 0.44584370593970224  738318.7439059379
-0.2931498649641916 0.1427804746040745 0.45250240210845094  738318.743906977
-0.2794829861076966 0.14252727134206894 0.45607470395508015  738318.7439080647
-0.26610976006722364 0.13969743684766942 0.4576125080988999  738318.7439093121
-0.26158057180153166 0.13610864087404034 0.4640039548495388  738318.743910447
-0.2606407566501011 0.13588396496986846 0.46894273721182944  738318.7439116093
-0.2567551329620347 0.13936758540462538 0.46777314170822915  738318.7439128817
-0.2507076770645499 0.14289106522008763 0.46438411989373524  738318.7439139263
-0.23887245362208873 0.14709122460391436 0.4640665368456305  738318.7439151972
-0.22584488581293116 0.14947290214163975 0.4652244704567588  738318.7439163759
-0.21577826715452023 0.14942427106120748 0.4664416804785978  738318.7439174223
-0.204407522306498 0.14500381362688375 0.4673500297331874  738318.7439186933
-0.19691100026372826 0.13528295538093188 0.47072949342172077  738318.7439197141
-0.18923972975256312 0.12042100935887823 0.47274745674865926  738318.7439210075
-0.18351119441695898 0.10870295784484882 0.47262867652949014  738318.7439220238
-0.17327568937950874 0.0967673421530573 0.4718773852569838  738318.7439233441
-0.16058717643719284 0.08604564541595928 0.4708640483658973  738318.7439243367
-0.14373281925318868 0.07603886166606835 0.47270454487028907  738318.7439256184
-0.12817967915898804 0.06943471148818194 0.477624109523321  738318.743926655
-0.11420008943900359 0.0644765102559706 0.4816047722548162  738318.7439278031
-0.10062987712936393 0.05973973627994311 0.4812494721132254  738318.7439291087
-0.08971223147694511 0.05383150855692439 0.4789190294080449  738318.7439301282
-0.07993276738236409 0.04691456774647364 0.47974606626040645  738318.7439313745
-0.07025496646589473 0.04025186676945518 0.4811074319706627  738318.7439325819
-0.06256483517379861 0.033734569209916514 0.48266119889290343  738318.7439335976
-0.058013877213368696 0.02738969815561147 0.48500199648573405  738318.743934871
-0.05569633341180481 0.02058051662277052 0.4856948388812091  738318.743936025
-0.05459154244830586 0.013204693350789883 0.484763730968445  738318.7439370728
-0.05546543430696295 0.0032298471181703647 0.4821909721169588  738318.7439382963
-0.0573339979999215 -0.006129249886902153 0.4784966256748996  738318.7439394343
-0.05731368863380482 -0.015943284179140524 0.4757836681897682  738318.7439405671
-0.055484887362322786 -0.02761139626837089 0.47545467083802917  738318.7439418759
-0.053122165943439555 -0.03628526840229187 0.4781753063366697  738318.7439429737
-0.049895452328959394 -0.04314726002293755 0.4801904737534522  738318.7439440129
-0.04746719147516009 -0.047782345518497873 0.4791447594000718  738318.7439452964
-0.04630230180609005 -0.05023138166745808 0.47720240744641235  738318.7439463238
-0.04317499152879144 -0.05120667006023355 0.4770903356754643  738318.7439476043
-0.03883133763090074 -0.050140507668887634 0.477416795421855  738318.7439486547
-0.03354388919031025 -0.04753913786543485 0.47769330463295717  738318.743949803
-0.028782652648988095 -0.04376269863065738 0.4774364565119783  738318.7439511083
-0.025286026126163725 -0.039626607514333605 0.47472012717414863  738318.7439521126
-0.02079296025059982 -0.03488737131636854 0.47218791816305306  738318.7439533803
-0.013471173663426868 -0.031190150818612317 0.47225469831158134  738318.7439545593
-0.006246920587518699 -0.0294150390569687 0.476306140869178  738318.7439555922
0.002649456148783129 -0.028387302631873064 0.4830259292948847  738318.7439569471
0.011195892012977013 -0.0273977194151803 0.48603930122231853  738318.7439579635
0.01838396458030748 -0.028099120369398805 0.48738954406021423  738318.7439591775
0.02205465631039268 -0.030705539943367503 0.48785374209973004  738318.7439602278
0.02517434432057139 -0.03437868978840214 0.48683404226466537  738318.7439614921
0.026866297690066796 -0.03720712284530033 0.48369178506221805  738318.7439625425
0.028354827719966506 -0.04032407935594565 0.4819951265850153  738318.7439636913
0.02998256861560599 -0.0449513821115946 0.48174934983264417  738318.7439649652
0.030699805547339802 -0.04990791220844081 0.47986256400904004  738318.7439660041
0.03105922220319926 -0.05403191823871252 0.4778663282046183  738318.7439671515
0.033766606315528754 -0.05750671441428358 0.47751580658346443  738318.7439684347
0.03656890634010786 -0.0611360726743451 0.47902066733588833  738318.7439694778
0.03915558666706358 -0.06648506391909043 0.48102255660109844  738318.7439707519
0.04143583057772988 -0.0709790307044214 0.48333921391084006  738318.7439717914
0.043387915072618154 -0.07537446975596211 0.4866600391539365  738318.743972982
0.041050038733742224 -0.07789119725475754 0.49073742438552326  738318.7439742237
0.03170359502862429 -0.0757148276809639 0.4928594571669753  738318.7439752882
0.016234622729260725 -0.06807366021746818 0.49138602098943657  738318.7439765336
-0.004199203732950741 -0.055034072784936945 0.48652245031910335  738318.7439775795
-0.031277084638210405 -0.03859207800552261 0.48017556439589487  738318.7439788544
-0.06826464968978162 -0.016226003569594617 0.47109078716051195  738318.7439800104
-0.10226491900297693 0.007226942342439974 0.46355192512092214  738318.7439810619
-0.15029332179741933 0.039146741944325186 0.4585417632421494  738318.743982331
-0.1881893660093281 0.06548307350381717 0.45980998847485527  738318.7439833689
-0.24008668327114854 0.10150426058518987 0.4762866614982203  738318.7439845195
-0.28234109967696985 0.13211030254710204 0.4873022834502865  738318.7439857995
-0.30826046415263725 0.15988277764020567 0.49227810226320723  738318.7439868384
-0.33142692513248917 0.19513534494576062 0.5078016589990026  738318.7439879983
-0.3482146995204039 0.23237184319847462 0.5401312815161339  738318.7439892928
-0.3660155551368158 0.26574512395290606 0.5711690709679428  738318.7439903088
-0.38837336290295893 0.2894614131305802 0.5866749532856025  738318.7439915856
-0.4094721299873668 0.2952483864614664 0.5865774149561367  738318.7439927632
-0.42401865819002316 0.2842546787278 0.5818552887832453  738318.7439937794
-0.4314861654033218 0.2586482467490794 0.5747618101626857  738318.7439950586
-0.42829953415046956 0.23359216601020472 0.5692965884329881  738318.7439962259
-0.415153610831687 0.20536860495516865 0.5640338289834108  738318.7439972577
-0.39013451244966546 0.17347324399037695 0.5612016556164285  738318.7439985878
-0.36671034254729923 0.14952323666422465 0.5584972797595764  738318.7439995693
-0.3282061715413107 0.11790090582030414 0.5491722306137977  738318.7440007324
-0.2820340231971068 0.0851951356347195 0.5417962242584197  738318.7440020172
-0.24527782248785449 0.06197564241250835 0.5388230588576723  738318.7440030442
-0.20969735923462363 0.041702537711235096 0.5372587808551073  738318.7440042101
-0.16442317998920158 0.017122555320246806 0.533171870305817  738318.7440054773
-0.13632932129524994 0.00195739193044889 0.5295084522410317  738318.7440065168
-0.09618286202321835 -0.024567502972411247 0.5287319590201695  738318.7440078224
-0.06868743132626527 -0.050486112370687945 0.5378855970323237  738318.7440090346
-0.05352639574249707 -0.06786325088632043 0.5463739124144915  738318.7440099927
-0.04554831396806633 -0.08115938427506154 0.5488741498551362  738318.7440112612
-0.048013216700894916 -0.08067603369003204 0.5364727846797201  738318.7440124418
-0.052432366474930235 -0.0774644070086949 0.5218707832546855  738318.7440134699
-0.05225288437829828 -0.07790354825934412 0.5142932036088773  738318.7440146438
-0.04400019632302683 -0.07993750986934375 0.5159280076302137  738318.7440157711
-0.03213014039146013 -0.07911672821694095 0.5178817141979012  738318.7440169267
-0.017722797468249507 -0.07213936158212701 0.5161375504417913  738318.744018198
-0.007857838004139492 -0.06684711533397547 0.5129249821515622  738318.7440192499
0.004195678745289679 -0.06373311799492333 0.5098849240586021  738318.7440205159
0.015483002570308676 -0.0650129266060006 0.5093226518268373  738318.744021555
0.027894472594542325 -0.07166349495711062 0.5123844048255553  738318.7440227198
0.0339520785354452 -0.08222064772633896 0.5171051663883659  738318.7440239921
0.030168775677358112 -0.09487524851300289 0.5166956900743324  738318.7440251695
0.0232387730343317 -0.10612089462835142 0.5147861184867252  738318.7440261971
0.0060886118420655005 -0.12518009159583807 0.5081054455655455  738318.7440274657
-0.010852133515644747 -0.13962728119253356 0.5061113118819924  738318.7440285046
-0.03644860301148613 -0.15828550608357006 0.5049241122372696  738318.7440297768
-0.06004818803614353 -0.17549187685924914 0.5043560931968514  738318.7440309604
-0.07535710211459319 -0.18771570062914106 0.5036840057358543  738318.7440319766
-0.0944690860763223 -0.2014896906031108 0.5036379173000379  738318.7440332522
-0.10200727813728981 -0.20665113469297666 0.5080255174245177  738318.7440342798
-0.10204827325197803 -0.2070348353362762 0.5159238356331184  738318.7440355809
-0.10254011797718927 -0.20445607072942432 0.5247198726538783  738318.7440367463
-0.10715405361787772 -0.20508088483249237 0.5309936374424145  738318.7440378092
-0.12008281853495001 -0.2090730674941278 0.5342894327871409  738318.7440389865
-0.13304359393200832 -0.21488997335392576 0.534736224280992  738318.7440401958
-0.13709956332645235 -0.22439266778458417 0.5377098674265505  738318.7440412577
-0.13725032692255296 -0.23568639221838678 0.5406454860850165  738318.7440425167
-0.13179073634588617 -0.2510740359288825 0.5434770057054862  738318.7440437466
-0.12070440511143926 -0.2718664441455274 0.5415236005992042  738318.7440448266
-0.10658584476833394 -0.282582166080389 0.5344126080180973  738318.7440460075
-0.08728616352811717 -0.2873232594294243 0.522796609912354  738318.7440470232
-0.06668110299208532 -0.28757748464974847 0.5126251825873573  738318.744048324
-0.05212816480194844 -0.2873216257088304 0.510147362355988  738318.7440493283
-0.039807125143079256 -0.2859566355154538 0.5108103159256637  738318.7440505518
-0.029248706652755772 -0.28250282453468334 0.5108967419756018  738318.7440517654
-0.02305053978899688 -0.28082053047721967 0.5078550618218508  738318.7440528045
-0.014341015167408667 -0.2821844273716929 0.504917516451822  738318.7440538896
-0.004720946398228804 -0.28105668757389446 0.5029058819710626  738318.7440552338
0.0025350608543478472 -0.27960922568815566 0.502652082295547  738318.7440564571
0.008955148817365265 -0.2802365099142992 0.5006508469199523  738318.7440573227
0.019972333773613047 -0.28218067756284776 0.4981972219347011  738318.7440587345
0.02524215163486705 -0.2835724831494057 0.4985521488649512  738318.7440597623
0.03041897420798519 -0.2849935554950473 0.4997849363022499  738318.7440608093
0.03406417561566872 -0.28934091285573066 0.5020575382756638  738318.7440622136
0.03133536055463269 -0.29814107134757284 0.506293541616863  738318.7440634167
0.026920322401003966 -0.3059500815911722 0.5104210616202411  738318.7440643406
0.022690649238374036 -0.31700383598750936 0.5130909139854235  738318.7440656653
0.022546967776031754 -0.3263248361810145 0.5147510183665311  738318.7440666935
0.026907204034950935 -0.334566489117099 0.516090188225221  738318.7440679645
0.035215004626025094 -0.3420722944065445 0.5167344804999705  738318.7440690382
0.04926668078052254 -0.35231286910432624 0.5162372016568271  738318.7440701702
0.06579848002076223 -0.3597199520727719 0.515037640117679  738318.744071442
0.08334197908753951 -0.3651674497741011 0.5140232945210609  738318.7440726274
0.09723917167466743 -0.37327173034435807 0.5139827911832087  738318.7440736446
0.111189030908838 -0.38585225879440116 0.5159141218029576  738318.7440749031
0.12157257888113977 -0.39561864011741443 0.5148132250962323  738318.7440759535
0.1332150335736781 -0.3977335961739231 0.5125371059329249  738318.7440771079
0.14310020517336094 -0.3905399567344534 0.5184613792275681  738318.7440783199
0.1518109319019243 -0.38472455212806655 0.5228504444170547  738318.7440794264
0.16066914089801962 -0.3825338287053799 0.5234054745543583  738318.7440806048
0.17043793737257182 -0.3809857689387075 0.522954751361366  738318.7440818611
0.18088271083958368 -0.37792498519009554 0.5224258051942958  738318.7440828983
0.19101484584259829 -0.37523649313431273 0.5208971395306642  738318.7440839374
0.20096863120130634 -0.37607186829236783 0.5230261268785235  738318.7440853603
0.20643230664722226 -0.375367472706383 0.5264594976382977  738318.7440863786
0.20938521564990328 -0.3688430221236327 0.5291318618908222  738318.744087533
0.21148210750622504 -0.3589802684484279 0.5287161396834956  738318.7440886876
0.21386449224278686 -0.34110817780640507 0.5251935517348132  738318.7440899678
0.21714382387245107 -0.3226002684715538 0.5181422882804451  738318.7440911224
0.2215722855556585 -0.3079914222318316 0.5147497097284  738318.7440921735
0.23262089654598958 -0.28691395809817116 0.5158500714318143  738318.7440934204
0.24239573597337882 -0.26888650297399574 0.5159230030252373  738318.744094494
0.24786916541260542 -0.25318731020006946 0.5113287164110193  738318.7440956369
0.24702729526144454 -0.23552999412831718 0.5066845382786758  738318.7440969067
0.2433517090170119 -0.22470770408945517 0.5068365209112746  738318.7440980714
0.23945627525111585 -0.21685363024482915 0.5049646432960834  738318.7440991066
0.2339662024803075 -0.21026025544739613 0.5003190176606889  738318.7441004268
0.22903378841565233 -0.20723919248707878 0.4969151229583204  738318.7441014202
0.22181916302962362 -0.20465892910840236 0.49330538813837327  738318.7441025858
0.21393506257441416 -0.20498132797102725 0.48796540746361405  738318.7441038599
0.2099438222505686 -0.20570931951650182 0.48428487651494845  738318.7441048889
0.20582266466480512 -0.20572880476732633 0.4836527730797121  738318.7441061576
0.20255200678133464 -0.2086519977334855 0.4811085740716825  738318.7441073249
0.20180128447539322 -0.21520367116802527 0.4786484353916309  738318.7441083656
0.203384779320825 -0.22753499404910002 0.47593327788887924  738318.7441096611
0.20884425926886088 -0.24388581711419544 0.47375867097818186  738318.7441106769
0.218471287368128 -0.262940272264946 0.4734274297202695  738318.7441118376
0.23426300705057318 -0.2894989004253518 0.4739141849095241  738318.7441131064
0.2516012323447578 -0.3127206449971767 0.4732163386759733  738318.7441141455
0.27343938309537 -0.3415758827183501 0.4754514263205373  738318.744115303
0.30076462063172793 -0.3872990059069718 0.482744127469389  738318.7441165845
0.3184843266432155 -0.42006945323900774 0.4893240051750204  738318.7441176241
0.34231212677489964 -0.46163365655318145 0.5006995263385167  738318.7441188073
0.36885224090296626 -0.5103845426660617 0.5114991869349707  738318.7441200542
0.3902004422523638 -0.5502081549893023 0.5227791543058128  738318.7441210704
0.4127887068660099 -0.58953279682184 0.5506699409029611  738318.7441223058
0.4255140769140915 -0.6185857506018464 0.5848149164874321  738318.744123411
0.433551204956346 -0.6540547423267681 0.6335224248333041  738318.7441245705
0.44324359869566593 -0.6834317991587886 0.6729999847741934  738318.7441258418
0.46332250335803743 -0.7141504262252336 0.6870842965535059  738318.744126881
0.4917836708454793 -0.739109585378808 0.6882480636715752  738318.7441280497
0.5202120132995216 -0.7789993696640086 0.6846880459975486  738318.7441293215
0.5360552231403531 -0.8196754698306503 0.6802396242213461  738318.7441304725