% wand_x wand_y wand_z  738339.3918954503
-0.23777970152759687 0.18470148311987333 0.027941260559001528  738339.3918967708
-0.23779590723414357 0.18470286825796464 0.027932186851056254  738339.3918977772
-0.23778414679670265 0.1847094150967085 0.027980734411708945  738339.3918990869
-0.2377836792983059 0.18471192229372735 0.02792828773289121  738339.391900243
-0.23781224341883297 0.1847054931374426 0.027938529498363673  738339.3919014025
-0.23778566765862372 0.18471160490779281 0.027948164411506184  738339.3919024445
-0.23778265074142704 0.18471705745830677 0.027958957000910504  738339.3919036565
-0.23778824173412938 0.18471622838661844 0.02793226774550531  738339.3919047575
-0.23779385921301024 0.18471842333046823 0.02790724398266551  738339.3919059864
-0.23780999602694178 0.18469217359960263 0.027905555193809557  738339.3919070694
-0.23776461276851033 0.1847176742888638 0.0279671686102515  738339.3919083423
-0.23778148977714855 0.1847046820640688 0.02794625254864399  738339.3919093865
-0.23778125427357777 0.1847068137714422 0.027939734607290496  738339.3919106628
-0.23782023909077807 0.1847090736163861 0.027961723691345305  738339.3919117382
-0.2377871704750904 0.18472519677829186 0.02794132652869368  738339.3919131834
-0.23778979976864398 0.18471229237108616 0.027932371457458718  738339.3919140862
-0.2378117940737472 0.1847045651381979 0.02792288642771994  738339.3919151733
-0.2377763082744344 0.18471959076157812 0.0279545639792323  738339.3919164477
-0.2378309589392488 0.18472164216772533 0.027898842064472892  738339.3919175164
-0.23779347849113083 0.18470253018620447 0.02793591740865173  738339.3919188741
-0.2377805340310059 0.18469295790553486 0.027946403646310503  738339.3919198584
-0.23781942256234131 0.18467651406342278 0.027881867766595278  738339.3919211855
-0.23779640853551204 0.18468429911764273 0.027915941133958143  738339.3919221741
-0.23778176164056675 0.18467363852362215 0.02794399085865137  738339.3919232795
-0.2378034461593706 0.1846899373307631 0.027947936636827753  738339.3919245019
-0.237811043751883 0.18469109034361655 0.02789393560032054  738339.391925584
-0.2377946727675612 0.18468658223614776 0.027905993051685014  738339.3919268696
-0.23780862185139146 0.1846876665600188 0.02792637333141972  738339.3919279046
-0.2378090541058868 0.18469591436048424 0.027897730122483082  738339.3919291723
-0.23778132271038582 0.18467226159318983 0.02795234324603124  738339.3919302691
-0.23781976539091676 0.1846896329263769 0.027919099544985487  738339.3919313446
-0.23781489266783912 0.18467675293263278 0.027902413764079304  738339.3919326055
-0.23781835097317822 0.18467939018147872 0.027910549286836294  738339.3919336853
-0.23780675425194203 0.18469752411692242 0.027922824582691876  738339.3919349234
-0.2377892428925567 0.1847127552028598 0.027942495250930583  738339.3919361789
-0.23782266477223724 0.1847054256083463 0.02790798842779776  738339.3919372784
-0.23779322319662757 0.18468336846983727 0.027936481256775954  738339.391938433
-0.23782466907703698 0.18469408623227632 0.027885782562260243  738339.3919397136
-0.2377679703402239 0.18468620778985545 0.027927888821851876  738339.3919407441
-0.2378019378668691 0.18467719776549654 0.027921276086001198  738339.3919417931
-0.23781877765206344 0.18468893421682314 0.027914035004293545  738339.3919430657
-0.23780773741843195 0.18468295527914239 0.02792201341765873  738339.3919442928
-0.23781018006358956 0.18470055822085138 0.027936062111197417  738339.3919453813
-0.23781002910443885 0.184687013342331 0.027915521141484392  738339.3919465328
-0.237820806028291 0.18468365937674772 0.02791898164102802  738339.3919476968
-0.23783467842127787 0.18469526664815458 0.02787240450593305  738339.3919488611
-0.2378273058365772 0.18469292953433497 0.027875556213380556  738339.3919498811
-0.23781058404908434 0.18468223130431813 0.027900639512743304  738339.3919511561
-0.23781597044167752 0.1846768081453892 0.027938339063761874  738339.3919523236
-0.23783028189498592 0.1847073465673502 0.027909188769847312  738339.3919533585
-0.23782833965591543 0.18468181302211367 0.0278918880386356  738339.391954806
-0.23779413665788968 0.18466864205434264 0.027917537523612042  738339.3919558028
-0.23779183459647793 0.18468687017277394 0.02789511025226192  738339.3919569735
-0.2377914261389439 0.18470023320775972 0.027916934331077604  738339.391958151
-0.2378018450100582 0.18472273883125642 0.02792820319551646  738339.3919592669
-0.23779626972359263 0.18468378210454356 0.02790485050634938  738339.3919604338
-0.23783256755854437 0.18468864350788297 0.02785633566049322  738339.3919615728
-0.23782300732936223 0.1846857906423885 0.02786234268127864  738339.391962738
-0.2378278260739257 0.18468407338512938 0.027908110919683312  738339.3919640558
-0.23782826513646288 0.184706480284249 0.02789674687835557  738339.391965058
-0.23779354141750436 0.18468915298388502 0.027911552712143545  738339.391966087
-0.23780869978257857 0.18469638479967113 0.027929845719087944  738339.3919673586
-0.2377978750950148 0.18472446043282698 0.027903606068073405  738339.3919685343
-0.2378042487883964 0.18469224398378453 0.02790303678452283  738339.3919697979
-0.23778480791925646 0.18471327277098776 0.027912856063560306  738339.3919708336
-0.23781317270205854 0.1846957396280953 0.02788271866623442  738339.3919718778
-0.237790332036051 0.18471329521170834 0.027938275058580653  738339.3919731274
-0.23782166660806553 0.18469300622647528 0.027893527093020957  738339.3919742029
-0.2377924713664989 0.18470686546028284 0.0279062075762426  738339.3919754637
-0.23781624887227001 0.1846750399846349 0.02790489893140608  738339.3919766294
-0.2377850417247012 0.18468064070072268 0.027896511389998126  738339.3919779027
