% wand_x wand_y wand_z  738318.7043984989
-0.037643693969902726 0.6441732338885303 0.7234908079271315  738318.7043997897
-0.037154560458324715 0.64454323347562 0.7228032737417132  738318.7044009474
-0.03717615541309803 0.645686637159784 0.7218611302899735  738318.7044020963
-0.03706548361236995 0.6466986645418198 0.7221912042322126  738318.7044032589
-0.03645078064269099 0.6478259346706016 0.7220124495791291  738318.7044045777
-0.03543753639042081 0.6483826624793388 0.7219160404625302  738318.7044055787
-0.03398254435556742 0.6493042115513992 0.7215745334653583  738318.7044068504
-0.032526982043897694 0.6503260600726799 0.7207394803550896  738318.7044078885
-0.03053171099763059 0.6518491230320451 0.7199503392922699  738318.7044090832
-0.028810044559189736 0.6533756360422981 0.717849179655565  738318.7044101516
-0.026697699151173225 0.6558942168409583 0.7140373480583371  738318.7044114755
-0.02520455309430643 0.658069503555509 0.7127928506489849  738318.7044125099
-0.024245598479233094 0.6607000371293539 0.712394365439992  738318.7044136802
-0.023730899973683838 0.6630167425961618 0.7120284678136289  738318.704414868
-0.023247173541303717 0.664633887719187 0.7081949837147749  738318.7044159935
-0.02069940848253403 0.6642516975106078 0.700745641859033  738318.7044172657
-0.016479742220166828 0.6609177213449614 0.6916707516754413  738318.7044183046
-0.004993294922581405 0.652090482420826 0.6642697958782853  738318.7044193468
0.028343496026105697 0.6361319476749818 0.5792751431218789  738318.7044206182
0.06437741595396419 0.6178107701657876 0.5305759289067307  738318.7044217811
0.11235649334573233 0.5889486709422352 0.4536294514528608  738318.7044229463
0.16736418170749362 0.5638293352045093 0.38387737961067736  738318.7044240945
0.28134218301199393 0.530050432733587 0.25880874013053884  738318.7044253676
0.41330574943717163 0.5168343581561353 0.16322427065889192  738318.7044264014
0.5596499784744916 0.5176209131633684 0.1085186432399406  738318.7044274794
0.7117952236352151 0.5294608302654363 0.09256509698717506  738318.7044287533
0.7917089906375789 0.5328452066738951 0.09416311159277459  738318.7044298744
0.8330800725477653 0.5270729409194197 0.09550614952744543  738318.7044310954
0.8282669473089083 0.5167503082448694 0.08999923226368187  738318.704432155
0.7579767520979969 0.4719833053524592 0.08219815062553147  738318.7044333586
0.6320677378242376 0.38604673390520156 0.10168718318670904  738318.7044346341
0.5348597719303398 0.32998300853200513 0.1237559676021934  738318.7044356023
0.41065827534304133 0.27015596173558865 0.16673825642304935  738318.7044369482
0.3180860556021797 0.23694886763839457 0.22343423326966688  738318.7044379853
0.24388207447347823 0.21470027407146985 0.27926686323732824  738318.7044390682
0.19903704062912567 0.1965563620323969 0.3184989857698731  738318.7044404169
0.18721161624496485 0.18741915148078145 0.3354133259371316  738318.7044414168
0.176726318601889 0.17260848765008022 0.3644276891840718  738318.7044425958
0.16798777284140892 0.14869005854646158 0.40539125170331636  738318.7044438847
0.16565516274897135 0.12938361541014526 0.42967191967306073  738318.7044449466
0.164766408462915 0.10609997586443683 0.45338946572296  738318.7044460907
0.1654328241498854 0.0776015529117056 0.47168257785459183  738318.704447367
0.16749961473971417 0.05499328304902981 0.4750897848498578  738318.7044484057
0.1674092838298976 0.027751395776200907 0.4682509996601336  738318.7044494795
0.16668243372193864 -0.004140299287955516 0.45226741591001246  738318.704450833
0.16318211143110511 -0.03652454197815127 0.4396569722753808  738318.7044519858
0.16447722121447073 -0.057585498503864956 0.43266184350126896  738318.704452921
0.17224540743524333 -0.0792300328833286 0.416051092094956  738318.7044541835
0.1869861037318034 -0.0873626739821407 0.3859809089197909  738318.7044553561
0.2076305436361646 -0.08562197050328153 0.344596498273013  738318.7044566266
0.22439207082079343 -0.07825820640191755 0.29757537919464777  738318.7044577803
0.23052566501083396 -0.07531348033716714 0.24079990121699563  738318.704458995
0.22249573975926043 -0.08219459811045628 0.1894546311489243  738318.7044599765
0.206162847475003 -0.09121971225207597 0.1449262990504538  738318.7044611587
0.17836235519686153 -0.10207774909051935 0.09966589356822995  738318.7044624056
0.15133425199885275 -0.10877447197303826 0.08183201433143342  738318.7044634394
0.12896082129459063 -0.10694651701285243 0.05869404342595719  738318.7044647207
0.11778241139408069 -0.0916920311848936 0.004824631189123129  738318.704465933
0.113674762505053 -0.09346337576165545 -0.00865909838683505  738318.7044669199
0.1126734901400122 -0.09413930367940589 -0.012069714218016699  738318.7044682032
0.11152562106677348 -0.09542658041297941 -0.012407388978423294  738318.7044692305
0.11156167544611614 -0.09540029136414743 -0.010947654667255375  738318.7044705021
0.11168878495088104 -0.094929262190325 -0.010711343411608813  738318.7044715454
0.11174427137073933 -0.09500841859651404 -0.01072710190394238  738318.7044728188
0.11176623229465019 -0.09504128301355236 -0.010731166035800616  738318.7044739826
0.11175137545841797 -0.09499697743087808 -0.010747586268170415  738318.7044750215
0.11179057600961759 -0.095066365552656 -0.010598592495432858  738318.7044762928
0.11175782759555639 -0.09498900221199597 -0.01077623077271489  738318.7044774488
0.11166204348290269 -0.09493420634743377 -0.010711153194876111  738318.7044784906
0.11175052569878867 -0.09503931412403258 -0.010645384219699582  738318.7044797863
0.11174133761074852 -0.09499466037863043 -0.010761208160503386  738318.7044808018
0.11174067679585428 -0.09499699994908074 -0.010760827376510827  738318.7044819586
0.1117483178178743 -0.0950300361728992 -0.010647001843931197  738318.7044833701
0.11174038511585771 -0.09499106367045652 -0.010774587322831469  738318.7044843939
0.11174016643975003 -0.09499149289151053 -0.01076880129213271  738318.7044854328
0.11175367071362528 -0.09502404034509154 -0.010660509272803499  738318.7044867141
0.11174844620012943 -0.0949865918994064 -0.010779340208607727  738318.7044877519
0.11175999257895579 -0.0950258863059634 -0.010672760987321407  738318.7044890266
0.1117581072441147 -0.09498339574197391 -0.010778262530145062  738318.7044901823
0.11175903770637059 -0.09498627421728163 -0.010787432289107935  738318.7044912444
0.11175765249541156 -0.09498314780689658 -0.010797098608634897  738318.7044924911
0.11176299711136156 -0.09498110048869274 -0.01080056922921113  738318.7044935378
0.11176160508811595 -0.09498157194097709 -0.010792537313075171  738318.7044948076
0.11176824376356576 -0.09501589103213454 -0.010670576786325124  738318.7044958813
0.11176865634851652 -0.09501578884503734 -0.010673675117100191  738318.7044971038
0.11177265918682287 -0.09497186649982438 -0.010807323371628002  738318.7044984235
0.11177964957808065 -0.09501042146572003 -0.010691269432506438  738318.7044994636
0.11178227846193704 -0.09496839026415013 -0.010814618144758155  738318.7045005959
0.11178850076227737 -0.09500176471233401 -0.010693538789046424  738318.7045016385
0.11178432704110064 -0.09495989859130839 -0.010821469048540693  738318.704502913
0.11178898712299558 -0.09496024513293634 -0.01082040997540982  738318.704504163
0.11179121832147347 -0.09495293004064977 -0.010812119280251407  738318.7045051346
0.11181006072146844 -0.09497353526072805 -0.010710130973650664  738318.7045063812
0.11180591024481291 -0.094937356621484 -0.010829180879250116  738318.7045074297
0.11180169433813907 -0.09493584746462264 -0.010823444500946338  738318.7045084683
0.11181783286799632 -0.09497647352018176 -0.010702656915896438  738318.7045097458
0.11181589231567181 -0.09497349079882215 -0.010704266529798334  738318.704510982
0.1118184549373945 -0.09493381703239386 -0.010830798812654013  738318.7045121136
0.11181745536181098 -0.09496840599126008 -0.0107092240904658  738318.7045132329
0.11181414366622479 -0.09493463017031174 -0.010841799306831741  738318.7045143992
0.11181482712348163 -0.0949352990008677 -0.010840365816212262  738318.7045155651
0.11181669487581854 -0.09494174489953304 -0.010841729134933514  738318.7045166729