% wand_x wand_y wand_z  738331.7211683069
0.5819044400502001 -0.7419809771670319 0.608210255021503  738331.7211695708
0.5843138415410554 -0.7405192126880251 0.6105068277282286  738331.7211706374
0.5846995771922631 -0.7372096955286652 0.6124871771926697  738331.7211718993
0.5834041632295771 -0.7339064079617632 0.6139447983230967  738331.7211729791
0.5803511256171049 -0.7304348561212533 0.6152740618920332  738331.7211742408
0.5793507098089209 -0.7284451626259791 0.6148045830132106  738331.7211753023
0.58049438048624 -0.7249768497743954 0.6139350000082368  738331.7211765733
0.5838293907012645 -0.7121243763038912 0.6136213174014151  738331.7211776323
0.5908109484489315 -0.685980080000054 0.6181663248345632  738331.7211788944
0.5975021184387526 -0.655657877433113 0.6261527515792799  738331.7211799622
0.6039761429377623 -0.6123434879580426 0.6344345546975312  738331.7211812175
0.6068246311117236 -0.5813691411573972 0.6359762037046347  738331.7211823033
0.6084380428852597 -0.5513380827674166 0.6365475270178392  738331.721183373
0.6110673418933338 -0.5138208193090477 0.6400047060528059  738331.7211846579
0.6123208033813828 -0.48094846181094114 0.6434989842214845  738331.721185741
0.6127871141891124 -0.43743464494487355 0.6446148522084592  738331.7211869954
0.6122984639005358 -0.39582261605505065 0.6434624950245207  738331.7211880913
0.6117419572770694 -0.35633912172679977 0.6425830990771751  738331.721189167
0.6119581741742453 -0.3078173724910002 0.6395560369495229  738331.7211904271
0.6121565994780872 -0.2716610601802985 0.6350796548499301  738331.7211914958
0.615613929858682 -0.23185445011192468 0.6284216402250106  738331.7211927419
0.6174280188890832 -0.1948038540214364 0.6219361238721224  738331.7211938088
0.6210699534374805 -0.1444493441407069 0.6197533104304049  738331.7211950577
0.6189446541298793 -0.09929604851502505 0.6210050425183463  738331.7211961418
0.6169950224082786 -0.05263545300033849 0.6225692229147475  738331.7211974028
0.6154261923704588 -0.006268921972739945 0.6201139942973829  738331.7211984855
0.6159215002134327 0.04320756284744781 0.6140065889261975  738331.7211997483
0.618213851525986 0.08379979586872546 0.6071816555802694  738331.7212008352
0.6228905629322901 0.1254162994706241 0.5996875076120861  738331.7212019268
0.6306510887006688 0.17581414280975893 0.5907657186008197  738331.7212031813
0.6379312477167011 0.2153375399494901 0.5858059213437627  738331.721204262
0.6453527817262222 0.26560199437039866 0.57842725116196  738331.7212055011
0.6504551605515179 0.30665245180914164 0.5717899941169191  738331.7212065818
0.6545269600640048 0.3554427921557818 0.5632829459586505  738331.721207831
0.6588567510735976 0.3972546171722501 0.5555172958784738  738331.7212089086
0.6628013000486487 0.43210697882777144 0.54920924999255  738331.7212099918
0.6665829145578919 0.47329976532789164 0.5431573456925327  738331.7212112591
0.6700810823453814 0.5056541763849209 0.5392646107863655  738331.721212343
0.6718252516433133 0.547829692602378 0.5349966224685005  738331.7212136119
0.6730990756980371 0.5798006959235055 0.5356761480400322  738331.7212146883
0.6734840941681726 0.6149924244376073 0.5374137454802385  738331.7212159534
0.674906708013418 0.6472766839650357 0.5378887587679931  738331.7212170293
0.6755669043779668 0.6750464375937799 0.5394195649209584  738331.7212181035
0.6794736266569772 0.7070317519046286 0.5399441968533578  738331.7212193785
0.6819400113582295 0.7292172704450189 0.5386532522258554  738331.7212204741
0.6832375179465772 0.7515245188675508 0.5383453188104066  738331.7212217331
0.6795040266420233 0.7624029408128024 0.5387474964819539  738331.721222821
0.6733474704291601 0.7697456716017838 0.537965213225306  738331.7212238925
0.6601661569686353 0.776459593240095 0.5374214832344703  738331.7212251436
0.6413127512007636 0.7796693998404024 0.5367491463404493  738331.7212262395
0.6141085579233821 0.7802952766247997 0.5361043922431994  738331.7212274882
0.5804208079491237 0.779948288097737 0.5353355862152605  738331.7212285867
0.5459336029117078 0.7801297282266855 0.5371633126730088  738331.7212296689
0.498875863667604 0.7792433647060624 0.542069259022113  738331.7212309537
0.45848705103800586 0.7773294037732177 0.5468018502678521  738331.7212320241
0.4050429334484476 0.7705789958000577 0.5542273194678379  738331.7212333034
0.36615800419542666 0.7623060712881251 0.5592457023840789  738331.721234382
0.3255257028791115 0.7502640909824314 0.5624418282319315  738331.7212356296
0.2863223307010008 0.736831440050336 0.5678546219304755  738331.7212367165
0.25290084953997327 0.7222693973978671 0.5719273030302088  738331.7212377841
0.21338865599506568 0.7011792076106834 0.5745515304665825  738331.7212390554
0.18066692766276302 0.6785994148935334 0.5751434370380717  738331.72124014
0.15242530730205767 0.6532923608546507 0.574775286476545  738331.7212414005
0.1314450003959419 0.6285187110753142 0.5732662693738345  738331.7212424794
0.1117439882431589 0.5954528165172296 0.5703281521107291  738331.7212437317
0.09950247583350255 0.5623302534973336 0.570115851989928  738331.7212448408
0.09134835734316188 0.5294933486121096 0.5702664253886959  738331.7212459049
0.08404763520075613 0.486716991495283 0.5697307891376915  738331.7212471806
0.08068394730003159 0.4507621793842694 0.5695388595003699  738331.7212482346
0.07775454338146713 0.40591310136332975 0.5684211433468499  738331.7212494881
0.07522290705540126 0.3647958509396803 0.5650822799176928  738331.7212505618
0.07354997616857878 0.3186789968249401 0.5569569855056152  738331.7212518444
0.07025567370105107 0.2834021135029678 0.5500448029796424  738331.7212529328
0.0668587758456038 0.25185706937773245 0.5401843321487023  738331.7212540143
0.06294579642110168 0.214944993623288 0.5251890382277984  738331.7212552805
0.061594837261993225 0.1851658491471153 0.5120513768681513  738331.7212563425
0.058092571987710846 0.1636195898450366 0.5034951112075352  738331.7212576098
0.05115446508876161 0.15009660585987408 0.5034708427118054  738331.721258699
0.04402210196837502 0.13934349078984729 0.5077757619033929  738331.7212597702
0.035124862223075565 0.1316207914436353 0.5132399757361731  738331.7212610344
0.029745323511737656 0.12865286819801502 0.5194955199173075  738331.721262113
0.025584178744395197 0.12457431894574839 0.5271485777549179  738331.7212633841
0.024032493923759977 0.118529321978244 0.5326000130294828  738331.7212644838
0.0213358100462217 0.11410499759569802 0.5329020146593803  738331.7212655633
0.018280120777916794 0.1111825470958954 0.5300759276795861  738331.7212668223
0.017626038368456068 0.1069277574917835 0.5233941507199461  738331.7212678855
0.02006528007533576 0.10071339206274466 0.508946726513511  738331.7212691494
0.02096733681899104 0.09673362506665226 0.4903679306163089  738331.7212702252
0.016799777947805457 0.09558828415045217 0.46740118449389945  738331.721271476
0.010314923694649338 0.09434005262474258 0.4404260776700057  738331.7212725694
0.0032616375676639345 0.09352492699332184 0.41332065825260594  738331.7212736506
-0.0029588141468529306 0.09497357723245159 0.3843747200480927  738331.7212748983
-0.010041737728639656 0.09780377665998727 0.3505468514644292  738331.7212761423
-0.014191050704455251 0.09936280743489988 0.3265390992513206  738331.7212772244
-0.017247947039358308 0.1013195937198596 0.302747944816929  738331.7212783034
-0.017419405850500842 0.10706316358996809 0.27946884155969176  738331.7212795573
-0.016462987192894865 0.11365800455665988 0.26034287409403545  738331.7212806194
-0.012871534361905227 0.12286393435740761 0.23519516212819577  738331.7212818809
-0.008795052571613648 0.1275164494432308 0.21470388652369848  738331.7212829774
-0.00409652239934445 0.13116138321291151 0.18325718233561133  738331.7212842332
-5.0424709186059345e-06 0.1369383790258256 0.1515298509798802  738331.7212853194
0.003206093976738875 0.14145441023115538 0.12390047647865927  738331.7212863894
0.002772842625192233 0.14535162892147788 0.09428419018227491  738331.7212876538
0.0037899821745545448 0.145769716489714 0.07126006741768603  738331.7212887335
0.008423782011769491 0.1458645795577106 0.045345793189074265  738331.7212899826