% wand_x wand_y wand_z  738318.746009663
0.26415524348883035 -0.12875669462388153 -0.00978503377538828  738318.7460110049
0.26415657462495634 -0.12876314065836633 -0.00977466355189437  738318.746012176
0.26415866440497665 -0.12876953142024952 -0.009792950566262455  738318.7460132567
0.26415012570649765 -0.12876251687043308 -0.009785844872900516  738318.7460143683
0.2641558407098432 -0.12876680256699152 -0.009780392260818997  738318.7460156446
0.2641567158913163 -0.12875606368467565 -0.009793523387033296  738318.7460166767
0.26415905948235613 -0.12876046765038654 -0.009791836635723356  738318.7460179194
0.2641606375920944 -0.1287673009272047 -0.009799417357120357  738318.7460191144
0.26414234454878616 -0.12876722621848022 -0.009795454608875922  738318.7460201507
0.2641599405310179 -0.12876599047255727 -0.009789374782107552  738318.7460214264
0.2641534417541776 -0.12876422984019387 -0.009787053998327078  738318.7460226305
0.2641554180160502 -0.1287625841319356 -0.009786034607753107  738318.7460237336
0.2641539854460379 -0.12877209605312692 -0.009797970430168064  738318.7460247882
0.26416287802597255 -0.12876426423438042 -0.009799507626954381  738318.7460260491
0.2641529781961028 -0.12877096631988316 -0.009789104477893038  738318.7460271216
0.26415633362074403 -0.12875488016622294 -0.009799237950673443  738318.7460281998
0.2641615884223314 -0.12876347983750483 -0.009803897491394079  738318.7460294587
0.26415895894970276 -0.1287648841211767 -0.00980863682177496  738318.7460305656
0.2641549514035202 -0.12876936110993165 -0.009785522283001998  738318.7460318429
0.2641667146791083 -0.1287709048217548 -0.00979590940722668  738318.746032882
0.26415805816026977 -0.12876555406864965 -0.009803519685228572  738318.7460341561
0.2641605118131261 -0.12877451020615008 -0.009794374760392795  738318.7460351974
0.264154872574394 -0.12877473460846084 -0.009803615291408961  738318.7460364718
0.26415811055703114 -0.12876586751665434 -0.009786741583070026  738318.7460375159
0.2641520538248306 -0.12876751369684625 -0.00981331132061738  738318.7460386729
0.2641580411246158 -0.1287689910990655 -0.009817358081420776  738318.7460399908
0.26415976882380143 -0.1287705788929854 -0.009804242290112817  738318.7460409863
0.2641573801049161 -0.12876496497655038 -0.00980734313343442  738318.7460421866
0.2641546168375974 -0.12878022375375772 -0.009816846133637478  738318.7460432557
0.26416304187995165 -0.12877348045238038 -0.009813700273099734  738318.7460445387
0.26415645350932443 -0.12876845738152534 -0.009809767241852601  738318.7460457328
0.2641589375814167 -0.12876381636211448 -0.009810640453719495  738318.7460468881
0.2641552731522543 -0.12876776129966994 -0.009804684756223472  738318.7460479622
0.2641580961116948 -0.12877403303785498 -0.009815223257027212  738318.7460490819
0.26416044175502734 -0.12875576204674927 -0.00981054676819287  738318.746050351
0.2641559924377803 -0.1287622826232153 -0.009819062738234512  738318.7460515284
0.2641548790254983 -0.1287714458106729 -0.009796171903209097  738318.746052817
0.2641594525570941 -0.1287621867985362 -0.009814853368833767  738318.7460538322
0.26415928048346393 -0.12876682246622428 -0.009807828037034332  738318.7460548829
0.2641551193960765 -0.12876635384705384 -0.009818354514816724  738318.7460562977
0.2641629316765782 -0.12876430054027865 -0.00981012366465664  738318.7460573028
0.26391982881432585 -0.1289221680705125 -0.009570660483435897  738318.7460583417
0.26416471748099996 -0.1287694107941803 -0.009811920160522666  738318.7460596093
0.2640643508299995 -0.12881140595895918 -0.009897567882648296  738318.7460607177
0.2641572800307971 -0.12877098829769676 -0.009816587430341485  738318.7460618159
0.26415525878205665 -0.12876938821998896 -0.009815094624760332  738318.7460630975
0.2641467342980375 -0.12876781086404113 -0.009788763293348317  738318.7460642547
0.26410222505072284 -0.12878869612290123 -0.009834240999404907  738318.7460653167
0.2641590677847706 -0.1287656555069457 -0.00981667660332534  738318.7460665635
0.2641408174200057 -0.1287601879188452 -0.009845222640765792  738318.746067614
0.26407789319344616 -0.12882445056773817 -0.00982355482302634  738318.7460689961
0.26413183376440885 -0.1287735682628261 -0.009823233541245773  738318.7460700736
0.2641504674552074 -0.1287605771616031 -0.009808962913342913  738318.7460710778
0.26415504856300676 -0.1287700119516307 -0.009818768080311525  738318.7460723397
0.26414504579318776 -0.12877129741486076 -0.009823873560690784  738318.7460735103
0.26415637250153234 -0.12877102720755113 -0.009826325358473439  738318.7460747018
0.26414316843905555 -0.12877572273213708 -0.009839469645833411  738318.7460758216
0.2641574146712795 -0.12877186057175607 -0.00980319851295162  738318.7460769828
0.2641657157053712 -0.1287715536242262 -0.009793063833420981  738318.7460780217
0.26418004655534616 -0.12875262954195785 -0.00978921042770466  738318.7460794178
0.2641759162255884 -0.12875449044249265 -0.009787334018043924  738318.7460804482
0.2641633054054371 -0.12875587039718103 -0.009813549326574172  738318.7460817301
0.26416570254003846 -0.12877640306339436 -0.009812939710852155  738318.746082767
0.2641760600457611 -0.12861180619316706 -0.009726964010230276  738318.7460838059
0.26623732539646744 -0.13267173752490755 -0.010332421237937664  738318.7460852173
0.2730898035379449 -0.14297711994495352 -0.010188830239682907  738318.7460862411
0.2896940901996085 -0.18629280066892925 -0.00100064264178491  738318.7460874338
0.3218603442905626 -0.2672005407522625 0.0396781571332642  738318.746088676
0.3428900620016978 -0.33697760540929467 0.06885110487922246  738318.7460897127
0.3554595666975838 -0.41429541779242157 0.09640421814673132  738318.7460907523
0.35303526957467485 -0.5047889273725061 0.11579480160533574  738318.7460919657
0.3404313713214133 -0.5739983167910837 0.12798822947043503  738318.7460931867
0.32256983084607055 -0.6286746215756039 0.14805755093879733  738318.7460945161
0.31462214160070057 -0.6605529049365572 0.1596878496159144  738318.746095499
0.3167285819727072 -0.6918645364859582 0.1639049217954521  738318.7460965379
0.323530995465275 -0.7237738071645762 0.18383915962248704  738318.7460978078
0.3311625023934239 -0.7393766386634527 0.2175181459529182  738318.7460989718
0.33398675276474615 -0.7438492159573109 0.24927976797901436  738318.7461001235
0.33663775148954417 -0.7425216800922387 0.26924310148248015  738318.746101285
0.34280885326018085 -0.7406286189925062 0.2786399771038235  738318.7461024439
0.35324719779398583 -0.7368253873653374 0.29096287997038295  738318.7461037724
0.36051696860098464 -0.7373541747681053 0.302057686628744  738318.7461047503
0.36335500863024445 -0.7394238718609513 0.3132763277477837  738318.7461059159
0.3615655077616022 -0.7424146405553305 0.31998339976783097  738318.7461070704
0.36432031017546307 -0.7451773403476197 0.32906768861936614  738318.7461082251
0.3781217439159671 -0.7456501286033789 0.3407406456780624  738318.7461093904
0.40163724122352407 -0.7429976416325038 0.3486093793235939  738318.7461105448
0.43194561997588676 -0.7334787825895701 0.35238762392566064  738318.7461117043
0.4574338964075081 -0.7246105933493391 0.35984963941440035  738318.7461127432
0.4916059038387033 -0.7123635322475828 0.3790509347643303  738318.7461140194
0.5155020070991175 -0.6988579562390365 0.3922886739897325  738318.7461151729
0.5403873788403545 -0.6808828394332127 0.4065413861294969  738318.7461162579
0.561572877027002 -0.6592549399458628 0.41721126219730814  738318.7461175276
0.5822655352651019 -0.6332528636405781 0.42494107154515465  738318.7461186482
0.5967924300079729 -0.6102534398732298 0.42769152097208335  738318.7461196864
0.611636400662265 -0.5850931657271797 0.43331730048577066  738318.7461209563
0.6281452105500952 -0.5615774509911644 0.43631279249065386  738318.7461221188
0.6384658249911396 -0.5439564404167246 0.43220097825232595  738318.7461231577
0.6538014604085498 -0.5299052084303292 0.42634539055825854  738318.7461244258
0.6667031285781975 -0.5153497413641994 0.42273540944042987  738318.7461255797
0.6719930974520183 -0.5026801054950738 0.4199431933002188  738318.746126631
0.6705311314889113 -0.478148108254072 0.41587244466729467  738318.7461278997
0.6618436166487419 -0.4568041695096888 0.41400772803732355  738318.7461290652
0.6478836401498421 -0.43500705185324445 0.41728229361177427  738318.7461300984
0.6234083774973717 -0.4047409737911406 0.4210427392979256  738318.7461313796
0.6042580576224008 -0.37925905771142765 0.4235247397674646  738318.746132541
0.5858345207443071 -0.35374995429231404 0.4281867768571478  738318.746133694
0.5729934717402041 -0.32701166825221595 0.432230170252116  738318.7461349608
0.566573785682699 -0.29967240166837356 0.43097860435369767  738318.746136001
0.5642810848317377 -0.27156589498343475 0.42867488900578665  738318.7461373068
0.5651102465575039 -0.24429795805328408 0.4258536021761715  738318.7461383817
0.5659313640276837 -0.2200179223650811 0.42485656806565886  738318.746139539
0.5676095165194924 -0.18886255019112813 0.42644822243569924  738318.7461406472
0.5690191830943584 -0.15500163908293568 0.43127576969191844  738318.7461417954
0.5651485635810718 -0.1277030237092773 0.4391494187870585  738318.7461428341
0.5570024194125497 -0.09768413593088635 0.4458893466313157  738318.7461441042
0.5464525421068837 -0.07366008700836839 0.44710798179347455  738318.7461453233
0.5363615563978504 -0.055216984337251605 0.44732250039808935  738318.7461463623
0.5179505964026391 -0.030021935471009183 0.4504453271262317  738318.7461475834
0.4999272816697047 -0.006399502037459794 0.4553005815820387  738318.74614868
0.48348244294277326 0.016113513112218345 0.46035075966148414  738318.7461497877
0.4636853679985063 0.049559176129822476 0.4664532960393545  738318.7461510653
0.4485570055165906 0.08817155397938932 0.4657707587206919  738318.7461522097
0.4365862391330618 0.12149229622133048 0.46227533524988523  738318.746153364
0.4241936597688551 0.15978765199575656 0.4568396502486988  738318.746154526
0.40730274164325203 0.19438976191145757 0.4536693789943208  738318.7461555649
0.3859390623706717 0.22748428661074377 0.45929675766917605  738318.7461568348
0.3679896982502128 0.2545252481211475 0.4654866912358168  738318.7461580578
0.3479842366251093 0.2787845860462968 0.46584540381921075  738318.746159155
0.32415492043687105 0.30154049506665836 0.4662949100247238  738318.7461604252
0.3007372484055058 0.31554195267169444 0.46591639818460434  738318.7461614698
0.2770987459862838 0.3250811910700187 0.461404036348244  738318.7461625091
0.23554287328725115 0.32645901472332167 0.45775166522578487  738318.7461639068
0.21071155160925095 0.32226709831126127 0.457638774404455  738318.7461649346
0.18355753746776515 0.32212034874706247 0.4509458130865429  738318.746165985
0.15108762512003504 0.3232747405599243 0.446284334696435  738318.7461674339
0.12095580104164416 0.3248806869081683 0.4436875770825499  738318.7461684172
0.09589411489655979 0.32391019429415574 0.4472190450076302  738318.746169454
0.07084882253852444 0.3218281333356873 0.450922043125912  738318.7461707352
0.04649957562078765 0.3205421804398749 0.4459630853936861  738318.7461718798
0.03181627883122146 0.318103092552991 0.4425347225044056  738318.7461729302
0.012898797656032697 0.31193203987891505 0.44459095162932977  738318.746174197
-0.0012801048963612398 0.30743690631222675 0.45119732708712174  738318.7461753607
-0.010047059325581696 0.2976008200823938 0.46073479882852375  738318.7461765155
-0.014377969085482528 0.28093425382472753 0.4660757247387895  738318.7461778023
-0.012437207282733193 0.2621132549308866 0.47230142928424784  738318.7461788304
-0.01064524088802379 0.2437732494177805 0.4756806975223718  738318.7461799906
-0.010857335144574315 0.22692335389954693 0.47560881189353943  738318.7461811333
-0.009708435180755978 0.19700384752795372 0.47779341519944885  738318.7461822963
-0.007866530644641108 0.16752878563638812 0.4783300390861891  738318.7461834623
-0.004141391717736101 0.14019998940305095 0.4828793685743768  738318.7461846194
-0.004648679611519037 0.12059402386621966 0.48702663697414866  738318.7461858223
-0.006942678914996286 0.10455647218259177 0.4882717245771093  738318.7461868157
-0.008639031544903223 0.09017341179759833 0.4865340150399239  738318.7461880846
-0.010640041574313306 0.0824728309005619 0.4823912604178731  738318.7461892827
-0.012233107032262575 0.0789135260993761 0.48114951230490544  738318.7461902639
-0.015017457386065802 0.07616901618910724 0.4861958403278294  738318.7461915571
-0.020318853320957536 0.075573296135137 0.4955007309656853  738318.7461925957
-0.03402187864004483 0.0765834649090157 0.5162565827503272  738318.7461939934
-0.04416351188313036 0.07552529685956634 0.5277374747964516  738318.7461950325
-0.05092407172633443 0.07274227190449839 0.5342157612600582  738318.7461962084
-0.05105743529063682 0.06965521239278903 0.5397957092920633  738318.7461975163
-0.04608346684631453 0.06726235225982541 0.5393910308165961  738318.7461985071
-0.036451248197861046 0.06159337124584239 0.5365229667281558  738318.7461995464
-0.016119388926493734 0.04879403047503234 0.5310941475073274  738318.7462008161
0.008909175579006988 0.0319067966948452 0.5227644280594081  738318.7462019866
0.046581063810488814 0.009402157648667133 0.5130863802073464  738318.746203014
0.09029421392158042 -0.016222162864779833 0.5057214843833605  738318.7462042894
0.1418192202871653 -0.05015139830598813 0.4934406150240795  738318.7462054437
0.18401401159332875 -0.08293367213649173 0.4807270018502524  738318.7462066135
0.2267126746011078 -0.11814045170365065 0.46973571516093887  738318.7462077657
0.26082649824509524 -0.14970099177725757 0.46218918220349614  738318.7462089435
0.28712956217530905 -0.1805379440477814 0.4568541809275478  738318.746210075
0.30573913155760274 -0.2059227790596571 0.4506806145688513  738318.7462112989
0.31984342899436996 -0.23346102978748687 0.4416994853764593  738318.7462125403
0.3250915716571374 -0.2527753992165066 0.435358903224322  738318.7462135454
0.3286163723291127 -0.27330862596612115 0.4301480058411119  738318.7462148403
0.3300710488293591 -0.28610823173765104 0.4282419545810783  738318.7462158746
0.3339869420465483 -0.30227655169379825 0.42812755191538715  738318.7462170257
0.3381552839561158 -0.3187662909076906 0.43176369586883323  738318.7462181802
0.3411023949038346 -0.3337559629708961 0.4350068120784706  738318.7462193466
0.34485849572177407 -0.34658673070699664 0.4356208294522116  738318.7462206314
0.3490584172787988 -0.35539043359156025 0.438251828330659  738318.7462216886
0.3516033925418502 -0.35927169917476537 0.44483006212060683  738318.7462228772
0.3483874949924457 -0.3527596846502998 0.4513721439490891  738318.7462240972
0.3362510461906013 -0.3359283912913654 0.4587808291843593  738318.746225134
0.30976783771307775 -0.30612527301157816 0.4713938358256818  738318.7462264
0.27974991369327606 -0.27484994137902957 0.4816261718211541  738318.7462274464
0.2486790571208554 -0.2439554175989717 0.4895302055650372  738318.7462285084
0.19190073669105628 -0.19499311498051553 0.501066341170088  738318.7462298711
0.14922917425288837 -0.16799658844640686 0.5091574773770718  738318.7462309127
0.10615166041446608 -0.1479170722696055 0.5184044113826487  738318.7462319495
0.049354458771292346 -0.13042868976678348 0.5349332243186017  738318.7462332168
-0.002244561925199999 -0.12001264467051716 0.546273566917563  738318.7462343875
-0.05717904732200493 -0.11542236721538533 0.5544530255920354  738318.7462355433
-0.10244660228503127 -0.12198684042420707 0.5634131305475695  738318.746236705
-0.1431752073216461 -0.1447500051706635 0.5666131606997031  738318.7462379171
-0.1676645135058143 -0.1660847326992121 0.5633083140521353  738318.7462388979
-0.19638251566515527 -0.1996567059323409 0.5560012410058204  738318.7462402254
-0.22118771181424068 -0.23653574209420752 0.5509958891559753  738318.7462413228
-0.24031589452187388 -0.2762047719989266 0.5490649743452896  738318.7462423733
-0.25574310587517934 -0.32422262069725377 0.5534871720988456  738318.7462436408
-0.26294264099956705 -0.3629132037566877 0.5562574433957895  738318.7462448109
-0.26386620323312127 -0.40215215860457043 0.5616860685248043  738318.7462458435
-0.2599732021910411 -0.45281100618894743 0.5705924265360887  738318.7462471077
-0.2535486286104986 -0.4887337585295148 0.5733423916589723  738318.7462481625
-0.24307528359426703 -0.5317014120984239 0.5722025855465622  738318.7462495521
-0.23318457786937546 -0.5643756954306266 0.5717763134561461  738318.7462505919
-0.22183445003856309 -0.604423165071401 0.5788731707417651  738318.7462517477
-0.2166447956419524 -0.6364548231604633 0.5856968958180576  738318.7462529042
-0.21047707294414936 -0.6567066219325738 0.5893253980417479  738318.7462540586
-0.2045328429230608 -0.6797301407877798 0.587778482510792  738318.7462552245
-0.19223996566203672 -0.6950646401811224 0.5838313447923872  738318.7462563558
-0.169206508231776 -0.7123159516350572 0.5824400565807728  738318.7462575226
-0.1503288741791197 -0.7279835850357009 0.5809345522489893  738318.7462585956
-0.11746801045590947 -0.7522655792763384 0.5795949004312457  738318.7462598309
-0.08885874291454196 -0.7770589926113285 0.5786868585086636  738318.7462610226
-0.05044767696489596 -0.8066577496399777 0.5798114244522639  738318.7462622819
-0.017039002402034955 -0.837420470077458 0.5842842165645408  738318.7462632519
0.019093558589655942 -0.8626144504678401 0.5905888556292356  738318.7462643613
0.059214518537313444 -0.8814945636019079 0.59867649963716  738318.7462657865
0.09089243830150007 -0.8944095318880442 0.6004132644716101  738318.7462667945
0.1154516851434154 -0.9024903994323183 0.6002005023751527  738318.746267949
0.12999631351084742 -0.9110167404742183 0.6008617787410517  738318.7462691033
0.13921669301181472 -0.9205419694667787 0.6013350532785621  738318.7462703239
0.1489785606947925 -0.9276150865070868 0.5947175148854313  738318.746271418
0.16179672202385992 -0.9354407830017015 0.5883716705321055  738318.746272596
0.17753434448525096 -0.93012429779428 0.5812292670329746  738318.7462737389
0.1929738268505402 -0.9158714180911345 0.5738508353267968  738318.7462749459
0.20541251554130271 -0.8987884489080389 0.5713459388009013  738318.746276077
0.22235890778727593 -0.880203318991728 0.5671846714962203  738318.7462772094
0.23649448081249597 -0.8613430312960246 0.5633237089653748  738318.7462783789
0.2496216936153909 -0.8291707443069076 0.5639004914132566  738318.7462796395
0.2594937051388586 -0.7991137190319046 0.5662554842811208  738318.7462806822
0.27116991595790074 -0.7631349849466326 0.5748114362489648  738318.7462817108
0.2763377547323779 -0.7249250208792082 0.5846405773739979  738318.7462829943
0.27969711771951156 -0.6918843549399029 0.5965724864533989  738318.7462841577
0.28031773927709985 -0.6701059087582444 0.6090139795798843  738318.7462853241
0.27005569118137956 -0.6702913836879002 0.6194819446481155  738318.7462864553
0.24501002794050664 -0.6959626914296916 0.6111440619067937  738318.7462876218
0.1902920394612944 -0.7550265316598075 0.5824594224184327  738318.7462888019
0.11511769515478006 -0.8233522746362621 0.5439925442042329  738318.7462899504
0.029016173179654575 -0.885030816335808 0.5012152997843087  738318.7462909779
-0.0824931280075962 -0.9535208183510517 0.45691401795974323  738318.7462922485
-0.21200669442540282 -1.023838395778155 0.4196268507264211  738318.7462934174
-0.35643221123960733 -1.0881713455456987 0.39325566733952305  738318.7462944448
-0.50567479550149 -1.1420768107314434 0.3752212674231925  738318.746295726
-0.6506521616143477 -1.1846398429867366 0.376173130885294  738318.7462968807
-0.7907944971959493 -1.225511498759581 0.38648118987921753  738318.7462979197
-0.9400825461664021 -1.2765813583809058 0.38856523812798777  738318.7462991936
-1.0637912048669187 -1.3197505371533544 0.3906331319805194  738318.746300359
-1.1672869094349496 -1.3565290027484198 0.3912940853095285  738318.7463015392
-1.2462789190815409 -1.3800416459683722 0.39131950625051254  738318.7463026704
-1.312791007674861 -1.3921185765011224 0.39336828744736574  738318.746303835
-1.3599272665153614 -1.3994967631031685 0.3882678840129762  738318.7463048388
-1.4047822942220562 -1.4037124177917513 0.38551392947977986  738318.7463061316
-1.4261750105846263 -1.4061421936762422 0.39542330068931875  738318.746307307
-1.4449127813519733 -1.413022183342854 0.4026318623991978  738318.7463085752
-1.4484452407330302 -1.4190698256690866 0.4074322233288965  738318.7463096147
-1.4485446109719298 -1.4276705080227166 0.41500356600396066  738318.7463107783
-1.4507801708951198 -1.433901077447927 0.41799590795099784  738318.7463119326
-1.4536875772378612 -1.436171058201551 0.4195409012142257  738318.7463130838
-1.4547226768141122 -1.4368565695486724 0.42075179642936583  738318.7463143746
-1.4554093248853641 -1.435813550815519 0.4215230120366117  738318.7463154035
-1.4543971659869919 -1.4357209892863056 0.42359638115507264  738318.7463166782
-1.4515561407719422 -1.4334267516417685 0.4236513064683548  738318.7463177168
-1.4472444796808057 -1.430096837984368 0.42411393773023603  738318.7463187672
-1.439544421962318 -1.4223951802560426 0.4260052171029793  738318.7463200252
-1.4340509782583257 -1.4158723930526314 0.4286101548848201  738318.7463210641
-1.4286522497712892 -1.4091525524995563 0.4304807467610113  738318.7463223464
-1.4238303934735708 -1.4039397924284407 0.4319807049264035  738318.7463234996
-1.4202985837703181 -1.399279154497733 0.4343305558520189  738318.7463245385
-1.414411660609662 -1.3932960860182517 0.43768228144213456  738318.7463259356
-1.4078440318322554 -1.387604835712999 0.440876745643473  738318.7463269746
-1.3926209617450398 -1.379544326007125 0.4444192460775739  738318.7463281542
-1.3691219126871714 -1.3707934271076982 0.44632556670896517  738318.7463294106
-1.338371022056889 -1.3597479895456392 0.4502830648007064  738318.7463304676
-1.285763162829707 -1.3407525536256195 0.4587086504624715  738318.7463316104
-1.2290434322203232 -1.3201958312854236 0.4660564081161641  738318.7463327658
-1.1496534261001665 -1.293109552610865 0.4716240694580811  738318.7463339244
-1.0351448337756282 -1.2566502108579234 0.47481704595054564  738318.7463352521
-0.9502400573936951 -1.2307770292149693 0.4762703491217575  738318.746336238
-0.8496362914282276 -1.2061655275522989 0.4740700540602466  738318.7463372769
-0.7263502531556226 -1.1778461593865248 0.46933575113456105  738318.7463385466
-0.6135216489244241 -1.1528013977316982 0.46724464913234587  738318.7463397146
-0.501205014152527 -1.130688846630886 0.46791769865792787  738318.7463409036
-0.38735046536992446 -1.09574008129836 0.47014330761139134  738318.7463420242
-0.29111334489696594 -1.0565089351893737 0.47305860891003454  738318.7463432178
-0.20477822162620096 -1.01317331663015 0.47456838469353335  738318.7463444525
-0.1295148296705691 -0.9666054890908911 0.47617438723390065  738318.7463454953
-0.053944636499493714 -0.9197679423254201 0.4802340860093874  738318.7463467707
-0.0015418460524592884 -0.8803798022427848 0.4785057127763979  738318.7463478096
0.0500952028007939 -0.8366505134169914 0.48073013443531887  738318.7463489638
0.10159027885269246 -0.7881827567120183 0.4864792637565676  738318.7463502468
0.13647821309144817 -0.7482986876688832 0.48959843623651605  738318.7463512861
0.17770215249968496 -0.6966809208276157 0.4926717955915292  738318.7463523193
0.21862301640226622 -0.6428158895524896 0.492112675134809  738318.7463535913
0.24461937531642 -0.5995548302712747 0.4920114577286647  738318.7463548863
0.2552367802856338 -0.5624690801606811 0.4894065852748801  738318.7463559135
0.2600436156325489 -0.5273697775965085 0.4888349435505489  738318.7463569525
0.2627467236192074 -0.4793611029164672 0.4928840233939149  738318.7463583557
0.267264615619264 -0.4442737046092955 0.49374923625725176  738318.7463593836
0.27246210569895324 -0.4001756998349276 0.4988978381361401  738318.7463605349
0.2735816631014483 -0.36777446826798293 0.5064691123608814  738318.746361678
0.2734253125075804 -0.3411182999337337 0.5133905527131801  738318.7463627399
0.2735566701515942 -0.31412471764630534 0.5139409514636014  738318.7463641268
0.274131628822544 -0.30216899822899 0.5131825490486088  738318.7463651774
0.2759400555236295 -0.2976663965560542 0.5125531755816388  738318.746366251
0.28807108624551764 -0.29824571156525537 0.5091779757831755  738318.7463673718