% wand_x wand_y wand_z  738339.401162313
-0.4406249250827295 0.3884660560183346 0.49015976352346025  738339.4011635898
-0.440380182303389 0.3912961154527259 0.4901637864205926  738339.4011648638
-0.4382865613709474 0.3960642472847117 0.4950101388852583  738339.4011659066
-0.43492127716051443 0.4022663661356845 0.5043941964591736  738339.401167077
-0.4319296834371194 0.4085610753127059 0.5126104762810927  738339.4011682153
-0.43017663945308227 0.41535682262753826 0.5172722332707925  738339.4011694349
-0.4314142938837445 0.4207664327677535 0.5144324412236382  738339.4011705364
-0.43589355637565247 0.4250554853892817 0.5056955967550529  738339.4011716937
-0.4409762268891253 0.4273961021686533 0.4981960247922114  738339.4011728601
-0.44517286688064295 0.4292393825589397 0.49227757524999977  738339.401174011
-0.44730955947562506 0.43086366887170435 0.4891118977890542  738339.4011751786
-0.44690864294139754 0.43304614966117 0.48951939233361896  738339.4011763257
-0.4434073649025631 0.436816178470141 0.495401666394116  738339.4011775097
-0.43534055190100124 0.4425669373568001 0.5057159908458915  738339.4011786962
-0.4248112398739332 0.45106748664432167 0.5229252315600371  738339.4011798516
-0.41436175202853803 0.4613828145815103 0.5399908936987775  738339.4011809491
-0.4061107482815106 0.47241395024388555 0.5473089725691953  738339.401182184
-0.4086062568908757 0.4812247888187336 0.5410290028882782  738339.4011832669
-0.4169420459487473 0.4868512098853133 0.5283599768018695  738339.4011843323
-0.4307625823324015 0.49345338658638344 0.5153709033851109  738339.4011855824
-0.4448007623236952 0.5059913323927407 0.5103768452026504  738339.4011866705
-0.460618030053524 0.5277965114016355 0.5019655543008328  738339.4011880219
-0.4694774890027227 0.5015687772235201 0.5137862040491556  738339.4011890602
-0.475540027752946 0.39220641466048817 0.5505562843302514  738339.4011902683
-0.4960558262431803 0.2526107314886504 0.5673463698559384  738339.4011913445
-0.5546917879610125 0.0905733612760797 0.567183736900329  738339.4011925849
-0.6754045362743584 -0.04289226882457816 0.5440101439539853  738339.4011936829
-0.8170798339679235 -0.07797433047357241 0.5002335853534167  738339.4011948532
-0.9452395821918073 -0.013944528873707476 0.4291785601318034  738339.4011961233
-1.019456022054156 0.055670892732514264 0.39336444717692864  738339.401197082
-1.0142929602607869 0.04620405113343286 0.5218078875863608  738339.401198434
-0.9641061630511826 -0.013534337018543422 0.7583447607911308  738339.4011994367
-0.9447625591058078 -0.021184922455401288 1.0746276856387942  738339.4012006876
-0.9733740844818453 0.01016947912019113 1.2368554132468967  738339.4012019149
-0.9997907806228937 0.03328205860413381 1.2721563422773494  738339.4012028509
-1.0576724361534964 -0.01175774140438715 1.2039379447424985  738339.4012042293
-1.1791736626513418 -0.06289931305586421 1.2221751486872698  738339.4012052623
-1.3858301608734775 -0.00931225743023915 1.4497771408404572  738339.4012065438
-1.481446256540927 0.150266606292301 1.6579677399852568  738339.4012075367
-1.483078084927241 0.4964359083118609 1.8527327650763394  738339.4012087326
-1.395746279843014 0.7566331083413311 1.8792201540436673  738339.401209877
-1.287828190602186 0.9072431115873212 1.8361971200094218  738339.4012110584
-1.248599856762305 0.8437615532607128 1.8487327736431856  738339.40121233
-1.2362511402842182 0.6677758867575909 1.871434866152609  738339.4012133607
-1.2099307412348073 0.41331239060122377 1.8222709586630403  738339.4012146328
-1.165684328135274 0.2624727370521687 1.739990647587152  738339.4012156843
-1.0242974891870154 0.12344221224178026 1.5966329841726323  738339.4012169504
-0.8887657887113339 0.04202041394546435 1.4573290817598379  738339.4012179888
-0.7813899583046945 -0.036953791142532603 1.198057723320763  738339.401219215
-0.7998014878269096 -0.04458915423112536 0.7468014166558187  738339.4012204229
-0.9552661255235692 0.04627246593368225 0.4633824233599116  738339.4012213824
-1.2521410024813748 0.2052562013418228 0.2678653928286004  738339.4012227341
-1.4648389034526166 0.32490176455076475 0.22626860740444915  738339.4012237783
-1.6340251698304424 0.43378556143843156 0.2238057040682414  738339.4012250958
-1.6727793540848734 0.46780760156529827 0.22614213114419723  738339.4012260908
-1.6337238123380282 0.4628188662319233 0.2143961525624917  738339.4012272491
-1.5475658594284756 0.39296777637756786 0.19528654846504634  738339.4012284067
-1.4175181181760177 0.22802834010160988 0.1875975356671402  738339.4012295709
-1.2269642654523092 0.00629538326647264 0.23696207117649146  738339.4012308376
-1.0984572848576548 -0.10874200872063942 0.3060058132723284  738339.401231807
-0.9440533132915578 -0.23804826494648662 0.43023845481948736  738339.4012331485
-0.8775693246995868 -0.32010772778388813 0.507731404801517  738339.4012341943
-0.8639788625122297 -0.3934270847225542 0.5571765842000365  738339.4012354686
-0.8952761254212868 -0.41765591596556345 0.5370984446565987  738339.4012365019
-0.9696789633048934 -0.4050445791671607 0.4317155697546447  738339.4012377792
-1.050487913102875 -0.3720362760961888 0.33410381125507665  738339.4012388202
-1.183764929329289 -0.3028957890524844 0.22248079502637405  738339.401239984
-1.3097325679692953 -0.20062228739694432 0.17477633079463414  738339.4012412662
-1.3628949876509737 -0.13852135010720992 0.18260818378045127  738339.4012422145
-1.363181081577983 -0.12226222737525698 0.2070697011002278  738339.4012435733
-1.3269859667400978 -0.16508579199652731 0.21128917257971527  738339.4012445313
-1.2380040622729425 -0.2620317605035147 0.20769686101437773  738339.4012457881
-0.9363855157738528 -0.5219228133925307 0.24885270323665087  738339.4012481987
-0.7980634750856654 -0.6229435728217558 0.303256251292828  738339.4012492419
-0.6204145802056449 -0.7181149780134912 0.3978229915996701  738339.4012505694
-0.3720385956905416 -0.7264088557052124 0.48417814727898045  738339.4012528235
-0.32466815665325144 -0.6960772557241682 0.4505720741796674  738339.4012538664
-0.2856112559156644 -0.6400176487679163 0.3855395458781858  738339.4012550375
-0.24018858978703525 -0.593916077735125 0.3463626051806922  738339.4012561847
-0.2229645148854304 -0.5559434874783451 0.3176117027329478  738339.4012573409
-0.2320126472217924 -0.5245607217934448 0.27024833233766926  738339.4012586192
-0.24812044618204568 -0.5133691240462166 0.24329511050511807  738339.40125957
-0.26764160559570493 -0.5254757648862027 0.22504853250704954  738339.4012609365
-0.27055705137874886 -0.5438808610427694 0.22624493321262928  738339.4012619088
-0.26333110970244716 -0.5631814041097754 0.23633342468691598  738339.4012632464
-0.257659029988528 -0.5611549013304126 0.23807399395617498  738339.4012642868
-0.25447027233611846 -0.5450256024407764 0.23131639768001444  738339.4012654981
-0.2529507240575585 -0.5302540180034958 0.2251067402117728  738339.4012665605
-0.25160880615134784 -0.5265577455852108 0.22421565876542485  738339.4012678051
-0.25632991341806594 -0.5371926394576593 0.2221489890197199  738339.4012689219
-0.2638336127504741 -0.5515058449926512 0.21846069877467283  738339.4012699567
-0.2765614242687649 -0.574923790769219 0.21249810088539184  738339.4012712279
-0.28761564714688315 -0.5884952547468129 0.20627502187053814  738339.4012723883
-0.29502715401036494 -0.5945087557299815 0.2000147957022108  738339.4012735438
-0.29465796873038586 -0.5956009101695999 0.1977012504856771  738339.4012747144
-0.28879927974157715 -0.5918248704302705 0.1984781118953477  738339.4012759767
-0.28063119849604123 -0.5868169942140287 0.2001211392518752  738339.4012769444
-0.2708576338231463 -0.583119244789058 0.2019445766644789  738339.4012783447
-0.2664667301928053 -0.5783904534006328 0.19849442849623386  738339.4012793368
-0.2630246922183948 -0.5670387802272474 0.19221000193219645  738339.4012806045
-0.25916804126807313 -0.5517682152477102 0.1866301445258794  738339.4012816468
-0.2532799616937663 -0.535554721544429 0.18322272606091147  738339.4012827995
-0.24626749601209363 -0.523392815248595 0.18289961545733874  738339.4012840792
-0.24305300469676472 -0.5167160553793534 0.18196496913691132  738339.4012850908
-0.24771859069412153 -0.5089960914385425 0.17504152495217343  738339.4012862787
-0.2553615768652817 -0.5055388941733211 0.1678879162930381  738339.4012874837
-0.2581427286256429 -0.5090567588489596 0.16596438203663186  738339.4012885921
-0.25826190579499253 -0.5149577684360842 0.16686066895683646  738339.4012898634
-0.2594801832559994 -0.5151658454619076 0.16608894243794436  738339.4012909
-0.26117413635104086 -0.5123952589090888 0.1641755646985069  738339.4012919619
-0.262254547496748 -0.5090756881502383 0.16320257668787527  738339.4012933355
-0.2636774617044027 -0.5084120241409897 0.1624601378704136  738339.401294386
-0.26580999455391635 -0.5112680845120311 0.16229740248703053  738339.401295658
-0.26804710325054815 -0.5131898854715357 0.16187716102042077  738339.4012966969
-0.2733360859345124 -0.5108376280584256 0.15876744751114205  738339.4012979681
-0.2789025724896285 -0.506201820841351 0.15404116761998632  738339.401299007
-0.2840266098372282 -0.4988931082575709 0.14974306432139117  738339.4013001714
-0.28222650467328647 -0.4912194799045572 0.1493253593655423  738339.4013014409
-0.2790666469959792 -0.48516212449330665 0.15034068285885463  738339.4013024798
-0.2807280343717492 -0.4786473372567577 0.14684939241640854  738339.4013037495
-0.2883437156460613 -0.47335823632045987 0.1394166321829167  738339.4013047884
-0.2928010073063059 -0.471539010488603 0.13544677742598019  738339.4013059543
-0.2925072954248835 -0.47242286900320896 0.1349282403000265  738339.4013072185
-0.29021634712042094 -0.471847402960768 0.13479898863363457  738339.4013082723
-0.28839180115214524 -0.46644017281169864 0.13391426893084352  738339.4013094266
-0.28818223373796237 -0.45776878264498927 0.13189304962190163  738339.4013107113
-0.2881668411204629 -0.45165874851856413 0.13073570848761062  738339.4013117425
-0.2883496678199313 -0.44722046079185696 0.12913054998346873  738339.4013130114
-0.28831823284056207 -0.444978349207826 0.12849407373118943  738339.401314047
-0.2857445213006828 -0.4463320940335395 0.12930286489179071  738339.4013153312
-0.2850506456105189 -0.4471392916255914 0.12938943655200008  738339.401316382
-0.28411260972567537 -0.4456640380720485 0.13017243401962755  738339.4013176406
-0.283084549927585 -0.44465613393852926 0.13093266722592975  738339.4013186804
-0.2814548987714124 -0.44326945261390677 0.1332689014489127  738339.4013197356
-0.282636150971044 -0.44293694251652455 0.13387373933575206  738339.4013211199
-0.28286842180716304 -0.44431821431159857 0.1344947994914696  738339.4013221716
-0.2806615998332072 -0.44740196953234534 0.13707020032558062  738339.4013234363
-0.2797361064863663 -0.448172864890824 0.138520206501524  738339.4013245014
-0.28155172577663873 -0.44818284867359587 0.1376627062823239  738339.4013257414
-0.2817855834217661 -0.44847278788146483 0.13764448994332973  738339.4013267228
-0.28033256987354865 -0.449046787516946 0.13930754678805532  738339.401327964
-0.28017862724558035 -0.4493767427932501 0.13965545917546932  738339.4013290345
-0.28081178653997635 -0.45036503078492357 0.13996702036042497  738339.4013303161
-0.2785162302535378 -0.4530402443471732 0.14227821652944242  738339.4013314749
-0.2747074174149925 -0.457371106378667 0.1463558230026828  738339.4013326911
