% wand_x wand_y wand_z  738315.4833057688
-0.09249375565052229 -0.4480544941985141 0.8809644082642594  738315.4833071588
-0.09220535344727239 -0.4488523425951313 0.879861739055924  738315.4833081409
-0.09124773812369921 -0.450845080313392 0.8790328486010677  738315.4833094138
-0.09074796865929453 -0.4520596080047175 0.8790739059081277  738315.4833105727
-0.0907911147381963 -0.4533550034591318 0.8792454794399023  738315.4833116166
-0.09085723056030583 -0.4548360955532362 0.8783552937347848  738315.4833128457
-0.09116544542243601 -0.45636689717518086 0.8769564234056032  738315.4833139301
-0.09162037305184992 -0.45699856380056025 0.8748053065513326  738315.4833151861
-0.0921843258276218 -0.45606881733849974 0.8731154297948523  738315.4833163721
-0.09239755645198156 -0.45482419140412433 0.8723537465841595  738315.4833174048
-0.09143354245320383 -0.45307910936705786 0.870366368535857  738315.4833186778
-0.08982506406646851 -0.4509586866455639 0.8678984059082855  738315.4833197221
-0.087984365424313 -0.4461101975919447 0.8691051791598089  738315.4833209837
-0.08476906197577035 -0.43492680788186056 0.8696440561233831  738315.4833221567
-0.07898818933949905 -0.4245264353665114 0.8675265538919873  738315.4833232982
-0.0721442027403275 -0.4144915382474671 0.8661263761775121  738315.4833244708
-0.06508069220268466 -0.4043837315801949 0.866440560020051  738315.4833257496
-0.061862292344930986 -0.3950457974467465 0.8635071958402084  738315.4833267811
-0.061938688573293516 -0.38694275885388 0.8594068003403899  738315.4833277963
-0.06282781516460202 -0.37571953701851624 0.8551686796498698  738315.4833291594
-0.061403219739617446 -0.36577977982887117 0.8504831168822329  738315.4833303123
-0.057487172128607614 -0.3541103902656943 0.8489722900964737  738315.4833315338
-0.055377638812078786 -0.34417730902151283 0.8521721499541377  738315.483332497
-0.054095103545225294 -0.32888119382835374 0.8576746179440451  738315.4833336066
-0.05423141065851839 -0.3049818486960219 0.8650801253938487  738315.4833348118
-0.05560114688148724 -0.28020682195761953 0.8717487334130876  738315.4833359251
-0.05862920027922351 -0.25451968261781194 0.8791192594644872  738315.483337199
-0.0621240541363861 -0.2272865095059508 0.8867149125735012  738315.4833384567
-0.06507000394166088 -0.2091455072804301 0.8930060504484939  738315.4833394035
-0.07034917528777199 -0.18259542453177963 0.8998014960952997  738315.4833406614
-0.07421268608218318 -0.16208708168272631 0.8984986465653718  738315.4833418233
-0.07865206756130264 -0.14342593956563637 0.8936407608467121  738315.4833428619
-0.08239193472016218 -0.12126560094546252 0.881564905634077  738315.4833441407
-0.08346584090727702 -0.10208995735076126 0.8752584236989871  738315.4833452742
-0.08597273622123419 -0.0852651829802396 0.8758567273073088  738315.483346336
-0.08579513375000988 -0.06627781116518533 0.8733296289377944  738315.4833476178
-0.08300101969395768 -0.0458928521326161 0.8696248265634368  738315.4833487663
-0.07949075601234969 -0.023260852626067818 0.8687847227906226  738315.4833499319
-0.07491241758224614 0.003358259109107592 0.8696784409226546  738315.4833512239
-0.06940726196707846 0.028629111429522337 0.8688037948224183  738315.4833522531
-0.06398613783368387 0.05808837239714667 0.8710766840636669  738315.4833532835
-0.057434804350999014 0.09792508438553928 0.872726963189162  738315.4833545532
-0.0483882326741969 0.13921250612575534 0.8692587912264894  738315.4833557114
-0.03876122080675068 0.1770858430841081 0.8663214221258335  738315.4833567735
-0.02405383750328343 0.22104826183034978 0.8640900909320026  738315.4833581451
-0.010801171544732004 0.2519296227215466 0.8625568484912314  738315.483359184
0.0058305250404525845 0.28217712824578167 0.8596465146962321  738315.4833603465
0.019376625811803192 0.29856425830715144 0.8621343602958207  738315.4833613937
0.0356154443173137 0.3124287790624778 0.8628904197290492  738315.4833628943
0.0455322298875702 0.3152919501561749 0.8631761611014429  738315.4833638179
0.06369594739014518 0.31694866571015345 0.8586156772412895  738315.483364972
0.08019322106845891 0.31814362175102057 0.8514535961267601  738315.4833662187
0.10151196107481643 0.317568707238771 0.844218950323749  738315.4833672957
0.1185173603979283 0.3200433741506404 0.8438781458942567  738315.4833683347
0.13707663723761 0.32703346162760377 0.8510234716720565  738315.4833695963
0.15120971600689864 0.33734223929671453 0.862619319612061  738315.4833707842
0.15978448498021236 0.34621570673322505 0.8777368327019309  738315.4833717963
0.1663871325082196 0.35749196658983756 0.8950683217497594  738315.4833732742
0.16879264267876043 0.3688818578790224 0.902918914595239  738315.4833742349
0.171815280356176 0.38103751245761025 0.9068255826802695  738315.4833752711
0.17967105113813162 0.39681437523453733 0.9109254270789033  738315.4833766825
0.18792401402361852 0.4050154805256633 0.9108284374919127  738315.483377707
0.20373593168742687 0.41355617700983255 0.9095962113402014  738315.4833787475
0.22700524268600764 0.4242528350832595 0.9080726666331209  738315.4833801845
0.2464891752047316 0.4348124331324504 0.9086462945656409  738315.4833814102
0.2622154637029067 0.44326999634183406 0.910677926920422  738315.4833822183
0.28055047149849777 0.45443713165848065 0.9123077576468159  738315.4833834646
0.29430463693956155 0.46606482106660746 0.9149690268712662  738315.4833846571
0.30520594972295634 0.4826379764544311 0.9125104380985788  738315.4833859254
0.3130331818851853 0.49603937127763564 0.9088017652738748  738315.4833869643
0.32090475554446357 0.5119354163273454 0.9058640021176777  738315.4833881187
0.32743048116210266 0.527595998278799 0.9059029238018199  738315.4833891691
0.3339991984970038 0.5514556879260252 0.9047264515455291  738315.4833905546
0.34064591711364844 0.5747839518520428 0.9038663216571183  738315.4833917697
0.34615949997831563 0.5933844781348843 0.9045665651159607  738315.4833926354
0.3545780115375639 0.6199463010652926 0.910077430114056  738315.4833939972
0.3639753682162598 0.6379397490720965 0.9114593664332395  738315.4833950591
0.37597926458572445 0.654780409395102 0.9105953122494743  738315.483396226
0.3944575468165819 0.6687278530069739 0.9113320280822853  738315.4833975027
0.4106515338191049 0.6749257360933054 0.9115430454727226  738315.4833985413
0.42956387607343904 0.6777437403791793 0.9115732540394693  738315.4833996929
0.44399043685844314 0.678989113100226 0.9138039500622649  738315.4834007322
0.4632928159946442 0.6811324142359189 0.9211701825922085  738315.4834021538
0.47537160966360337 0.6855844496204918 0.9274032419955399  738315.4834032852
0.48364266872007805 0.6918310736981149 0.9284326260523756  738315.4834043471
0.4984872519152985 0.7058952099567316 0.9232700238868642  738315.4834056315
0.510026046580549 0.718919933425798 0.9210486913177084  738315.48340664
0.5187463219188864 0.730783571746388 0.9191295665061273  738315.4834076904
0.529302768449625 0.7502526899444402 0.9217383133886417  738315.4834090768
0.5343761755108251 0.7629369405133514 0.9251334150599791  738315.483410208
0.5372748981238585 0.774185357938732 0.9258076538218254  738315.4834112682
0.5382568966652428 0.7853111760891232 0.9253825007404279  738315.4834124291
0.5386541011749799 0.7950687565657275 0.9250885219097893  738315.4834135832
0.5330492699224778 0.804839758618559 0.9280775435874241  738315.4834148876
0.522502214469293 0.8149469702835122 0.9335273563032048  738315.4834159496
0.5050964636548392 0.8240229729092097 0.936871838524734  738315.4834171704
0.48199378984544705 0.8309742318370632 0.9367710916484545  738315.4834182132
0.4520620425908533 0.8323316166875648 0.9382846709042347  738315.4834192514
0.402646561082286 0.8280177915401397 0.9397522361881243  738315.4834205214
0.3610539338898969 0.8251971434403322 0.938258144968288  738315.4834216902
0.30908811376272793 0.8240991323391733 0.9375154738561857  738315.4834227175
0.2417629114772578 0.8266442488707477 0.9349214324700332  738315.483424243
0.1911090748224043 0.8306385458110299 0.9309547410822908  738315.4834252254
0.14874709666392558 0.8345015605492893 0.9293774594029307  738315.4834264024
0.08667879756333229 0.8415441678386082 0.9325520556868162  738315.4834275879
0.04371855674713663 0.8479067532909542 0.9360931371079774  738315.4834286143
-0.002112647930315424 0.8539203221523631 0.9416431096125407  738315.4834296764
-0.05045545355430363 0.8573573080228378 0.9476393132876695  738315.4834309461
-0.08458874172454119 0.8592730349165363 0.9479740365947463  738315.4834320446
-0.11378770072566483 0.8637012447644055 0.9465098818928491  738315.4834332803
-0.13547409998536455 0.8701568675764048 0.9453858389757275  738315.4834344115
-0.15063085724173236 0.8752338116133564 0.9461936581540734  738315.4834355845
-0.16770113710403564 0.8782139291621527 0.9511687999987383  738315.4834367273
-0.1865191258027441 0.8771123865202713 0.9547444790746794  738315.4834380662
-0.1930628548435041 0.875799810214976 0.9541147836802094  738315.4834389781
-0.19349089225491542 0.8751899557958506 0.9547079391113377  738315.4834401127
-0.18549838912419012 0.8757759359100056 0.9558721407148112  738315.4834413594
-0.1703982598043038 0.8767593804582101 0.9577825756827795  738315.4834425261
-0.15090377215433953 0.8781799095086681 0.9582057190618286  738315.4834436851
-0.1276945238135355 0.8805297489557128 0.9589306050201664  738315.4834449557
-0.10257077379146215 0.882959674489448 0.9585449266524937  738315.4834460177
-0.07642657037714766 0.8859532820164069 0.9591191166962114  738315.4834471501
-0.05219900423941987 0.8872654033182275 0.95948671429412  738315.4834483046
-0.025507685914236387 0.8882391907447466 0.9595617590659937  738315.4834494699
0.005436223489440386 0.8890377702005933 0.9595812334819125  738315.483450725
0.03228793560853526 0.8894005462533442 0.95953743965233  738315.4834516601
0.06740045673205808 0.8896508971173256 0.9608674095274045  738315.4834530336
0.0981101208493528 0.8903332990786944 0.9630962245206328  738315.4834540382
0.13679465193003906 0.893667511645103 0.967356653217969  738315.4834552498
0.16970679389579407 0.8979544785880562 0.9699435618999853  738315.4834564107
0.20683445855202748 0.9015813483121226 0.9682352584009478  738315.4834575535
0.2475471834420312 0.9043553140753816 0.9646941453461713  738315.4834587307
0.277096009715089 0.9058036638813663 0.9664989626402187  738315.4834597523
0.3231731759803007 0.9070445607735802 0.9716386131839791  738315.4834610916
0.3584228139295816 0.9066999828463859 0.9732268987151724  738315.4834621426
0.39735080991946004 0.904974802483518 0.973073020657116  738315.4834633489
0.4442426285953601 0.9003568070012191 0.974991940056049  738315.4834646303
0.47943696446922773 0.894490320772139 0.9756119536324319  738315.4834658726
0.5130641782954228 0.8876741985611678 0.9766934994034896  738315.4834667614
0.5526019273454387 0.8786322999579471 0.9808595421177225  738315.4834680621
0.5839279039952759 0.8711477696299592 0.9850329560576738  738315.4834691354
0.6166514826611313 0.8651169369637686 0.9877732918129696  738315.4834702105
0.6463806726504544 0.8620220217414712 0.9890680397928305  738315.4834714561
0.674765030033661 0.8614373042532018 0.9878457546183259  738315.4834726105
0.6961881296694673 0.860790025550203 0.9886469237660716  738315.483473773
0.7135567254134868 0.8567321955791447 0.9872269829076663  738315.4834748092
0.7361325854071313 0.8450009323090061 0.9847026104765746  738315.483476219
0.7514664199894443 0.8327181059627269 0.9855819278016261  738315.4834772464
0.7668720688198989 0.8176427108167293 0.9869801425629573  738315.4834784182
0.7791576193523 0.8018716274110609 0.9846922985859399  738315.4834794453
0.7908782399931834 0.7780474065797774 0.9786508064096903  738315.4834808278
0.796767805317577 0.7586465847750108 0.9760763883306234  738315.4834818714
0.800481299617454 0.7398684682571784 0.9755747474035733  738315.4834829068
0.8053505720579145 0.7103751262832769 0.9709918666695143  738315.4834843276
0.8084849483262194 0.6887173397014547 0.9671459308967489  738315.483485341
0.8137822027451822 0.6637395082861723 0.9638828988132676  738315.4834864968
0.8225122436398069 0.6307633575883712 0.9648551421905622  738315.4834877815
0.8304301431260603 0.604099167495914 0.9660525532366212  738315.4834888467
0.8399548461547615 0.5728447065517563 0.9623880766611865  738315.4834899725
0.8479297056282896 0.5473652028928171 0.955087979651415  738315.4834910115
0.8581873857259427 0.5076308675529533 0.9449893055818099  738315.4834922903
0.8645628884082541 0.4776130658597616 0.9402569914695309  738315.4834934446
0.8706669018280566 0.4494097111692763 0.9378839965088758  738315.4834944861
0.8789019253426098 0.41931965607731525 0.9366797953649962  738315.4834957549
0.8903713514753907 0.39089985953073664 0.9379170788303697  738315.4834970606
0.8997195601044923 0.37176614196760543 0.9397019995616585  738315.4834980761
0.9081299215367357 0.3509919344540184 0.9409321850261047  738315.483499385
0.9174817380477394 0.32473572553817054 0.9398057128543112  738315.4835006666
0.9257699651598109 0.3004728355858347 0.9368849466201132  738315.4835015698
0.9352524299666518 0.27463060039721365 0.9353522230507832  738315.4835027051
0.9467817714517406 0.2445308881436775 0.9357126945178507  738315.4835038022
0.9565485468412275 0.21341385538878338 0.9330202282778469  738315.4835050217
0.9639117478742635 0.1777745997286659 0.9295903775692095  738315.4835062874
0.966769492133568 0.153577141679541 0.9306278921948673  738315.4835073375
0.9714122806834485 0.12455945111786575 0.9315516814475209  738315.4835083883
0.9756494331747618 0.09962450312206891 0.9334806585953808  738315.4835095077
0.9795184492944857 0.06875432127522613 0.9377793121721214  738315.4835108068
0.9830846106995228 0.047631193475979335 0.9400230120748723  738315.4835119676
0.9892037699305294 0.022259041329022337 0.9429124010431694  738315.4835131239
0.9960242513949944 -0.004137435338095432 0.9430919237305351  738315.4835143951
1.0017480538449681 -0.025806371329383175 0.9413516854663937  738315.4835154458
1.0055488500521776 -0.04489548818848399 0.9423678527620588  738315.4835165889
1.0077868501131564 -0.06176131476835148 0.9463315533821481  738315.4835178904
1.0096824370698372 -0.07292221381436019 0.9450457760763975  738315.4835190215
1.009972426823225 -0.08046485491362901 0.9403671621325612  738315.4835201066
1.0054048000343283 -0.08512688490157518 0.9363862250228556  738315.4835212257
0.9972818620069972 -0.08654277085570668 0.932671556070873  738315.4835225326
0.9876005950026693 -0.08486841097911388 0.9265914194924758  738315.4835235395
0.97446244348906 -0.08191573382058324 0.9160229493204294  738315.4835247268
0.9589596657747668 -0.07744708374655075 0.8952342954316109  738315.4835260096
0.9477676899091063 -0.07277886972100676 0.8758710492200251  738315.4835270112
0.9393681982563661 -0.06889071234939216 0.8589911065558615  738315.4835280386
0.9289268799720641 -0.06418961322982676 0.8371530307888717  738315.4835293266
0.9195450838738766 -0.05889607043106688 0.820801200917502  738315.4835304848
0.9139681712812516 -0.05490608675322766 0.8074700270450048  738315.483531639
0.9094599123356165 -0.05086568979883656 0.7898002381463499  738315.4835328045
0.9048334860557486 -0.04634791028688632 0.766051668560739  738315.4835339127
0.8977720960672102 -0.04066190859639471 0.740436548406913  738315.4835351183
0.8900072745947244 -0.03602339556524764 0.7181811711948242  738315.4835364172
0.8852995798864159 -0.03401139891325194 0.7019853719572274  738315.4835375801
0.8800346935308798 -0.033297846390335784 0.6862465419725188  738315.4835387142
0.8759900069806562 -0.033314001093271275 0.6783675444080842  738315.4835396336
0.8721784337993227 -0.03296530525314317 0.6691588654048165  738315.483540894
0.86909627433363 -0.031745886754956355 0.6592555748352256  738315.4835420628
0.8684351937917087 -0.029799532843513315 0.6492514009548035  738315.4835431017
0.8691785990920441 -0.025063473304790338 0.6281168585132556  738315.4835445135
0.8684284353937148 -0.0197361223527912 0.6149385902249533  738315.4835456228
0.8667499382928612 -0.015046494925293735 0.6054227714167614  738315.483546567
0.8651682801495216 -0.00973132423029628 0.5899463990532755  738315.4835478602
0.863396263298916 -0.006173586184509282 0.5724370541073247  738315.4835490028
0.8610750603909062 -0.003949482986774083 0.5603166628060074  738315.4835500404
0.8587995670769638 -0.0014030410044151684 0.5479067473441221  738315.4835513218
0.8564234769642144 0.0009863841775251843 0.535459488927018  738315.4835524863
0.8543380342873738 0.001993357719609267 0.5254123151315957  738315.4835536757
0.8533006879063917 0.0037986808539682945 0.5098562344331719  738315.4835550111
0.8533993222570851 0.006209421567093306 0.49657127481994007  738315.4835560642
0.8538378949387014 0.008833942094095567 0.4874351577066311  738315.4835571354
0.8547894485134373 0.010574740927486252 0.481850440568029  738315.4835582647
0.8553250786560878 0.012559510807263218 0.47457166422088637  738315.4835595692
0.8545045585628931 0.015628855145514015 0.4690952957838708  738315.4835605734
0.8525938186505145 0.017567407422262392 0.47746556101068904  738315.4835617319
0.8519564061713301 0.016735034795345962 0.49560780126424964  738315.4835628978
0.8524565542839136 0.014447803899522872 0.5174377185746505  738315.4835642811
0.8530480144743312 0.013668372577296431 0.5276240747203546  738315.4835651238
0.8544920544467386 0.013658388295882368 0.5391930853562331  738315.4835662453
0.8561717556686349 0.014581362063119776 0.5543261767054725  738315.4835676397
0.8572388994698632 0.015178841936891474 0.5684019569858658  738315.4835687132
0.8575836130849778 0.015275630440536338 0.5864388203036653  738315.4835698423
0.8572846320343788 0.014243923525626997 0.6056284961582493  738315.4835710197
0.8567660215737226 0.012730767155508351 0.622930813314721  738315.4835722059
0.8550746376346621 0.011367387585675572 0.6431652378251332  738315.4835733022
0.8530487503519154 0.009929972140908523 0.6673277247586277  738315.4835746173
0.8513267229945337 0.009238233584956462 0.6858120830882397  738315.4835756449
0.8501647693393806 0.009206785301772772 0.7045921245239257  738315.4835767738
0.8497013257581945 0.009988872214305836 0.7226960944630154  738315.483577986
0.8501703154402681 0.011171461448559456 0.7372953732103494  738315.4835790914
0.8519345793663564 0.012978857203400635 0.7527511674179268  738315.4835802573
0.8533599732861198 0.01457697425352127 0.7615383354804132  738315.483581273
0.8543868922013287 0.017556178332528146 0.7718695642761226  738315.4835827069
0.8539257975565572 0.01973510860333149 0.7728735288812656  738315.4835837628
0.8530346097265907 0.02204504289380157 0.7670547088455894  738315.4835847648
0.8513272859892446 0.02645739688177219 0.7535814426940024  738315.48358618
0.8498604275270477 0.031024702746152554 0.7435014468170656  738315.4835871973
0.8493743506154502 0.034973510998291164 0.7290307964538161  738315.4835884338
0.849420353331958 0.037350261049040066 0.7094623616114246  738315.4835896218
0.8508160326486597 0.03806818526909014 0.6891001763258522  738315.483590808
0.8531722737559202 0.03771299045652568 0.669672165061608  738315.4835918257
0.8557360348033313 0.03767631467336516 0.649354842095304  738315.4835932461
0.8584913670937044 0.03884070938368945 0.6305262834306409  738315.4835941695
0.8618629449181042 0.04178440388395935 0.6140940672192131  738315.4835953013
0.8658703460841672 0.04659282341598325 0.5969952638913513  738315.4835964555
0.8707255157178111 0.05140744840612804 0.5783401184094743  738315.4835976072
0.8766289574516126 0.056634483752363955 0.5524663951286536  738315.483598773
0.8815686314184673 0.060885839748744106 0.5288012296545702  738315.4836000995
0.8844761682179638 0.06272024605335584 0.5087162834621258  738315.4836010844
0.8867927256981735 0.06353365139448727 0.4815989082958265  738315.4836024494
0.8872902807018149 0.06504343650018944 0.45547319535854286  738315.4836033969
0.8848555487104862 0.06739457659623502 0.4311874791943361  738315.4836044359
0.880707618680136 0.07388804776867693 0.39743276861986593  738315.4836058569
0.879205579145948 0.07916979390238228 0.36787996015295243  738315.4836069653
0.8797365337130663 0.08857999634697486 0.3343539878173761  738315.4836080233
0.8823903775521902 0.09844043423860037 0.30092398142411797  738315.4836093079
0.8855664122245447 0.10492159048583498 0.2703023891344687  738315.4836103381
0.8863873870427915 0.11092310315837708 0.24284505776595872  738315.4836115069
0.8866777458566649 0.11609590324113954 0.22072323370672306  738315.4836126615
0.8870637029967267 0.1208985083024847 0.1894435796585526  738315.4836137927
0.8865831395886365 0.12533206898056604 0.157270544747179  738315.4836149701
0.8854643653356599 0.126904830075725 0.14068561203140734  738315.4836161362
0.8877650277245893 0.12897319510874455 0.11750900617694456  738315.4836172906
0.8870456525536852 0.13056067594711818 0.10169221802624141  738315.4836184459
0.8860543940634897 0.13201777206800597 0.091645755514672  738315.4836196041
0.8850089807616386 0.13123041168020955 0.08170651401751586  738315.4836208675
0.8880132006618991 0.13094773721189426 0.07823723937705594  738315.4836220148
0.892093647416246 0.12825657855542655 0.076679708801296  738315.4836230772
0.8976170824618906 0.1277801266985823 0.07503275559405155  738315.4836242332
0.896882161771245 0.12732485539212052 0.07259519649668494  738315.48362539
0.8989950144191464 0.12869805521941416 0.069120924534959  738315.4836267254
0.9023421030849542 0.13106041176481054 0.06217302361580502  738315.4836276835
0.8981997521364216 0.1340081890751817 0.05544796592721251  738315.4836288497
0.8953809934831137 0.13721588526799972 0.0513241723531361  738315.4836299233
0.8956434025153382 0.13794909640918745 0.04263410129793381  738315.4836312868
0.9052508764682947 0.14160985791022004 0.04270189231614581  738315.4836323372
0.0 0.0 0.0  738315.48363348
0.0 0.0 0.0  738315.4836345188
0.0 0.0 0.0  738315.4836363657
0.0 0.0 0.0  738315.4836373256
0.0 0.0 0.0  738315.4836383295
0.0 0.0 0.0  738315.4836391606
0.0 0.0 0.0  738315.483640442
0.0 0.0 0.0  738315.4836416305
0.0 0.0 0.0  738315.4836427621
0.0 0.0 0.0  738315.4836439046
0.0 0.0 0.0  738315.4836450473
0.0 0.0 0.0  738315.4836462198
0.0 0.0 0.0  738315.4836474971
0.0 0.0 0.0  738315.4836486696
0.0 0.0 0.0  738315.4836497892
0.0 0.0 0.0  738315.4836511745
0.0 0.0 0.0  738315.4836520867
0.0 0.0 0.0  738315.4836532532
0.0 0.0 0.0  738315.4836544533
0.0 0.0 0.0  738315.4836556654
0.0 0.0 0.0  738315.4836565818
0.0 0.0 0.0  738315.4836579823
0.0 0.0 0.0  738315.4836589745
0.0 0.0 0.0  738315.4836601726
0.0 0.0 0.0  738315.4836613613
0.0 0.0 0.0  738315.4836625615
0.0 0.0 0.0  738315.4836637962
0.0 0.0 0.0  738315.4836648521
0.0 0.0 0.0  738315.4836660286
0.0 0.0 0.0  738315.4836670557
0.0 0.0 0.0  738315.4836683011
0.0 0.0 0.0  738315.4836694096
0.0 0.0 0.0  738315.4836705488
0.0 0.0 0.0  738315.4836715873
0.0 0.0 0.0  738315.483672834
0.0 0.0 0.0  738315.4836741992
0.0 0.0 0.0  738315.4836750336
0.0 0.0 0.0  738315.4836766495
0.0 0.0 0.0  738315.4836774673
0.0 0.0 0.0  738315.4836786909
0.0 0.0 0.0  738315.4836799145
0.0 0.0 0.0  738315.4836809421
0.0 0.0 0.0  738315.4836822717
0.0 0.0 0.0  738315.4836834618
0.0 0.0 0.0  738315.4836844954
0.0 0.0 0.0  738315.4836857193
0.0 0.0 0.0  738315.4836868561
0.0 0.0 0.0  738315.4836879073
0.0 0.0 0.0  738315.4836891672
0.0 0.0 0.0  738315.4836903351
0.0 0.0 0.0  738315.4836913839
0.0 0.0 0.0  738315.4836925594
0.0 0.0 0.0  738315.4836938288
0.0 0.0 0.0  738315.4836949179
0.0 0.0 0.0  738315.4836959798
0.0 0.0 0.0  738315.483697273
0.0 0.0 0.0  738315.4836982538
0.0 0.0 0.0  738315.4836996845
0.0 0.0 0.0  738315.4837008166
0.0 0.0 0.0  738315.4837018898
0.0 0.0 0.0  738315.4837029299
0.0 0.0 0.0  738315.4837042098
0.0 0.0 0.0  738315.4837057302
0.0 0.0 0.0  738315.4837063993
0.0 0.0 0.0  738315.4837077038
0.0 0.0 0.0  738315.483709025
0.0 0.0 0.0  738315.4837099253
0.0 0.0 0.0  738315.4837113986
0.0 0.0 0.0  738315.4837123314
0.0 0.0 0.0  738315.483713602
0.0 0.0 0.0  738315.4837146301
0.0 0.0 0.0  738315.483715881
0.0 0.0 0.0  738315.4837167838
0.0 0.0 0.0  738315.4837180641
0.0 0.0 0.0  738315.4837193583
0.0 0.0 0.0  738315.4837203163
0.0 0.0 0.0  738315.483721413
0.0 0.0 0.0  738315.4837227407
0.0 0.0 0.0  738315.4837238832
0.0 0.0 0.0  738315.4837250842
0.0 0.0 0.0  738315.4837263058
0.0 0.0 0.0  738315.4837276795
0.0 0.0 0.0  738315.483728688
0.0 0.0 0.0  738315.4837295705
0.0 0.0 0.0  738315.4837308632
0.0 0.0 0.0  738315.4837318899
0.0 0.0 0.0  738315.4837330095
0.0 0.0 0.0  738315.4837344075
0.0 0.0 0.0  738315.4837353652
0.0 0.0 0.0  738315.4837364851
0.0 0.0 0.0  738315.483737813
0.0 0.0 0.0  738315.4837391321
0.0 0.0 0.0  738315.4837399817
0.0 0.0 0.0  738315.4837414809
0.0 0.0 0.0  738315.4837425577
0.0 0.0 0.0  738315.4837434692
0.0 0.0 0.0  738315.4837447387
0.0 0.0 0.0  738315.4837458413
0.0 0.0 0.0  738315.4837469378
0.0 0.0 0.0  738315.483748208
0.0 0.0 0.0  738315.4837493339
0.0 0.0 0.0  738315.4837502921
0.0 0.0 0.0  738315.4837518965
0.0 0.0 0.0  738315.4837528082
0.0 0.0 0.0  738315.4837538723
0.0 0.0 0.0  738315.4837552117
0.0 0.0 0.0  738315.483756181
0.0 0.0 0.0  738315.4837573569
0.0 0.0 0.0  738315.483758592
0.0 0.0 0.0  738315.483759758
0.0 0.0 0.0  738315.4837609585
0.0 0.0 0.0  738315.4837620214
0.0 0.0 0.0  738315.483763599
0.0 0.0 0.0  738315.4837642707
0.0 0.0 0.0  738315.4837656444
0.0 0.0 0.0  738315.483766778
0.0 0.0 0.0  738315.4837678408
0.0 0.0 0.0  738315.4837691695
0.0 0.0 0.0  738315.4837701715
0.0 0.0 0.0  738315.4837712634
0.0 0.0 0.0  738315.4837722791
0.0 0.0 0.0  738315.4837735293
0.0 0.0 0.0  738315.4837749262
0.0 0.0 0.0  738315.4837759652
0.0 0.0 0.0  738315.4837771181
0.0 0.0 0.0  738315.4837783764
0.0 0.0 0.0  738315.4837793178
0.0 0.0 0.0  738315.483780707
0.0 0.0 0.0  738315.483781919
0.0 0.0 0.0  738315.4837829298
0.0 0.0 0.0  738315.4837843226
0.0 0.0 0.0  738315.4837853268
0.0 0.0 0.0  738315.4837862275
0.0 0.0 0.0  738315.4837873238
0.0 0.0 0.0  738315.483788744
0.0 0.0 0.0  738315.4837898572
0.0 0.0 0.0  738315.4837909883
0.0 0.0 0.0  738315.4837921686
0.0 0.0 0.0  738315.4837933539
0.0 0.0 0.0  738315.4837945543
0.0 0.0 0.0  738315.4837958128
0.0 0.0 0.0  738315.4837965859
0.0 0.0 0.0  738315.4837980357
0.0 0.0 0.0  738315.4837990634
0.0 0.0 0.0  738315.4838001503
0.0 0.0 0.0  738315.4838013605
0.0 0.0 0.0  738315.483802606
0.0 0.0 0.0  738315.4838038065
0.0 0.0 0.0  738315.4838049504
0.0 0.0 0.0  738315.4838060706
0.0 0.0 0.0  738315.4838072363
0.0 0.0 0.0  738315.4838083657
0.0 0.0 0.0  738315.4838095931
0.0 0.0 0.0  738315.4838105745
0.0 0.0 0.0  738315.4838116947
0.0 0.0 0.0  738315.4838129916
0.0 0.0 0.0  738315.4838141801
0.0 0.0 0.0  738315.4838152886
0.0 0.0 0.0  738315.4838165581
0.0 0.0 0.0  738315.483817539
0.0 0.0 0.0  738315.4838187165
0.0 0.0 0.0  738315.4838200571
0.0 0.0 0.0  738315.4838212209
0.0 0.0 0.0  738315.4838222786
0.0 0.0 0.0  738315.4838234148
0.0 0.0 0.0  738315.4838245689
0.0 0.0 0.0  738315.4838257703
0.0 0.0 0.0  738315.4838270709
0.0 0.0 0.0  738315.4838281684
0.0 0.0 0.0  738315.483829204
0.0 0.0 0.0  738315.4838305194
0.0 0.0 0.0  738315.4838315392
0.0 0.0 0.0  738315.4838327208
0.0 0.0 0.0  738315.4838338287
0.0 0.0 0.0  738315.483834949
0.0 0.0 0.0  738315.4838361036
0.0 0.0 0.0  738315.4838373014
0.0 0.0 0.0  738315.4838384561
0.0 0.0 0.0  738315.4838395073
0.0 0.0 0.0  738315.4838406486
0.0 0.0 0.0  738315.4838419644
0.0 0.0 0.0  738315.4838432565
0.0 0.0 0.0  738315.4838442652
0.0 0.0 0.0  738315.4838453156
0.0 0.0 0.0  738315.4838465872
0.0 0.0 0.0  738315.4838476265
0.0 0.0 0.0  738315.4838486651
0.0 0.0 0.0  738315.483850033
0.0 0.0 0.0  738315.4838511569
0.0 0.0 0.0  738315.4838522996
0.0 0.0 0.0  738315.4838535367
0.0 0.0 0.0  738315.4838546636
0.0 0.0 0.0  738315.4838557261
0.0 0.0 0.0  738315.4838567531
0.0 0.0 0.0  738315.483858383
0.0 0.0 0.0  738315.4838591791
0.0 0.0 0.0  738315.4838605992
0.0 0.0 0.0  738315.4838617472
0.0 0.0 0.0  738315.4838629249
0.0 0.0 0.0  738315.4838638364
0.0 0.0 0.0  738315.4838652237
0.0 0.0 0.0  738315.4838663663
0.0 0.0 0.0  738315.4838673599
0.0 0.0 0.0  738315.4838685499
0.0 0.0 0.0  738315.4838697643
0.0 0.0 0.0  738315.483870889
0.0 0.0 0.0  738315.4838720884
0.0 0.0 0.0  738315.4838730673
0.0 0.0 0.0  738315.4838744525
0.0 0.0 0.0  738315.4838755308
0.0 0.0 0.0  738315.4838765007
0.0 0.0 0.0  738315.4838779304
0.0 0.0 0.0  738315.4838789809
0.0 0.0 0.0  738315.4838801308
0.0 0.0 0.0  738315.4838811976
0.0 0.0 0.0  738315.4838825362
0.0 0.0 0.0  738315.4838834051
0.0 0.0 0.0  738315.4838846606
0.0 0.0 0.0  738315.4838861732
0.0 0.0 0.0  738315.4838870936
0.0 0.0 0.0  738315.483888213
0.0 0.0 0.0  738315.483889356
0.0 0.0 0.0  738315.4838905793
0.0 0.0 0.0  738315.4838914914
0.0 0.0 0.0  738315.4838929567
0.0 0.0 0.0  738315.4838940675
0.0 0.0 0.0  738315.4838952102
0.0 0.0 0.0  738315.4838963177
0.0 0.0 0.0  738315.4838975687
0.0 0.0 0.0  738315.4838985277
0.0 0.0 0.0  738315.4838998677
0.0 0.0 0.0  738315.4839010431
0.0 0.0 0.0  738315.4839020949
0.0 0.0 0.0  738315.4839031841
0.0 0.0 0.0  738315.4839044535
0.0 0.0 0.0  738315.483905677
0.0 0.0 0.0  738315.4839067621
0.0 0.0 0.0  738315.483907674
0.0 0.0 0.0  738315.4839093732
0.0 0.0 0.0  738315.48391024
0.0 0.0 0.0  738315.4839117357
0.0 0.0 0.0  738315.4839124405
0.0 0.0 0.0  738315.4839136184
0.0 0.0 0.0  738315.4839151399
0.0 0.0 0.0  738315.4839159135
0.0 0.0 0.0  738315.4839170912
0.0 0.0 0.0  738315.483918199
0.0 0.0 0.0  738315.483919552
0.0 0.0 0.0  738315.4839205791
0.0 0.0 0.0  738315.4839217227
0.0 0.0 0.0  738315.4839229548
0.0 0.0 0.0  738315.4839240556
0.0 0.0 0.0  738315.4839252348
0.0 0.0 0.0  738315.4839264699
0.0 0.0 0.0  738315.4839275776
0.0 0.0 0.0  738315.4839286165
0.0 0.0 0.0  738315.4839300809
0.0 0.0 0.0  738315.4839312811
0.0 0.0 0.0  738315.4839321583
0.0 0.0 0.0  738315.4839334398
0.0 0.0 0.0  738315.4839346418
0.0 0.0 0.0  738315.4839355889
0.0 0.0 0.0  738315.4839367544
0.0 0.0 0.0  738315.4839377586
0.0 0.0 0.0  738315.4839393885
0.0 0.0 0.0  738315.4839402889
0.0 0.0 0.0  738315.4839414922
0.0 0.0 0.0  738315.483942613
0.0 0.0 0.0  738315.4839437214
0.0 0.0 0.0  738315.4839450602
0.0 0.0 0.0  738315.483946007
0.0 0.0 0.0  738315.4839474094
0.0 0.0 0.0  738315.4839481825
0.0 0.0 0.0  738315.4839496749
0.0 0.0 0.0  738315.48395076
0.0 0.0 0.0  738315.4839518568
0.0 0.0 0.0  738315.4839532144
0.0 0.0 0.0  738315.4839541478
0.0 0.0 0.0  738315.4839552883
0.0 0.0 0.0  738315.4839566322
0.0 0.0 0.0  738315.4839576369
0.0 0.0 0.0  738315.4839587919
0.0 0.0 0.0  738315.4839597266
0.0 0.0 0.0  738315.4839610776
0.0 0.0 0.0  738315.4839622894
0.0 0.0 0.0  738315.4839633683
0.0 0.0 0.0  738315.4839646398
0.0 0.0 0.0  738315.4839656668
0.0 0.0 0.0  738315.4839669282
0.0 0.0 0.0  738315.4839682846
0.0 0.0 0.0  738315.4839691734
0.0 0.0 0.0  738315.4839703065
0.0 0.0 0.0  738315.4839716938
0.0 0.0 0.0  738315.4839726338
0.0 0.0 0.0  738315.4839736493
0.0 0.0 0.0  738315.4839750926
0.0 0.0 0.0  738315.4839761199
0.0 0.0 0.0  738315.4839775177
0.0 0.0 0.0  738315.4839788005
0.0 0.0 0.0  738315.4839795508
0.0 0.0 0.0  738315.4839807659
0.0 0.0 0.0  738315.483982131
0.0 0.0 0.0  738315.4839832503
0.0 0.0 0.0  738315.4839840584
0.0 0.0 0.0  738315.4839854605
0.0 0.0 0.0  738315.4839864185
0.0 0.0 0.0  738315.48398755
0.0 0.0 0.0  738315.4839889234
0.0 0.0 0.0  738315.4839899276
0.0 0.0 0.0  738315.4839914413
0.0 0.0 0.0  738315.4839924155
0.0 0.0 0.0  738315.4839935005
0.0 0.0 0.0  738315.4839947392
0.0 0.0 0.0  738315.4839959516
0.0 0.0 0.0  738315.4839969558
0.0 0.0 0.0  738315.4839983208
0.0 0.0 0.0  738315.4839994754
0.0 0.0 0.0  738315.4840003757
0.0 0.0 0.0  738315.4840014265
0.0 0.0 0.0  738315.4840029659
0.0 0.0 0.0  738315.4840039581
0.0 0.0 0.0  738315.4840050555
0.0 0.0 0.0  738315.4840062854
0.0 0.0 0.0  738315.4840075322
0.0 0.0 0.0  738315.4840086175
0.0 0.0 0.0  738315.4840100374
0.0 0.0 0.0  738315.4840107531
0.0 0.0 0.0  738315.4840119777
0.0 0.0 0.0  738315.4840132705
0.0 0.0 0.0  738315.4840143566
0.0 0.0 0.0  738315.4840155337
0.0 0.0 0.0  738315.4840165369
0.0 0.0 0.0  738315.4840178295
0.0 0.0 0.0  738315.4840190012
0.0 0.0 0.0  738315.484020178
0.0 0.0 0.0  738315.4840213252
0.0 0.0 0.0  738315.4840223641
0.0 0.0 0.0  738315.4840233915
0.0 0.0 0.0  738315.4840247999
0.0 0.0 0.0  738315.4840258627
0.0 0.0 0.0  738315.4840271624
0.0 0.0 0.0  738315.4840282017
0.0 0.0 0.0  738315.4840294278
0.0 0.0 0.0  738315.484030559
0.0 0.0 0.0  738315.4840319711
0.0 0.0 0.0  738315.4840328713
0.0 0.0 0.0  738315.4840339334
0.0 0.0 0.0  738315.4840354093
0.0 0.0 0.0  738315.4840364016
0.0 0.0 0.0  738315.4840372904
0.0 0.0 0.0  738315.4840388282
0.0 0.0 0.0  738315.4840398575
0.0 0.0 0.0  738315.4840410348
0.0 0.0 0.0  738315.4840421086
0.0 0.0 0.0  738315.4840433485
0.0 0.0 0.0  738315.4840443641
0.0 0.0 0.0  738315.484045706
0.0 0.0 0.0  738315.4840468732
0.0 0.0 0.0  738315.4840478185
0.0 0.0 0.0  738315.4840490654
0.0 0.0 0.0  738315.4840503874
0.0 0.0 0.0  738315.4840513107
0.0 0.0 0.0  738315.4840524929
0.0 0.0 0.0  738315.484053632
0.0 0.0 0.0  738315.4840549718
0.0 0.0 0.0  738315.4840559306
0.0 0.0 0.0  738315.4840571675
0.0 0.0 0.0  738315.4840583685
0.0 0.0 0.0  738315.4840595577
0.0 0.0 0.0  738315.4840604697
0.0 0.0 0.0  738315.4840617275
0.0 0.0 0.0  738315.4840630323
0.0 0.0 0.0  738315.4840641917
0.0 0.0 0.0  738315.4840653993
0.0 0.0 0.0  738315.4840666109
0.0 0.0 0.0  738315.4840675334
0.0 0.0 0.0  738315.4840688076
0.0 0.0 0.0  738315.4840698699
0.0 0.0 0.0  738315.4840711162
0.0 0.0 0.0  738315.48407204
0.0 0.0 0.0  738315.4840734333
0.0 0.0 0.0  738315.4840744545
0.0 0.0 0.0  738315.4840757248
0.0 0.0 0.0  738315.4840769963
0.0 0.0 0.0  738315.4840779197
0.0 0.0 0.0  738315.4840791222
0.0 0.0 0.0  738315.4840806726
0.0 0.0 0.0  738315.4840814216
0.0 0.0 0.0  738315.484082502
0.0 0.0 0.0  738315.4840840022
0.0 0.0 0.0  738315.4840848899
0.0 0.0 0.0  738315.4840862242
0.0 0.0 0.0  738315.4840873205
0.0 0.0 0.0  738315.4840882913
0.0 0.0 0.0  738315.484089505
0.0 0.0 0.0  738315.4840907766
0.0 0.0 0.0  738315.4840917693
0.0 0.0 0.0  738315.4840930513
0.0 0.0 0.0  738315.4840942514
0.0 0.0 0.0  738315.4840954186
0.0 0.0 0.0  738315.4840964401
0.0 0.0 0.0  738315.4840974904
0.0 0.0 0.0  738315.484098763
0.0 0.0 0.0  738315.4841001186
0.0 0.0 0.0  738315.4841012108
0.0 0.0 0.0  738315.484102478
0.0 0.0 0.0  738315.4841034712
0.0 0.0 0.0  738315.484104909
0.0 0.0 0.0  738315.48410573
0.0 0.0 0.0  738315.484106894
0.0 0.0 0.0  738315.4841082696
0.0 0.0 0.0  738315.4841091816
0.0 0.0 0.0  738315.4841104768
0.0 0.0 0.0  738315.4841114926
0.0 0.0 0.0  738315.484112785
0.0 0.0 0.0  738315.4841139237
0.0 0.0 0.0  738315.4841150665
0.0 0.0 0.0  738315.4841160249
0.0 0.0 0.0  738315.4841173867
0.0 0.0 0.0  738315.4841185244
0.0 0.0 0.0  738315.4841198187
0.0 0.0 0.0  738315.4841207305
0.0 0.0 0.0  738315.4841221966
0.0 0.0 0.0  738315.4841230572
0.0 0.0 0.0  738315.4841242465
0.0 0.0 0.0  738315.4841254926
0.0 0.0 0.0  738315.4841264392
0.0 0.0 0.0  738315.484127822
0.0 0.0 0.0  738315.4841288378
0.0 0.0 0.0  738315.4841299116
0.0 0.0 0.0  738315.4841313144
0.0 0.0 0.0  738315.4841324063
0.0 0.0 0.0  738315.484133483
0.0 0.0 0.0  738315.4841347875
0.0 0.0 0.0  738315.484135883
0.0 0.0 0.0  738315.4841369224
0.0 0.0 0.0  738315.4841382455
0.0 0.0 0.0  738315.4841393994
0.0 0.0 0.0  738315.4841405137
0.0 0.0 0.0  738315.4841414718
0.0 0.0 0.0  738315.4841427687
0.0 0.0 0.0  738315.4841441523
0.0 0.0 0.0  738315.4841454705
0.0 0.0 0.0  738315.4841462398
0.0 0.0 0.0  738315.4841474171
0.0 0.0 0.0  738315.4841486873
0.0 0.0 0.0  738315.4841499272
0.0 0.0 0.0  738315.4841509792
0.0 0.0 0.0  738315.4841522585
0.0 0.0 0.0  738315.4841531822
0.0 0.0 0.0  738315.4841544493
0.0 0.0 0.0  738315.4841553194
0.0 0.0 0.0  738315.4841566446
0.0 0.0 0.0  738315.4841580428
0.0 0.0 0.0  738315.48415908
0.0 0.0 0.0  738315.4841602786
0.0 0.0 0.0  738315.4841612801
0.0 0.0 0.0  738315.4841625947
0.0 0.0 0.0  738315.4841638032
0.0 0.0 0.0  738315.4841649227
0.0 0.0 0.0  738315.4841661681
0.0 0.0 0.0  738315.484167244
0.0 0.0 0.0  738315.4841683455
0.0 0.0 0.0  738315.4841693612
0.0 0.0 0.0  738315.4841708639
0.0 0.0 0.0  738315.4841719894
0.0 0.0 0.0  738315.4841728874
0.0 0.0 0.0  738315.4841741929
0.0 0.0 0.0  738315.4841752433
0.0 0.0 0.0  738315.4841763438
0.0 0.0 0.0  738315.4841776367
0.0 0.0 0.0  738315.4841788248
0.0 0.0 0.0  738315.4841798024
0.0 0.0 0.0  738315.4841811338
0.0 0.0 0.0  738315.4841825288
0.0 0.0 0.0  738315.4841833379
0.0 0.0 0.0  738315.4841843072
0.0 0.0 0.0  738315.4841856003
0.0 0.0 0.0  738315.4841867082
0.0 0.0 0.0  738315.4841882719
0.0 0.0 0.0  738315.4841891492
0.0 0.0 0.0  738315.4841902867
0.0 0.0 0.0  738315.4841913952
0.0 0.0 0.0  738315.4841932523
0.0 0.0 0.0  738315.4841936679
0.0 0.0 0.0  738315.484195104
0.0 0.0 0.0  738315.4841961432
0.0 0.0 0.0  738315.4841971472
0.0 0.0 0.0  738315.484198354
0.0 0.0 0.0  738315.4841998889
0.0 0.0 0.0  738315.4842007433
0.0 0.0 0.0  738315.4842017937
0.0 0.0 0.0  738315.4842030284
0.0 0.0 0.0  738315.4842042639
0.0 0.0 0.0  738315.4842053719
0.0 0.0 0.0  738315.4842064795
0.0 0.0 0.0  738315.4842075763
0.0 0.0 0.0  738315.4842088339
0.0 0.0 0.0  738315.4842098847
0.0 0.0 0.0  738315.4842113199
0.0 0.0 0.0  738315.4842122046
0.0 0.0 0.0  738315.484213502
0.0 0.0 0.0  738315.4842147493
0.0 0.0 0.0  738315.4842156612
0.0 0.0 0.0  738315.4842169194
0.0 0.0 0.0  738315.4842179583
0.0 0.0 0.0  738315.4842191125
0.0 0.0 0.0  738315.4842204074
0.0 0.0 0.0  738315.4842217712
0.0 0.0 0.0  738315.4842228496
0.0 0.0 0.0  738315.4842237416
0.0 0.0 0.0  738315.4842252975
0.0 0.0 0.0  738315.4842260943
0.0 0.0 0.0  738315.4842275576
0.0 0.0 0.0  738315.4842284352
0.0 0.0 0.0  738315.4842297857
0.0 0.0 0.0  738315.4842308131
0.0 0.0 0.0  738315.4842319717
0.0 0.0 0.0  738315.4842331689
0.0 0.0 0.0  738315.4842344265
0.0 0.0 0.0  738315.4842353965
0.0 0.0 0.0  738315.4842366313
0.0 0.0 0.0  738315.484237982
0.0 0.0 0.0  738315.4842388268
0.0 0.0 0.0  738315.484239866
0.0 0.0 0.0  738315.4842412603
0.0 0.0 0.0  738315.4842422855
0.0 0.0 0.0  738315.4842434712
0.0 0.0 0.0  738315.4842447271
0.0 0.0 0.0  738315.4842458346
0.0 0.0 0.0  738315.4842471636
0.0 0.0 0.0  738315.4842481676
0.0 0.0 0.0  738315.4842492875
0.0 0.0 0.0  738315.4842504199
0.0 0.0 0.0  738315.4842516547
0.0 0.0 0.0  738315.4842527166
0.0 0.0 0.0  738315.4842539512
0.0 0.0 0.0  738315.4842552705
0.0 0.0 0.0  738315.4842562746
0.0 0.0 0.0  738315.4842571894
0.0 0.0 0.0  738315.4842586188
0.0 0.0 0.0  738315.4842597601
0.0 0.0 0.0  738315.4842608391
0.0 0.0 0.0  738315.4842619699
0.0 0.0 0.0  738315.4842633235
0.0 0.0 0.0  738315.4842642007
0.0 0.0 0.0  738315.4842655658
0.0 0.0 0.0  738315.484266792
0.0 0.0 0.0  738315.484267951
0.0 0.0 0.0  738315.4842691908
0.0 0.0 0.0  738315.4842701965
0.0 0.0 0.0  738315.4842713581
0.0 0.0 0.0  738315.4842723855
0.0 0.0 0.0  738315.4842736166
0.0 0.0 0.0  738315.4842749124
0.0 0.0 0.0  738315.4842760353
0.0 0.0 0.0  738315.4842770164
0.0 0.0 0.0  738315.4842783327
0.0 0.0 0.0  738315.4842793138
0.0 0.0 0.0  738315.4842806306
0.0 0.0 0.0  738315.4842817618
0.0 0.0 0.0  738315.4842829055
0.0 0.0 0.0  738315.4842840482
0.0 0.0 0.0  738315.4842853064
0.0 0.0 0.0  738315.4842862764
0.0 0.0 0.0  738315.4842875227
0.0 0.0 0.0  738315.4842888155
0.0 0.0 0.0  738315.4842897581
0.0 0.0 0.0  738315.484291039
0.0 0.0 0.0  738315.4842920866
0.0 0.0 0.0  738315.4842935895
0.0 0.0 0.0  738315.4842944436
0.0 0.0 0.0  738315.4842955418
0.0 0.0 0.0  738315.4842968599
0.0 0.0 0.0  738315.4842982794
0.0 0.0 0.0  738315.484299099
0.0 0.0 0.0  738315.484300488
0.0 0.0 0.0  738315.4843012732
0.0 0.0 0.0  738315.484302501
0.0 0.0 0.0  738315.4843038275
0.0 0.0 0.0  738315.4843051089
0.0 0.0 0.0  738315.4843060267
0.0 0.0 0.0  738315.4843074937
0.0 0.0 0.0  738315.4843083959
0.0 0.0 0.0  738315.4843093996
0.0 0.0 0.0  738315.4843105865
0.0 0.0 0.0  738315.4843118775
0.0 0.0 0.0  738315.4843129279
0.0 0.0 0.0  738315.4843139971
0.0 0.0 0.0  738315.4843153118
0.0 0.0 0.0  738315.4843164987
0.0 0.0 0.0  738315.4843176184
0.0 0.0 0.0  738315.4843188444
0.0 0.0 0.0  738315.4843198169
0.0 0.0 0.0  738315.4843210689
0.0 0.0 0.0  738315.4843223641
0.0 0.0 0.0  738315.484323311
0.0 0.0 0.0  738315.4843245117
0.0 0.0 0.0  738315.4843258624
0.0 0.0 0.0  738315.4843269718
0.0 0.0 0.0  738315.484327988
0.0 0.0 0.0  738315.4843292315
0.0 0.0 0.0  738315.4843302355
0.0 0.0 0.0  738315.4843313784
0.0 0.0 0.0  738315.484332648
0.0 0.0 0.0  738315.4843338006
0.0 0.0 0.0  738315.4843350026
0.0 0.0 0.0  738315.4843361996
0.0 0.0 0.0  738315.4843372615
0.0 0.0 0.0  738315.4843384263
0.0 0.0 0.0  738315.4843396584
0.0 0.0 0.0  738315.4843408837
0.0 0.0 0.0  738315.4843418503
0.0 0.0 0.0  738315.4843431085
0.0 0.0 0.0  738315.4843442399
0.0 0.0 0.0  738315.4843454058
0.0 0.0 0.0  738315.4843467105
0.0 0.0 0.0  738315.4843477149
0.0 0.0 0.0  738315.4843488116
0.0 0.0 0.0  738315.4843501676
0.0 0.0 0.0  738315.4843510676
0.0 0.0 0.0  738315.4843522316
0.0 0.0 0.0  738315.4843537345
0.0 0.0 0.0  738315.4843545997
0.0 0.0 0.0  738315.4843557186
0.0 0.0 0.0  738315.4843569996
0.0 0.0 0.0  738315.484358431
0.0 0.0 0.0  738315.4843592397
0.0 0.0 0.0  738315.4843604419
0.0 0.0 0.0  738315.4843617813
0.0 0.0 0.0  738315.4843627048
0.0 0.0 0.0  738315.4843639976
0.0 0.0 0.0  738315.48436506
0.0 0.0 0.0  738315.4843662592
0.0 0.0 0.0  738315.4843673048
0.0 0.0 0.0  738315.484368618
0.0 0.0 0.0  738315.4843696111
0.0 0.0 0.0  738315.484370978
0.0 0.0 0.0  738315.4843720981
0.0 0.0 0.0  738315.4843731807
0.0 0.0 0.0  738315.4843742427
0.0 0.0 0.0  738315.4843754324
0.0 0.0 0.0  738315.4843765752
0.0 0.0 0.0  738315.4843777175
0.0 0.0 0.0  738315.4843787345
0.0 0.0 0.0  738315.4843802729
0.0 0.0 0.0  738315.4843812191
0.0 0.0 0.0  738315.4843823472
0.0 0.0 0.0  738315.4843836173
0.0 0.0 0.0  738315.4843847482
0.0 0.0 0.0  738315.4843858224
0.0 0.0 0.0  738315.4843871554
0.0 0.0 0.0  738315.484388243
0.0 0.0 0.0  738315.4843893567
0.0 0.0 0.0  738315.4843905583
0.0 0.0 0.0  738315.4843916087
0.0 0.0 0.0  738315.4843927515
0.0 0.0 0.0  738315.4843940675
0.0 0.0 0.0  738315.4843950949
0.0 0.0 0.0  738315.4843962605
0.0 0.0 0.0  738315.48439744
0.0 0.0 0.0  738315.4843985827
0.0 0.0 0.0  738315.4843998005
0.0 0.0 0.0  738315.4844008394
0.0 0.0 0.0  738315.4844020978
0.0 0.0 0.0  738315.4844031759
0.0 0.0 0.0  738315.4844045396
0.0 0.0 0.0  738315.4844055764
0.0 0.0 0.0  738315.4844065345
0.0 0.0 0.0  738315.4844078941
0.0 0.0 0.0  738315.4844089448
0.0 0.0 0.0  738315.4844101688
0.0 0.0 0.0  738315.4844115363
0.0 0.0 0.0  738315.4844124599
0.0 0.0 0.0  738315.484413793
0.0 0.0 0.0  738315.4844148702
0.0 0.0 0.0  738315.4844159095
0.0 0.0 0.0  738315.4844170867
0.0 0.0 0.0  738315.4844182526
0.0 0.0 0.0  738315.4844196417
0.0 0.0 0.0  738315.4844207263
0.0 0.0 0.0  738315.4844218809
0.0 0.0 0.0  738315.48442303
0.0 0.0 0.0  738315.4844240107
0.0 0.0 0.0  738315.4844253977
0.0 0.0 0.0  738315.4844263212
0.0 0.0 0.0  738315.4844275214
0.0 0.0 0.0  738315.4844288501
0.0 0.0 0.0  738315.4844298775
0.0 0.0 0.0  738315.4844309555
0.0 0.0 0.0  738315.4844323287
0.0 0.0 0.0  738315.484433389
0.0 0.0 0.0  738315.4844344858
0.0 0.0 0.0  738315.4844358253
0.0 0.0 0.0  738315.4844367369
0.0 0.0 0.0  738315.4844378231
0.0 0.0 0.0  738315.4844392376
0.0 0.0 0.0  738315.48444035
0.0 0.0 0.0  738315.4844415847
0.0 0.0 0.0  738315.4844427335
0.0 0.0 0.0  738315.4844437382
0.0 0.0 0.0  738315.4844447075
0.0 0.0 0.0  738315.4844461648
0.0 0.0 0.0  738315.4844473224
0.0 0.0 0.0  738315.4844485058
0.0 0.0 0.0  738315.4844494407
0.0 0.0 0.0  738315.4844509141
0.0 0.0 0.0  738315.484451769
0.0 0.0 0.0  738315.4844532686
0.0 0.0 0.0  738315.4844541906
0.0 0.0 0.0  738315.4844554964
0.0 0.0 0.0  738315.4844567089
0.0 0.0 0.0  738315.4844576552
0.0 0.0 0.0  738315.4844589819
0.0 0.0 0.0  738315.4844597899
0.0 0.0 0.0  738315.4844610594
0.0 0.0 0.0  738315.4844622028
0.0 0.0 0.0  738315.484463484
0.0 0.0 0.0  738315.4844647371
0.0 0.0 0.0  738315.484465649
0.0 0.0 0.0  738315.4844668845
0.0 0.0 0.0  738315.4844678772
0.0 0.0 0.0  738315.484469269
0.0 0.0 0.0  738315.4844705276
0.0 0.0 0.0  738315.4844714645
0.0 0.0 0.0  738315.484473014
0.0 0.0 0.0  738315.4844738243
0.0 0.0 0.0  738315.4844752676
0.0 0.0 0.0  738315.484476309
0.0 0.0 0.0  738315.4844773479
0.0 0.0 0.0  738315.484478733
0.0 0.0 0.0  738315.4844796871
0.0 0.0 0.0  738315.4844807497
0.0 0.0 0.0  738315.484482079
0.0 0.0 0.0  738315.4844830832
0.0 0.0 0.0  738315.4844843603
0.0 0.0 0.0  738315.4844854412
0.0 0.0 0.0  738315.484486619
0.0 0.0 0.0  738315.4844877196
0.0 0.0 0.0  738315.4844890252
0.0 0.0 0.0  738315.484490092
0.0 0.0 0.0  738315.484491293
0.0 0.0 0.0  738315.4844923315
0.0 0.0 0.0  738315.4844935193
0.0 0.0 0.0  738315.4844946254
0.0 0.0 0.0  738315.4844958602
0.0 0.0 0.0  738315.4844971324
0.0 0.0 0.0  738315.4844980801
0.0 0.0 0.0  738315.4844992348
0.0 0.0 0.0  738315.4845006661
0.0 0.0 0.0  738315.4845015552
0.0 0.0 0.0  738315.4845027234
0.0 0.0 0.0  738315.484503864
0.0 0.0 0.0  738315.4845050271
0.0 0.0 0.0  738315.4845061833
0.0 0.0 0.0  738315.4845073373
0.0 0.0 0.0  738315.4845084922
0.0 0.0 0.0  738315.484509623
0.0 0.0 0.0  738315.4845110188
0.0 0.0 0.0  738315.4845120948
0.0 0.0 0.0  738315.4845135777
0.0 0.0 0.0  738315.4845143988
0.0 0.0 0.0  738315.4845155993
0.0 0.0 0.0  738315.4845168254
0.0 0.0 0.0  738315.4845179344
0.0 0.0 0.0  738315.4845188808
0.0 0.0 0.0  738315.4845202679
0.0 0.0 0.0  738315.4845213551
0.0 0.0 0.0  738315.4845223837
0.0 0.0 0.0  738315.4845234533
0.0 0.0 0.0  738315.4845247935
0.0 0.0 0.0  738315.4845258555
0.0 0.0 0.0  738315.4845271385
0.0 0.0 0.0  738315.484528085
0.0 0.0 0.0  738315.4845293522
0.0 0.0 0.0  738315.4845304715
0.0 0.0 0.0  738315.4845317467
0.0 0.0 0.0  738315.4845329591
0.0 0.0 0.0  738315.4845342862
0.0 0.0 0.0  738315.4845353868
0.0 0.0 0.0  738315.4845365776
0.0 0.0 0.0  738315.4845375477
0.0 0.0 0.0  738315.4845384477
0.0 0.0 0.0  738315.4845398713
0.0 0.0 0.0  738315.4845409795
0.0 0.0 0.0  738315.4845422908
0.0 0.0 0.0  738315.4845432489
0.0 0.0 0.0  738315.4845447246
0.0 0.0 0.0  738315.4845453938
0.0 0.0 0.0  738315.4845469502
0.0 0.0 0.0  738315.4845479043
0.0 0.0 0.0  738315.4845489202
0.0 0.0 0.0  738315.4845501686
0.0 0.0 0.0  738315.4845514252
0.0 0.0 0.0  738315.4845524066
0.0 0.0 0.0  738315.4845538415
0.0 0.0 0.0  738315.4845547307
0.0 0.0 0.0  738315.4845561732
0.0 0.0 0.0  738315.4845570852
0.0 0.0 0.0  738315.4845583221
0.0 0.0 0.0  738315.4845595522
0.0 0.0 0.0  738315.4845605565
0.0 0.0 0.0  738315.4845616535
0.0 0.0 0.0  738315.4845629068
0.0 0.0 0.0  738315.484564053
0.0 0.0 0.0  738315.4845652997
0.0 0.0 0.0  738315.4845662348
0.0 0.0 0.0  738315.4845676083
0.0 0.0 0.0  738315.4845687168
0.0 0.0 0.0  738315.484569917
0.0 0.0 0.0  738315.4845711145
0.0 0.0 0.0  738315.4845721418
0.0 0.0 0.0  738315.4845734364
0.0 0.0 0.0  738315.4845743137
0.0 0.0 0.0  738315.4845756077
0.0 0.0 0.0  738315.4845769041
0.0 0.0 0.0  738315.4845778279
0.0 0.0 0.0  738315.4845793052
0.0 0.0 0.0  738315.4845805435
0.0 0.0 0.0  738315.484581432
0.0 0.0 0.0  738315.4845826864
0.0 0.0 0.0  738315.4845838527
0.0 0.0 0.0  738315.4845849661
0.0 0.0 0.0  738315.4845862582
0.0 0.0 0.0  738315.4845873206
0.0 0.0 0.0  738315.4845884861
0.0 0.0 0.0  738315.4845897191
0.0 0.0 0.0  738315.4845906524
0.0 0.0 0.0  738315.4845917838
0.0 0.0 0.0  738315.4845931948
0.0 0.0 0.0  738315.4845942055
0.0 0.0 0.0  738315.484595279
0.0 0.0 0.0  738315.4845965969
0.0 0.0 0.0  738315.4845976537
0.0 0.0 0.0  738315.4845988703
0.0 0.0 0.0  738315.4846000508
0.0 0.0 0.0  738315.4846011467
0.0 0.0 0.0  738315.4846025084
0.0 0.0 0.0  738315.4846034088
0.0 0.0 0.0  738315.4846047724
0.0 0.0 0.0  738315.4846060087
0.0 0.0 0.0  738315.4846070823
0.0 0.0 0.0  738315.4846080821
0.0 0.0 0.0  738315.4846092137
0.0 0.0 0.0  738315.4846105782
0.0 0.0 0.0  738315.4846114438
0.0 0.0 0.0  738315.4846127981
0.0 0.0 0.0  738315.4846138251
0.0 0.0 0.0  738315.4846150639
0.0 0.0 0.0  738315.4846161437
0.0 0.0 0.0  738315.4846175147
0.0 0.0 0.0  738315.4846186228
0.0 0.0 0.0  738315.4846197757
0.0 0.0 0.0  738315.4846208377
0.0 0.0 0.0  738315.4846221193
0.0 0.0 0.0  738315.4846231594
0.0 0.0 0.0  738315.4846243656
0.0 0.0 0.0  738315.4846253698
0.0 0.0 0.0  738315.4846265243
0.0 0.0 0.0  738315.4846280505
0.0 0.0 0.0  738315.4846289501
0.0 0.0 0.0  738315.4846301507
0.0 0.0 0.0  738315.4846315362
0.0 0.0 0.0  738315.4846323367
0.0 0.0 0.0  738315.48463378
0.0 0.0 0.0  738315.4846348646
0.0 0.0 0.0  738315.4846358693
0.0 0.0 0.0  738315.484637169
0.0 0.0 0.0  738315.4846383096
0.0 0.0 0.0  738315.484639374
0.0 0.0 0.0  738315.4846405244
0.0 0.0 0.0  738315.4846417265
0.0 0.0 0.0  738315.4846430735
0.0 0.0 0.0  738315.4846438238
0.0 0.0 0.0  738315.4846452242
0.0 0.0 0.0  738315.4846461938
0.0 0.0 0.0  738315.4846475497
0.0 0.0 0.0  738315.4846486371
0.0 0.0 0.0  738315.484649838
0.0 0.0 0.0  738315.4846510451
0.0 0.0 0.0  738315.484652015
0.0 0.0 0.0  738315.4846531813
0.0 0.0 0.0  738315.484654476
0.0 0.0 0.0  738315.4846554962
0.0 0.0 0.0  738315.484656849
0.0 0.0 0.0  738315.4846580573
0.0 0.0 0.0  738315.4846591243
0.0 0.0 0.0  738315.4846600449
0.0 0.0 0.0  738315.4846613958
0.0 0.0 0.0  738315.4846625221
0.0 0.0 0.0  738315.4846636303
0.0 0.0 0.0  738315.4846648611
0.0 0.0 0.0  738315.4846659803
0.0 0.0 0.0  738315.4846671397
0.0 0.0 0.0  738315.4846683055
0.0 0.0 0.0  738315.4846693791
0.0 0.0 0.0  738315.4846705259
0.0 0.0 0.0  738315.4846718054
0.0 0.0 0.0  738315.4846731336
0.0 0.0 0.0  738315.4846740105
0.0 0.0 0.0  738315.484675292
0.0 0.0 0.0  738315.484676389
0.0 0.0 0.0  738315.4846778848
0.0 0.0 0.0  738315.484678996
0.0 0.0 0.0  738315.4846797977
0.0 0.0 0.0  738315.4846814986
0.0 0.0 0.0  738315.484681995
0.0 0.0 0.0  738315.4846834028
0.0 0.0 0.0  738315.4846845615
0.0 0.0 0.0  738315.4846857175
0.0 0.0 0.0  738315.4846868354
0.0 0.0 0.0  738315.4846878743
0.0 0.0 0.0  738315.4846892005
0.0 0.0 0.0  738315.4846904895
0.0 0.0 0.0  738315.4846914591
0.0 0.0 0.0  738315.4846925099
0.0 0.0 0.0  738315.4846938755
0.0 0.0 0.0  738315.4846948556
0.0 0.0 0.0  738315.4846960184
0.0 0.0 0.0  738315.4846973165
0.0 0.0 0.0  738315.4846984337
0.0 0.0 0.0  738315.4846996603
0.0 0.0 0.0  738315.4847007417
0.0 0.0 0.0  738315.4847018726
0.0 0.0 0.0  738315.4847030966
0.0 0.0 0.0  738315.48470402
0.0 0.0 0.0  738315.4847053012
0.0 0.0 0.0  738315.484706539
0.0 0.0 0.0  738315.4847074278
0.0 0.0 0.0  738315.4847090039
0.0 0.0 0.0  738315.4847098008
0.0 0.0 0.0  738315.4847110241
0.0 0.0 0.0  738315.4847122941
0.0 0.0 0.0  738315.4847134482
0.0 0.0 0.0  738315.484714557
0.0 0.0 0.0  738315.4847156737
0.0 0.0 0.0  738315.4847169579
0.0 0.0 0.0  738315.4847179584
0.0 0.0 0.0  738315.4847191467
0.0 0.0 0.0  738315.4847205193
0.0 0.0 0.0  738315.4847214549
0.0 0.0 0.0  738315.4847225165
0.0 0.0 0.0  738315.4847238662
0.0 0.0 0.0  738315.4847250207
0.0 0.0 0.0  738315.484726234
0.0 0.0 0.0  738315.4847275149
0.0 0.0 0.0  738315.4847286226
0.0 0.0 0.0  738315.4847298695
0.0 0.0 0.0  738315.4847308777
0.0 0.0 0.0  738315.4847319663
0.0 0.0 0.0  738315.4847330835
0.0 0.0 0.0  738315.4847344292
0.0 0.0 0.0  738315.4847357834
0.0 0.0 0.0  738315.4847365323
0.0 0.0 0.0  738315.4847378023
0.0 0.0 0.0  738315.4847387947
0.0 0.0 0.0  738315.4847399837
0.0 0.0 0.0  738315.4847411565
0.0 0.0 0.0  738315.4847425357
0.0 0.0 0.0  738315.4847435493
0.0 0.0 0.0  738315.4847446231
0.0 0.0 0.0  738315.4847458074
0.0 0.0 0.0  738315.4847471241
0.0 0.0 0.0  738315.4847482005
0.0 0.0 0.0  738315.4847491226
0.0 0.0 0.0  738315.4847506002
0.0 0.0 0.0  738315.4847520003
0.0 0.0 0.0  738315.4847526953
0.0 0.0 0.0  738315.4847540484
0.0 0.0 0.0  738315.4847550881
0.0 0.0 0.0  738315.4847561617
0.0 0.0 0.0  738315.4847575458
0.0 0.0 0.0  738315.4847584923
0.0 0.0 0.0  738315.4847596578
0.0 0.0 0.0  738315.4847607886
0.0 0.0 0.0  738315.4847619295
0.0 0.0 0.0  738315.4847629912
0.0 0.0 0.0  738315.4847644472
0.0 0.0 0.0  738315.4847655724
0.0 0.0 0.0  738315.4847666054
0.0 0.0 0.0  738315.4847679703
0.0 0.0 0.0  738315.4847689985
0.0 0.0 0.0  738315.4847700767
0.0 0.0 0.0  738315.4847713879
0.0 0.0 0.0  738315.484772438
0.0 0.0 0.0  738315.4847736108
0.0 0.0 0.0  738315.4847745807
0.0 0.0 0.0  738315.484776034
0.0 0.0 0.0  738315.4847770154
0.0 0.0 0.0  738315.484778182
0.0 0.0 0.0  738315.4847795325
0.0 0.0 0.0  738315.4847804677
0.0 0.0 0.0  738315.4847817025
0.0 0.0 0.0  738315.4847828061
0.0 0.0 0.0  738315.4847839584
0.0 0.0 0.0  738315.484785032
0.0 0.0 0.0  738315.4847864585
0.0 0.0 0.0  738315.48478744
0.0 0.0 0.0  738315.4847886295
0.0 0.0 0.0  738315.484789634
0.0 0.0 0.0  738315.4847910304
0.0 0.0 0.0  738315.4847921381
0.0 0.0 0.0  738315.484793281
0.0 0.0 0.0  738315.4847942621
0.0 0.0 0.0  738315.4847955208
0.0 0.0 0.0  738315.4847967799
0.0 0.0 0.0  738315.4847979572
0.0 0.0 0.0  738315.484799001
0.0 0.0 0.0  738315.4848002474
0.0 0.0 0.0  738315.4848013187
0.0 0.0 0.0  738315.484802632
0.0 0.0 0.0  738315.4848035901
0.0 0.0 0.0  738315.4848049063
0.0 0.0 0.0  738315.4848062827
0.0 0.0 0.0  738315.4848071135
0.0 0.0 0.0  738315.4848083608
0.0 0.0 0.0  738315.4848096436
0.0 0.0 0.0  738315.484810649
0.0 0.0 0.0  738315.4848119026
0.0 0.0 0.0  738315.4848130965
0.0 0.0 0.0  738315.4848141585
0.0 0.0 0.0  738315.4848153803
0.0 0.0 0.0  738315.4848163388
0.0 0.0 0.0  738315.484817695
0.0 0.0 0.0  738315.4848187919
0.0 0.0 0.0  738315.4848200161
0.0 0.0 0.0  738315.4848209977
0.0 0.0 0.0  738315.4848221982
0.0 0.0 0.0  738315.4848234445
0.0 0.0 0.0  738315.4848245938
0.0 0.0 0.0  738315.4848256393
0.0 0.0 0.0  738315.4848267934
0.0 0.0 0.0  738315.4848280284
0.0 0.0 0.0  738315.4848290788
0.0 0.0 0.0  738315.4848304298
0.0 0.0 0.0  738315.4848314798
0.0 0.0 0.0  738315.484832588
0.0 0.0 0.0  738315.4848340399
0.0 0.0 0.0  738315.4848349518
0.0 0.0 0.0  738315.4848359422
0.0 0.0 0.0  738315.4848371571
0.0 0.0 0.0  738315.48483845
0.0 0.0 0.0  738315.4848397325
0.0 0.0 0.0  738315.4848407384
0.0 0.0 0.0  738315.4848420321
0.0 0.0 0.0  738315.4848429555
0.0 0.0 0.0  738315.4848440755
0.0 0.0 0.0  738315.4848455265
0.0 0.0 0.0  738315.4848465885
0.0 0.0 0.0  738315.484847708
0.0 0.0 0.0  738315.4848489896
0.0 0.0 0.0  738315.4848501555
0.0 0.0 0.0  738315.484851257
0.0 0.0 0.0  738315.4848523419
0.0 0.0 0.0  738315.4848534621
0.0 0.0 0.0  738315.4848547489
0.0 0.0 0.0  738315.4848558344
0.0 0.0 0.0  738315.4848571402
0.0 0.0 0.0  738315.4848579944
0.0 0.0 0.0  738315.484859322
0.0 0.0 0.0  738315.48486064
0.0 0.0 0.0  738315.4848614013
0.0 0.0 0.0  738315.4848628803
0.0 0.0 0.0  738315.4848642424
0.0 0.0 0.0  738315.4848650794
0.0 0.0 0.0  738315.484866303
0.0 0.0 0.0  738315.4848672728
0.0 0.0 0.0  738315.4848685452
0.0 0.0 0.0  738315.4848696935
0.0 0.0 0.0  738315.4848708422
0.0 0.0 0.0  738315.4848721402
0.0 0.0 0.0  738315.4848734932
0.0 0.0 0.0  738315.4848744775
0.0 0.0 0.0  738315.484875747
0.0 0.0 0.0  738315.4848766419
0.0 0.0 0.0  738315.4848777404
0.0 0.0 0.0  738315.4848791712
0.0 0.0 0.0  738315.484880075
0.0 0.0 0.0  738315.4848811392
0.0 0.0 0.0  738315.4848824566
0.0 0.0 0.0  738315.4848834492
0.0 0.0 0.0  738315.4848846039
0.0 0.0 0.0  738315.4848859005
0.0 0.0 0.0  738315.4848871349
0.0 0.0 0.0  738315.4848881454
0.0 0.0 0.0  738315.4848895649
0.0 0.0 0.0  738315.4848906577
0.0 0.0 0.0  738315.4848916738
0.0 0.0 0.0  738315.48489277
0.0 0.0 0.0  738315.4848940107
0.0 0.0 0.0  738315.4848950267
0.0 0.0 0.0  738315.4848962154
0.0 0.0 0.0  738315.4848975879
0.0 0.0 0.0  738315.4848986387
0.0 0.0 0.0  738315.4848995621
0.0 0.0 0.0  738315.4849014078
0.0 0.0 0.0  738315.4849023197
0.0 0.0 0.0  738315.4849033102
0.0 0.0 0.0  738315.4849045507
0.0 0.0 0.0  738315.4849056009
0.0 0.0 0.0  738315.4849067779
0.0 0.0 0.0  738315.4849079155
0.0 0.0 0.0  738315.4849092854
0.0 0.0 0.0  738315.4849101118
0.0 0.0 0.0  738315.4849114553
0.0 0.0 0.0  738315.4849125522
0.0 0.0 0.0  738315.48491366
0.0 0.0 0.0  738315.4849147495
0.0 0.0 0.0  738315.4849160182
0.0 0.0 0.0  738315.484917381
0.0 0.0 0.0  738315.4849182721
0.0 0.0 0.0  738315.4849195248
0.0 0.0 0.0  738315.4849205286
0.0 0.0 0.0  738315.4849216721
0.0 0.0 0.0  738315.4849227343
0.0 0.0 0.0  738315.4849241662
0.0 0.0 0.0  738315.4849252516
0.0 0.0 0.0  738315.4849263164
0.0 0.0 0.0  738315.4849276897
0.0 0.0 0.0  738315.4849287531
0.0 0.0 0.0  738315.4849297802
0.0 0.0 0.0  738315.484931154
0.0 0.0 0.0  738315.4849322163
0.0 0.0 0.0  738315.4849335072
0.0 0.0 0.0  738315.4849346036
0.0 0.0 0.0  738315.4849356196
0.0 0.0 0.0  738315.4849369635
0.0 0.0 0.0  738315.4849380401
0.0 0.0 0.0  738315.4849390276
0.0 0.0 0.0  738315.4849402051
0.0 0.0 0.0  738315.4849415185
0.0 0.0 0.0  738315.4849425203
0.0 0.0 0.0  738315.4849436516
0.0 0.0 0.0  738315.4849449602
0.0 0.0 0.0  738315.484945973
0.0 0.0 0.0  738315.4849471274
0.0 0.0 0.0  738315.484948651
0.0 0.0 0.0  738315.484949563
0.0 0.0 0.0  738315.484950683
0.0 0.0 0.0  738315.4849517792
0.0 0.0 0.0  738315.4849531301
0.0 0.0 0.0  738315.4849543541
0.0 0.0 0.0  738315.4849555531
0.0 0.0 0.0  738315.4849566125
0.0 0.0 0.0  738315.4849578133
0.0 0.0 0.0  738315.4849588152
0.0 0.0 0.0  738315.4849600849
0.0 0.0 0.0  738315.4849612629
0.0 0.0 0.0  738315.484962658
0.0 0.0 0.0  738315.4849636812
0.0 0.0 0.0  738315.4849646281
0.0 0.0 0.0  738315.4849656551
0.0 0.0 0.0  738315.4849668214
0.0 0.0 0.0  738315.4849679639
0.0 0.0 0.0  738315.4849692984
0.0 0.0 0.0  738315.4849702681
0.0 0.0 0.0  738315.4849714456
0.0 0.0 0.0  738315.4849728897
0.0 0.0 0.0  738315.4849737324
0.0 0.0 0.0  738315.4849751535
0.0 0.0 0.0  738315.4849761857
0.0 0.0 0.0  738315.4849774864
0.0 0.0 0.0  738315.4849784776
0.0 0.0 0.0  738315.4849796782
0.0 0.0 0.0  738315.484980809
0.0 0.0 0.0  738315.4849821021
0.0 0.0 0.0  738315.4849832385
0.0 0.0 0.0  738315.4849841932
0.0 0.0 0.0  738315.4849854641
0.0 0.0 0.0  738315.4849866531
0.0 0.0 0.0  738315.4849875554
0.0 0.0 0.0  738315.4849889979
0.0 0.0 0.0  738315.4849901119
0.0 0.0 0.0  738315.4849912554
0.0 0.0 0.0  738315.4849921677
0.0 0.0 0.0  738315.4849936218
0.0 0.0 0.0  738315.484994638
0.0 0.0 0.0  738315.4849958929
0.0 0.0 0.0  738315.484997039
0.0 0.0 0.0  738315.4849981124
0.0 0.0 0.0  738315.4849993591
0.0 0.0 0.0  738315.4850006979
0.0 0.0 0.0  738315.4850016414
0.0 0.0 0.0  738315.4850030662
0.0 0.0 0.0  738315.4850042096
0.0 0.0 0.0  738315.4850049829
0.0 0.0 0.0  738315.4850064255
0.0 0.0 0.0  738315.485007582
0.0 0.0 0.0  738315.4850084697
0.0 0.0 0.0  738315.4850096874
0.0 0.0 0.0  738315.4850112136
0.0 0.0 0.0  738315.4850120539
0.0 0.0 0.0  738315.4850131263
0.0 0.0 0.0  738315.485014431
0.0 0.0 0.0  738315.4850157045
0.0 0.0 0.0  738315.4850167204
0.0 0.0 0.0  738315.4850176404
0.0 0.0 0.0  738315.4850190958
0.0 0.0 0.0  738315.4850202869
0.0 0.0 0.0  738315.4850213563
0.0 0.0 0.0  738315.4850224995
0.0 0.0 0.0  738315.4850237248
0.0 0.0 0.0  738315.4850247881
0.0 0.0 0.0  738315.4850259486
0.0 0.0 0.0  738315.485026999
0.0 0.0 0.0  738315.4850282512
0.0 0.0 0.0  738315.4850294464
0.0 0.0 0.0  738315.4850306136
0.0 0.0 0.0  738315.4850316413
0.0 0.0 0.0  738315.4850328112
0.0 0.0 0.0  738315.4850341502
0.0 0.0 0.0  738315.4850353395
0.0 0.0 0.0  738315.4850361937
0.0 0.0 0.0  738315.4850377316
0.0 0.0 0.0  738315.4850389786
0.0 0.0 0.0  738315.4850397517
0.0 0.0 0.0  738315.4850409968
0.0 0.0 0.0  738315.4850420472
0.0 0.0 0.0  738315.4850433312
0.0 0.0 0.0  738315.4850445556
0.0 0.0 0.0  738315.4850457245
0.0 0.0 0.0  738315.4850467874
0.0 0.0 0.0  738315.4850479523
0.0 0.0 0.0  738315.4850489908
0.0 0.0 0.0  738315.4850505751
0.0 0.0 0.0  738315.4850515014
0.0 0.0 0.0  738315.4850525577
0.0 0.0 0.0  738315.4850537645
0.0 0.0 0.0  738315.4850550038
0.0 0.0 0.0  738315.4850559507
0.0 0.0 0.0  738315.48505722
0.0 0.0 0.0  738315.485058462
0.0 0.0 0.0  738315.485059432
0.0 0.0 0.0  738315.4850607706
0.0 0.0 0.0  738315.4850618445
0.0 0.0 0.0  738315.4850628832
0.0 0.0 0.0  738315.4850640495
0.0 0.0 0.0  738315.4850654129
0.0 0.0 0.0  738315.4850663831
0.0 0.0 0.0  738315.4850675329
0.0 0.0 0.0  738315.485069182
0.0 0.0 0.0  738315.4850700477
0.0 0.0 0.0  738315.4850711103
0.0 0.0 0.0  738315.485072103
0.0 0.0 0.0  738315.4850733052
0.0 0.0 0.0  738315.4850744134
0.0 0.0 0.0  738315.4850756379
0.0 0.0 0.0  738315.4850767804
0.0 0.0 0.0  738315.4850780817
0.0 0.0 0.0  738315.4850793519
0.0 0.0 0.0  738315.4850801365
0.0 0.0 0.0  738315.4850814088
0.0 0.0 0.0  738315.4850826905
0.0 0.0 0.0  738315.4850839372
0.0 0.0 0.0  738315.4850852231
0.0 0.0 0.0  738315.4850860196
0.0 0.0 0.0  738315.4850871974
0.0 0.0 0.0  738315.4850883461
0.0 0.0 0.0  738315.4850897369
0.0 0.0 0.0  738315.4850908916
0.0 0.0 0.0  738315.4850918727
0.0 0.0 0.0  738315.4850932002
0.0 0.0 0.0  738315.4850941407
0.0 0.0 0.0  738315.4850956067
0.0 0.0 0.0  738315.4850965417
0.0 0.0 0.0  738315.4850979385
0.0 0.0 0.0  738315.4850986542
0.0 0.0 0.0  738315.4850999124
0.0 0.0 0.0  738315.4851011706
0.0 0.0 0.0  738315.4851025088
0.0 0.0 0.0  738315.485103516
0.0 0.0 0.0  738315.4851046302
0.0 0.0 0.0  738315.4851058911
0.0 0.0 0.0  738315.4851069186
0.0 0.0 0.0  738315.4851080034
0.0 0.0 0.0  738315.4851093718
0.0 0.0 0.0  738315.4851106536
0.0 0.0 0.0  738315.485111567
0.0 0.0 0.0  738315.4851127095
0.0 0.0 0.0  738315.4851139381
0.0 0.0 0.0  738315.4851149422
0.0 0.0 0.0  738315.4851162233
0.0 0.0 0.0  738315.4851175067
0.0 0.0 0.0  738315.4851188018
0.0 0.0 0.0  738315.4851196385
0.0 0.0 0.0  738315.4851207812
0.0 0.0 0.0  738315.4851219832
0.0 0.0 0.0  738315.4851229294
0.0 0.0 0.0  738315.4851244218
0.0 0.0 0.0  738315.4851255069
0.0 0.0 0.0  738315.4851266524
0.0 0.0 0.0  738315.4851281435
0.0 0.0 0.0  738315.485128836
0.0 0.0 0.0  738315.4851300162
0.0 0.0 0.0  738315.4851312937
0.0 0.0 0.0  738315.4851322864
0.0 0.0 0.0  738315.4851337888
0.0 0.0 0.0  738315.4851348021
0.0 0.0 0.0  738315.4851357182
0.0 0.0 0.0  738315.4851369414
0.0 0.0 0.0  738315.4851383038
0.0 0.0 0.0  738315.4851393703
0.0 0.0 0.0  738315.4851406058
0.0 0.0 0.0  738315.4851417617
0.0 0.0 0.0  738315.4851428696
0.0 0.0 0.0  738315.4851439842
0.0 0.0 0.0  738315.4851453237
0.0 0.0 0.0  738315.48514641
0.0 0.0 0.0  738315.4851474719
0.0 0.0 0.0  738315.4851487498
0.0 0.0 0.0  738315.4851498571
0.0 0.0 0.0  738315.4851510371
0.0 0.0 0.0  738315.4851522398
0.0 0.0 0.0  738315.4851531764
0.0 0.0 0.0  738315.4851541807
0.0 0.0 0.0  738315.48515568
0.0 0.0 0.0  738315.4851568226
0.0 0.0 0.0  738315.4851579227
0.0 0.0 0.0  738315.4851590452
0.0 0.0 0.0  738315.4851602559
0.0 0.0 0.0  738315.4851612253
0.0 0.0 0.0  738315.4851626107
0.0 0.0 0.0  738315.4851636554
0.0 0.0 0.0  738315.4851647404
0.0 0.0 0.0  738315.4851662046
0.0 0.0 0.0  738315.4851671489
0.0 0.0 0.0  738315.4851683265
0.0 0.0 0.0  738315.4851692499
0.0 0.0 0.0  738315.48517088
0.0 0.0 0.0  738315.4851717805
0.0 0.0 0.0  738315.4851728173
0.0 0.0 0.0  738315.4851739978
0.0 0.0 0.0  738315.4851752445
0.0 0.0 0.0  738315.4851763768
0.0 0.0 0.0  738315.4851775191
0.0 0.0 0.0  738315.4851790684
0.0 0.0 0.0  738315.4851798909
0.0 0.0 0.0  738315.4851811725
0.0 0.0 0.0  738315.4851821061
0.0 0.0 0.0  738315.4851833525
0.0 0.0 0.0  738315.4851845992
0.0 0.0 0.0  738315.4851855573
0.0 0.0 0.0  738315.4851867398
0.0 0.0 0.0  738315.4851878881
0.0 0.0 0.0  738315.4851892104
0.0 0.0 0.0  738315.4851903316
0.0 0.0 0.0  738315.4851915786
0.0 0.0 0.0  738315.4851927105
0.0 0.0 0.0  738315.4851937151
0.0 0.0 0.0  738315.4851953775
0.0 0.0 0.0  738315.4851961753
0.0 0.0 0.0  738315.4851972132
0.0 0.0 0.0  738315.4851986106
0.0 0.0 0.0  738315.4851995936
0.0 0.0 0.0  738315.4852006347
0.0 0.0 0.0  738315.4852017771
0.0 0.0 0.0  738315.4852031205
0.0 0.0 0.0  738315.4852041836
0.0 0.0 0.0  738315.4852052836
0.0 0.0 0.0  738315.4852066226
0.0 0.0 0.0  738315.4852078317
0.0 0.0 0.0  738315.4852088136
0.0 0.0 0.0  738315.4852097342
0.0 0.0 0.0  738315.4852111195
0.0 0.0 0.0  738315.4852121698
0.0 0.0 0.0  738315.4852134825
0.0 0.0 0.0  738315.4852147106
0.0 0.0 0.0  738315.4852158204
0.0 0.0 0.0  738315.4852169054
0.0 0.0 0.0  738315.4852181026
0.0 0.0 0.0  738315.4852191643
0.0 0.0 0.0  738315.4852203091
0.0 0.0 0.0  738315.4852215954
0.0 0.0 0.0  738315.4852227076
0.0 0.0 0.0  738315.4852238046
0.0 0.0 0.0  738315.485225028
0.0 0.0 0.0  738315.4852262991
0.0 0.0 0.0  738315.4852272385
0.0 0.0 0.0  738315.4852285343
0.0 0.0 0.0  738315.4852296548
0.0 0.0 0.0  738315.4852308553
0.0 0.0 0.0  738315.4852322321
0.0 0.0 0.0  738315.4852331912
0.0 0.0 0.0  738315.485234206
0.0 0.0 0.0  738315.4852353466
0.0 0.0 0.0  738315.4852367119
0.0 0.0 0.0  738315.4852377207
0.0 0.0 0.0  738315.4852390232
0.0 0.0 0.0  738315.4852399941
0.0 0.0 0.0  738315.4852411367
0.0 0.0 0.0  738315.4852424007
0.0 0.0 0.0  738315.4852437553
0.0 0.0 0.0  738315.4852446859
0.0 0.0 0.0  738315.4852458517
0.0 0.0 0.0  738315.4852471115
0.0 0.0 0.0  738315.485248274
0.0 0.0 0.0  738315.485249403
0.0 0.0 0.0  738315.485250466
0.0 0.0 0.0  738315.4852514707
0.0 0.0 0.0  738315.4852527459
0.0 0.0 0.0  738315.4852540633
0.0 0.0 0.0  738315.4852551065
0.0 0.0 0.0  738315.4852562515
0.0 0.0 0.0  738315.485257564
0.0 0.0 0.0  738315.4852585942
0.0 0.0 0.0  738315.4852595761
0.0 0.0 0.0  738315.4852610345
0.0 0.0 0.0  738315.4852619551
0.0 0.0 0.0  738315.4852631695
0.0 0.0 0.0  738315.4852644777
0.0 0.0 0.0  738315.485265459
0.0 0.0 0.0  738315.4852670087
0.0 0.0 0.0  738315.4852677013
0.0 0.0 0.0  738315.485269079
0.0 0.0 0.0  738315.4852701295
0.0 0.0 0.0  738315.4852715293
0.0 0.0 0.0  738315.4852725388
0.0 0.0 0.0  738315.4852735407
0.0 0.0 0.0  738315.4852746993
0.0 0.0 0.0  738315.4852760356
0.0 0.0 0.0  738315.4852771453
0.0 0.0 0.0  738315.4852784423
0.0 0.0 0.0  738315.485279403
0.0 0.0 0.0  738315.4852806728
0.0 0.0 0.0  738315.4852816057
0.0 0.0 0.0  738315.485282871
0.0 0.0 0.0  738315.4852842737
0.0 0.0 0.0  738315.4852852001
0.0 0.0 0.0  738315.4852861466
0.0 0.0 0.0  738315.4852876348
0.0 0.0 0.0  738315.4852886621
0.0 0.0 0.0  738315.485289828
0.0 0.0 0.0  738315.4852909939
0.0 0.0 0.0  738315.4852923594
0.0 0.0 0.0  738315.485293265
0.0 0.0 0.0  738315.4852942231
0.0 0.0 0.0  738315.4852958695
0.0 0.0 0.0  738315.4852966814
0.0 0.0 0.0  738315.4852979408
0.0 0.0 0.0  738315.4852991184
0.0 0.0 0.0  738315.4853001937
0.0 0.0 0.0  738315.4853014282
0.0 0.0 0.0  738315.4853025369
0.0 0.0 0.0  738315.4853038308
0.0 0.0 0.0  738315.4853051174
0.0 0.0 0.0  738315.4853059846
0.0 0.0 0.0  738315.4853072981
0.0 0.0 0.0  738315.4853083487
0.0 0.0 0.0  738315.4853092951
0.0 0.0 0.0  738315.4853105537
0.0 0.0 0.0  738315.485311819
0.0 0.0 0.0  738315.4853130202
0.0 0.0 0.0  738315.4853144705
0.0 0.0 0.0  738315.4853154145
0.0 0.0 0.0  738315.4853164073
0.0 0.0 0.0  738315.485317693
0.0 0.0 0.0  738315.4853187038
0.0 0.0 0.0  738315.4853198101
0.0 0.0 0.0  738315.4853212263
0.0 0.0 0.0  738315.4853221436
0.0 0.0 0.0  738315.485323298
0.0 0.0 0.0  738315.48532451
0.0 0.0 0.0  738315.4853257394
0.0 0.0 0.0  738315.485326906
0.0 0.0 0.0  738315.4853278297
0.0 0.0 0.0  738315.4853292693
0.0 0.0 0.0  738315.4853302023
0.0 0.0 0.0  738315.4853314589
0.0 0.0 0.0  738315.4853327671
0.0 0.0 0.0  738315.4853337205
0.0 0.0 0.0  738315.4853349213
0.0 0.0 0.0  738315.4853360874
0.0 0.0 0.0  738315.4853372308
0.0 0.0 0.0  738315.485338492
0.0 0.0 0.0  738315.4853396029
0.0 0.0 0.0  738315.485340573
0.0 0.0 0.0  738315.4853421703
0.0 0.0 0.0  738315.4853433027
0.0 0.0 0.0  738315.485344134
0.0 0.0 0.0  738315.4853455004
0.0 0.0 0.0  738315.4853467734
0.0 0.0 0.0  738315.4853476369
0.0 0.0 0.0  738315.4853488563
0.0 0.0 0.0  738315.4853501023
0.0 0.0 0.0  738315.4853512066
0.0 0.0 0.0  738315.4853523277
0.0 0.0 0.0  738315.4853534936
0.0 0.0 0.0  738315.4853547984
0.0 0.0 0.0  738315.4853559063
0.0 0.0 0.0  738315.4853568644
0.0 0.0 0.0  738315.4853581225
0.0 0.0 0.0  738315.4853592472
0.0 0.0 0.0  738315.4853604676
0.0 0.0 0.0  738315.4853618082
0.0 0.0 0.0  738315.4853627216
0.0 0.0 0.0  738315.485363954
0.0 0.0 0.0  738315.4853649695
0.0 0.0 0.0  738315.4853663454
0.0 0.0 0.0  738315.48536748
0.0 0.0 0.0  738315.4853684686
0.0 0.0 0.0  738315.4853695882
0.0 0.0 0.0  738315.4853709867
0.0 0.0 0.0  738315.4853720043
0.0 0.0 0.0  738315.4853731357
0.0 0.0 0.0  738315.48537444
0.0 0.0 0.0  738315.4853757097
0.0 0.0 0.0  738315.4853765758
0.0 0.0 0.0  738315.4853778267
0.0 0.0 0.0  738315.485378831
0.0 0.0 0.0  738315.4853802887
0.0 0.0 0.0  738315.4853812865
0.0 0.0 0.0  738315.48538243
0.0 0.0 0.0  738315.4853835258
0.0 0.0 0.0  738315.4853846227
0.0 0.0 0.0  738315.4853858456
0.0 0.0 0.0  738315.4853869712
0.0 0.0 0.0  738315.4853883566
0.0 0.0 0.0  738315.4853893606
0.0 0.0 0.0  738315.4853905498
0.0 0.0 0.0  738315.4853915535
0.0 0.0 0.0  738315.4853931685
0.0 0.0 0.0  738315.4853940002
0.0 0.0 0.0  738315.4853949237
0.0 0.0 0.0  738315.4853962205
0.0 0.0 0.0  738315.4853973719
0.0 0.0 0.0  738315.4853986532
0.0 0.0 0.0  738315.4853999678
0.0 0.0 0.0  738315.4854009722
0.0 0.0 0.0  738315.4854020824
0.0 0.0 0.0  738315.4854033176
0.0 0.0 0.0  738315.4854045913
0.0 0.0 0.0  738315.4854053644
0.0 0.0 0.0  738315.4854067039
0.0 0.0 0.0  738315.4854077444
0.0 0.0 0.0  738315.4854090441
0.0 0.0 0.0  738315.4854101978
0.0 0.0 0.0  738315.4854115738
0.0 0.0 0.0  738315.485412463
0.0 0.0 0.0  738315.4854135958
0.0 0.0 0.0  738315.4854147038
0.0 0.0 0.0  738315.4854159099
0.0 0.0 0.0  738315.4854171218
0.0 0.0 0.0  738315.4854184135
0.0 0.0 0.0  738315.4854195464
0.0 0.0 0.0  738315.485420608
0.0 0.0 0.0  738315.4854217508
0.0 0.0 0.0  738315.4854230603
0.0 0.0 0.0  738315.4854241805
0.0 0.0 0.0  738315.4854252752
0.0 0.0 0.0  738315.4854263489
0.0 0.0 0.0  738315.4854275605
0.0 0.0 0.0  738315.4854286225
0.0 0.0 0.0  738315.4854297537
0.0 0.0 0.0  738315.4854311274
0.0 0.0 0.0  738315.4854323254
0.0 0.0 0.0  738315.4854332603
0.0 0.0 0.0  738315.4854346312
0.0 0.0 0.0  738315.4854358321
0.0 0.0 0.0  738315.4854368131
0.0 0.0 0.0  738315.4854381864
0.0 0.0 0.0  738315.4854392016
0.0 0.0 0.0  738315.4854403805
0.0 0.0 0.0  738315.485441565
0.0 0.0 0.0  738315.4854426415
0.0 0.0 0.0  738315.4854436684
0.0 0.0 0.0  738315.4854450282
0.0 0.0 0.0  738315.4854461019
0.0 0.0 0.0  738315.4854473601
0.0 0.0 0.0  738315.4854483947
0.0 0.0 0.0  738315.4854496417
0.0 0.0 0.0  738315.4854507621
0.0 0.0 0.0  738315.4854517787
0.0 0.0 0.0  738315.4854532302
0.0 0.0 0.0  738315.4854540493
0.0 0.0 0.0  738315.4854552121
0.0 0.0 0.0  738315.4854567718
0.0 0.0 0.0  738315.4854575336
0.0 0.0 0.0  738315.4854587808
0.0 0.0 0.0  738315.4854601414
0.0 0.0 0.0  738315.4854611254
0.0 0.0 0.0  738315.4854622104
0.0 0.0 0.0  738315.485463654
0.0 0.0 0.0  738315.4854646133
0.0 0.0 0.0  738315.4854656407
0.0 0.0 0.0  738315.4854666562
0.0 0.0 0.0  738315.4854681813
0.0 0.0 0.0  738315.4854691162
0.0 0.0 0.0  738315.4854704449
0.0 0.0 0.0  738315.4854714351
0.0 0.0 0.0  738315.4854725878
0.0 0.0 0.0  738315.4854736847
0.0 0.0 0.0  738315.4854750836
0.0 0.0 0.0  738315.4854760985
0.0 0.0 0.0  738315.4854774609
0.0 0.0 0.0  738315.4854786017
0.0 0.0 0.0  738315.4854796439
0.0 0.0 0.0  738315.4854809487
0.0 0.0 0.0  738315.4854818606
0.0 0.0 0.0  738315.4854829479
0.0 0.0 0.0  738315.4854844993
0.0 0.0 0.0  738315.4854856767
0.0 0.0 0.0  738315.4854866004
0.0 0.0 0.0  738315.485487836
0.0 0.0 0.0  738315.4854889245
0.0 0.0 0.0  738315.4854900222
0.0 0.0 0.0  738315.4854913381
0.0 0.0 0.0  738315.4854923291
0.0 0.0 0.0  738315.485493438
0.0 0.0 0.0  738315.4854947492
0.0 0.0 0.0  738315.4854959591
0.0 0.0 0.0  738315.4854969521
0.0 0.0 0.0  738315.4854982757
0.0 0.0 0.0  738315.4854993422
0.0 0.0 0.0  738315.4855003798
0.0 0.0 0.0  738315.485501638
0.0 0.0 0.0  738315.4855028641
0.0 0.0 0.0  738315.4855038788
0.0 0.0 0.0  738315.4855049952
0.0 0.0 0.0  738315.4855064035
0.0 0.0 0.0  738315.4855073269
0.0 0.0 0.0  738315.4855085552
0.0 0.0 0.0  738315.4855097675
0.0 0.0 0.0  738315.485511019
0.0 0.0 0.0  738315.4855120847
0.0 0.0 0.0  738315.4855133801
0.0 0.0 0.0  738315.4855143944
0.0 0.0 0.0  738315.4855154343
0.0 0.0 0.0  738315.4855165666
0.0 0.0 0.0  738315.48551772
0.0 0.0 0.0  738315.4855190295
0.0 0.0 0.0  738315.4855201544
0.0 0.0 0.0  738315.4855212256
0.0 0.0 0.0  738315.4855223933
0.0 0.0 0.0  738315.4855235446
0.0 0.0 0.0  738315.4855246677
0.0 0.0 0.0  738315.4855259978
0.0 0.0 0.0  738315.4855270943
0.0 0.0 0.0  738315.4855282484
0.0 0.0 0.0  738315.4855294027
0.0 0.0 0.0  738315.4855304073
0.0 0.0 0.0  738315.4855318635
0.0 0.0 0.0  738315.4855329616
0.0 0.0 0.0  738315.4855339943
0.0 0.0 0.0  738315.4855353337
0.0 0.0 0.0  738315.4855363033
0.0 0.0 0.0  738315.4855374536
0.0 0.0 0.0  738315.4855386708
0.0 0.0 0.0  738315.4855401833
0.0 0.0 0.0  738315.4855409478
0.0 0.0 0.0  738315.4855422634
0.0 0.0 0.0  738315.4855433328
0.0 0.0 0.0  738315.4855444904
0.0 0.0 0.0  738315.4855459217
0.0 0.0 0.0  738315.4855468336
0.0 0.0 0.0  738315.4855479273
0.0 0.0 0.0  738315.4855489805
0.0 0.0 0.0  738315.4855503194
0.0 0.0 0.0  738315.4855512847
0.0 0.0 0.0  738315.4855525156
0.0 0.0 0.0  738315.4855539633
0.0 0.0 0.0  738315.4855548309
0.0 0.0 0.0  738315.4855562234
0.0 0.0 0.0  738315.4855571893
0.0 0.0 0.0  738315.4855583011
0.0 0.0 0.0  738315.4855596096
0.0 0.0 0.0  738315.4855606701
0.0 0.0 0.0  738315.4855617438
0.0 0.0 0.0  738315.4855630683
0.0 0.0 0.0  738315.4855641782
0.0 0.0 0.0  738315.4855654484
0.0 0.0 0.0  738315.4855665563
0.0 0.0 0.0  738315.4855676534
0.0 0.0 0.0  738315.4855686454
0.0 0.0 0.0  738315.4855699725
0.0 0.0 0.0  738315.4855709651
0.0 0.0 0.0  738315.4855722463
0.0 0.0 0.0  738315.4855734702
0.0 0.0 0.0  738315.4855747427
0.0 0.0 0.0  738315.4855756892
0.0 0.0 0.0  738315.4855768651
0.0 0.0 0.0  738315.485578031
0.0 0.0 0.0  738315.4855790827
0.0 0.0 0.0  738315.4855804618
0.0 0.0 0.0  738315.4855815832
0.0 0.0 0.0  738315.4855826563
0.0 0.0 0.0  738315.4855838338
0.0 0.0 0.0  738315.4855851035
0.0 0.0 0.0  738315.4855859772
0.0 0.0 0.0  738315.4855875304
0.0 0.0 0.0  738315.485588627
0.0 0.0 0.0  738315.485589412
0.0 0.0 0.0  738315.4855906587
0.0 0.0 0.0  738315.4855918047
0.0 0.0 0.0  738315.4855928782
0.0 0.0 0.0  738315.4855941368
0.0 0.0 0.0  738315.4855952911
0.0 0.0 0.0  738315.4855966079
0.0 0.0 0.0  738315.485597751
0.0 0.0 0.0  738315.4855987319
0.0 0.0 0.0  738315.4856000596
0.0 0.0 0.0  738315.4856011687
0.0 0.0 0.0  738315.4856023057
0.0 0.0 0.0  738315.4856036104
0.0 0.0 0.0  738315.4856047648
0.0 0.0 0.0  738315.4856058495
0.0 0.0 0.0  738315.4856069346
0.0 0.0 0.0  738315.4856080542
0.0 0.0 0.0  738315.4856093848
0.0 0.0 0.0  738315.4856104237
0.0 0.0 0.0  738315.4856115667
0.0 0.0 0.0  738315.4856127687
0.0 0.0 0.0  738315.4856138133
0.0 0.0 0.0  738315.4856149898
0.0 0.0 0.0  738315.4856161223
0.0 0.0 0.0  738315.4856172993
0.0 0.0 0.0  738315.4856186105
0.0 0.0 0.0  738315.4856198689
0.0 0.0 0.0  738315.4856207226
0.0 0.0 0.0  738315.4856220055
0.0 0.0 0.0  738315.4856232711
0.0 0.0 0.0  738315.4856242985
0.0 0.0 0.0  738315.485625389
0.0 0.0 0.0  738315.4856266127
0.0 0.0 0.0  738315.4856277906
0.0 0.0 0.0  738315.4856289116
0.0 0.0 0.0  738315.4856301551
0.0 0.0 0.0  738315.4856314361
0.0 0.0 0.0  738315.4856323027
0.0 0.0 0.0  738315.4856336446
0.0 0.0 0.0  738315.4856347182
0.0 0.0 0.0  738315.4856358853
0.0 0.0 0.0  738315.4856370281
0.0 0.0 0.0  738315.4856382508
0.0 0.0 0.0  738315.4856393188
0.0 0.0 0.0  738315.4856406676
0.0 0.0 0.0  738315.4856417937
0.0 0.0 0.0  738315.4856428726
0.0 0.0 0.0  738315.4856442254
0.0 0.0 0.0  738315.4856450197
0.0 0.0 0.0  738315.4856463157
0.0 0.0 0.0  738315.4856475355
0.0 0.0 0.0  738315.485648622
0.0 0.0 0.0  738315.4856498021
0.0 0.0 0.0  738315.4856509429
0.0 0.0 0.0  738315.4856519814
0.0 0.0 0.0  738315.4856531027
0.0 0.0 0.0  738315.485654409
0.0 0.0 0.0  738315.4856557415
0.0 0.0 0.0  738315.4856567449
0.0 0.0 0.0  738315.4856577838
0.0 0.0 0.0  738315.4856589743
0.0 0.0 0.0  738315.4856601183
0.0 0.0 0.0  738315.4856613526
0.0 0.0 0.0  738315.4856625185
0.0 0.0 0.0  738315.4856635552
0.0 0.0 0.0  738315.485664952
0.0 0.0 0.0  738315.4856661839
0.0 0.0 0.0  738315.4856671407
0.0 0.0 0.0  738315.4856683039
0.0 0.0 0.0  738315.4856694583
0.0 0.0 0.0  738315.4856704972
0.0 0.0 0.0  738315.4856717669
0.0 0.0 0.0  738315.4856731059
0.0 0.0 0.0  738315.4856739714
0.0 0.0 0.0  738315.4856752419
0.0 0.0 0.0  738315.485676304
0.0 0.0 0.0  738315.4856775051
0.0 0.0 0.0  738315.4856788013
0.0 0.0 0.0  738315.4856799186
0.0 0.0 0.0  738315.4856810225
0.0 0.0 0.0  738315.4856822669
0.0 0.0 0.0  738315.485683641
0.0 0.0 0.0  738315.4856843336
0.0 0.0 0.0  738315.4856856281
0.0 0.0 0.0  738315.4856867199
0.0 0.0 0.0  738315.4856880831
0.0 0.0 0.0  738315.4856890753
0.0 0.0 0.0  738315.4856903168
0.0 0.0 0.0  738315.4856913672
0.0 0.0 0.0  738315.4856923886
0.0 0.0 0.0  738315.4856939106
0.0 0.0 0.0  738315.4856951245
0.0 0.0 0.0  738315.4856959655
0.0 0.0 0.0  738315.4856973174
0.0 0.0 0.0  738315.4856984253
0.0 0.0 0.0  738315.4856996929
0.0 0.0 0.0  738315.4857008001
0.0 0.0 0.0  738315.4857020006
0.0 0.0 0.0  738315.4857030298
0.0 0.0 0.0  738315.4857039939
0.0 0.0 0.0  738315.485705391
0.0 0.0 0.0  738315.4857064915
0.0 0.0 0.0  738315.4857077171
0.0 0.0 0.0  738315.4857088394
0.0 0.0 0.0  738315.4857098704
0.0 0.0 0.0  738315.4857111633
0.0 0.0 0.0  738315.4857122945
0.0 0.0 0.0  738315.4857134422
0.0 0.0 0.0  738315.485714389
0.0 0.0 0.0  738315.4857159677
0.0 0.0 0.0  738315.4857169027
0.0 0.0 0.0  738315.4857178839
0.0 0.0 0.0  738315.4857191191
0.0 0.0 0.0  738315.4857203447
0.0 0.0 0.0  738315.4857214417
0.0 0.0 0.0  738315.4857228847
0.0 0.0 0.0  738315.485723738
0.0 0.0 0.0  738315.485725029
0.0 0.0 0.0  738315.4857263106
0.0 0.0 0.0  738315.4857273712
0.0 0.0 0.0  738315.4857284911
0.0 0.0 0.0  738315.4857297523
0.0 0.0 0.0  738315.4857308605
0.0 0.0 0.0  738315.4857317493
0.0 0.0 0.0  738315.4857332082
0.0 0.0 0.0  738315.4857342689
0.0 0.0 0.0  738315.4857355391
0.0 0.0 0.0  738315.4857365437
0.0 0.0 0.0  738315.4857375361
0.0 0.0 0.0  738315.4857390004
0.0 0.0 0.0  738315.4857400982
0.0 0.0 0.0  738315.4857409757
0.0 0.0 0.0  738315.4857425259
0.0 0.0 0.0  738315.4857436735
0.0 0.0 0.0  738315.4857448007
0.0 0.0 0.0  738315.4857460088
0.0 0.0 0.0  738315.4857470131
0.0 0.0 0.0  738315.4857480733
0.0 0.0 0.0  738315.4857492046
0.0 0.0 0.0  738315.4857506247
0.0 0.0 0.0  738315.4857517458
0.0 0.0 0.0  738315.4857529259
0.0 0.0 0.0  738315.4857538329
0.0 0.0 0.0  738315.4857553008
0.0 0.0 0.0  738315.4857564782
0.0 0.0 0.0  738315.4857573296
0.0 0.0 0.0  738315.4857585195
0.0 0.0 0.0  738315.4857598703
0.0 0.0 0.0  738315.4857607938
0.0 0.0 0.0  738315.485761948
0.0 0.0 0.0  738315.4857632652
0.0 0.0 0.0  738315.4857643615
0.0 0.0 0.0  738315.4857655016
0.0 0.0 0.0  738315.4857664597
0.0 0.0 0.0  738315.4857679115
0.0 0.0 0.0  738315.4857688927
0.0 0.0 0.0  738315.4857701266
0.0 0.0 0.0  738315.4857714659
0.0 0.0 0.0  738315.4857724953
0.0 0.0 0.0  738315.4857733725
0.0 0.0 0.0  738315.4857750239
0.0 0.0 0.0  738315.4857760705
0.0 0.0 0.0  738315.4857769709
0.0 0.0 0.0  738315.4857783881
0.0 0.0 0.0  738315.4857794202
0.0 0.0 0.0  738315.4857805268
0.0 0.0 0.0  738315.4857818199
0.0 0.0 0.0  738315.4857829049
0.0 0.0 0.0  738315.4857840053
0.0 0.0 0.0  738315.4857852516
0.0 0.0 0.0  738315.4857862559
0.0 0.0 0.0  738315.485787341
0.0 0.0 0.0  738315.4857885645
0.0 0.0 0.0  738315.4857898343
0.0 0.0 0.0  738315.4857909771
0.0 0.0 0.0  738315.4857920506
0.0 0.0 0.0  738315.4857932966
0.0 0.0 0.0  738315.4857943832
0.0 0.0 0.0  738315.485795722
0.0 0.0 0.0  738315.48579685
0.0 0.0 0.0  738315.4857979692
0.0 0.0 0.0  738315.4857991153
0.0 0.0 0.0  738315.4858002048
0.0 0.0 0.0  738315.4858013937
0.0 0.0 0.0  738315.4858024559
0.0 0.0 0.0  738315.4858035955
0.0 0.0 0.0  738315.4858048545
0.0 0.0 0.0  738315.4858059395
0.0 0.0 0.0  738315.4858070941
0.0 0.0 0.0  738315.4858082486
0.0 0.0 0.0  738315.4858095243
0.0 0.0 0.0  738315.4858107829
0.0 0.0 0.0  738315.4858118795
0.0 0.0 0.0  738315.4858132167
0.0 0.0 0.0  738315.4858141299
0.0 0.0 0.0  738315.4858152949
0.0 0.0 0.0  738315.485816564
0.0 0.0 0.0  738315.4858176917
0.0 0.0 0.0  738315.4858187303
0.0 0.0 0.0  738315.4858203694
0.0 0.0 0.0  738315.4858209812
0.0 0.0 0.0  738315.4858221702
0.0 0.0 0.0  738315.4858237163
0.0 0.0 0.0  738315.4858245475
0.0 0.0 0.0  738315.4858256694
0.0 0.0 0.0  738315.4858269391
0.0 0.0 0.0  738315.4858279319
0.0 0.0 0.0  738315.4858290746
0.0 0.0 0.0  738315.4858303559
0.0 0.0 0.0  738315.485831337
0.0 0.0 0.0  738315.4858325273
0.0 0.0 0.0  738315.4858338084
0.0 0.0 0.0  738315.4858348704
0.0 0.0 0.0  738315.4858360478
0.0 0.0 0.0  738315.4858371333
0.0 0.0 0.0  738315.4858384604
0.0 0.0 0.0  738315.4858394531
0.0 0.0 0.0  738315.4858406757
0.0 0.0 0.0  738315.4858420268
0.0 0.0 0.0  738315.4858429661
0.0 0.0 0.0  738315.4858441062
0.0 0.0 0.0  738315.4858455035
0.0 0.0 0.0  738315.4858465309
0.0 0.0 0.0  738315.4858478556
0.0 0.0 0.0  738315.485848987
0.0 0.0 0.0  738315.4858499331
0.0 0.0 0.0  738315.4858512265
0.0 0.0 0.0  738315.4858523213
0.0 0.0 0.0  738315.4858536372
0.0 0.0 0.0  738315.4858546603
0.0 0.0 0.0  738315.4858558023
0.0 0.0 0.0  738315.4858569335
0.0 0.0 0.0  738315.4858579148
0.0 0.0 0.0  738315.485859331
0.0 0.0 0.0  738315.4858604156
0.0 0.0 0.0  738315.4858615713
0.0 0.0 0.0  738315.4858627605
0.0 0.0 0.0  738315.4858638337
0.0 0.0 0.0  738315.4858649882
0.0 0.0 0.0  738315.485866178
0.0 0.0 0.0  738315.4858673207
0.0 0.0 0.0  738315.4858685469
0.0 0.0 0.0  738315.4858696666
0.0 0.0 0.0  738315.4858708807
0.0 0.0 0.0  738315.4858720014
0.0 0.0 0.0  738315.4858732723
0.0 0.0 0.0  738315.4858741985
0.0 0.0 0.0  738315.4858753516
0.0 0.0 0.0  738315.4858766329
0.0 0.0 0.0  738315.485877904
0.0 0.0 0.0  738315.4858791069
0.0 0.0 0.0  738315.4858801096
0.0 0.0 0.0  738315.4858812214
0.0 0.0 0.0  738315.4858823289
0.0 0.0 0.0  738315.485883594
0.0 0.0 0.0  738315.4858846851
0.0 0.0 0.0  738315.4858856777
0.0 0.0 0.0  738315.4858870927
0.0 0.0 0.0  738315.48588812
0.0 0.0 0.0  738315.4858893648
0.0 0.0 0.0  738315.4858905538
0.0 0.0 0.0  738315.4858915816
0.0 0.0 0.0  738315.4858927472
0.0 0.0 0.0  738315.485893809
0.0 0.0 0.0  738315.4858952173
0.0 0.0 0.0  738315.4858962365
0.0 0.0 0.0  738315.4858976137
0.0 0.0 0.0  738315.4858985263
0.0 0.0 0.0  738315.4858997591
0.0 0.0 0.0  738315.4859010509
0.0 0.0 0.0  738315.4859019743
0.0 0.0 0.0  738315.485903211
0.0 0.0 0.0  738315.4859045616
0.0 0.0 0.0  738315.4859055544
0.0 0.0 0.0  738315.4859066389
0.0 0.0 0.0  738315.4859079892
0.0 0.0 0.0  738315.4859089357
0.0 0.0 0.0  738315.4859102978
0.0 0.0 0.0  738315.4859113828
0.0 0.0 0.0  738315.4859123875
0.0 0.0 0.0  738315.4859136747
0.0 0.0 0.0  738315.4859148301
0.0 0.0 0.0  738315.4859158737
0.0 0.0 0.0  738315.4859171131
0.0 0.0 0.0  738315.4859183825
0.0 0.0 0.0  738315.4859194539
0.0 0.0 0.0  738315.4859206394
0.0 0.0 0.0  738315.4859217936
0.0 0.0 0.0  738315.4859229496
0.0 0.0 0.0  738315.4859241281
0.0 0.0 0.0  738315.4859252358
0.0 0.0 0.0  738315.4859265183
0.0 0.0 0.0  738315.4859275572
0.0 0.0 0.0  738315.4859288923
0.0 0.0 0.0  738315.4859299293
0.0 0.0 0.0  738315.4859311645
0.0 0.0 0.0  738315.4859321236
0.0 0.0 0.0  738315.4859333447
0.0 0.0 0.0  738315.4859346416
0.0 0.0 0.0  738315.4859354914
0.0 0.0 0.0  738315.4859367376
0.0 0.0 0.0  738315.4859382046
0.0 0.0 0.0  738315.4859392163
0.0 0.0 0.0  738315.4859402787
0.0 0.0 0.0  738315.485941538
0.0 0.0 0.0  738315.485942575
0.0 0.0 0.0  738315.4859436678
0.0 0.0 0.0  738315.4859452726
0.0 0.0 0.0  738315.4859459883
0.0 0.0 0.0  738315.4859472074
0.0 0.0 0.0  738315.4859485351
0.0 0.0 0.0  738315.4859495623
0.0 0.0 0.0  738315.485950608
0.0 0.0 0.0  738315.4859519547
0.0 0.0 0.0  738315.485953161
0.0 0.0 0.0  738315.4859541408
0.0 0.0 0.0  738315.4859553926
0.0 0.0 0.0  738315.485956489
0.0 0.0 0.0  738315.4859576434
0.0 0.0 0.0  738315.4859588091
0.0 0.0 0.0  738315.485959848
0.0 0.0 0.0  738315.4859610922
0.0 0.0 0.0  738315.4859622926
0.0 0.0 0.0  738315.485963448
0.0 0.0 0.0  738315.4859645573
0.0 0.0 0.0  738315.4859656885
0.0 0.0 0.0  738315.4859669264
0.0 0.0 0.0  738315.4859680759
0.0 0.0 0.0  738315.4859697849
0.0 0.0 0.0  738315.4859704897
0.0 0.0 0.0  738315.4859714365
0.0 0.0 0.0  738315.4859725811
0.0 0.0 0.0  738315.48597396
0.0 0.0 0.0  738315.4859748965
0.0 0.0 0.0  738315.4859762194
0.0 0.0 0.0  738315.4859773042
0.0 0.0 0.0  738315.4859788278
0.0 0.0 0.0  738315.4859796824
0.0 0.0 0.0  738315.4859807555
0.0 0.0 0.0  738315.4859819792
0.0 0.0 0.0  738315.4859831104
0.0 0.0 0.0  738315.485984241
0.0 0.0 0.0  738315.4859855192
0.0 0.0 0.0  738315.4859865926
0.0 0.0 0.0  738315.4859877354
0.0 0.0 0.0  738315.4859888678
0.0 0.0 0.0  738315.4859900109
0.0 0.0 0.0  738315.4859911054
0.0 0.0 0.0  738315.4859925137
0.0 0.0 0.0  738315.4859935526
0.0 0.0 0.0  738315.4859947577
0.0 0.0 0.0  738315.4859957711
0.0 0.0 0.0  738315.4859973654
0.0 0.0 0.0  738315.4859981221
0.0 0.0 0.0  738315.4859993159
0.0 0.0 0.0  738315.4860003432
0.0 0.0 0.0  738315.4860016321
0.0 0.0 0.0  738315.4860027872
0.0 0.0 0.0  738315.486003868
0.0 0.0 0.0  738315.4860051115
0.0 0.0 0.0  738315.4860063863
0.0 0.0 0.0  738315.4860074589
0.0 0.0 0.0  738315.4860084862
0.0 0.0 0.0  738315.4860095829
0.0 0.0 0.0  738315.4860108874
0.0 0.0 0.0  738315.4860119148
0.0 0.0 0.0  738315.4860130266
0.0 0.0 0.0  738315.486014382
0.0 0.0 0.0  738315.4860156347
0.0 0.0 0.0  738315.4860165603
0.0 0.0 0.0  738315.4860177146
0.0 0.0 0.0  738315.4860189813
0.0 0.0 0.0  738315.486020124
0.0 0.0 0.0  738315.4860214047
0.0 0.0 0.0  738315.4860223745
0.0 0.0 0.0  738315.4860235519
0.0 0.0 0.0  738315.4860248258
0.0 0.0 0.0  738315.4860258651
0.0 0.0 0.0  738315.4860271668
0.0 0.0 0.0  738315.4860281133
0.0 0.0 0.0  738315.4860293485
0.0 0.0 0.0  738315.4860306765
0.0 0.0 0.0  738315.4860317154
0.0 0.0 0.0  738315.4860327545
0.0 0.0 0.0  738315.4860340593
0.0 0.0 0.0  738315.4860351902
0.0 0.0 0.0  738315.486036381
0.0 0.0 0.0  738315.4860374549
0.0 0.0 0.0  738315.4860385839
0.0 0.0 0.0  738315.4860397743
0.0 0.0 0.0  738315.4860408852
0.0 0.0 0.0  738315.4860424089
0.0 0.0 0.0  738315.4860433898
0.0 0.0 0.0  738315.4860442324
0.0 0.0 0.0  738315.4860456295
0.0 0.0 0.0  738315.4860467261
0.0 0.0 0.0  738315.4860478805
0.0 0.0 0.0  738315.4860490782
0.0 0.0 0.0  738315.4860502406
0.0 0.0 0.0  738315.4860513025
0.0 0.0 0.0  738315.4860524886
0.0 0.0 0.0  738315.4860537081
0.0 0.0 0.0  738315.4860546663
0.0 0.0 0.0  738315.4860560262
0.0 0.0 0.0  738315.4860572926
0.0 0.0 0.0  738315.4860582517
0.0 0.0 0.0  738315.4860595171
0.0 0.0 0.0  738315.4860606057
0.0 0.0 0.0  738315.4860617139
0.0 0.0 0.0  738315.4860630741
0.0 0.0 0.0  738315.4860642008
0.0 0.0 0.0  738315.4860651355
0.0 0.0 0.0  738315.4860665451
0.0 0.0 0.0  738315.486067711
0.0 0.0 0.0  738315.486068704
0.0 0.0 0.0  738315.4860699162
0.0 0.0 0.0  738315.4860710924
0.0 0.0 0.0  738315.4860722237
0.0 0.0 0.0  738315.486073482
0.0 0.0 0.0  738315.4860744516
0.0 0.0 0.0  738315.4860756657
0.0 0.0 0.0  738315.4860768184
0.0 0.0 0.0  738315.4860781147
0.0 0.0 0.0  738315.4860792581
0.0 0.0 0.0  738315.4860802597
0.0 0.0 0.0  738315.4860817137
0.0 0.0 0.0  738315.4860827371
0.0 0.0 0.0  738315.486083799
0.0 0.0 0.0  738315.4860850703
0.0 0.0 0.0  738315.4860861325
0.0 0.0 0.0  738315.4860873069
0.0 0.0 0.0  738315.4860885297
0.0 0.0 0.0  738315.4860897495
0.0 0.0 0.0  738315.4860907475
0.0 0.0 0.0  738315.4860919019
0.0 0.0 0.0  738315.486093066
0.0 0.0 0.0  738315.4860941285
0.0 0.0 0.0  738315.4860954855
0.0 0.0 0.0  738315.4860964436
0.0 0.0 0.0  738315.4860975803
0.0 0.0 0.0  738315.4860989202
0.0 0.0 0.0  738315.4861000996
0.0 0.0 0.0  738315.4861012314
0.0 0.0 0.0  738315.4861023473
0.0 0.0 0.0  738315.4861035249
0.0 0.0 0.0  738315.486104552
0.0 0.0 0.0  738315.4861056833
0.0 0.0 0.0  738315.4861069649
0.0 0.0 0.0  738315.4861081331
0.0 0.0 0.0  738315.486109255
0.0 0.0 0.0  738315.486110535
0.0 0.0 0.0  738315.4861115554
0.0 0.0 0.0  738315.4861126407
0.0 0.0 0.0  738315.4861137973
0.0 0.0 0.0  738315.4861149526
0.0 0.0 0.0  738315.4861161401
0.0 0.0 0.0  738315.4861172182
0.0 0.0 0.0  738315.4861183462
0.0 0.0 0.0  738315.4861195416
0.0 0.0 0.0  738315.4861206161
0.0 0.0 0.0  738315.4861219908
0.0 0.0 0.0  738315.486123095
0.0 0.0 0.0  738315.4861243689
0.0 0.0 0.0  738315.4861253581
0.0 0.0 0.0  738315.4861264044
0.0 0.0 0.0  738315.4861276556
0.0 0.0 0.0  738315.4861287605
0.0 0.0 0.0  738315.4861300164
0.0 0.0 0.0  738315.4861311695
0.0 0.0 0.0  738315.4861323459
0.0 0.0 0.0  738315.4861334595
0.0 0.0 0.0  738315.4861346352
0.0 0.0 0.0  738315.4861357907
0.0 0.0 0.0  738315.4861369259
0.0 0.0 0.0  738315.4861381123
0.0 0.0 0.0  738315.4861391439
0.0 0.0 0.0  738315.4861404524
0.0 0.0 0.0  738315.4861415529
0.0 0.0 0.0  738315.4861427537
0.0 0.0 0.0  738315.4861438785
0.0 0.0 0.0  738315.4861450399
0.0 0.0 0.0  738315.4861462163
0.0 0.0 0.0  738315.4861472821
0.0 0.0 0.0  738315.4861484723
0.0 0.0 0.0  738315.4861495976
0.0 0.0 0.0  738315.486150872
0.0 0.0 0.0  738315.4861519069
0.0 0.0 0.0  738315.4861532511
0.0 0.0 0.0  738315.4861542548
0.0 0.0 0.0  738315.4861553814
0.0 0.0 0.0  738315.4861566316
0.0 0.0 0.0  738315.4861576982
0.0 0.0 0.0  738315.4861589196
0.0 0.0 0.0  738315.4861601305
0.0 0.0 0.0  738315.4861611498
0.0 0.0 0.0  738315.4861623897
0.0 0.0 0.0  738315.486163482
0.0 0.0 0.0  738315.4861647248
0.0 0.0 0.0  738315.4861659188
0.0 0.0 0.0  738315.4861670654
0.0 0.0 0.0  738315.4861681468
0.0 0.0 0.0  738315.4861692593
0.0 0.0 0.0  738315.4861705045
0.0 0.0 0.0  738315.4861715902
0.0 0.0 0.0  738315.4861728178
0.0 0.0 0.0  738315.48617402
0.0 0.0 0.0  738315.4861752492
0.0 0.0 0.0  738315.4861762794
0.0 0.0 0.0  738315.4861773677
0.0 0.0 0.0  738315.4861786446
0.0 0.0 0.0  738315.4861796972
0.0 0.0 0.0  738315.4861810278
0.0 0.0 0.0  738315.4861820625
0.0 0.0 0.0  738315.4861831605
0.0 0.0 0.0  738315.4861844436
0.0 0.0 0.0  738315.4861855289
0.0 0.0 0.0  738315.4861867436
0.0 0.0 0.0  738315.4861878689
0.0 0.0 0.0  738315.4861890643
0.0 0.0 0.0  738315.486190219
0.0 0.0 0.0  738315.4861912559
0.0 0.0 0.0  738315.486192539
0.0 0.0 0.0  738315.4861936392
0.0 0.0 0.0  738315.4861948407
0.0 0.0 0.0  738315.4861959503
0.0 0.0 0.0  738315.4861970376
0.0 0.0 0.0  738315.4861983268
0.0 0.0 0.0  738315.4861994742
0.0 0.0 0.0  738315.4862006392
0.0 0.0 0.0  738315.4862017857
0.0 0.0 0.0  738315.486202904
0.0 0.0 0.0  738315.4862041705
0.0 0.0 0.0  738315.4862052163
0.0 0.0 0.0  738315.4862064305
0.0 0.0 0.0  738315.4862074739
0.0 0.0 0.0  738315.4862086282
0.0 0.0 0.0  738315.4862098983
0.0 0.0 0.0  738315.486211059
0.0 0.0 0.0  738315.4862122094
0.0 0.0 0.0  738315.4862133567
0.0 0.0 0.0  738315.4862144731
0.0 0.0 0.0  738315.4862156421
0.0 0.0 0.0  738315.4862167086
0.0 0.0 0.0  738315.4862181096
0.0 0.0 0.0  738315.4862191053
0.0 0.0 0.0  738315.4862201847
0.0 0.0 0.0  738315.4862214456
0.0 0.0 0.0  738315.4862225724
0.0 0.0 0.0  738315.4862238897
0.0 0.0 0.0  738315.4862248971
0.0 0.0 0.0  738315.4862261638
0.0 0.0 0.0  738315.4862271992
0.0 0.0 0.0  738315.4862282544
0.0 0.0 0.0  738315.4862295227
0.0 0.0 0.0  738315.4862305948
0.0 0.0 0.0  738315.4862318896
0.0 0.0 0.0  738315.4862330519
0.0 0.0 0.0  738315.4862340784
0.0 0.0 0.0  738315.4862353593
0.0 0.0 0.0  738315.4862364717
0.0 0.0 0.0  738315.4862376476
0.0 0.0 0.0  738315.4862387765
0.0 0.0 0.0  738315.4862398243
0.0 0.0 0.0  738315.4862411489
0.0 0.0 0.0  738315.486242134
0.0 0.0 0.0  738315.4862434047
0.0 0.0 0.0  738315.4862445672
0.0 0.0 0.0  738315.4862457699
0.0 0.0 0.0  738315.4862469066
0.0 0.0 0.0  738315.4862479062
0.0 0.0 0.0  738315.4862492174
0.0 0.0 0.0  738315.4862503577
0.0 0.0 0.0  738315.486251536
0.0 0.0 0.0  738315.4862526892
0.0 0.0 0.0  738315.486253858
0.0 0.0 0.0  738315.4862549597
0.0 0.0 0.0  738315.4862560786
0.0 0.0 0.0  738315.4862573063
0.0 0.0 0.0  738315.4862583791
0.0 0.0 0.0  738315.4862597254
0.0 0.0 0.0  738315.4862607237
0.0 0.0 0.0  738315.4862618321
0.0 0.0 0.0  738315.4862630871
0.0 0.0 0.0  738315.4862641605
0.0 0.0 0.0  738315.4862655158
0.0 0.0 0.0  738315.4862665858
0.0 0.0 0.0  738315.4862676434
0.0 0.0 0.0  738315.486268994
0.0 0.0 0.0  738315.4862700739
0.0 0.0 0.0  738315.4862712122
0.0 0.0 0.0  738315.4862722852
0.0 0.0 0.0  738315.4862735377
0.0 0.0 0.0  738315.4862746178
0.0 0.0 0.0  738315.4862759778
0.0 0.0 0.0  738315.4862769815
0.0 0.0 0.0  738315.4862780613
0.0 0.0 0.0  738315.4862793379
0.0 0.0 0.0  738315.486280446
0.0 0.0 0.0  738315.4862817157
0.0 0.0 0.0  738315.4862827053
0.0 0.0 0.0  738315.4862839597
0.0 0.0 0.0  738315.4862850418
0.0 0.0 0.0  738315.48628615
0.0 0.0 0.0  738315.4862873859
0.0 0.0 0.0  738315.4862885635
0.0 0.0 0.0  738315.4862897174
0.0 0.0 0.0  738315.48629079
0.0 0.0 0.0  738315.4862920743
0.0 0.0 0.0  738315.4862931789
0.0 0.0 0.0  738315.4862942625
0.0 0.0 0.0  738315.4862954677
0.0 0.0 0.0  738315.4862965733
0.0 0.0 0.0  738315.4862978652
0.0 0.0 0.0  738315.4862989611
0.0 0.0 0.0  738315.4863001663
0.0 0.0 0.0  738315.4863013276
0.0 0.0 0.0  738315.4863023509
0.0 0.0 0.0  738315.4863036243
0.0 0.0 0.0  738315.4863046694
0.0 0.0 0.0  738315.486305963
0.0 0.0 0.0  738315.4863069915
0.0 0.0 0.0  738315.4863083404
0.0 0.0 0.0  738315.4863093845
0.0 0.0 0.0  738315.4863104578
0.0 0.0 0.0  738315.4863117442
0.0 0.0 0.0  738315.4863128501
0.0 0.0 0.0  738315.486314019
0.0 0.0 0.0  738315.4863152134
0.0 0.0 0.0  738315.486316376
0.0 0.0 0.0  738315.4863174604
0.0 0.0 0.0  738315.486318578
0.0 0.0 0.0  738315.4863198283
0.0 0.0 0.0  738315.4863208779
0.0 0.0 0.0  738315.4863222226
0.0 0.0 0.0  738315.4863232665
0.0 0.0 0.0  738315.4863244784
0.0 0.0 0.0  738315.486325632
0.0 0.0 0.0  738315.4863266702
0.0 0.0 0.0  738315.4863279568
0.0 0.0 0.0  738315.4863291057
0.0 0.0 0.0  738315.4863300943
0.0 0.0 0.0  738315.4863313688
0.0 0.0 0.0  738315.486332581
0.0 0.0 0.0  738315.4863337362
0.0 0.0 0.0  738315.4863348469
0.0 0.0 0.0  738315.486336033
0.0 0.0 0.0  738315.486337211
0.0 0.0 0.0  738315.486338189
0.0 0.0 0.0  738315.4863395169
0.0 0.0 0.0  738315.4863405209
0.0 0.0 0.0  738315.4863417629
0.0 0.0 0.0  738315.4863429496
0.0 0.0 0.0  738315.4863441163
0.0 0.0 0.0  738315.4863451903
0.0 0.0 0.0  738315.4863465313
0.0 0.0 0.0  738315.4863476261
0.0 0.0 0.0  738315.4863486125
0.0 0.0 0.0  738315.4863498831
0.0 0.0 0.0  738315.4863510492
0.0 0.0 0.0  738315.4863522516
0.0 0.0 0.0  738315.4863533635
0.0 0.0 0.0  738315.4863546455
0.0 0.0 0.0  738315.4863556919
0.0 0.0 0.0  738315.4863567689
0.0 0.0 0.0  738315.4863580083
0.0 0.0 0.0  738315.4863591893
0.0 0.0 0.0  738315.4863603564
0.0 0.0 0.0  738315.4863614234
0.0 0.0 0.0  738315.4863625033
0.0 0.0 0.0  738315.4863638267
0.0 0.0 0.0  738315.486364846
0.0 0.0 0.0  738315.4863662595
0.0 0.0 0.0  738315.486367259
0.0 0.0 0.0  738315.4863685232
0.0 0.0 0.0  738315.4863695676
0.0 0.0 0.0  738315.486370662
0.0 0.0 0.0  738315.4863719366
0.0 0.0 0.0  738315.4863730405
0.0 0.0 0.0  738315.4863742482
0.0 0.0 0.0  738315.4863753536
0.0 0.0 0.0  738315.4863765473
0.0 0.0 0.0  738315.4863777192
0.0 0.0 0.0  738315.4863787009
0.0 0.0 0.0  738315.4863800367
0.0 0.0 0.0  738315.4863811415
0.0 0.0 0.0  738315.4863824537
0.0 0.0 0.0  738315.4863834509
0.0 0.0 0.0  738315.4863846534
0.0 0.0 0.0  738315.4863858146
0.0 0.0 0.0  738315.4863868253
0.0 0.0 0.0  738315.4863880909
0.0 0.0 0.0  738315.486389151
0.0 0.0 0.0  738315.4863904485
0.0 0.0 0.0  738315.4863914909
0.0 0.0 0.0  738315.4863927622
0.0 0.0 0.0  738315.4863939143
0.0 0.0 0.0  738315.4863948874
0.0 0.0 0.0  738315.4863961829
0.0 0.0 0.0  738315.4863972827
0.0 0.0 0.0  738315.4863985506
0.0 0.0 0.0  738315.4863995857
0.0 0.0 0.0  738315.4864008568
0.0 0.0 0.0  738315.4864019012
0.0 0.0 0.0  738315.4864031444
0.0 0.0 0.0  738315.4864042179
0.0 0.0 0.0  738315.4864055596
0.0 0.0 0.0  738315.486406657
0.0 0.0 0.0  738315.4864078133