% wand_x wand_y wand_z  738339.416530346
-2.213590563865616 -0.713478587598441 0.6698462448793415  738339.4165316342
-2.2135827119678604 -0.7134900489469163 0.6698570854072265  738339.4165327966
-2.2135748676713662 -0.7134839810925265 0.6698483309923028  738339.4165340785
-2.2135945799337224 -0.7134950027023687 0.6698593695813073  738339.4165351038
-2.213583469345903 -0.7134893456550004 0.6698607145773929  738339.4165363847
-2.2135751214074317 -0.7134785059970146 0.6698676901805493  738339.4165373927
-2.2136062977001454 -0.7134816794358023 0.6698370196369001  738339.4165384617
-2.213592701652548 -0.7134959044216287 0.6698274771247998  738339.416539737
-2.213594672977118 -0.7134977534154211 0.6698165288993763  738339.4165409459
-2.2135992227692767 -0.7134824622373604 0.6698331317815504  738339.4165421659
-2.2136091585280937 -0.7134785216199898 0.669829517618237  738339.4165432592
-2.213602336859182 -0.7134781318694922 0.6698346333019572  738339.4165444928
-2.2135950680216547 -0.7134904766471563 0.6698404424525293  738339.4165455231
-2.2135952320475774 -0.7134697810576467 0.6698396094487172  738339.4165467949
-2.2135387786047165 -0.7134839429779358 0.6698066076655005  738339.4165478233
-2.21359626129464 -0.7134865433367491 0.6698290946421612  738339.4165491187
-2.2135909359603234 -0.7134876987310287 0.669832008941982  738339.4165501527
-2.213595856230141 -0.713486697225036 0.6698268542414217  738339.4165513685
-2.2135834423630243 -0.7134871626723066 0.669841758438515  738339.4165524654
-2.2135862035224005 -0.7134713678384365 0.6698544476087286  738339.4165535459
-2.2135737509839677 -0.7134813951504464 0.6698463069806527  738339.4165549051
-2.213586917437689 -0.7134884912722563 0.6698367449799891  738339.4165558591
-2.213597142237122 -0.7134833718795921 0.6698220968390486  738339.4165572189
-2.2135792746264884 -0.7134858773265106 0.6698433564064635  738339.4165582499
-2.213546992794163 -0.7134742684110088 0.6698175751910869  738339.4165594786
-2.213597940619591 -0.7134810125959309 0.6698385695999883  738339.4165605651
-2.213593518805602 -0.713486380507962 0.6698218079459509  738339.4165617286
-2.213577002389007 -0.7134913939204117 0.6698448579080732  738339.4165630457
-2.2135675984023035 -0.7134912627935569 0.6698610543136305  738339.4165640454
-2.2135746546281876 -0.7134909852654115 0.6698406121051336  738339.4165653252
-2.2135934335126497 -0.7134912499351208 0.6698315088791199  738339.4165663015
-2.2135784499447904 -0.7134926868370028 0.6698464087760706  738339.4165676376
-2.213575088208378 -0.7134848333823238 0.669855833871545  738339.4165686682
-2.2135686317736565 -0.7134890258988603 0.6698611686070394  738339.4165699431
-2.2135731837279917 -0.713484704049076 0.6698419849351136  738339.4165709851
-2.213578731374877 -0.7134971673292118 0.6698293276184802  738339.4165720365
-2.213581786535575 -0.713480378329297 0.6698460235836936  738339.4165733053
-2.213581426512064 -0.7134814839265355 0.6698493440913138  738339.4165744632
-2.2135771975989833 -0.7134811926647118 0.6698451794728212  738339.4165757368
-2.213577733431201 -0.7134884755503672 0.6697586970473725  738339.4165767623
-2.2135681883707043 -0.7134840125087215 0.6697859919796089  738339.416577978
-2.2135684308481465 -0.7135023537432197 0.6697455844579312  738339.4165792065
-2.213531706924211 -0.7134923988079501 0.6697623098840824  738339.4165802519
-2.2135075764650174 -0.7134766330328091 0.6697544925831435  738339.4165815266
-2.2136129284484736 -0.7132140700363157 0.669751727863707  738339.4165825513
-2.2137670042765363 -0.713606750783679 0.6697914099377343  738339.4165837287
-2.2137128556912367 -0.7131312682745867 0.6697187817141966  738339.416585001
-2.2145068815061726 -0.7087603713764647 0.6689333995288869  738339.4165860327
-2.218977113973919 -0.6954721641680269 0.6677393368616221  738339.4165873111
-2.2167965077595215 -0.6786276665682431 0.6704338295616971  738339.4165883261
-2.1223874695691447 -0.6444512431450157 0.7472332966591058  738339.4165895408
-1.9394292335455616 -0.6110139898177793 0.8768406593103426  738339.4165908124
-1.7536299266078155 -0.5901832259604097 0.9378039479712512  738339.4165918197
-1.5397232332682946 -0.5691457695404579 0.9258328927878956  738339.4165930228
-1.3639936305504166 -0.5686028359734747 0.8982761648090752  738339.4165941331
-1.1797586111717986 -0.5798730813522545 0.8622716338033155  738339.4165954114
-1.0412310227422004 -0.595251933114954 0.8361273288118376  738339.4165964534
-0.925730228679068 -0.6126054632271456 0.8149970450185022  738339.4165977347
-0.8348023511617269 -0.6266689242092289 0.7932697001821619  738339.4165987516
-0.7350794499001805 -0.6381143615818574 0.7701895024608235  738339.416599927
-0.6559744110418665 -0.636013671171685 0.7546863602430787  738339.4166011913
-0.5947844305226588 -0.6208324543064598 0.7449944456457522  738339.4166022212
-0.5301009990193144 -0.5882412675297488 0.7339860390871386  738339.4166035145
-0.48296175011197673 -0.5532250483171797 0.7197435281017399  738339.416604538
-0.43208206582300973 -0.5088747015701592 0.698214237576224  738339.4166057182
-0.37786485205772924 -0.45390382965556764 0.6707467492012221  738339.4166069869
-0.34319151124339337 -0.4184292410111223 0.6570388820340557  738339.4166080263
-0.2934753233383121 -0.36736072202476794 0.6412178948711504  738339.4166093065
-0.2661029645295265 -0.3325355547956871 0.6309905005358581  738339.4166103483
-0.23455560965613081 -0.2875714399222378 0.616717670421928  738339.4166116165
-0.20766550119426497 -0.25266367050257654 0.6048285061173967  738339.4166126493
-0.1823687807290477 -0.22268895508457176 0.5933479777969762  738339.4166138081
-0.16039034071047498 -0.19969713288163826 0.5830911452364239  738339.416614957
-0.13401622569224078 -0.17335560950912945 0.5671839069926539  738339.4166162387
-0.11497434211021483 -0.15579240049111368 0.5539230509708342  738339.416617266
-0.09382428397696892 -0.1370275251382958 0.5414806683201133  738339.4166184451
-0.07349666311232447 -0.11980164243836211 0.534281336174229  738339.4166195873
-0.056995210917848 -0.10817160680683971 0.5291180081439194  738339.4166206538
-0.03365838883675068 -0.10142881435275479 0.5188315572964164  738339.41662204
-0.014815509180301941 -0.10121481916176481 0.5071789931888366  738339.4166230696
0.008747088609169956 -0.09434801430128897 0.4979923483120911  738339.4166243444
0.031236121310945286 -0.08100246569952882 0.49824502961986566  738339.4166253867
0.05471344454868371 -0.06606563470246493 0.4969611116620126  738339.4166265903
0.08115736196941506 -0.046996042515047146 0.48698089241786247  738339.4166276959
0.09841390321323579 -0.031946336859574986 0.47892923517441777  738339.4166288547
0.11693459793421816 -0.01376432784964152 0.4730421575471184  738339.4166301282
0.13142161807737876 -0.0007280553059901425 0.46918431390673065  738339.4166311215
0.14906991354496224 0.010691393452390653 0.46370098711823793  738339.4166322049
0.17386499380331116 0.026454932720657225 0.4623449491415724  738339.4166334816
0.19035206232990898 0.04252557966959535 0.46760309268914957  738339.4166346506
0.20545833353160475 0.054855875935207285 0.4656679615200311  738339.4166357983
0.21682097764806035 0.06221586858597702 0.4542960557186499  738339.4166369649
0.2228660888599035 0.07800819549356416 0.4410187918845147  738339.41663811
0.22387543386485043 0.09791254871951523 0.43616817117445345  738339.4166392819
0.22674904462608006 0.12961062809026827 0.4356645148624538  738339.4166405491
0.2260804220855089 0.14607169237277132 0.43789237448839224  738339.4166415812
0.21024619611833487 0.1552588605387722 0.44127644279078976  738339.416642806
0.1743411760446484 0.1570871622627628 0.43777561599350984  738339.4166439052
0.11892393499995321 0.15912677147201612 0.4311570763932488  738339.4166451204
0.0665763495605613 0.15785191167673648 0.4230080916486827  738339.4166462134
0.01134867098906696 0.1581691987400587 0.41954504753024174  738339.4166473848
-0.04337857899167507 0.16494357606061635 0.425965637684441  738339.4166486518
-0.07613367905912324 0.17268142415404972 0.4319261615010429  738339.4166496854
-0.11582759268338923 0.18627627131934962 0.4370799950336039  738339.4166509624
-0.13962943646240394 0.19635242642714032 0.4500186686933402  738339.4166520054
-0.16417897976908125 0.20216588132109745 0.45742059403561053  738339.4166532814
-0.18409632952048202 0.19819893467439492 0.4545281091885504  738339.4166543223
-0.19221842897456173 0.19213549623328685 0.4522165105042702  738339.4166554805
-0.19572310500020174 0.1849372559968208 0.452337121667055  738339.4166566284
-0.1973838645222662 0.1824887073002769 0.4532773488786379  738339.4166577971
-0.198725907075702 0.18787068182790145 0.4500481342656032  738339.4166590761
-0.18965530861756322 0.19483530375567418 0.44868704234510887  738339.4166600996
-0.170415373844401 0.2033189959387867 0.4486505659651243  738339.4166613751
-0.15111821138555875 0.20744909814401685 0.4475118243091724  738339.4166623665
-0.1155304818417417 0.20828711031834216 0.4405349089187336  738339.4166637517
-0.07719145475972806 0.21127392533715028 0.43144754982627076  738339.4166647305
-0.034824581635291056 0.2185154077673256 0.42314544333717335  738339.4166660057
-0.0028085510642665854 0.22545059241734383 0.4175023205512795  738339.4166670537
0.02737072154237874 0.23246251545517568 0.412421427729869  738339.4166681152
0.05821956980603857 0.24158972388020333 0.40902234521969366  738339.4166694912
0.08151251005956654 0.24683789949434404 0.4081506634677112  738339.4166705203
0.0975505405987637 0.24495708433072008 0.40888970937445845  738339.4166717969
0.10725549583208532 0.2412742295431601 0.4122539504061264  738339.4166728419
0.12443197231612126 0.23325465723088493 0.41423506051278386  738339.4166740556
0.15031864126676336 0.21816970357968032 0.41235543070952163  738339.4166751525
0.19259406116635258 0.18485267962686655 0.409620897892653  738339.41667643
0.21614066457010697 0.15933829876248617 0.406854225348314  738339.4166774707
0.2398510449561647 0.13021638205977112 0.4080408881043195  738339.4166785117
0.25815496956100137 0.1114205953795574 0.4153311395467058  738339.4166797625
0.274103171317705 0.10299443180151911 0.4276126558119243  738339.4166809921
0.2831100870085922 0.10982506134365268 0.43842238253845295  738339.4166822191
0.28192719901009144 0.12527241730614014 0.4408109317426528  738339.416683179
0.2719962893861781 0.1547298127297497 0.434614218139954  738339.4166844194
0.25984681170866686 0.1865472995204563 0.42475986661650333  738339.4166855665
0.24171211522115255 0.23875850054657655 0.41411742499802207  738339.4166868475
0.22036033397238378 0.286178151566424 0.4094579522704572  738339.4166878851
0.19871642955713467 0.3206748444853617 0.4052484013627059  738339.4166891584
0.18092279422569513 0.34041368898379215 0.4026328390143016  738339.416690242
0.16729538823816406 0.3529705549432976 0.401260960488663  738339.4166912322
0.14441214721244514 0.37571274759332407 0.4014359467881555  738339.4166925132
0.12820915648958014 0.39333955721905034 0.4024679840519933  738339.4166936747
0.10299423102599695 0.387499352158204 0.3868501804637099  738339.4166949402
0.07498436062584876 0.3493248193035395 0.35746934285097504  738339.4166959885
0.02509019805371932 0.2713379382547583 0.3098935909601529  738339.4166972681
-0.021686866352898387 0.19619965078911175 0.27664470884271614  738339.4166983074
-0.07582692077569235 0.10548371693857438 0.25190658365242924  738339.4166994555
-0.13060424315484923 0.0021681542342007376 0.24085028741512712  738339.416700607
-0.1673343367810193 -0.09871314544857175 0.2424725051391794  738339.4167017762
-0.19660660746806416 -0.22751761571638002 0.26111331726590803  738339.4167031014
-0.2062410565154723 -0.31274246099436864 0.2867604617156589  738339.4167040848
-0.20762704832362663 -0.3930230314778422 0.3299356034816361  738339.4167053584
-0.21303411964850041 -0.4264510290141933 0.36434581467775573  738339.4167063894
-0.25119943377753196 -0.40441969248404724 0.4088082580336616  738339.4167076767
-0.2759685447492936 -0.39873823987558865 0.43412869887095495  738339.4167087148
-0.29889894590340627 -0.40730037934280566 0.4600306554102708  738339.4167098829
-0.31813389892716387 -0.42891415726284243 0.48834430706054555  738339.4167111502
-0.34288857550922325 -0.4486539619671949 0.4989959057290663  738339.4167121474
-0.40409778707254795 -0.4728207196819195 0.5053970411824893  738339.4167133502
-0.4692501105315293 -0.4944647989265688 0.5164208608988841  738339.4167144994
-0.5257205926041459 -0.5163116425130881 0.5378141330801939  738339.416715664
-0.570170626192378 -0.5326596729840399 0.5809727677097808  738339.4167169397
-0.6194744704096068 -0.5475786547741881 0.64910149988853  738339.4167179757
-0.6775075010590844 -0.5610210011778086 0.7723365302138934  738339.4167191836
-0.7685114593936895 -0.6007577539759004 0.9632567696233105  738339.4167202457
-0.8982029523920121 -0.662474116392309 1.0736392131106696  738339.4167215689
-0.973990222332795 -0.6799530646897183 1.0853591475365831  738339.4167225625
-1.0747484261275824 -0.6822909579396184 1.050713629200829  738339.416723824
-1.1595764857101827 -0.6831865533177444 1.0105345074003669  738339.4167249161
-1.19527619241093 -0.6927156364395414 0.9712656412587077  738339.4167260807
-1.2006481310139638 -0.7068189772726432 0.9413981256584654  738339.4167272284
-1.2003247862446422 -0.7243242291649263 0.9129902367615228  738339.4167283905
-1.2016388721563356 -0.7448774523396547 0.8935822954741321  738339.4167296764
-1.2026433177063351 -0.7635731203200712 0.8863454498635128  738339.4167307158
-1.1997089260996598 -0.7712154635920883 0.8813570514360446  738339.4167319891
-1.1936094977727123 -0.7696270864512392 0.8834313143932084  738339.4167330207
-1.1774107159256937 -0.7516689558455343 0.8839576719487685  738339.4167343264
-1.1441420306223526 -0.7156133146768876 0.8734649577118021  738339.4167353248
-1.0724105491361098 -0.6561973668616602 0.8333552761803442  738339.416736527
-0.978415651739515 -0.6039694463345202 0.77501821818811  738339.4167377708
-0.8793961385806329 -0.5673331728070851 0.7128880766254291  738339.4167388086
-0.7939978662639716 -0.5431318681886214 0.6575065142515912  738339.4167398703
-0.6864227853264181 -0.5210441507454714 0.6077519910733495  738339.4167412516
-0.6117091017871327 -0.5071507808257255 0.591335601027847  738339.4167422872
-0.5349088430892356 -0.48439366230848113 0.5875636704059604  738339.4167435531
-0.4699397540669945 -0.4620411603601006 0.5888508297964231  738339.4167445863
-0.40024162876615976 -0.4371749786296142 0.5816929392495355  738339.41674575
-0.3266474950410275 -0.4042983036734145 0.5656884646782101  738339.4167469419
-0.2614470035931367 -0.3643402374016883 0.5508412237249828  738339.4167480554
-0.18850550662760288 -0.31459553215067976 0.5366045346719676  738339.4167493407
-0.13666737329080617 -0.27704533885100446 0.5278419488925143  738339.416750378
-0.09381709468053405 -0.24382468760090523 0.5189203287201071  738339.4167515442
-0.05209701528142815 -0.21119978796076444 0.5072436950800294  738339.4167528216
-0.025568005536062716 -0.18739807886524842 0.4993625496635674  738339.4167538013
-0.0007763340352358672 -0.16130175234410632 0.48981307266423424  738339.4167551262
0.017239522203773894 -0.14158319668349545 0.4784584796635205  738339.4167562007
0.03056223783294883 -0.1259927003057556 0.46711976963843627  738339.4167573289
0.041989097074352943 -0.10805786100151896 0.45181204307124456  738339.4167585969
0.049679486421801256 -0.09471375096455827 0.4439013934533023  738339.4167595844
0.06274157371990673 -0.07782320495906446 0.43823083014852177  738339.4167609115
0.07441960143080743 -0.0633901076304583 0.43886981112156326  738339.4167619268
0.08865074082039318 -0.038344942412540314 0.44473139290829067  738339.4167631661
0.09655202811493284 -0.017664483805977873 0.44361827927668224  738339.4167642649
0.09846813931403198 0.005101261271212613 0.43483889334539766  738339.4167654329
0.09631918837266587 0.02566018150106206 0.4241222128110129  738339.4167665897
0.08727539711662691 0.044808268292810954 0.4185709464044162  738339.41676775
0.07077267978304763 0.0668926334566614 0.415718094124773  738339.4167690282
0.05232616257584356 0.07644931723885064 0.41081307265896333  738339.4167700515
0.015809662286803455 0.08901601752462618 0.3982532990040707  738339.4167713333
-0.007676706800807981 0.10282929714763328 0.3935544277499189  738339.4167723734
-0.033366242761547656 0.12871287095382733 0.39415457306797913  738339.4167735332
-0.04866551735571499 0.15282272697316804 0.39483774804409444  738339.4167746806
-0.0589192790007366 0.17645979499224776 0.39479596381396054  738339.4167757372
-0.061441775088669215 0.1991123523056641 0.3931818872221116  738339.4167770001
-0.04897595609120248 0.2149162251723267 0.3939725215787303  738339.4167781608
-0.027141383492850134 0.22204883968530761 0.3933210968523703  738339.4167794404
-0.004960987699090041 0.22168631200660038 0.38972026306964513  738339.4167804737
0.027186928231365586 0.21672990829267308 0.38439573281356615  738339.416781752
0.04893195988541397 0.21224897553176508 0.3817208364832745  738339.4167827247
0.08361320667837137 0.20053670972247167 0.37951721120778215  738339.4167840687
0.10852019670097682 0.18921233380651745 0.37961265670552546  738339.4167851029
0.14410838683024457 0.17188758766174103 0.38382998964739057  738339.4167863858
0.1641920203583269 0.16108666473407762 0.3885473751626861  738339.4167873821
0.1865061844406088 0.1453727277964872 0.39489345840796725  738339.4167886273
0.2013774279082175 0.13281434606899162 0.39737632290320163  738339.4167897262
0.2100919111829063 0.12252929502600461 0.39581791420855433  738339.4167909011
0.2244773915977664 0.11088071922357232 0.3942747256554409  738339.4167921675
0.2453887321321339 0.10701337810576654 0.39890197662658533  738339.4167932107
0.2745871349051351 0.11081929345237487 0.409118038227834  738339.4167944839
0.2995203702146283 0.1195784260372495 0.41826316862509905  738339.4167955209
0.3151874486322458 0.1320786285812447 0.4246260530941263  738339.4167967301
0.3177840512532758 0.14611521536573097 0.427690686377817  738339.4167977959
0.3010900227580594 0.16673064823756104 0.42431821704166195  738339.4167990517
0.2700610135125832 0.18949659496276494 0.41312678877698444  738339.416800112
0.22841262615837 0.22137371888404778 0.3965216486130121  738339.4168013149
0.18203293483562466 0.27029397756111195 0.38572108335049615  738339.4168025928
0.1513071797270544 0.30648261992583237 0.38288761070537  738339.416803617
0.12554334611439844 0.3389146310718173 0.3839986613948171  738339.4168048189
0.114976600794067 0.35491099555320454 0.3848790780904576  738339.4168059417
0.11572136430138923 0.3571338038214393 0.3849207313147207  738339.4168072102
0.11812285992132994 0.34931697277189677 0.3808402551556294  738339.4168082536
0.10878610199921615 0.3177267060708639 0.35926364163241076  738339.4168094175
0.09203251596582047 0.2679656259872331 0.32478989018311627  738339.4168105691
0.08317373694289315 0.20674744907820444 0.29508787471490056  738339.4168117292
0.07514334145522163 0.14701806873679488 0.29337281379517605  738339.4168130533
0.045433350865274114 0.1085470515647124 0.300842366053506  738339.4168140448
0.007229030700423044 0.08966976573267925 0.3019154679397968  738339.4168152519
-0.022954018745846568 0.09385974689963388 0.3064758318164606  738339.4168163476
-0.040764449871013186 0.12563227632939994 0.32294612105785425  738339.4168175117
-0.02444892793942212 0.17235050998647936 0.34269713633529625  738339.4168187849
0.00687987327728467 0.20395652990242505 0.3595707268251395  738339.4168198222
0.054712066145136254 0.230659875339719 0.3800272657577793  738339.4168211081
0.08831949406243007 0.24511548556313964 0.39151099875832523  738339.41682214
0.11675183367493433 0.25470246505826294 0.3978447316910588  738339.4168233078
0.13800997984078028 0.253244518987491 0.39746802697878625  738339.416824464
0.15070644299608865 0.2429244343704127 0.3947713423130261  738339.4168255475
0.14985052546268712 0.2193946116447893 0.38379253547131553  738339.4168268912
0.1412026990008467 0.19430735938595398 0.36453179379306444  738339.4168279328
0.12822973378293737 0.17748435144195523 0.34934529217807053  738339.4168289689
0.11168397371654709 0.17084656596263398 0.3402523992337563  738339.4168302247
0.09280497569174415 0.17358227660773756 0.3364538620982012  738339.4168313104
0.07141629957974721 0.17779205514794122 0.3335696525345481  738339.4168327379
0.059953609582169096 0.18071054446531656 0.3330178900917664  738339.4168336539
0.052996217777747344 0.1886218514077965 0.33614707412622435  738339.4168349887
0.053484354023845014 0.1851426246837375 0.33556212101173705  738339.4168360231
0.05566490262068023 0.16191983992964504 0.3268908403744683  738339.4168370654
0.06447511131580559 0.11785940066233916 0.32706997875112864  738339.4168383394
0.0752340985667816 0.055566035320222466 0.32948242025871427  738339.4168394997
0.09160205969650813 -0.03422299585108428 0.3380232227357823  738339.4168407848
0.10719321409424805 -0.10049020109040775 0.35325141638988605  738339.4168418127
0.13132977772329374 -0.17589026673183067 0.3832760506290454  738339.4168430965
0.15106878126853493 -0.22475503605564198 0.41335125381393123  738339.4168440719
0.17650445321347827 -0.2849337855921499 0.45321480068979736  738339.4168454122
0.1933572556612212 -0.330124259402133 0.4761636907488054  738339.4168464058
0.2109309336875897 -0.37434622024427505 0.4961718502627821  738339.4168476589
0.22974516482354737 -0.4209737285048829 0.5324698395040508  738339.4168487629
0.23908565955891933 -0.4564053255323168 0.5715583167022779  738339.4168498205
0.23577203199642818 -0.49968383115971776 0.6089087241540501  738339.4168510736
0.21889009715293098 -0.5322568478194973 0.6149490080472635  738339.4168522896
0.1766084396623978 -0.570642999738178 0.6075290115995832  738339.4168535137
0.11937692092439157 -0.6017574359931682 0.588027627563301  738339.416854548
0.052982645826531456 -0.6301942988620761 0.5589065595748152  738339.4168557463
-0.012595337352979684 -0.6535363114570163 0.53367004325299  738339.4168568194
-0.09326274098704031 -0.6844810724263701 0.5215718155460811  738339.416858084
-0.14660656867856905 -0.7241947105512744 0.5369366349431823  738339.4168593037
-0.17157696987858967 -0.7594172894891394 0.5681317188019667  738339.4168603476
-0.19680294599181292 -0.8023287604864409 0.6233973941492823  738339.416861621
-0.23515922174734158 -0.8456929389654878 0.6914248769363912  738339.4168626596
-0.29767493983298954 -0.8877397896579674 0.7563899379596888  738339.4168639348
-0.3568758497461185 -0.9104013217982119 0.7930263872026304  738339.4168649553
-0.448324670273622 -0.9309318806844348 0.8299529763162549  738339.4168661331
-0.5559919227012491 -0.9353520751419149 0.8434872124322189  738339.416867431
-0.6569662549325999 -0.9262024591398508 0.8510464171737953  738339.4168684391
-0.8712243176507972 -0.8856879615895245 0.8634290192936678  738339.416869712
-1.0461059472195269 -0.853870123173419 0.8737662757827007  738339.4168707351
-1.2712607205654987 -0.8169241532727283 0.8739864562379736  738339.4168719202
-1.4938630759864742 -0.791735878109273 0.8652784191986232  738339.4168731876
-1.640059374596321 -0.7770211139678729 0.846900828890971  738339.4168742101
-1.7664114603893466 -0.764143084214869 0.8272165322224854  738339.4168754149
-1.8726655711172444 -0.750080181770886 0.795886811235104  738339.4168766664
-1.9340823152229425 -0.7407519533668966 0.7703924855001623  738339.4168776884
-1.988699378314533 -0.7358756754986246 0.7444024411630326  738339.4168789726
-2.017547086584782 -0.7322346893319468 0.7236309431661639  738339.4168799965
-2.027767438305934 -0.7268743467817688 0.7021591102849066  738339.4168811737
-2.024509109616181 -0.7257871418598522 0.683560063208061  738339.4168824825
-2.029985058037919 -0.7270269960385465 0.6715853931457303  738339.4168834938
-2.0387389916754115 -0.7267375252585181 0.668983559364918  738339.4168847649
-2.047471713491104 -0.7254775772000995 0.6667153478453597  738339.4168857915
-2.0486884729366506 -0.72407908125467 0.6666068402837473  738339.4168870738
-2.0482354597493226 -0.7218688278854208 0.666611634893351  738339.4168882692
-2.0583729749503803 -0.7127312843366295 0.6675945715283514  738339.4168892764
-2.0942206863409476 -0.6988916983112696 0.6689558061644362  738339.4168905835
-2.1130421554146817 -0.6934489902757307 0.6699101974068382  738339.4168916263
-2.1221951068830993 -0.6912241835030195 0.6663238527409506  738339.4168928606
-2.120201784702822 -0.6910561664997588 0.6661354938690047  738339.4168938623
-2.1219965873273385 -0.6911314704719207 0.6647004959366073  738339.4168949466
-2.1220621522302774 -0.6910727190855882 0.6647168745989782  738339.4168962047
-2.1220846159689986 -0.691094385452167 0.6647243554185038  738339.416897379
-2.1220826815684966 -0.6910660578458773 0.6647540226229954  738339.4168985803
-2.122111507519068 -0.6911059338543669 0.6647014809571473  738339.4168996708
-2.122096422218106 -0.691096043808822 0.664710602379644  738339.4169008506
-2.1220472813338285 -0.6910905661068406 0.6646832752058456  738339.4169021186
-2.1220680660524107 -0.691110129036533 0.6646842439987402  738339.416903154
-2.1220607762867925 -0.6910859829025674 0.6647036774227666  738339.4169043162
-2.12205604552037 -0.6911248681897073 0.664694862674195  738339.4169055839
-2.1221020240302195 -0.6910837042392575 0.6647124866427125  738339.4169066298
