% wand_x wand_y wand_z  738339.4318127044
-0.3944443294451866 0.02438549438179846 1.8675404842821668  738339.4318139622
-0.3972645529985456 0.02688664650129489 1.8617837308968659  738339.4318150339
-0.39913149739105264 0.030703174685510395 1.854789689557457  738339.431816292
-0.3967735340365531 0.03482752877007708 1.8504649657207701  738339.4318173779
-0.3914891682865638 0.03867080652325376 1.848474898703555  738339.4318186356
-0.38881271836322145 0.03947814497132249 1.8497037420032107  738339.4318197282
-0.38807170776111233 0.03851144392543069 1.8508883262061386  738339.4318209945
-0.3881925895616349 0.03754864195105361 1.8517635694786891  738339.4318220817
-0.38632334801965934 0.03901316776251537 1.8460898633675296  738339.4318231662
-0.3710603868866045 0.05068394906103132 1.8103990507320815  738339.4318244416
-0.34742415812488153 0.07525244945464088 1.7362018694066392  738339.4318255158
-0.31089398619642905 0.11264156985440744 1.6250416708775588  738339.4318267774
-0.2826388096012384 0.13592490907530624 1.539281958094846  738339.4318278574
-0.2556892213534899 0.15424914306909232 1.461575514717799  738339.4318289403
-0.2256556774575061 0.17168951573448438 1.3756075562664956  738339.4318301992
-0.2009996379804044 0.18275684334356732 1.3097895881624944  738339.4318312769
-0.1684452672078794 0.19303920363431762 1.2332344029493665  738339.4318325418
-0.14093768762076245 0.1986760886759551 1.1647932051989949  738339.4318336203
-0.11284604456761808 0.20090128849593572 1.090377854473518  738339.4318348716
-0.09006925413285861 0.19863653465240275 1.0296334868161485  738339.4318359607
-0.06783291140180135 0.19224132136237718 0.9699825083382891  738339.431837032
-0.042642335810578094 0.17958195896567905 0.8939504299778762  738339.4318382967
-0.024290367779383724 0.16617141782209674 0.8338404545366676  738339.4318393779
-0.0039984813867587074 0.14763867944986545 0.7660417367165364  738339.4318406249
0.015675491514073773 0.12974162118476085 0.7104895803485084  738339.4318416994
0.03705029317060283 0.11060791165195595 0.6582869794192292  738339.4318429456
0.057054680724800695 0.09217086426216387 0.6137520283118612  738339.4318440257
0.08043002903628056 0.07002134374071647 0.5660052005593156  738339.4318452608
0.09877613597657248 0.053313801141633005 0.5333693144409551  738339.431846352
0.1216517451127515 0.03760527832960696 0.5057924594438415  738339.4318476089
0.1355415835848754 0.03413728444778988 0.5009121238792451  738339.4318487016
0.1470548023028546 0.03635391749548628 0.5053317811235128  738339.4318497882
0.15695176646841494 0.04239262398041955 0.5157050019722443  738339.4318510595
0.16263632997271166 0.04839334203123289 0.5265523267616352  738339.4318521412
0.17194787102128034 0.05816907379023456 0.5469583051056293  738339.4318533925
0.18768931779466033 0.07428989829123603 0.5790905238274784  738339.4318544718
0.22012599191229926 0.10694616324783657 0.6434330818106946  738339.4318557066
0.25112495096686577 0.13632783039742644 0.7114072140690558  738339.4318568013
0.28565793013954155 0.16476250729501143 0.7929328939743234  738339.4318578786
0.3333470445582437 0.19344297433415225 0.9036284062229162  738339.4318591357
0.3762550041097125 0.20973953565583284 1.00164485572213  738339.4318602238
0.430376207289816 0.21931812099426795 1.1265142418973748  738339.4318614652
0.47629689757013866 0.21937350858535978 1.2368726371023357  738339.4318625297
0.5184341044023273 0.21231099079429525 1.3456344836542937  738339.4318637913
0.5507101565146494 0.20064731746764378 1.4356847012133216  738339.4318648803
0.5857489352006365 0.1792793422983561 1.5439638144005967  738339.4318661198
0.6055319451968003 0.16198053271561377 1.6088917167612602  738339.4318672032
0.63744211295437 0.13571400784645488 1.6888675922666456  738339.4318684451
0.658891038396304 0.11793922119196533 1.7398694815101219  738339.4318695238
0.6772956715714061 0.10018308702279707 1.7849469821428798  738339.431870601
0.6996531224559083 0.07891526455514905 1.8274657520273976  738339.4318718689
0.7138914165763058 0.06304204323242486 1.851395251278139  738339.4318729279
0.7230578104595917 0.04669048014520821 1.87088290330291  738339.4318741723
0.7266832101883643 0.038580086207716524 1.8758542444482937  738339.4318752595
0.7291677909783274 0.03343956220189347 1.873331932895107  738339.4318765104
0.7274553770016672 0.030015004116924378 1.8707030236866826  738339.4318775835
0.723313390686717 0.026151626814039392 1.871390465989039  738339.4318788503
0.7220978794198342 0.023920947809304097 1.869610673706767  738339.4318799175
0.7195563285293416 0.024037560943262544 1.8624930572696563  738339.4318811803
0.7163369837974137 0.024789123186939505 1.8548251184489397  738339.4318822501
0.716683749596731 0.024468144456606163 1.850105409832991  738339.4318833293
0.7194884316590112 0.02068813573286828 1.8496306186863036  738339.4318845876
0.7129536865420476 0.01323199429642848 1.8619058986439971  738339.4318856754
0.6825273247226752 0.01363658301353549 1.8805810185153167  738339.4318869499
0.624265974374724 0.021366443472230764 1.9060700910749169  738339.431888017
0.5424792564689316 0.03127242466437168 1.9336216005014135  738339.4318892657
0.4472589391954602 0.04319562454099085 1.9544546508949685  738339.4318903426
0.3357770965519113 0.055651365125680016 1.9695075113476226  738339.431891599
0.24063974384478135 0.06200293448779446 1.975323195526871  738339.431892698
0.1431423401851749 0.06271812962181414 1.9754595209815073  738339.4318937684
0.024008006722948987 0.06275781095935763 1.9593056046662642  738339.4318950217
-0.07674465205864325 0.06337910057255275 1.9268165437480307  738339.4318960956
-0.16641640812630765 0.06121429140437101 1.8825726700087462  738339.4318973618
-0.2449618447861727 0.057603331604084596 1.8291056149431668  738339.4318984346
-0.3103646230185968 0.05445886208075503 1.7697151510608966  738339.4318996805
-0.3591067649241473 0.052503158168470024 1.713489498340733  738339.4319007698
-0.41943919362897614 0.04748590530945345 1.6290358394118618  738339.431901993
-0.45594653691529907 0.040180597984430716 1.5691412311373276  738339.4319030617
-0.49755393200686887 0.027569359341898008 1.4827315650545363  738339.4319043047
-0.5233559256625278 0.016782857741946915 1.3981270561242036  738339.4319053757
-0.5370256709372022 0.008070883280170511 1.3102081810703101  738339.4319066267
-0.5380297506075675 0.0010668301465403681 1.2227274140377227  738339.4319077266
-0.5261843373048273 -0.003499599868442375 1.147140770259182  738339.4319088153
-0.49617801811170253 -0.006182016045412885 1.0557458565369797  738339.4319100631
-0.45492649620385395 -0.007060566766772705 0.975668698045327  738339.4319111555
-0.40233227258307613 -0.009013110066893038 0.8995232024650092  738339.4319124017
-0.33977856622985503 -0.011207495355379246 0.826207212020518  738339.4319134813
-0.25961043344703677 -0.011433057505574995 0.7570090991778349  738339.4319147274
-0.18519055289651687 -0.008551849348569692 0.7103577301992989  738339.4319157966
-0.08722812402056107 -0.00031277568050538674 0.667670812839419  738339.4319170679
-0.006624775042717547 0.009420260483593009 0.6455338170665134  738339.4319181505
0.07188181007718705 0.020767675593421072 0.6339860383653331  738339.4319192177
0.1650363810866546 0.03220527016329617 0.6263514477328637  738339.4319204671
0.24192495287655028 0.04106758832995868 0.6305203554908323  738339.4319215502
0.3029247812146115 0.048941673154527694 0.6448375584065981  738339.4319227999
0.3408563662492703 0.055642038408837136 0.6629874324660469  738339.431923884
0.3679253506651871 0.06160868258886624 0.680557468915961  738339.4319251286
0.3789571542387544 0.06713935338623264 0.6917355565163293  738339.4319261825
0.3809466453133456 0.07135212915794358 0.7012018193356638  738339.4319274516
0.37783493383741085 0.07262786557475823 0.7025935272231655  738339.4319285217
0.37618641612885684 0.07090568595090163 0.6915171178077016  738339.4319297704
0.38192995527694823 0.0670910750930053 0.6781799480252705  738339.4319308503
0.3909535203826269 0.06231593468569476 0.6681904876665647  738339.4319321009
0.3992852055884354 0.055972245876897295 0.654787744608582  738339.4319331913
0.407067456775898 0.04853151740071758 0.6325989078053795  738339.4319342598
0.41763957289565007 0.03832542391514295 0.5964062957936698  738339.4319355101
0.4265481122902138 0.032268064708285846 0.5626469548730834  738339.4319365788
0.43957957446429813 0.028563243518546593 0.5119924177602162  738339.431937851
0.45101661665838483 0.028498613141883 0.46340449841798115  738339.4319389113
0.46582384593174725 0.03207907942096616 0.3990853456945564  738339.4319401797
0.47941436874238935 0.033879042493071054 0.33336604267788744  738339.431941243
0.4911633878253242 0.033657063695252315 0.26684152319827015  738339.4319424848
0.49924800526491364 0.03452823585997969 0.19966560187115606  738339.4319435508
0.5016873640813648 0.0345752791240062 0.12998922242719843  738339.4319448019
0.5037969901740769 0.03274810812139077 0.07230808600799882  738339.4319458968
0.5078817195048497 0.0265904189587966 0.016636844573576188  738339.4319471413
0.5141507909030656 0.02259133753082431 -0.02241947895027344  738339.4319482123
0.5151682865595179 0.02535034171160685 -0.026449498577287782  738339.4319494623
0.515533462398368 0.02546194377440302 -0.02634620751018623  738339.4319505491
0.5158196241910575 0.02576950133675457 -0.025026300416376403  738339.4319516387
0.5156994660675636 0.02597972780611361 -0.025223777874584713  738339.4319528913
0.5157270447771034 0.02599614337165049 -0.025375277742224502  738339.4319539643
0.5157060540227154 0.02596410764438108 -0.025361543849703204  738339.431955196
0.515804141865783 0.02590754585905382 -0.025421987533360023  738339.4319562634
0.5158104860920744 0.025909589997630975 -0.025445809339877657  738339.4319575183
0.5158309185624056 0.025903304545420728 -0.025441177331386962  738339.4319585755
0.5158111142777526 0.0259114919282197 -0.02546633516460743  738339.431959831
0.5158287301208648 0.025915567713991013 -0.02547793910469618  738339.43196089
0.515810662498359 0.025912906549033457 -0.025460652930697075  738339.431962137
0.5156961337794213 0.026003365748205387 -0.02542954597578279  738339.4319632001
0.5156802969213073 0.02597970344150205 -0.025387753651252596  738339.4319644647
