% wand_x wand_y wand_z  738339.4017779808
0.2754541985037248 -0.5864169703128255 0.3702585776801091  738339.4017792474
0.2726683981999198 -0.5888264810430428 0.36569844538153534  738339.4017803286
0.2677187557045583 -0.5907521325401249 0.36228774422369214  738339.4017816491
0.263444535912816 -0.5903661576520627 0.3583906372940869  738339.4017826777
0.25902822433537087 -0.5894444065210833 0.3541073589933737  738339.4017839545
0.25588641328287487 -0.5889641415508824 0.35118667952693267  738339.4017849965
0.25432395561887444 -0.5890731590170893 0.3499013431661583  738339.4017862777
0.25197283857257735 -0.5888946593970961 0.34716814717405176  738339.4017874352
0.24866607079196806 -0.582755370528793 0.3475379743370657  738339.4017887516
0.24529623776714377 -0.5751817629447256 0.35380712312328644  738339.4017897554
0.24154119747553668 -0.5678448072403955 0.36132773295909093  738339.4017907913
0.23650598189350494 -0.5628331602738504 0.3614443024926975  738339.4017920911
0.23397462929583004 -0.5621637422657131 0.35493382444914656  738339.4017931023
0.23510811471944867 -0.5650190239212615 0.35205384169563597  738339.4017943748
0.23840088449060762 -0.5695604795338937 0.35326475909635524  738339.4017954185
0.2423397562501631 -0.5742931707869424 0.3506446736720131  738339.4017966588
0.2437814610399723 -0.5765302517814661 0.3439544084835639  738339.4017977301
0.23974900296141868 -0.57382339756514 0.34273355307306985  738339.4017989974
0.22991790508538665 -0.564677589101419 0.35240152850303164  738339.4018001735
0.2170314315337382 -0.5544413433090701 0.35747864064951734  738339.4018012065
0.19655876942540718 -0.5441628831891706 0.34816546801607656  738339.4018024103
0.16608927283696334 -0.54911344179738 0.3167305769505646  738339.4018034742
0.10371621063343524 -0.5876597679371943 0.2316492151673479  738339.4018047361
0.037929172534047886 -0.6450849732785016 0.15084738490522492  738339.4018058012
-0.050519977494410125 -0.7207555213702346 0.07633761178183361  738339.4018071044
-0.13834859011104278 -0.7678936876691361 0.03338438803318074  738339.4018081465
-0.24682735583543944 -0.8182096229978134 -0.034845195319548196  738339.4018094203
-0.24208235710919318 -0.8125427482579484 -0.029986543174218366  738339.401810575
-0.24175742145120688 -0.8107377399642963 -0.03655940761521161  738339.4018116215
-0.24138990353058337 -0.8105400662766469 -0.036828282985180864  738339.4018128992
-0.2415309530419889 -0.8110768777509911 -0.03507305985867205  738339.4018139346
-0.23748937434469922 -0.8108220427808497 -0.022038925620485053  738339.4018151617
-0.20656548686328782 -0.7788868815457164 0.07637617874875154  738339.4018162455
-0.18854490153356293 -0.7294124315738452 0.2582120156742258  738339.4018174991
-0.19826094222841786 -0.7027315694549023 0.446944693297755  738339.4018185688
-0.2265682961645667 -0.6963572652629101 0.6083785705201072  738339.4018198327
-0.2651108983707504 -0.7070154753669287 0.7294898382272615  738339.4018209025
-0.29688871564051333 -0.7229054318797417 0.7973901355687129  738339.4018219727
