% wand_x wand_y wand_z  738318.7125704981
0.3780247826948118 0.2908101747283631 0.73278740582068  738318.7125717973
0.37550108825266565 0.2975638496266522 0.7403574685025672  738318.7125728423
0.37182394961941245 0.3065894949332108 0.7545408771139519  738318.7125741141
0.36832791820317345 0.31191192949839325 0.7636707213558583  738318.7125752736
0.3657522502315723 0.3136098655112109 0.7646194258945085  738318.7125765495
0.36436986825230067 0.3112221719933392 0.7634348973742018  738318.7125775812
0.3624064099165269 0.30679914840837036 0.7607591320648913  738318.712578767
0.35797340188741483 0.30264646870056766 0.7605324889792622  738318.7125798303
0.3515533588364724 0.29586833835597903 0.7638626792482599  738318.7125810817
0.34503938300325115 0.28893009948478465 0.7708835786921411  738318.7125822158
0.3405369334669575 0.28306893948574396 0.7768257593782933  738318.7125832608
0.3378249184122169 0.2787994755600251 0.7800802073148715  738318.7125845351
0.33740788484584666 0.2765276967872984 0.7825544089791928  738318.7125856889
0.3385299142143871 0.27574552463873253 0.7839651525912615  738318.7125868439
0.3410328927429654 0.27514895635074693 0.7827672050216834  738318.7125880606
0.34390392280718324 0.2743743712539483 0.7791354677342538  738318.7125891724
0.3460430925945992 0.2734390849369936 0.776062516292618  738318.7125903235
0.3481957836576944 0.2723970991250261 0.7737350776938341  738318.7125916347
0.3487884666281748 0.27221431948659564 0.7730240922875007  738318.712592692
0.34881302398741704 0.2724447234351219 0.7728648783800967  738318.7125939027
0.34811250405979727 0.27296006032661513 0.7731312614742859  738318.7125949528
0.3472589610237227 0.2726207231620188 0.7729036265680305  738318.71259615
0.34618147091989526 0.2716924593294927 0.772164652857691  738318.7125972649
0.34518991990166653 0.2710470546279158 0.7710566821326383  738318.7125984668
0.3447680650372471 0.2707171407886855 0.7693948572716509  738318.712599749
0.34525357032416737 0.2712437591961392 0.7670869579787241  738318.712600727
0.3454087320269274 0.2723101648698997 0.765290825246625  738318.7126019303
0.3449652779050263 0.27294986025344053 0.764948321625307  738318.7126030956
0.34395438753447244 0.27325874771000014 0.7652598128626938  738318.7126040906
0.3422655825905625 0.2732537155831425 0.7658825044571457  738318.712605366
0.34047307131360044 0.2727805357170404 0.7663288126321838  738318.71260643
0.3374130123927745 0.2718979824686355 0.7675718680153495  738318.7126076764
0.3345731535593954 0.2710234344473245 0.7690685725614128  738318.712608778
0.3309425483628037 0.2695217855524705 0.7703092428544988  738318.7126100281
0.3282283629476829 0.26828836901201836 0.7719814106374802  738318.7126111529
0.32627058618804006 0.26747587730808847 0.7724751093690689  738318.712612307
0.3245228592094244 0.26693427475080944 0.7724912155913093  738318.7126135884
0.32379098926393346 0.26705679469028587 0.7728891528280041  738318.7126147278
0.32375840146429197 0.2675983677190134 0.7727911509158978  738318.7126157798
0.32527894374536714 0.26880330741223407 0.7721802202587864  738318.7126170619
0.32762182215042907 0.2708483130863301 0.7714080157965525  738318.7126180968
0.3319624640556463 0.2748151119225713 0.77090891677717  738318.7126193672
0.33725721789095087 0.28041646889816313 0.7716378284044871  738318.7126205205
0.3427801534055269 0.28639420751215783 0.7727180071161524  738318.7126215709
0.3521873062704422 0.29580967695704374 0.7746251417222094  738318.7126228407
0.3580805660575666 0.3017619821704685 0.7752760184905937  738318.7126238797
0.36171089080032287 0.30592468551173757 0.7768024592321179  738318.7126250424
0.3621489679220314 0.3086141938023317 0.7797919683837293  738318.7126263375
0.3613630915034652 0.310334098219368 0.7823336882962146  738318.7126273533
0.35901801046801296 0.3124772249075235 0.7852800971417566  738318.71262863
0.35705249919803783 0.31335051996806623 0.7895821007779577  738318.7126296817
0.3541502914729627 0.31458652920915897 0.7940654926740124  738318.7126308335
0.35238927754929433 0.31851980310293904 0.8007397491978604  738318.7126321014
0.3543330842688263 0.32240933387432885 0.8070060027453515  738318.7126331399
0.3578478184107349 0.3301573176848577 0.8136093925272982  738318.7126344127
0.3622344474375908 0.33680472761511837 0.8191021806462482  738318.712635463
0.36764389761101957 0.345149092857789 0.8215052345770636  738318.7126366429
0.3735340363121332 0.3573757750612222 0.8227710962841531  738318.7126379461
0.37844716063520045 0.3698848955942131 0.8243813416200616  738318.7126389274
0.38252119699929943 0.3840296258325733 0.8258562145400775  738318.7126400023
0.38667066479217693 0.4107243281112155 0.8266343574309237  738318.7126414574
0.3862638783593247 0.43102629776786944 0.8297999955793831  738318.712642404
0.38253923591864974 0.45158796607406304 0.8373215517893021  738318.7126434672
0.37639770537560024 0.47955143003210804 0.8492491788720528  738318.7126447136
0.3713075941464823 0.5060506145169915 0.855868739861322  738318.7126458916
0.3701590477460154 0.5303858995163709 0.861158381469601  738318.7126473511
0.3722644192451341 0.5491970064034636 0.8713702256762933  738318.7126481934
0.37779105934635004 0.5724632724938199 0.8891336415800536  738318.7126494652
0.383696554443918 0.5931810956621727 0.9033820680233331  738318.7126506448
0.3870881886379712 0.6130251405129311 0.9155624862368835  738318.7126516605
0.3888221978192672 0.6338964036590741 0.9267220456504218  738318.7126526994
0.38979444087788917 0.6597814671702624 0.9313928828900041  738318.7126541676
0.3895973367888546 0.6811591600079673 0.9323982847331932  738318.7126551326
0.3854527738937198 0.7070258859488309 0.925007102113326  738318.7126563216
0.3766002055383874 0.7281089678212727 0.9110563104428647  738318.7126574676
0.3684692129885954 0.7396510945165026 0.9025564808794801  738318.712658604
0.36056675332373156 0.7441338391087433 0.9042225919793682  738318.7126598866
0.35200417296249137 0.7471101068584203 0.9080660811816934  738318.7126609139
0.3456618707894424 0.7527521498435246 0.9140615349516396  738318.7126622417
0.3441175147697869 0.7623044110569692 0.9173770193656101  738318.712663488
0.34634278234475663 0.7736969801899656 0.9115133871802277  738318.7126644045
0.35116068094687075 0.7891957706831288 0.8952201373949038  738318.7126657901
0.3539946406188402 0.798856982214437 0.8861077755034354  738318.7126667134
0.35833664096527 0.8088971935235438 0.8781258703586119  738318.7126678685
0.3619974076202248 0.8182366519550612 0.8703030616714047  738318.7126691452
0.3656584540890694 0.8268158071999302 0.8669701468772866  738318.7126701756
0.3706948512128599 0.8376874506523854 0.8643198664743368  738318.7126714569
0.3757941506051675 0.8471658070862479 0.8615005222872112  738318.7126725882
0.381698432726051 0.8562714821558847 0.8577128235962685  738318.7126737715
0.38683117550638346 0.8622062450716133 0.8544304014668579  738318.7126748337
0.3944986804468703 0.8695892646355186 0.8505124389668285  738318.7126760803
0.400434615218409 0.8741367565999796 0.848033081394958  738318.7126771192
0.4076946834937203 0.8775065192693976 0.8458379701754081  738318.7126782994
0.41258911362830036 0.8793696963566532 0.8457017391505685  738318.7126795575
0.4172106583934759 0.8803722276824794 0.8473443671303631  738318.7126805965
0.4233723177743822 0.8801392531391821 0.8513541296825675  738318.7126818526
0.42905654413591676 0.8781205595969236 0.855093447774117  738318.7126829146
0.4353095906653641 0.8749493925333417 0.8563973236593674  738318.7126840929
0.441961670176715 0.8704175762209301 0.8534260279298992  738318.7126853403
0.44665325022615787 0.8656520024429329 0.848927753372244  738318.7126863792
0.4505349849118343 0.8593439458965769 0.8439629038316131  738318.7126875569
0.4536923345231258 0.8498525692005418 0.8421200275615077  738318.7126888381
0.45514236372870415 0.841011671001636 0.8412998707902345  738318.712689854
0.4560408280022051 0.8299389485639043 0.8397733918260198  738318.7126909164
0.457740864767783 0.8186549768283825 0.8389573206739078  738318.7126921661
0.4608686446751649 0.8102952145701017 0.8373940949263193  738318.7126933296
0.4639063417601311 0.8009088877231559 0.8334389451676218  738318.712694483
0.4653719848541081 0.7920894581708793 0.8289697602554879  738318.7126957641
0.4659183766446447 0.7834513643219743 0.8256057193441073  738318.7126969158
0.4656448328731206 0.7769874129361802 0.8240337265058764  738318.7126978394
0.4640933486740307 0.7648212947552143 0.8224594978951633  738318.71269925
0.4628404510209325 0.755810586962172 0.8197911650051632  738318.7127003588
0.4602628777438728 0.7443414306845593 0.8169431446539257  738318.7127015454
0.4577176057823374 0.7339231843292701 0.8147554007785134  738318.7127025843
0.4549840163513832 0.722382220228911 0.8113808808533298  738318.7127036467
0.450923499747351 0.7082797344552739 0.8076477435893149  738318.712705011
0.44774220485812183 0.6971862363752402 0.8052123581836466  738318.7127060615
0.44431315467082444 0.6856553644204336 0.8028051590637796  738318.7127072158
0.44117754702488254 0.6735886030415561 0.8008244426693242  738318.7127084911
0.4393138099159585 0.6656551276257904 0.8001394847123465  738318.7127098081
0.4378058376086396 0.6597632367748398 0.7993968089493276  738318.7127106885
0.4365355853994845 0.6543789382307749 0.7989095775580862  738318.7127119686
0.4359691614697102 0.6493649335215912 0.7973049162432942  738318.7127130167
0.4355167367628464 0.6443552600709344 0.7945193253412036  738318.7127141595
0.4346624370464039 0.6367939953354045 0.7916300996117981  738318.7127154269
0.433144915389851 0.629344085401098 0.7894101901252867  738318.7127164659
0.4305496146628029 0.6187501693904932 0.7867625564421923  738318.7127176329
0.4283077823599707 0.6071808209165719 0.7833795213639904  738318.712718911
0.4262900986574924 0.5978499996617634 0.7793913163543817  738318.7127199661
0.42416234845241163 0.5887412586017906 0.7746871976869103  738318.7127211998
0.42263470497088174 0.5810503093250867 0.7709654683908586  738318.7127223774
0.42076906127338326 0.5752605124343321 0.7674906669962971  738318.7127234162
0.4165681110743832 0.5719481235878808 0.7634085921845282  738318.7127245761
0.4098630206941097 0.5710518480088665 0.7596815784372495  738318.712725856
0.4027254013294862 0.5716109676997955 0.7570745921654011  738318.712726893
0.39260957580405864 0.5718946963316214 0.7555408119541532  738318.712728056
0.3780923643763187 0.5711845914655769 0.7534206272991638  738318.7127293241
0.36306819710110677 0.5687118298479753 0.7542741781047784  738318.7127305072
0.3498723702374424 0.5658352150613642 0.756829803159973  738318.7127315241
0.32995680333441724 0.5589233442762124 0.7612928277192204  738318.7127328172
0.31577342343250614 0.5521818520888497 0.7644241502778104  738318.7127338347
0.3009087273787766 0.5440470467920435 0.7669007490176932  738318.7127349954
0.2885137945698808 0.5365372464839006 0.7680074015573081  738318.7127361498
0.2717080625773602 0.5277072346306474 0.769125178322316  738318.7127374177
0.25889246309317904 0.52265043903097 0.7709436694779513  738318.7127385817
0.24754608988757992 0.5200501081494857 0.7711906417686885  738318.7127396205
0.23506138251397496 0.5191645389116863 0.7690856728543509  738318.7127407828
0.222285758899178 0.5205217831286844 0.768276020403021  738318.7127420682
0.20837520223834816 0.5234253857114574 0.7683156137758966  738318.7127431066
0.19309757945898903 0.5270251587098784 0.7677772623995543  738318.7127442501
0.17845810788760277 0.5306874413438201 0.7673641082903326  738318.7127454042
0.16548294445434258 0.5333809642964856 0.7656703167762741  738318.71274657
0.1471734965260491 0.535631076369562 0.7633742655367306  738318.7127478399
0.13102772020171125 0.5364401718474924 0.7646485751302701  738318.7127489971
0.11596092495230614 0.5361014547813463 0.7660662434979704  738318.7127501558
0.10234878562616098 0.5351101123561585 0.7653804964637384  738318.7127510792
0.08097952876815154 0.5324414656790978 0.7645311970797057  738318.7127524908
0.06723507059349099 0.5306733422792782 0.7651903669110068  738318.7127535066
0.05262331063548848 0.5297885122387231 0.7653729039087918  738318.7127547764
0.04004396947131175 0.5308996233672518 0.7660916400904979  738318.7127558268
0.026605112029288138 0.533718351069734 0.7651557817781276  738318.7127569813
0.012178509947401495 0.537773590114313 0.7649464440013574  738318.7127582523
-0.0008015921307773538 0.5405687034409289 0.765632050016761  738318.7127593027
-0.013556507468226167 0.5410826539851468 0.7661715746253245  738318.7127604565
-0.03266193601432924 0.538918096974256 0.7687435598829203  738318.7127617263
-0.045044220335752255 0.5370675707260856 0.7723767715439501  738318.7127627649
-0.06077267347833105 0.535469274290381 0.7756581966460655  738318.7127639287
-0.07485236633322825 0.5357121454688107 0.7770450163030111  738318.7127652904
-0.08525106401456001 0.5365795170312818 0.7787539533802684  738318.7127662365
-0.09999733825900714 0.5378405005507969 0.7815310812821379  738318.7127673927
-0.11301934921365828 0.5397579513391946 0.7845480707851513  738318.7127687818
-0.12482609265218243 0.5423143913570634 0.7879991818332296  738318.7127697207
-0.13437018455595962 0.543265459553402 0.7886906147994128  738318.7127708177
-0.1447095294642012 0.5436573070308065 0.7880988185771923  738318.7127721718
-0.1528036233108137 0.5424611892041831 0.786406050892572  738318.7127731877
-0.1638923000239237 0.5395774153597197 0.7854845681000268  738318.7127743419
-0.17873564410330586 0.5336149086089651 0.7848815485156329  738318.7127756856
-0.1908962749799098 0.5283238118708824 0.7851410898758735  738318.7127766551
-0.20168025719066263 0.5236296473517135 0.786307379459268  738318.712777818
-0.2117127502082157 0.5187043800786884 0.7892917702421143  738318.7127790834
-0.21779905646097536 0.5118985188897848 0.7929167499171574  738318.7127802742
-0.2201079484485737 0.5038868054645744 0.7948714860769861  738318.7127813951
-0.21983302848150738 0.4924025536996219 0.7962449647155323  738318.7127825955
-0.21796828368054114 0.48515858504343357 0.796906668223625  738318.7127837127
-0.21516904674788379 0.48073485840344965 0.7966433970707375  738318.7127847516
-0.20945806676545894 0.4772671833323542 0.7968986134198889  738318.7127860562
-0.20380372846702244 0.47413368948217 0.7933128621950415  738318.7127871987
-0.19871877519444067 0.47340292886912627 0.7874878881195677  738318.7127882261
-0.19177667676912777 0.4734548853686592 0.7794778312056357  738318.7127895096
-0.18723771715856485 0.472521687419463 0.7760462085801738  738318.7127905223
-0.179470186164311 0.4682951089623393 0.7750415139963868  738318.712791731
-0.1705796535667259 0.46116511062381677 0.7764186924915258  738318.7127930584
-0.16319013121165277 0.4557526975733058 0.7779700491184998  738318.7127940282
-0.1541715120073115 0.4503766842736663 0.7786608145601546  738318.7127951247
-0.14453566230631917 0.44723962380358356 0.7809263576432904  738318.7127966125
-0.13769677628563834 0.4474533158132362 0.7830706049543379  738318.7127975011
-0.1293076009694891 0.44974616906593906 0.7861392172054892  738318.7127985399
-0.11992308792378988 0.45352431334514615 0.7885756272666369  738318.7127999963
-0.11116710275902135 0.4557421814389091 0.7869325644405064  738318.7128011656
-0.10130048378958058 0.45631044567747414 0.7827124794686624  738318.7128022369
-0.09205600907020499 0.4561690665443241 0.7764728584925076  738318.7128033902
-0.08416208525329753 0.45596020258424075 0.7687544062987745  738318.7128044406
-0.07512811279937837 0.4551369531990625 0.758408679131597  738318.7128058259
-0.07011101112771503 0.4543129567060313 0.7523209365740913  738318.7128066919
-0.06608060027926618 0.4528167671315844 0.7442503382358899  738318.7128079099
-0.06403365592929165 0.45052824688762966 0.735166575722254  738318.7128091798
-0.06391646940693421 0.4477822766129282 0.7282257866358997  738318.7128102253
-0.06379791552358062 0.4448217272904394 0.7152821137419605  738318.7128114129
-0.06320922833547087 0.44309870056413214 0.7005466169693925  738318.7128126608
-0.06193351683602471 0.4410487565243553 0.6879292207943423  738318.712813698
-0.05959946639262321 0.438124597044626 0.672888529376528  738318.712814968
-0.05522784240184681 0.43524786782637725 0.6595592525044859  738318.7128160063
-0.05088625481500928 0.43261541083396277 0.652098525624272  738318.712817175
-0.04689338288700941 0.4290977290087293 0.6435153452919516  738318.7128184672
-0.045811798754962815 0.4260701371006384 0.6344613163352227  738318.712819483
-0.045908746924323146 0.42247941669846745 0.6257812557275491  738318.7128205219
-0.04643210383266014 0.4171394679173524 0.6143681534669737  738318.7128217916
-0.047508324109235264 0.4125805201518239 0.6036014732098168  738318.7128229575
-0.04754918386607804 0.407601436919969 0.594253945440466  738318.7128242202
-0.04836887029884716 0.4033688040524023 0.5917009433627364  738318.7128252706
-0.0502551688669482 0.3968832564013465 0.5877877743951027  738318.7128266216
-0.05072285358488282 0.389000859900153 0.5831953647491744  738318.7128275885
-0.049592190167262 0.37943234056695696 0.5775125433846141  738318.712828743
-0.04647207597270747 0.3688372503612098 0.5657228962535104  738318.7128299327
-0.042841958810014805 0.3602615478257261 0.5521777820523566  738318.7128310525
-0.040608071677088325 0.35144052625820643 0.5372804866616303  738318.7128322183
-0.039398810496016595 0.34658955697534655 0.5280985775866195  738318.7128333033
-0.03556817494870791 0.3434831729021846 0.5156845762015001  738318.7128346516
-0.032850071244066824 0.3447100805621381 0.5058982290070552  738318.7128356919
-0.03138853155001898 0.347208644488545 0.49325908235398896  738318.7128368369
-0.031539697558962076 0.35021880092694574 0.48066926366921314  738318.7128382109
-0.033609137990359146 0.35253233648775395 0.4730451492029288  738318.7128391457
-0.036310930564376724 0.3555383087939991 0.4652020453596826  738318.712840323
-0.03890479103205574 0.35674101706004646 0.45505810886242626  738318.7128417097
-0.04103508822920856 0.35574782638209934 0.4407362424405093  738318.712842633
-0.04271466760125557 0.3535430565804516 0.41581906409312713  738318.7128438114
-0.04228468081093356 0.34959091139082077 0.39628951898544407  738318.7128450838
-0.04265373982476261 0.3469342284752478 0.38701520275436824  738318.712846107
-0.042906752550643794 0.34359275849167314 0.3776739318680159  738318.7128472602
-0.04395438916973106 0.34146343556994774 0.36868996007011656  738318.7128485326
-0.044310331805373616 0.339492259385682 0.357314970172278  738318.7128495715
-0.04184247291511813 0.3364261663832364 0.3384757343180999  738318.7128509925
-0.037999754525515114 0.3361663089107525 0.3233203654866161  738318.7128518812
-0.03356961021864869 0.3367714975454209 0.30694014545424986  738318.7128530471
-0.027758736162484338 0.33788009812443154 0.28875420500402177  738318.7128542974
-0.021713952048809236 0.3397602764646015 0.2743002724597896  738318.7128555146
-0.018502928574763874 0.3422846909784776 0.26663638161590386  738318.71285652
-0.015402881079019708 0.3471557572278682 0.257573090875295  738318.7128577912
-0.013081577154296403 0.3515697827932588 0.24775105266746683  738318.7128588352
-0.011426791305564437 0.35409754247758685 0.23842020359668872  738318.7128598741
-0.008595898218692973 0.35728762979966133 0.22044485488352847  738318.7128613864
-0.007006401332883952 0.35803300768931734 0.20681274892082097  738318.7128623099
-0.00429007371687195 0.3572233855503332 0.18689161649441668  738318.7128634686
-0.0019560367357721793 0.3553406681240676 0.1661205486104517  738318.7128647652
-0.0004797553743079409 0.3545975586383936 0.15001731459922263  738318.7128657809
0.001572600175597664 0.35532091325595144 0.13220654396889264  738318.7128670529
0.0033028170116151984 0.35565721981896753 0.12363051263000609  738318.7128680918
0.00463163817340287 0.35448826028202013 0.11280465214977439  738318.7128692482
0.005727944182092596 0.3548071939659866 0.10464772645050845  738318.7128702987
0.003939258504724964 0.359311220243816 0.1098434106667664  738318.7128717083
-0.0004686999195408683 0.36707561191405685 0.13396943738017458  738318.7128727358
-0.007051851850877038 0.3759419205459191 0.16524599755090794  738318.7128740203
-0.011340902963525875 0.3849542247379337 0.19280328774935168  738318.7128750358
-0.014278724204853927 0.39582605706774104 0.22447244187405693  738318.7128762251
-0.016609406441998046 0.4030190907560544 0.24906655034296712  738318.7128775595
-0.017452802053103126 0.4042945967932688 0.2618731615944291  738318.7128785179
-0.014456761550675807 0.4023409010983046 0.27381717411372963  738318.7128796721
-0.01147102163347377 0.4006771136726569 0.28031875287933206  738318.7128809642
-0.009696734098191464 0.4015003053838521 0.2889193607668887  738318.7128819798
-0.007328176568821597 0.4045977838583265 0.30774984408726985  738318.7128830302
-0.0042767977524169375 0.411161075312619 0.3410469002242502  738318.7128842999
-0.001977845545751 0.4180675351426071 0.369554634600105  738318.7128854733
0.0017069720822988949 0.4282853728954202 0.39588939819462904  738318.7128867281
0.0053125346163387845 0.4366019007098172 0.410003286844463  738318.71288779
0.008578299540872768 0.4433149252456869 0.4207774474300387  738318.7128889819
0.010223233504266434 0.4467549068025512 0.4326881858888628  738318.7128902035
0.010585388979612236 0.445698228127798 0.4434978429851809  738318.7128912424
0.010385073234877069 0.4418884029447319 0.4542596489794044  738318.7128924013
0.009027269836252162 0.43630254907320243 0.45977819826674005  738318.7128937646
0.007675247753439956 0.4325307499481301 0.46015545408640207  738318.7128947316
0.005931326886442437 0.42904350160529875 0.4607061894617442  738318.7128957589
0.0027804995137132578 0.42725640984969254 0.46554162146041056  738318.7128971706
0.00014998444923520156 0.4280014667753255 0.4714690208915717  738318.7128981571
-0.0018672707979890627 0.4293342578001575 0.4780210839198071  738318.7128993289
-0.0030309268037921585 0.430744961521307 0.48568514082472114  738318.7129006122
-0.0035830229867106003 0.4309173078494136 0.4910239394800905  738318.7129016625
-0.0035036597863422466 0.43005234245891055 0.48952710381093806  738318.7129029322
-0.003059403983687175 0.4292098109375853 0.48092668375988895  738318.7129040888
-0.003032875507163203 0.42799623021738303 0.4648533841584608  738318.7129050703
-0.0030072747001404767 0.4234426238884278 0.44886407987419064  738318.7129063987
-0.0033211994579539035 0.4163399884454194 0.4342483177998321  738318.7129075907
-0.004434294748394433 0.4100327604592128 0.4205404169935551  738318.7129086065
-0.0057901359340126555 0.4027097992534146 0.4052835331038709  738318.7129099014
-0.006580448491669889 0.3984396545859446 0.3964134480616612  738318.7129108482
-0.007409606069384764 0.3933861397463121 0.3845013465804086  738318.7129123101
-0.006682322913031275 0.3910937210023986 0.3750600727254654  738318.7129132337
-0.006179996892446786 0.3890540310944337 0.3621341822161789  738318.7129143995
-0.005620634370378409 0.3882531856457585 0.34942157610901553  738318.7129157
-0.0049813765750894535 0.3866551500326501 0.3381697526380174  738318.7129167045
-0.00358840207518157 0.3841731853070939 0.3248677341455346  738318.7129179776
-0.0031699074110545546 0.38261778494425913 0.31541083238962764  738318.7129190221
-0.00286834361543339 0.37997582992064594 0.3024715457545621  738318.7129203002
-0.0025024206379887044 0.3757673175543885 0.2875859016112798  738318.7129214545
-0.0030861291194114976 0.3718862342774474 0.27746207689717867  738318.7129225475
-0.0029804079682853512 0.36795135921266847 0.2684101740901289  738318.7129237944
-0.0025948744657202406 0.3659248651548354 0.2616826143036272  738318.71292481
-0.0027974453875295588 0.3654000513371813 0.25639715124284335  738318.712926011
-0.0022715715477444457 0.36672332118601864 0.25033710912806867  738318.7129272342
-0.0015738834348258575 0.3690744585666831 0.24505933551901804  738318.712928279
-0.00018847158908936898 0.3727829371994265 0.23741929205975282  738318.7129294347
0.002126263132153014 0.3785692413532642 0.2237026375033864  738318.7129307046
0.0037913829893204813 0.38287972293317096 0.21252654275894825  738318.7129317545
0.005050614338651038 0.38751458480631373 0.19439829358194777  738318.712933026
0.005291093949463216 0.3896903256187284 0.18145144011036712  738318.7129341814
0.004778124411606334 0.3907657352752002 0.17192238285843842  738318.7129353586