% wand_x wand_y wand_z  738339.4035982336
0.26957080675981965 -0.1660159013709836 0.7912081146700144  738339.4035994764
0.2718973363699275 -0.16619970422219185 0.7890861491363175  738339.403600838
0.27280914070600437 -0.16605724535211416 0.7900398186017324  738339.4036018837
0.27354575094287525 -0.16575442428939482 0.7912985805979033  738339.4036029229
0.27397772955449823 -0.16524419338072097 0.7914125346337414  738339.4036041994
0.2744502037901496 -0.16463108998550785 0.7909173552500359  738339.4036052468
0.275134825849673 -0.16379613669574297 0.7890610568404408  738339.4036065126
0.2758683334118171 -0.1640532210058995 0.7888514532762664  738339.4036076744
0.2773419236193558 -0.16516728563912167 0.7903802200670684  738339.4036089514
0.27897231634085723 -0.1656276362316532 0.7913345669072929  738339.403610045
0.27994818757271106 -0.16544437615282198 0.7930568624370287  738339.403610978
0.2794626968708731 -0.16485005153557092 0.7960994396088684  738339.4036122999
0.27846143529459094 -0.1644084203181415 0.7976109568456364  738339.4036133164
0.27701582634536975 -0.16383172697998327 0.7985842901272494  738339.4036145789
0.27553048620369996 -0.1636219791450111 0.799461541595288  738339.403615659
0.27487338328998745 -0.16337749643570562 0.7989961304609656  738339.4036169754
0.27471841993207946 -0.16316877499512056 0.7990159695819532  738339.4036179803
0.2748456476448254 -0.16306088602014668 0.7999939332203573  738339.4036190844
0.27557979268598115 -0.16310152202936717 0.800162595204905  738339.4036204225
0.27637918015259827 -0.16237892859219175 0.8005403193305676  738339.4036214498
0.27778660965181345 -0.16279855110516545 0.8011962504337303  738339.4036228438
0.2800397986414588 -0.16323027958330777 0.7995926939351713  738339.4036238032
0.2824150451872222 -0.1642602013576357 0.7982716298284653  738339.4036249182
0.2851441421759442 -0.16530116810332693 0.7980463650147985  738339.4036261404
0.28698423755549185 -0.16532370157427642 0.7985391220982518  738339.4036272259
0.28754853795258467 -0.16521081392000195 0.7999775250824788  738339.4036284706
0.2871071739695508 -0.165254423295377 0.799812295729228  738339.4036297182
0.2855911336050524 -0.16600109153924594 0.7973318126253462  738339.4036308168
0.2832442780282268 -0.16728674602886812 0.7921795658170738  738339.4036319783
0.28047941747349325 -0.16821180053765056 0.7875540302074387  738339.4036331496
0.27672821223102 -0.16915405467098707 0.7786822685694521  738339.4036342971
0.27333757155360655 -0.1740026227348153 0.754503694535765  738339.4036353315
0.2726963865222061 -0.19829384015149998 0.6851484960710846  738339.4036366058
0.27665642413255337 -0.2782416271757642 0.5328234108337562  738339.4036378206
0.2723454011258417 -0.4246212681295724 0.3540408665385866  738339.4036391015
0.2535146249812933 -0.5728159054906062 0.23469062955214365  738339.4036400793
0.24554620363367713 -0.6803652332291246 0.18216904152208024  738339.4036410726
0.2805166871765502 -0.7767420186823423 0.16848049432344378  738339.4036423572
0.3441735425751133 -0.8307828773607577 0.188028257243736  738339.4036434273
0.42566922698067217 -0.8734922597199278 0.24007206739647768  738339.4036448889
0.4637364950668385 -0.9018304800393694 0.283626685279718  738339.4036458677
0.46690115644912633 -0.9306222295116809 0.31199278728510776  738339.40364686
0.406342317755615 -0.9785336370948697 0.31642985638642057  738339.403648184
0.312035667073786 -1.0205103628607293 0.2874536032377737  738339.4036492215
0.16528883402938832 -1.0737063265083553 0.23778817665105578  738339.4036504825
0.0280437345029341 -1.0893878746082146 0.21024022684656615  738339.4036516565
-0.03540002620429152 -1.0467662480421236 0.2117385708333279  738339.4036528224
-0.07338724398171463 -1.000280353710794 0.2199912351179041  738339.4036538784
-0.135781281375613 -0.957912552195168 0.22763155765165063  738339.4036551225
-0.2100942822636094 -0.93178445643859 0.22647893141840642  738339.4036562922
-0.2803335226854976 -0.9170064146304914 0.22016700659250482  738339.4036573201
-0.40032722922862846 -0.8951624723535506 0.21529702841864562  738339.4036585984
-0.4862806039419587 -0.8640140927350994 0.21688313832030762  738339.4036595867
-0.6264630238082536 -0.8023320189570358 0.21432377426070437  738339.4036609617
-0.7594232060974038 -0.75257250586743 0.20354880365973405  738339.4036619463
-0.9219921133578983 -0.7059371735746369 0.18407266023665528  738339.4036632241
-1.063666351214638 -0.6727953464610089 0.1764493873399622  738339.4036643892
-1.1484041757237977 -0.6245947417262779 0.19091045143129734  738339.4036656629
-1.1810627041087185 -0.5237594011028666 0.23941339787181146  738339.4036666952
-1.1751170986551853 -0.37238631470860895 0.30274197794590396  738339.4036677462
-1.1281548118597298 -0.1503512738664205 0.4230957145269754  738339.4036690099
-1.0689681751063693 0.005972888683842184 0.529424382450074  738339.4036700173
-0.9498930454210142 0.196923145491713 0.6783924764109034  738339.4036713311
-0.81266473911214 0.31718404031330966 0.7982474205334754  738339.4036723444
-0.6216335786715388 0.3775093266182154 0.9466617714984652  738339.4036736396
-0.45474257676769375 0.33797288267828973 1.0652538221024317  738339.4036746834
-0.31652021267745245 0.24229760117038757 1.1454589130410184  738339.4036759546
-0.2200296326469401 0.13791692775261144 1.1695270959237476  738339.4036769738
-0.12445057007381272 0.0036556120733185014 1.1065922482141817  738339.403678238
-0.06740946479501375 -0.11362402795942746 0.9758516378167714  738339.4036793676
-0.057080084742562265 -0.26194028210449 0.7719497550021678  738339.4036805843
-0.10241249440571265 -0.4133342994542056 0.631068604847456  738339.4036817425
-0.15671390044365444 -0.49653749823665994 0.5599869044213714  738339.4036827817
-0.21376933057169342 -0.5372472127643193 0.5167557938964377  738339.4036839964
-0.2573332668516394 -0.5366965225782729 0.4885600312813378  738339.4036850977
-0.3027233776747154 -0.5240395847005587 0.43751810262577484  738339.4036863719
-0.3777693334525474 -0.48740848339745196 0.36562370327923177  738339.4036875367
-0.4630277631372514 -0.46630717432611934 0.2888325785416302  738339.4036886868
-0.5324479376125612 -0.4579843904589153 0.257338993612073  738339.4036898494
-0.5568656806392908 -0.4590454269351792 0.23493141277665522  738339.4036908514
-0.539486807365377 -0.45269638804976314 0.22705096408011283  738339.4036921699
-0.49686371562703074 -0.45153815392485264 0.24457498551220982  738339.403693166
-0.439155805106929 -0.4399051782088175 0.26331047364068605  738339.4036944277
-0.41418564070316183 -0.41223022038376106 0.2500213188931934  738339.4036955187
-0.40524655740889026 -0.38118499490485863 0.22805082973547036  738339.4036967905
-0.4044351706576601 -0.3820277811945759 0.2280419950911087  738339.4036978283
-0.40916194387150095 -0.39520394941768006 0.2343411007840672  738339.4036991084
-0.4137492395598544 -0.3976238949488568 0.23261054251789573  738339.4037002666
-0.4144351369296851 -0.3912084128987656 0.22588981166036784  738339.4037014216
-0.40777925065979514 -0.383255047574995 0.22393534676424742  738339.4037025608
-0.4017838794281996 -0.378667351620409 0.22421644234885735  738339.4037036236
-0.39757368591417386 -0.3749719600256533 0.22312177568890285  738339.4037048881
-0.39686368781057163 -0.3732183364539012 0.22162920906175973  738339.4037059345
-0.3965837343471731 -0.3692268127832769 0.21605543470108743  738339.4037071804
-0.3927033531684603 -0.3622065743092552 0.2111735379918707  738339.4037084207
-0.38860887569341485 -0.35857622161916136 0.21028073668923009  738339.4037094084
-0.38813657871954055 -0.3575344368521268 0.2095780490644658  738339.4037106778
-0.393657555356436 -0.3590026576484584 0.2063588547027046  738339.403711718
-0.40129590878458965 -0.3607725429124217 0.20041063754021254  738339.4037129922
-0.40107240155737894 -0.3620233519051574 0.19911403259384203  738339.40371415
-0.3921999232400654 -0.36106835131847415 0.2026835340220196  738339.4037153046
-0.38271745658278183 -0.3584642366733221 0.2075293537315558  738339.4037163506
-0.38200540451857606 -0.3559701048656668 0.20542938504328523  738339.4037176198
-0.38825393552005694 -0.35472665780874546 0.1982925347749038  738339.4037186869
-0.3923318713654465 -0.35641880125159336 0.19586733862873457  738339.403719936
-0.39110983304868835 -0.3565486619789222 0.19666829486692425  738339.4037210996
-0.3884717607315523 -0.35139689181971606 0.19484690220492207  738339.4037223721
-0.38630033945507974 -0.35147924690880594 0.19694876544933426  738339.4037234081
-0.38588492544461866 -0.35422418781296244 0.20106220230505303  738339.403724452
-0.39381888877311755 -0.3589826549699573 0.20148280433261959  738339.4037257493
-0.4047538858572296 -0.36377079003026186 0.198024599829161  738339.4037268878
-0.4146053985644762 -0.3679185101725561 0.1941790004815897  738339.4037280364
-0.41671625375366916 -0.36883157399686806 0.1917572577917036  738339.4037291944
-0.41301868360023675 -0.36748982619282117 0.1914349961103411  738339.403730238
-0.40932334309676494 -0.36506193574135287 0.18965386323825975  738339.4037315114
-0.4091541289592401 -0.3633377253102735 0.18591993687282718  738339.40373255
-0.4102517034628266 -0.3643905980003878 0.18362662416194334  738339.403733954
-0.41034199982361075 -0.3651781239925538 0.18270246768611267  738339.4037349954
-0.4088476547512515 -0.3662047673632609 0.18235682539305423  738339.4037359784
-0.40755000229961774 -0.36573467739926385 0.18163616624350892  738339.403737301
-0.4084444750412049 -0.3658864678495223 0.1802454217893125  738339.4037383386
-0.40949804810140694 -0.3670938295697227 0.1798741298592627  738339.4037396184
-0.4094639894733259 -0.3674644477161129 0.1800208265893639  738339.4037406435
-0.40861213462458035 -0.36601977704723665 0.17911208527431466  738339.4037419246
-0.40956456199657243 -0.3619479644248353 0.17543904943950445  738339.4037430896
-0.4107022378628651 -0.3599842421618916 0.172991881910765  738339.4037440919
-0.4107375173068552 -0.3604115285610522 0.17370078457425453  738339.4037454006
-0.41100463703719 -0.3590061947530645 0.17268913737726654  738339.4037464381
-0.4120128344059138 -0.35653258284914313 0.1704693714472763  738339.403747724
-0.4125542134420295 -0.35515897840503513 0.16978881604454865  738339.4037487658
-0.4120476999309297 -0.35331605289683865 0.16903092251847787  738339.4037500875
-0.4096419855097152 -0.3523616637669935 0.16961565368368667  738339.4037510493
-0.4066028137318782 -0.35251219795086236 0.17219250611823775  738339.4037523926
-0.40735403638353496 -0.3502794338028838 0.170757935676479  738339.4037535067
-0.4077703513739923 -0.3487824040724596 0.16966649461141511  738339.4037546567
-0.4046360386117258 -0.35073001771299817 0.17421021827387384  738339.4037557631
-0.40338946087287497 -0.3509572598370515 0.17646341396556034  738339.4037568596
-0.40459118308328446 -0.3480578749481254 0.17530069609175783  738339.4037581182
-0.4016297211113413 -0.348902274497793 0.17949394670787708  738339.4037593241
-0.3937365875968072 -0.352003480006953 0.18756471491878965  738339.4037603328
-0.3807377087887576 -0.3533646648930377 0.19722803742663467  738339.4037615329
-0.3747073192961448 -0.3523492130998786 0.20286534105525228  738339.4037626015
-0.38302528211154097 -0.35215756348026483 0.20417742327072946  738339.4037638697
-0.39865084907584886 -0.34756253494161377 0.19186320619106315  738339.4037649644
-0.4012859433920194 -0.34188110838427455 0.18726012419954663  738339.4037662452
-0.3932226341548982 -0.34164133040024003 0.1928672393533901  738339.4037672827
-0.3866194794994377 -0.3422291940659485 0.19877620168507973  738339.4037685468
-0.38982367514418415 -0.34693293608184844 0.19999521436712003  738339.4037697073
-0.3943269008062717 -0.35143906795752605 0.20159499381171153  738339.403770861
-0.39620235339849336 -0.36028061737867295 0.21547159945660566  738339.4037720261
-0.40270030633338366 -0.3659641586586681 0.22222334899591506  738339.403773061
-0.408218792412004 -0.3667886718506316 0.22084309641081312  738339.4037743005
-0.38875466045394713 -0.36346478846800245 0.23199814564447563  738339.4037753687
-0.31875642082511474 -0.3440035242934648 0.2739893725431414  738339.403776626
-0.2134956093594383 -0.30459996778461895 0.3598934894349297  738339.4037778089
-0.11577891256332629 -0.2617605058397124 0.470248955628798  738339.4037790226
-0.04220771219497776 -0.22424775507134842 0.5763133689404534  738339.4037800641
0.01035215092402186 -0.191853867201608 0.6765955690390927  738339.4037811295
0.04639143538492069 -0.16282414524413166 0.7791958619023224  738339.4037824355
0.06774899851687348 -0.14783460781250485 0.8508433639892039  738339.4037834984
0.08267981274747963 -0.15326292235809483 0.9262799802248307  738339.4037847588
0.07383435372889323 -0.18273232077734675 1.0055860493734943  738339.4037858166
0.029925835757041476 -0.21697080123707532 1.0945752560106774  738339.4037870668
-0.013015805028976606 -0.22420467789978893 1.1620641088421144  738339.403788284
-0.05829337912025607 -0.2197828659020078 1.2387305746433255  738339.4037894043
-0.08495065548987872 -0.2055499808163473 1.3023648269252839  738339.4037904887
-0.0883563323887865 -0.18503273120596775 1.3418533537558592  738339.4037916142
-0.06542831353023913 -0.15371284699212387 1.3277070422404882  738339.4037928646
-0.03799380219806474 -0.09526533233543347 1.274037025796797  738339.4037939005
-0.008195333444364511 -0.017076031427204468 1.1756495395119926  738339.4037951711
0.005035298965486785 0.0452339459779732 1.0671835872306779  738339.4037963885
-0.00042966708978072355 0.10613429521137967 0.9733807221982979  738339.4037975417
-0.025847518717704025 0.1752486197295134 0.9039303532899542  738339.4037986641
-0.045936505673748115 0.21421942512283657 0.8790274845660816  738339.4037996476
-0.05745114894469496 0.24750269907260838 0.8522294096402978  738339.4038009564
-0.0590941648523385 0.25446139146748153 0.8301088911633264  738339.4038020512
-0.05733546560817208 0.24096363871615703 0.8151022689943171  738339.4038033054
-0.0448253044734889 0.20262805744466386 0.8100888534357458  738339.403804425
-0.01787513012260656 0.1458666370007268 0.8116090053633145  738339.4038057063
0.00936532372432 0.09791715165186872 0.820706110056429  738339.4038067415
0.02912989469827963 0.053853196656357405 0.8361609911427926  738339.403807786
0.052633663711115254 0.010558451325859324 0.887233184261605  738339.4038090557
0.07883945993675685 -0.013388997473967277 1.0141413441959095  738339.403810141
0.09645723041292763 -0.022352195985695496 1.1036511558945497  738339.4038112143
0.14022818780858287 -0.028123084642608192 1.076027893921346  738339.4038125331
0.1909047630768331 -0.03418543664047659 0.992942004430694  738339.4038135774
