% wand_x wand_y wand_z  738315.503612701
0.682908123314362 0.05275994522057764 0.7689052372583807  738315.5036139996
0.6816648869334415 0.05239580534844053 0.7707517977050157  738315.5036151648
0.6808553101825234 0.05219287099488126 0.77240972812155  738315.5036164932
0.6806067370733224 0.05268094945331317 0.7732325670551211  738315.5036174795
0.6801699240508406 0.0537145611011307 0.774190195173112  738315.5036185121
0.6799668587100773 0.055626267110183515 0.7748603513814181  738315.5036197567
0.6801991007510982 0.05772467581193919 0.7748730266222924  738315.5036209922
0.6797379280732091 0.05853026121961165 0.7740964624827126  738315.5036222731
0.6789627295802176 0.05857604540545233 0.7735709605718997  738315.5036232666
0.6783888122004148 0.058535624010693246 0.7742419933928102  738315.5036244522
0.6777996026017608 0.05853047200502174 0.7745244921000325  738315.5036255692
0.6770682933287381 0.058315041510325225 0.7745674291732799  738315.5036267663
0.6760628373892307 0.05794992530626699 0.7747138015589998  738315.5036278543
0.6737369202277018 0.05765470839407344 0.7753432772260935  738315.5036290535
0.6720219535761597 0.05762693993716396 0.7762118711595347  738315.5036301973
0.6706241540863869 0.05765684789450415 0.7760744807676966  738315.5036312739
0.6691926368376377 0.05738305183481054 0.7736620916312931  738315.5036326332
0.6676769844278317 0.057106692454124544 0.7711734550829278  738315.5036336739
0.6659630818475522 0.05718357398518863 0.7695547917030113  738315.5036348748
0.6648595491084401 0.05733306386719124 0.7690583392825917  738315.5036359923
0.663516620897593 0.056938494513196256 0.7682430202949856  738315.5036370318
0.6604741587670778 0.05639024557319926 0.7676026092658207  738315.5036383036
0.6570998547895337 0.05596983935283277 0.7695403796006134  738315.5036394754
0.6535232518265033 0.056151574044863976 0.7731685412885313  738315.5036407944
0.6509935902551898 0.05689663641753656 0.7757262987740504  738315.5036417831
0.6489775668630616 0.05744083590402798 0.777456560799588  738315.5036428202
0.6470674770300491 0.05699192405771036 0.7780937090803159  738315.5036440919
0.6451967529097024 0.0551164740003663 0.7778461852652191  738315.5036452808
0.6431270645752041 0.052120300110635884 0.7785782563882337  738315.5036465275
0.6414977667195704 0.049690440236417534 0.7795743751992229  738315.5036477306
0.640055863548025 0.04823238062726069 0.7799200306954789  738315.5036487269
0.638451115803238 0.04746021295474874 0.7806035609320403  738315.5036499965
0.6376641845992297 0.04811844694766141 0.7827949490671059  738315.5036510354
0.6372377019995638 0.05114808493161763 0.7851526199190437  738315.5036524368
0.636823101286172 0.055769230984028036 0.7858583655054419  738315.5036533605
0.6363512101216414 0.06358428681578754 0.7876609453792821  738315.5036546693
0.6360777785409413 0.07010699834899695 0.7902092253064631  738315.5036556385
0.6351724716192366 0.07895905473171005 0.7925808150801187  738315.5036568273
0.6336284757738874 0.08793384999301931 0.7934868811700365  738315.5036581666
0.6329216501126476 0.09489971871478933 0.7951323433072129  738315.5036592865
0.6323284203765799 0.09892612579701757 0.7966052708124394  738315.5036603033
0.6305642117578161 0.1023912443460224 0.7974254324950558  738315.503661573
0.6276423262595958 0.10435455429786451 0.7985691269753781  738315.5036627486
0.6251711848529021 0.10539687824968952 0.80052459485737  738315.5036638341
0.6230284057204035 0.10636953676436409 0.8032043577461444  738315.5036649307
0.6207933798616797 0.10682067763948123 0.8047625026040474  738315.5036662043
0.6191043270434112 0.10678265688222253 0.8044015809569541  738315.5036672432
0.6172604143434478 0.10642094193290089 0.8038186106593845  738315.5036683974
0.6159839458918871 0.10656435679132985 0.8043031278011247  738315.5036695643
0.6145195121162019 0.10775446546377716 0.805298664150989  738315.5036708514
0.6120732090641632 0.11090670768613606 0.8047870474774846  738315.5036720776
0.6090974093998068 0.11513925436582449 0.8047460700023318  738315.5036730628
0.6030627471531642 0.12354476319111105 0.8076153574113061  738315.5036743124
0.59735440079023 0.13094969264928757 0.8117797508697072  738315.5036754321
0.5920749344304035 0.13904549675148575 0.8182650550141497  738315.503676503
0.5863858698072748 0.15138185926149103 0.8267559632560921  738315.5036778048
0.5817510978801328 0.1616040344504043 0.8307271032759486  738315.5036788182
0.5772381272993001 0.1723722862273717 0.8331731621234864  738315.5036800075
0.5721092775814794 0.18657803705404458 0.8351547353060805  738315.5036812427
0.5678489046746983 0.19595734991681688 0.8379741229590704  738315.5036822589
0.5618221349790212 0.2090121441610712 0.8415027549733023  738315.5036834475
0.5558621733446659 0.22263495610608977 0.8410569506225521  738315.5036848239
0.5523384754542655 0.2347913216400089 0.8398450745565842  738315.5036857589
0.5501779223226009 0.24906261568159743 0.8384496300202977  738315.5036869127
0.5479837200871354 0.2658064195173225 0.836839612201694  738315.5036881879
0.5464495572172395 0.2792511927746129 0.8366326142184297  738315.5036892352
0.5460718291917823 0.29383761102643047 0.838711662413495  738315.5036903897
0.5451580324293022 0.3083582113463062 0.8416174790916092  738315.5036917063
0.5429281761389582 0.32131777479720147 0.8458139305412212  738315.5036927107
0.5395707756758847 0.3384609466020931 0.8519895973306657  738315.503694011
0.5376956885737924 0.3491569650316884 0.8538260740848396  738315.5036951082
0.5357131964797737 0.36399726336659105 0.8554062753544834  738315.5036963318
0.5343361804694167 0.3752034399644649 0.8558708619531538  738315.5036974811
0.5339783803937219 0.3840663809174756 0.8560817586210184  738315.5036985003
0.5341788545959179 0.39317581614275415 0.8551365989815435  738315.5036997686
0.5341078549525539 0.40199100589333703 0.8539866617694843  738315.5037008998
0.5344068730337146 0.4105706566711214 0.8555177152908354  738315.5037019647
0.5360449884128854 0.4234268041771768 0.8610177577279993  738315.5037034454
0.5375696921701651 0.4326641039127897 0.8652732592694181  738315.5037042766
0.5393435301090992 0.44562990698461835 0.8703765872377689  738315.5037054425
0.5417317100575058 0.4579422014641009 0.8770149841646571  738315.5037067009
0.5446020973335769 0.4713954609556806 0.8832776341893843  738315.5037079349
0.5472973613921497 0.48348006717876374 0.888202494915131  738315.5037090204
0.5494794721010934 0.49412025648388874 0.8901366643212669  738315.5037100991
0.5506521089074384 0.5060535230788439 0.887763766879243  738315.5037113935
0.5509379625523955 0.5143052713106223 0.884644850450719  738315.5037123631
0.5501414499844988 0.5254797776587444 0.8841756474086354  738315.5037136629
0.5481508643616548 0.5349323169830654 0.8878843166605439  738315.5037147624
0.5440753427434838 0.5462852742934458 0.8922755137914838  738315.5037160662
0.5396164125211785 0.5581941876089835 0.8947821684502206  738315.5037170447
0.5356098559246566 0.5712423546649174 0.8942493105246306  738315.5037182822
0.5324228237371015 0.5835436251960563 0.893132566634029  738315.5037193334
0.5294355283705896 0.5948810132145702 0.891716240420243  738315.5037204186
0.5247746193087874 0.6099811083231909 0.8897510027685831  738315.5037217528
0.5213262459360222 0.6195388397291687 0.8892801791649692  738315.5037228033
0.5171179038947615 0.6295026105448134 0.8900960197183145  738315.5037239619
0.5120461298809857 0.6379767819230079 0.8919299114494446  738315.5037252316
0.5077237314073806 0.6421183977002491 0.8928374234893094  738315.5037262706
0.5035098397366418 0.643809958034316 0.8933699281738702  738315.5037273413
0.4981295055168632 0.6419923473240422 0.8941954359286283  738315.5037287064
0.4945314315531774 0.6367518012556429 0.8936833465819183  738315.5037298817
0.49221800003185234 0.6289166104273513 0.8907252282962564  738315.5037309077
0.4918220116481307 0.6174182314009906 0.8859000354829234  738315.5037320629
0.4934628497282379 0.602385566768866 0.8789418661372009  738315.503733335
0.49441515244822737 0.5887041809059357 0.8713479432958643  738315.5037345064
0.4942992860460678 0.5705626533948068 0.8612679079203128  738315.5037356493
0.49405865173351665 0.5570642350777311 0.8528354307202249  738315.5037366868
0.49438032204353033 0.5393478810416805 0.837328991518257  738315.5037378412
0.49501406649073043 0.5228062826877459 0.8216398812326978  738315.5037388913
0.49532256663540414 0.5016203976833343 0.8011626489713662  738315.5037401496
0.4955056605664211 0.4803398418297269 0.7769104570088099  738315.5037413154
0.49560773232282956 0.4635802233384955 0.75528630046852  738315.5037425093
0.4951390322771084 0.44427325233929854 0.728846465334433  738315.5037437422
0.4933179426452736 0.43078511613229004 0.7045299132670153  738315.5037447927
0.4907420549447276 0.4165138145112716 0.665775403061805  738315.5037459449
0.49036353420723394 0.4060051594363168 0.6205309176460821  738315.5037472743
0.4893054889134689 0.40047015990219553 0.5800083203055815  738315.5037483824
0.4864346249771972 0.39644006092003264 0.5392931393609872  738315.503749417
0.48238618721720167 0.39241290880834667 0.5033131627681319  738315.503750619
0.47762418263322454 0.3891466606689915 0.4696898837272891  738315.5037517266
0.472376323292145 0.386288052605267 0.43405044561512396  738315.5037528845
0.4681464461300192 0.3835352418955314 0.3901027886760281  738315.5037541654
0.466073009046849 0.38168838054550774 0.3523290570164259  738315.503755239
0.466206307399227 0.3778010945088896 0.30379065155539536  738315.5037563649
0.47041905248165705 0.3689271638618898 0.2411678280035956  738315.5037576602
0.4738184698473149 0.3559622981060497 0.19036255209717293  738315.5037586709
0.4745312378683881 0.3296284187886781 0.1447754589999814  738315.5037599485
0.47369483537562806 0.3052041959340725 0.116261591525415  738315.5037609992
0.47181398365977556 0.2811890565328789 0.08719229187137967  738315.5037621461
0.46996706611448785 0.2653388427242295 0.06311462217993674  738315.5037631853
0.4667185049468363 0.25194784655247643 0.019282289978188115  738315.5037644784
0.4689260407289963 0.2492332319654655 -0.0062889734222111955  738315.5037656218
0.4690937539941975 0.24905274451552417 -0.008854655470968227  738315.5037667853
0.4688439740257626 0.24907181657961658 -0.0077142492578974285  738315.5037680457
0.46901898654436885 0.24914770504403905 -0.007588384928965504  738315.5037692954
0.4690541544169042 0.24919137584419118 -0.00747937331307331  738315.5037702082
0.46926900391057214 0.24922507310484307 -0.007453449407134509  738315.5037713725
0.46924216045578104 0.24919510786172114 -0.007506353595841875  738315.5037725677
0.4692271944418204 0.24921020930622798 -0.0074574425416985566  738315.5037737216
0.4692335758974903 0.24920804607814553 -0.007452723096941888  738315.5037750606
0.4692346894918884 0.24921292486476015 -0.007460983121813028  738315.5037760419
0.4689640892878383 0.24840173071676167 -0.007489850265750553  738315.503777196
0.4676329729716328 0.2479874308152983 -0.007228566698461666  738315.5037784892
0.46727433193950785 0.24769164459952825 -0.007238885338583276  738315.5037795024
0.4673396400747825 0.24750652941562093 -0.0073119114220704445  738315.503780738
0.4674687676942757 0.24765088637408222 -0.00750507442145733  738315.503781936
0.46736535865004425 0.2477301716750089 -0.0074316330110952905  738315.5037830096
0.4675380936831409 0.24736405680118437 -0.008631834038461749  738315.5037841335
0.4673501051770184 0.24718173257242534 -0.0094013656638597  738315.5037854089
0.4678620920954319 0.24671929792828823 -0.011304616622096534  738315.5037866017
0.0 0.0 0.0  738315.5037878485
0.0 0.0 0.0  738315.503789108
0.0 0.0 0.0  738315.5037901354
0.0 0.0 0.0  738315.5037912669
0.0 0.0 0.0  738315.5037922362
0.0 0.0 0.0  738315.5037937731
0.0 0.0 0.0  738315.503794759
0.0 0.0 0.0  738315.5037959133
0.0 0.0 0.0  738315.5037968829
0.0 0.0 0.0  738315.503798037
0.0 0.0 0.0  738315.5037992952
0.0 0.0 0.0  738315.5038004841
0.0 0.0 0.0  738315.503801523
0.0 0.0 0.0  738315.5038027444
0.0 0.0 0.0  738315.503804005
0.0 0.0 0.0  738315.5038050227
0.0 0.0 0.0  738315.5038062506
0.0 0.0 0.0  738315.503807406
0.0 0.0 0.0  738315.5038087488
0.0 0.0 0.0  738315.5038098338
0.0 0.0 0.0  738315.5038109651
0.0 0.0 0.0  738315.5038120295
0.0 0.0 0.0  738315.5038130756
0.0 0.0 0.0  738315.503814361
0.0 0.0 0.0  738315.5038154231
0.0 0.0 0.0  738315.5038165443
0.0 0.0 0.0  738315.503817837
0.0 0.0 0.0  738315.5038188625
0.0 0.0 0.0  738315.5038200167
0.0 0.0 0.0  738315.503821428
0.0 0.0 0.0  738315.5038226419
0.0 0.0 0.0  738315.5038235885
0.0 0.0 0.0  738315.5038247842
0.0 0.0 0.0  738315.5038259232
0.0 0.0 0.0  738315.5038270792
0.0 0.0 0.0  738315.5038282566
0.0 0.0 0.0  738315.5038295046
0.0 0.0 0.0  738315.5038306592
0.0 0.0 0.0  738315.5038316591
0.0 0.0 0.0  738315.5038330235
0.0 0.0 0.0  738315.5038342215
0.0 0.0 0.0  738315.503835191
0.0 0.0 0.0  738315.5038364513
0.0 0.0 0.0  738315.503837558
0.0 0.0 0.0  738315.5038387353
0.0 0.0 0.0  738315.5038399325
0.0 0.0 0.0  738315.5038411552
0.0 0.0 0.0  738315.5038419055
0.0 0.0 0.0  738315.5038434162
0.0 0.0 0.0  738315.5038444552
0.0 0.0 0.0  738315.503845586
0.0 0.0 0.0  738315.5038471083
0.0 0.0 0.0  738315.5038479258
0.0 0.0 0.0  738315.5038489674
0.0 0.0 0.0  738315.5038504107
0.0 0.0 0.0  738315.503851253
0.0 0.0 0.0  738315.5038525475
0.0 0.0 0.0  738315.5038538297
0.0 0.0 0.0  738315.5038550622
0.0 0.0 0.0  738315.5038559871
0.0 0.0 0.0  738315.5038572586
0.0 0.0 0.0  738315.5038584332
0.0 0.0 0.0  738315.5038593689
0.0 0.0 0.0  738315.5038607079
0.0 0.0 0.0  738315.5038620871
0.0 0.0 0.0  738315.5038630601
0.0 0.0 0.0  738315.5038639372
0.0 0.0 0.0  738315.5038653228
0.0 0.0 0.0  738315.503866419
0.0 0.0 0.0  738315.5038677118
0.0 0.0 0.0  738315.5038687738
0.0 0.0 0.0  738315.5038700323
0.0 0.0 0.0  738315.5038710481
0.0 0.0 0.0  738315.5038722601
0.0 0.0 0.0  738315.5038732762
0.0 0.0 0.0  738315.5038744194
0.0 0.0 0.0  738315.5038757472
0.0 0.0 0.0  738315.5038768203
0.0 0.0 0.0  738315.5038778939
0.0 0.0 0.0  738315.5038790251
0.0 0.0 0.0  738315.5038803299
0.0 0.0 0.0  738315.5038813802
0.0 0.0 0.0  738315.5038827194
0.0 0.0 0.0  738315.5038841045
0.0 0.0 0.0  738315.5038849702
0.0 0.0 0.0  738315.5038859857
0.0 0.0 0.0  738315.5038876544
0.0 0.0 0.0  738315.5038885523
0.0 0.0 0.0  738315.503889466
0.0 0.0 0.0  738315.5038907244
0.0 0.0 0.0  738315.5038918443
0.0 0.0 0.0  738315.5038929395
0.0 0.0 0.0  738315.5038942472
0.0 0.0 0.0  738315.5038953667
0.0 0.0 0.0  738315.503896517
0.0 0.0 0.0  738315.5038976367
0.0 0.0 0.0  738315.5038987135
0.0 0.0 0.0  738315.5039000299
0.0 0.0 0.0  738315.5039012616
0.0 0.0 0.0  738315.5039024751
0.0 0.0 0.0  738315.5039033479
0.0 0.0 0.0  738315.5039045021
0.0 0.0 0.0  738315.503905814
0.0 0.0 0.0  738315.5039070838
0.0 0.0 0.0  738315.5039084242
0.0 0.0 0.0  738315.503909186
0.0 0.0 0.0  738315.5039104214
0.0 0.0 0.0  738315.5039117141
0.0 0.0 0.0  738315.5039127199
0.0 0.0 0.0  738315.5039137588
0.0 0.0 0.0  738315.5039149247
0.0 0.0 0.0  738315.5039161599
0.0 0.0 0.0  738315.5039173965
0.0 0.0 0.0  738315.5039184007
0.0 0.0 0.0  738315.5039196342
0.0 0.0 0.0  738315.5039209037
0.0 0.0 0.0  738315.5039221465
0.0 0.0 0.0  738315.5039232931
0.0 0.0 0.0  738315.5039240781
0.0 0.0 0.0  738315.5039254593
0.0 0.0 0.0  738315.5039264753
0.0 0.0 0.0  738315.503927768
0.0 0.0 0.0  738315.5039288069
0.0 0.0 0.0  738315.5039299674
0.0 0.0 0.0  738315.5039310181
0.0 0.0 0.0  738315.5039324216
0.0 0.0 0.0  738315.5039334369
0.0 0.0 0.0  738315.5039347046
0.0 0.0 0.0  738315.5039358704
0.0 0.0 0.0  738315.5039370512
0.0 0.0 0.0  738315.5039381824
0.0 0.0 0.0  738315.5039394521
0.0 0.0 0.0  738315.5039404106
0.0 0.0 0.0  738315.5039415185
0.0 0.0 0.0  738315.5039429405
0.0 0.0 0.0  738315.5039443114
0.0 0.0 0.0  738315.5039451355
0.0 0.0 0.0  738315.5039462899
0.0 0.0 0.0  738315.5039474558
0.0 0.0 0.0  738315.5039486011
0.0 0.0 0.0  738315.5039498557
0.0 0.0 0.0  738315.5039509513
0.0 0.0 0.0  738315.5039519552
0.0 0.0 0.0  738315.503953125
0.0 0.0 0.0  738315.5039543965
0.0 0.0 0.0  738315.5039555924
0.0 0.0 0.0  738315.503956666
0.0 0.0 0.0  738315.5039579838
0.0 0.0 0.0  738315.5039591043
0.0 0.0 0.0  738315.5039600752
0.0 0.0 0.0  738315.5039613455
0.0 0.0 0.0  738315.5039624386
0.0 0.0 0.0  738315.5039637565
0.0 0.0 0.0  738315.5039648187
0.0 0.0 0.0  738315.5039660074
0.0 0.0 0.0  738315.5039670698
0.0 0.0 0.0  738315.5039681654
0.0 0.0 0.0  738315.5039695391
0.0 0.0 0.0  738315.5039706127
0.0 0.0 0.0  738315.5039716307
0.0 0.0 0.0  738315.503972866
0.0 0.0 0.0  738315.5039739509
0.0 0.0 0.0  738315.5039751289
0.0 0.0 0.0  738315.5039763757
0.0 0.0 0.0  738315.5039775673
0.0 0.0 0.0  738315.5039785022
0.0 0.0 0.0  738315.5039799691
0.0 0.0 0.0  738315.503981011
0.0 0.0 0.0  738315.5039820615
0.0 0.0 0.0  738315.5039833683
0.0 0.0 0.0  738315.503984384
0.0 0.0 0.0  738315.5039857919
0.0 0.0 0.0  738315.5039868265
0.0 0.0 0.0  738315.5039878427
0.0 0.0 0.0  738315.5039889622
0.0 0.0 0.0  738315.5039902927
0.0 0.0 0.0  738315.50399132
0.0 0.0 0.0  738315.5039926016
0.0 0.0 0.0  738315.5039936636
0.0 0.0 0.0  738315.5039948985
0.0 0.0 0.0  738315.5039959605
0.0 0.0 0.0  738315.5039970917
0.0 0.0 0.0  738315.5039984778
0.0 0.0 0.0  738315.5039995516
0.0 0.0 0.0  738315.504000602
0.0 0.0 0.0  738315.5040020542
0.0 0.0 0.0  738315.5040030822
0.0 0.0 0.0  738315.5040041205
0.0 0.0 0.0  738315.5040054306
0.0 0.0 0.0  738315.5040069066
0.0 0.0 0.0  738315.5040076565
0.0 0.0 0.0  738315.504008695
0.0 0.0 0.0  738315.5040097573
0.0 0.0 0.0  738315.504011154
0.0 0.0 0.0  738315.5040121841
0.0 0.0 0.0  738315.504013326
0.0 0.0 0.0  738315.5040145381
0.0 0.0 0.0  738315.5040158427
0.0 0.0 0.0  738315.5040167199
0.0 0.0 0.0  738315.504018016
0.0 0.0 0.0  738315.5040191591
0.0 0.0 0.0  738315.5040203555
0.0 0.0 0.0  738315.5040214059
0.0 0.0 0.0  738315.5040227334
0.0 0.0 0.0  738315.5040237288
0.0 0.0 0.0  738315.5040250478
0.0 0.0 0.0  738315.5040260406
0.0 0.0 0.0  738315.5040271904
0.0 0.0 0.0  738315.5040283506
0.0 0.0 0.0  738315.5040296088
0.0 0.0 0.0  738315.5040307748
0.0 0.0 0.0  738315.5040319931
0.0 0.0 0.0  738315.5040333075
0.0 0.0 0.0  738315.504034254
0.0 0.0 0.0  738315.50403529
0.0 0.0 0.0  738315.5040363871
0.0 0.0 0.0  738315.5040380568
0.0 0.0 0.0  738315.5040388646
0.0 0.0 0.0  738315.5040398804
0.0 0.0 0.0  738315.5040411274
0.0 0.0 0.0  738315.5040423529
0.0 0.0 0.0  738315.5040435947
0.0 0.0 0.0  738315.5040446687
0.0 0.0 0.0  738315.5040459641
0.0 0.0 0.0  738315.5040470376
0.0 0.0 0.0  738315.5040481613
0.0 0.0 0.0  738315.504049177
0.0 0.0 0.0  738315.5040503665
0.0 0.0 0.0  738315.5040513704
0.0 0.0 0.0  738315.5040527902
0.0 0.0 0.0  738315.5040538092
0.0 0.0 0.0  738315.5040551139
0.0 0.0 0.0  738315.5040562461
0.0 0.0 0.0  738315.5040574367
0.0 0.0 0.0  738315.5040584633
0.0 0.0 0.0  738315.5040599431
0.0 0.0 0.0  738315.504060717
0.0 0.0 0.0  738315.5040619407
0.0 0.0 0.0  738315.5040632099
0.0 0.0 0.0  738315.5040643064
0.0 0.0 0.0  738315.50406538
0.0 0.0 0.0  738315.5040666155
0.0 0.0 0.0  738315.5040677236
0.0 0.0 0.0  738315.5040688545
0.0 0.0 0.0  738315.5040699511
0.0 0.0 0.0  738315.5040712857
0.0 0.0 0.0  738315.5040724477
0.0 0.0 0.0  738315.5040735567
0.0 0.0 0.0  738315.5040746995
0.0 0.0 0.0  738315.5040759114
0.0 0.0 0.0  738315.5040769617
0.0 0.0 0.0  738315.5040781911
0.0 0.0 0.0  738315.5040793858
0.0 0.0 0.0  738315.5040805055
0.0 0.0 0.0  738315.5040816317
0.0 0.0 0.0  738315.5040828806
0.0 0.0 0.0  738315.5040841963
0.0 0.0 0.0  738315.5040852352
0.0 0.0 0.0  738315.5040869089
0.0 0.0 0.0  738315.504087463
0.0 0.0 0.0  738315.5040886865
0.0 0.0 0.0  738315.5040898017
0.0 0.0 0.0  738315.5040910474
0.0 0.0 0.0  738315.5040922657
0.0 0.0 0.0  738315.5040931661
0.0 0.0 0.0  738315.5040944293
0.0 0.0 0.0  738315.5040954801
0.0 0.0 0.0  738315.5040967701
0.0 0.0 0.0  738315.5040979096
0.0 0.0 0.0  738315.5040990066
0.0 0.0 0.0  738315.5041002532
0.0 0.0 0.0  738315.5041015395
0.0 0.0 0.0  738315.5041024167
0.0 0.0 0.0  738315.5041036175
0.0 0.0 0.0  738315.5041047831
0.0 0.0 0.0  738315.504105972
0.0 0.0 0.0  738315.5041072306
0.0 0.0 0.0  738315.5041083911
0.0 0.0 0.0  738315.504109326
0.0 0.0 0.0  738315.5041106528
0.0 0.0 0.0  738315.5041118268
0.0 0.0 0.0  738315.5041128311
0.0 0.0 0.0  738315.5041139927
0.0 0.0 0.0  738315.5041152112
0.0 0.0 0.0  738315.5041163075
0.0 0.0 0.0  738315.5041175907
0.0 0.0 0.0  738315.5041186411
0.0 0.0 0.0  738315.5041200488
0.0 0.0 0.0  738315.5041213114
0.0 0.0 0.0  738315.5041223733
0.0 0.0 0.0  738315.504123528
0.0 0.0 0.0  738315.5041244169
0.0 0.0 0.0  738315.5041255482
0.0 0.0 0.0  738315.504126762
0.0 0.0 0.0  738315.5041280087
0.0 0.0 0.0  738315.5041291324
0.0 0.0 0.0  738315.5041305207
0.0 0.0 0.0  738315.504131543
0.0 0.0 0.0  738315.5041325135
0.0 0.0 0.0  738315.5041337844
0.0 0.0 0.0  738315.5041348233
0.0 0.0 0.0  738315.5041360051
0.0 0.0 0.0  738315.5041373692
0.0 0.0 0.0  738315.5041382927
0.0 0.0 0.0  738315.5041394747
0.0 0.0 0.0  738315.5041407482
0.0 0.0 0.0  738315.504141833
0.0 0.0 0.0  738315.5041428605
0.0 0.0 0.0  738315.5041442916
0.0 0.0 0.0  738315.5041452382
0.0 0.0 0.0  738315.504146427
0.0 0.0 0.0  738315.504147674
0.0 0.0 0.0  738315.5041489451
0.0 0.0 0.0  738315.5041501224
0.0 0.0 0.0  738315.5041511623
0.0 0.0 0.0  738315.504152317
0.0 0.0 0.0  738315.5041533563
0.0 0.0 0.0  738315.504154386
0.0 0.0 0.0  738315.5041559751
0.0 0.0 0.0  738315.50415676
0.0 0.0 0.0  738315.5041578679
0.0 0.0 0.0  738315.5041592487
0.0 0.0 0.0  738315.5041602876
0.0 0.0 0.0  738315.5041615574
0.0 0.0 0.0  738315.5041625043
0.0 0.0 0.0  738315.5041639126
0.0 0.0 0.0  738315.5041652052
0.0 0.0 0.0  738315.5041660136
0.0 0.0 0.0  738315.5041673523
0.0 0.0 0.0  738315.5041683974
0.0 0.0 0.0  738315.5041696738
0.0 0.0 0.0  738315.5041709321
0.0 0.0 0.0  738315.5041719842
0.0 0.0 0.0  738315.504173185
0.0 0.0 0.0  738315.5041742928
0.0 0.0 0.0  738315.5041753897
0.0 0.0 0.0  738315.5041766084
0.0 0.0 0.0  738315.5041777662
0.0 0.0 0.0  738315.5041787823
0.0 0.0 0.0  738315.5041802289
0.0 0.0 0.0  738315.5041812324
0.0 0.0 0.0  738315.5041824445
0.0 0.0 0.0  738315.5041835761
0.0 0.0 0.0  738315.5041847536
0.0 0.0 0.0  738315.5041858157
0.0 0.0 0.0  738315.5041868776
0.0 0.0 0.0  738315.5041881932
0.0 0.0 0.0  738315.5041892222
0.0 0.0 0.0  738315.5041903537
0.0 0.0 0.0  738315.5041916441
0.0 0.0 0.0  738315.5041929221
0.0 0.0 0.0  738315.5041938572
0.0 0.0 0.0  738315.5041949195
0.0 0.0 0.0  738315.5041962437
0.0 0.0 0.0  738315.5041972777
0.0 0.0 0.0  738315.5041985515
0.0 0.0 0.0  738315.5041997533
0.0 0.0 0.0  738315.5042009426
0.0 0.0 0.0  738315.5042020392
0.0 0.0 0.0  738315.5042033425
0.0 0.0 0.0  738315.5042042893
0.0 0.0 0.0  738315.5042054551
0.0 0.0 0.0  738315.5042067826
0.0 0.0 0.0  738315.5042080177
0.0 0.0 0.0  738315.5042088949
0.0 0.0 0.0  738315.5042102392
0.0 0.0 0.0  738315.5042112899
0.0 0.0 0.0  738315.50421249
0.0 0.0 0.0  738315.5042135289
0.0 0.0 0.0  738315.5042148638
0.0 0.0 0.0  738315.5042161933
0.0 0.0 0.0  738315.504217219
0.0 0.0 0.0  738315.5042181886
0.0 0.0 0.0  738315.504219438
0.0 0.0 0.0  738315.5042207577
0.0 0.0 0.0  738315.5042217455
0.0 0.0 0.0  738315.5042229071
0.0 0.0 0.0  738315.5042239577
0.0 0.0 0.0  738315.5042252397
0.0 0.0 0.0  738315.5042265557
0.0 0.0 0.0  738315.5042275719
0.0 0.0 0.0  738315.5042287147
0.0 0.0 0.0  738315.5042297886
0.0 0.0 0.0  738315.5042310464
0.0 0.0 0.0  738315.5042320517
0.0 0.0 0.0  738315.5042334605
0.0 0.0 0.0  738315.5042346383
0.0 0.0 0.0  738315.5042355962
0.0 0.0 0.0  738315.5042366812
0.0 0.0 0.0  738315.5042380202
0.0 0.0 0.0  738315.5042391055
0.0 0.0 0.0  738315.5042401791
0.0 0.0 0.0  738315.5042412308
0.0 0.0 0.0  738315.5042425808
0.0 0.0 0.0  738315.5042437479
0.0 0.0 0.0  738315.5042448563
0.0 0.0 0.0  738315.5042460578
0.0 0.0 0.0  738315.5042471794
0.0 0.0 0.0  738315.5042483099
0.0 0.0 0.0  738315.5042495565
0.0 0.0 0.0  738315.504250677
0.0 0.0 0.0  738315.5042519502
0.0 0.0 0.0  738315.5042530238
0.0 0.0 0.0  738315.5042541963
0.0 0.0 0.0  738315.5042551958
0.0 0.0 0.0  738315.5042563502