% wand_x wand_y wand_z  738339.4024375691
0.3015956296354824 0.2456400469004777 -0.02230431803106456  738339.4024389362
0.30159323089385304 0.2456477629191112 -0.02230108789098484  738339.4024399173
0.3015903475725393 0.24564274832989885 -0.022316828420161146  738339.4024412561
0.30159359571635513 0.2456469414704986 -0.02231608299868289  738339.4024422929
0.30158397800740316 0.24563828039327057 -0.022317975583589337  738339.4024435176
0.30158434323580374 0.2456377360316328 -0.02231475923050205  738339.4024446012
0.3015889691724139 0.24564448002665315 -0.022306793193921197  738339.4024458737
0.3015826976776267 0.24564116498545344 -0.02230070523628075  738339.402447035
0.30158733574266344 0.2456424123141399 -0.022309923295499648  738339.402448028
0.3015798991461223 0.2456376464130951 -0.022316068155427613  738339.4024493528
0.30158406910867136 0.2456416011798457 -0.022309704174692354  738339.4024503821
0.30158575999774057 0.24563869271939207 -0.022308568427090617  738339.4024516586
0.30156881601352176 0.24563361067838116 -0.02230063397929887  738339.4024527083
0.301585709863669 0.24563980026723714 -0.022305871906168274  738339.4024538647
0.3015898875093762 0.24563861337608417 -0.022322091054368567  738339.4024551394
0.30157494001331686 0.24563970116680528 -0.022289156548941525  738339.4024561148
0.30157919797114835 0.24564488185896635 -0.022323097522270303  738339.4024574545
0.3016044174745603 0.24564447932842323 -0.022315824540632516  738339.4024584519
0.3015765892375812 0.24562101278122478 -0.02231552522041636  738339.4024597094
0.30158151667578753 0.24563860509058935 -0.02232799602963202  738339.4024607893
0.3015926412267245 0.24563531347952353 -0.02233192507114817  738339.4024621419
0.3015948862212477 0.24564131953564197 -0.022337419580450057  738339.4024631182
0.3015823960127457 0.24563822961325596 -0.022333818742821518  738339.4024643967
0.3015731765595155 0.2456168381627923 -0.02234680827417327  738339.4024655459
0.3015694013346505 0.2456120830402144 -0.022325566602064747  738339.402466591
0.30158851428365113 0.24563286475895532 -0.022347079289474034  738339.4024678733
0.30158017345329413 0.24563732862916127 -0.022314969925663414  738339.402468911
0.30158243775686067 0.24563451461164051 -0.022330538772689288  738339.4024701813
0.30158224777079357 0.24563752961143853 -0.02232483126110725  738339.4024712171
0.3016007479323355 0.24564384681848747 -0.02232341429058224  738339.402472502
0.30156023115520186 0.24562403878632147 -0.022331720760100957  738339.4024736771
0.30160545989708853 0.24563107323690592 -0.022336435820878804  738339.4024746236
0.30155292175710474 0.24560965905930957 -0.022366160671335674  738339.4024759735
0.3014761975355043 0.24563311494526074 -0.022524119310339586  738339.4024770067
0.30152765348527 0.24560071318026155 -0.022528980600072135  738339.4024782715
0.3015833264490535 0.24562671354725538 -0.022319434383047905  738339.4024794409
0.3015856559329254 0.24562583665571952 -0.022328058743680906  738339.402480471
0.30157871305495554 0.24562840435609443 -0.022314964785243033  738339.4024817476
0.30159921259436967 0.24562777115342807 -0.022322482154657843  738339.4024829163
0.301509980186954 0.24577749336829213 -0.02211779570024266  738339.4024839434
0.30157795668832865 0.24562243212716203 -0.022350525465572497  738339.4024852329
0.3015831150548506 0.24563009568851396 -0.02231739773343528  738339.4024863904
0.30156625700232964 0.2456104855770857 -0.02234266869546976  738339.4024873795
0.30157286950986256 0.24563374045695882 -0.02233583979667676  738339.4024886993
0.30156935322599204 0.24562141027515458 -0.022375413278756886  738339.4024898623
0.30159699051773914 0.2456326258910134 -0.02230926207982967  738339.4024908966
0.30159536378354485 0.24563229768661143 -0.022329780078676493  738339.4024921695
0.30159707876693975 0.24563546862207264 -0.022322206601036485  738339.4024933324
0.30158029603607445 0.24564142798525987 -0.022322937178231136  738339.4024943629
0.30160100441072607 0.24564137816276957 -0.02234190309151546  738339.4024956331
0.30159394107514437 0.24564433776038092 -0.022324475632622298  738339.4024968332
0.30158450465295406 0.24564613864135967 -0.022303105744448624  738339.4024978476
0.30159334741612187 0.24564032990770837 -0.022334901487633455  738339.4024991133
0.3015920268542325 0.24564109887074873 -0.022319627366424136  738339.4025001645
0.301581116533576 0.24564096766157315 -0.022321234945851056  738339.4025014335
0.30157127917825677 0.24564001996174306 -0.022329197883997825  738339.4025025917
0.3015888379089349 0.2456455567062821 -0.022336167906767176  738339.4025036304
0.3015435894314357 0.2456172288350334 -0.022328917540118263  738339.4025049075
0.30158762658134436 0.24563172029427707 -0.022329002892012985  738339.4025060841
0.3015804479791402 0.24564735952608835 -0.022331107458213165  738339.4025072029
0.3015535800748594 0.24563564467227952 -0.022331527792398942  738339.402508372
0.3015797950630169 0.24564954425845462 -0.022330305499963603  738339.4025095353
0.3015862473629227 0.2456447689458986 -0.022330380178145287  738339.4025106791
0.3015944723486818 0.24564739369681649 -0.02233291646320989  738339.4025118416
0.3015916606000877 0.245644401320627 -0.02232329263755967  738339.4025128768
0.3015617884029116 0.24562932660467252 -0.022321117507778963  738339.4025141586
0.30158970530489126 0.24563972259780548 -0.022317594821244065  738339.4025151903
0.30156027661308044 0.245628915122854 -0.022319580072552837  738339.4025163611
0.30159752048275473 0.24564304866916303 -0.02233568899239562  738339.4025176307
0.30157222135761236 0.24562846998477378 -0.022325429788885222  738339.4025186682
0.3015917316824155 0.24563860295627915 -0.022344668305812956  738339.4025199368
0.3015851550064072 0.245645482750061 -0.02232237875085252  738339.4025211036
0.3015393979836647 0.24562252674825527 -0.02244332191890886  738339.4025221321
0.3015697842717865 0.24562960649651053 -0.02238273513290709  738339.4025234142
0.30156308466272275 0.24563081901611034 -0.022332250602130316  738339.4025245779
0.3015884305926775 0.24563982738363077 -0.0223387753811344  738339.4025256198
0.3015870831939032 0.2456462859055149 -0.02233057952193738  738339.4025268895
0.30159220112771046 0.2456887333556104 -0.022335228380690395  738339.4025280529
0.3015985285075612 0.24569887461279408 -0.0223648259608707  738339.4025291954
0.30160990064042104 0.2456911029376118 -0.02234008922307695  738339.402530373
0.3015899948451975 0.2456858906641614 -0.022393440854149  738339.4025314009
0.30158773618778467 0.24569470687101932 -0.02233813774607137  738339.4025326725
0.3015645820519541 0.24567551310635943 -0.022345502042341023  738339.4025338322
0.3015989366541171 0.24569428362121193 -0.02233709535368222  738339.4025348712
0.3015608773460557 0.24575697535566457 -0.02224515991716531  738339.4025361435
0.30158800334340113 0.24560213326226832 -0.022187048550832467  738339.4025373185
0.3014550225185863 0.2442103289521837 -0.022614266631085976  738339.4025383578
0.3013090807156654 0.24096794269517105 -0.02275786514397271  738339.4025396216
0.3012861879312228 0.23697628837745474 -0.022693159408183994  738339.4025406619
0.30169839533768866 0.22709686467709178 -0.02238793264404529  738339.4025418194
0.30326923526538985 0.21083873388957688 -0.02162443116113822  738339.4025430988
0.30456505159320135 0.19796862291300915 -0.021974689008586627  738339.4025441364
0.305778969981956 0.1859388841927317 -0.022355504090428316  738339.4025454031
0.3061904313805248 0.17556566231996298 -0.022611110834693405  738339.4025465796
0.30647082983470225 0.16693187687955663 -0.022595485421576703  738339.4025476046
0.3068276909316219 0.1546521823155456 -0.02290058094691957  738339.4025488929
0.3064771412942713 0.1428200262648632 -0.023243069035448448  738339.4025499293
0.3061225504517356 0.12884755767531725 -0.023426605134971967  738339.4025511917
0.30566743240805366 0.11637089584660874 -0.023636420702579836  738339.4025523656
0.3052942319798646 0.10659459416994899 -0.023634864262096534  738339.402553406
0.30497926163188344 0.09546757921983645 -0.023663153624409763  738339.4025546709
0.30483448189396395 0.08944728298339415 -0.023850280902150196  738339.4025557023
0.3043910494631418 0.0809396279043558 -0.024132208378489093  738339.4025569814
0.3038301376453207 0.07430211049179633 -0.024192236716866673  738339.4025581446
0.30346310751235955 0.06894155132674344 -0.02438090353106752  738339.4025591922
0.30327755131885686 0.06296949048548192 -0.024596014937275684  738339.4025604571
0.3030672782452124 0.05463154929643251 -0.024536653420755103  738339.4025616589
0.3030250811052826 0.0466942125613942 -0.024539190349785144  738339.4025625802
0.30325163090049195 0.03390103111707388 -0.02485702821599579  738339.4025639344
0.3035449891733646 0.024613738895972497 -0.02481508489356137  738339.4025649601
0.30344420239901887 0.01627322141081626 -0.02500888001938458  738339.4025661887
0.30336454295633253 0.012923574315801248 -0.02497930076903668  738339.4025672848
0.30340858317798425 0.011188694816415035 -0.02522461218810619  738339.4025685545
0.3034360148915697 0.010849998196780392 -0.025318753155834532  738339.4025695955
0.3034830953517634 0.011639599280741791 -0.025287434798577788  738339.4025708721
0.30354940448200013 0.01378203481923918 -0.02527940487719676  738339.4025720307
0.30404079354894703 0.02134721359266024 -0.02546852450449531  738339.4025730778
0.3045702292114911 0.03482191567970482 -0.025333237956973734  738339.4025743512
0.3051312544810336 0.05266797042636612 -0.025314673180657027  738339.4025753724
0.3057891242424256 0.07286309486057424 -0.025099670435018605  738339.4025766578
0.3065731617465965 0.092921655497986 -0.024942132339340374  738339.4025778846
0.3071578503088853 0.10896325923390013 -0.024824484312275068  738339.4025789556
0.30783779920071375 0.12368568359278508 -0.024731913884287676  738339.4025801319
0.30855083996839633 0.1372183182362302 -0.024512796985672543  738339.4025811643
0.3092312870714367 0.1498727313686544 -0.02425920598872498  738339.4025824344
0.30986306110371054 0.16051422126404077 -0.02427500024647383  738339.4025834887
0.31050774165809203 0.17204546807371873 -0.024035363355608293  738339.4025847672
0.3109912371354926 0.18380186007936777 -0.02399243530127499  738339.4025857985
0.3113878008625032 0.19712173178340095 -0.02380626897484897  738339.4025870468
0.31167382140958555 0.20773742031593367 -0.023666541332084286  738339.4025882365
0.3122054107491444 0.21849084338016397 -0.023476239943070402  738339.402589385
0.31219933492352425 0.2201450616106707 -0.02402588730731797  738339.4025905584
0.3122814038743078 0.21978106893885552 -0.023587076029412152  738339.4025916093
0.31266112441766886 0.22806487302501788 -0.02390611057184093  738339.4025928975
0.31225154450726966 0.24037570024837823 -0.019672150751378573  738339.4025939064
0.30839382469291665 0.25393783117444246 -0.016307201368238322  738339.4025951682
0.29782283856696695 0.2721601576655746 -0.01021852689354742  738339.4025962146
0.2768154946384127 0.30313977643995016 0.017618580070922308  738339.4025974874
0.26442897335804866 0.33284624603589413 0.044592816095257705  738339.4025986608
0.2607835440947229 0.3599209507784679 0.05783661817666664  738339.4025996932
0.2620203592976219 0.3860352391716387 0.06455900820937126  738339.4026009646
0.26437109404355175 0.40651645210064075 0.06760790787420831  738339.4026019741
0.26628191912218835 0.4317561574640779 0.06710732700802628  738339.4026033466
0.26710423321386767 0.44753202356095956 0.0650690325389771  738339.4026043146
0.26618417066077216 0.46368250468369265 0.06691519846528927  738339.4026055812
0.26659738027919844 0.4749246763989748 0.07292158451619567  738339.4026067541
0.2735761685976725 0.47816555374071623 0.08174560844655743  738339.4026077965
0.2861466542469432 0.48249913639181946 0.10186545910286315  738339.4026090753
0.29752711919721747 0.48524834252213517 0.12240344723309868  738339.4026102129
0.31100216430782596 0.4855078140851869 0.14364480543865463  738339.4026113903
0.3254064701348232 0.48348262937608105 0.1574409160968884  738339.4026124106
0.3476333624077094 0.47910260638147295 0.1670211556283292  738339.4026137058
0.37137135400443755 0.4720867055424671 0.16865911771462702  738339.4026147136
0.4093228970182321 0.4610221621413578 0.16408427693257555  738339.4026160099
0.43927413312414365 0.4525681865223243 0.15904191853689273  738339.4026170509
0.46911174810227513 0.4446112526711236 0.15538041346196646  738339.4026182684
0.508539734732387 0.43331843910452056 0.15391166093054823  738339.4026194899
0.532413337477066 0.4254316460217978 0.15433522040864894  738339.4026205238
0.5676166465615677 0.413951243420491 0.15490415422055323  738339.4026218106
0.5960465512531649 0.4043201865569328 0.15342756726083107  738339.4026228386
0.6282943533823782 0.39213765087271785 0.14867416252858753  738339.4026241148
0.6582399553435769 0.37900117967150554 0.14482665696019786  738339.4026251566
0.6859865622434927 0.3648300417986461 0.14477052661395484  738339.4026264336
0.7011433711661177 0.35664932029395335 0.1472644057991207  738339.4026274283
0.7122600995686388 0.35013905345413115 0.15238705191680457  738339.4026287358
0.7098269752205956 0.3492739741451617 0.1570274223833594  738339.4026299027
0.7039920794965108 0.35050756538247063 0.16053989346593864  738339.4026308792
0.6916175928251099 0.3532588750235197 0.1628209586782741  738339.4026322592
0.6797535299522517 0.3560537385342621 0.16146844553448136  738339.4026332567
0.6586775061756032 0.36024258353332783 0.15811507479280235  738339.4026344531
0.6413798130053626 0.36373058504068184 0.1546174317649696  738339.4026355577
0.6179358006243907 0.3678520103191193 0.14803906058606733  738339.4026368395
0.599247387504342 0.37122430786594335 0.1448065328183864  738339.4026380102
0.5849003325819648 0.3733124002627834 0.1434288959928378  738339.4026389731
0.5680706942171904 0.3761074360157284 0.14173065128105564  738339.4026403227
0.5540534609659807 0.37879728558041775 0.14006239696119963  738339.4026413623
0.5371646069597665 0.38232056153942207 0.13937705697088576  738339.4026426505
0.5217841998080531 0.38645723025393275 0.14128461855675592  738339.4026436786
0.49947514198350274 0.39303949153906553 0.14346107873231032  738339.4026448455
0.4739786923139228 0.3991887735902356 0.14658146878561631  738339.4026461015
0.45170386247558025 0.40443182226335944 0.15080886731575902  738339.4026472619
0.42845570171940894 0.409670860478881 0.15526310917608915  738339.4026483025
0.39889155694983697 0.4162040749387761 0.15959734500176764  738339.4026495813
0.37914917718045205 0.41931732600005295 0.16082227690749434  738339.4026506244
0.3583016968145504 0.4209696453119785 0.1592121114704229  738339.4026518995
0.34256764310209853 0.42231570666826385 0.15675774828775907  738339.4026529359
0.3217637207090813 0.42509095068798575 0.1556541985976854  738339.4026542039
0.30167433806379906 0.427867830157617 0.1571235950962109  738339.4026552406
0.2632379264094422 0.43028014776842477 0.1627974081535383  738339.402656524
0.23514633165131535 0.4300712165240907 0.16610456575510987  738339.402657555
0.19595561414826432 0.43067736268415485 0.16607685835050218  738339.4026588326
0.1588966063813454 0.43153182865015893 0.16265317765396461  738339.4026599966
0.12996370318680825 0.43103134182850383 0.1627766330328467  738339.4026610394
0.10051214580219141 0.4276677190731919 0.16424262838542697  738339.4026623196
0.08700701857236207 0.4225891325494418 0.16421388850816304  738339.4026633417
0.08147772786881756 0.41271219170704715 0.1623250673950906  738339.4026645654
0.08868950817116905 0.4026189157927991 0.16047309593093328  738339.4026656669
0.11131113343849582 0.38500628288801886 0.16326019813566098  738339.4026669307
0.12977607837389601 0.37004914980745884 0.17154348738929934  738339.4026681003
0.14177888256601626 0.3536806909391286 0.18358297829405879  738339.4026692619
0.1432280105728082 0.335885296482232 0.1916562517604192  738339.402670317
0.1402620675976539 0.32005937769252246 0.19434943680866634  738339.4026714484
0.13752920192542908 0.2972421624410121 0.197794092935367  738339.4026727354
0.13811798679441198 0.27866256666937583 0.20265800027079528  738339.4026737697
0.14165200756633922 0.2542076563624188 0.20770927158426108  738339.4026750379
0.1463876138805876 0.23260183620465988 0.21082914246044282  738339.4026760816
0.15350598477645952 0.205694700361299 0.21313868280871154  738339.4026773415
0.1635100924676322 0.17477431860389103 0.21332883061630048  738339.4026785218
0.16893875999090927 0.14908478550078788 0.21177644815165658  738339.4026795531
0.16969159001450432 0.12486171633507494 0.20530919018323138  738339.4026808247
0.16915912877991598 0.11205135436967814 0.19879827681419554  738339.4026818387
0.16666902969412348 0.10910786520413719 0.19589063360212366  738339.4026831413
0.16323633876160337 0.11123954104600116 0.20368800732897754  738339.4026841837
0.16041559294164032 0.1139562998148541 0.2232796983776709  738339.4026853755
0.16344988570308377 0.11777096673912807 0.24904693283896473  738339.402686655
0.17138658861548095 0.11957553353549734 0.26985483817736405  738339.402687649
0.18237819716978712 0.1215511545437703 0.2957279316719554  738339.4026889262
0.19135741753580254 0.12299894065182239 0.3105710694622112  738339.4026900949
0.20166935734903357 0.1241797064119446 0.3196895603135619  738339.402691125
0.21503131599518133 0.12561789151384808 0.3336352873024345  738339.4026924032
0.2285276464833973 0.12717108337830163 0.3508433628647637  738339.4026934407
0.24912125597337376 0.12907669201475738 0.37876890558497334  738339.4026947051
0.27338625863413285 0.13009760438860998 0.40092319367061574  738339.4026958745
0.30264653629057714 0.12873766074834034 0.41195794631624233  738339.4026970161
0.3306830400594154 0.1250636789650537 0.4119941445240867  738339.4026981853
0.3559966143958383 0.12073720019243173 0.40357190611434907  738339.4026992323
0.3777760940885105 0.11790640686302954 0.3915480409245168  738339.4027004668
0.3983037932515518 0.11668472597616894 0.3815385201448239  738339.4027016604
0.41171490363707675 0.11669595727432006 0.3737616306643001  738339.402702711
0.42403708844308063 0.11791213172523383 0.3617090554770419  738339.4027039725
0.4280698571303414 0.11984412051232576 0.3480000083294728  738339.4027050209
0.4303924549597805 0.12326149770628114 0.32269969275085003  738339.4027062892
0.4297960799662018 0.12563169484372141 0.2934069377564996  738339.402707325
0.4260911737483567 0.1266532981853392 0.25940334892354316  738339.402708592
0.421388696964858 0.12609798321995552 0.23138171596754348  738339.4027097615
0.42049170309788203 0.12316996637050882 0.2120906173238016  738339.4027109053
0.42354065708499417 0.12043707508175762 0.2018537492450173  738339.4027120732
0.42926140702438254 0.12037080138266551 0.19932902667071983  738339.4027131211
0.4384287539510678 0.12070253286478472 0.2023884626158878  738339.4027143876
0.44862176525183306 0.11657218336604964 0.2071931973724874  738339.4027154199
0.46362124150262646 0.10930566706044346 0.21519008933215214  738339.4027167105
0.4792254654913393 0.10267243422242969 0.22207526667514288  738339.4027177547
0.5091424946398283 0.09054647728293375 0.2265726673236241  738339.4027190254
0.5463684533468974 0.0760281842049039 0.22134390069072635  738339.4027201813
0.5998406285338321 0.05329336259886602 0.21038779792920076  738339.4027213323
0.6411625316138253 0.03290901884595687 0.2033507396078114  738339.4027224982
0.6802873242120359 0.012417517463278337 0.1978052613408691  738339.4027235305
0.7093648285216005 -0.002978744265631081 0.19250637504183024  738339.4027248184
0.728111473529942 -0.01233674403226639 0.18866009910626458  738339.4027257952
0.7384310475880005 -0.01808490494973123 0.18529487671122977  738339.4027271232
0.7353850970080822 -0.015691504905358578 0.18447347659134392  738339.402728163
0.7191850633670568 -0.005218059405649975 0.1813233496585165  738339.402729439
0.7037563706513121 0.002678307684398358 0.17762682900513607  738339.4027304822
0.6768858155538773 0.01577389750723138 0.17295619268144563  738339.4027317498
0.6538271157656933 0.027227934781352225 0.1727437024048481  738339.4027329126
0.6343996095039817 0.0355066762650956 0.17691471354478805  738339.4027339547
0.6122185033217021 0.044739015849278974 0.1845983866827842  738339.4027352243
0.5940754465285788 0.052431974022221925 0.1903114176591767  738339.4027362635
0.571752161453235 0.0598666957519996 0.19548581317141225  738339.4027374926
0.5527207172044458 0.0645423684182435 0.1962179024099541  738339.402738583
0.530740472027163 0.06915773006474436 0.19517405074331534  738339.4027398453
0.5109465740981753 0.0732319907025295 0.1937722703111916  738339.4027410282
0.49017439714342 0.0774063114967623 0.1944911612453156  738339.4027419846
0.46149874099972715 0.08293279635628949 0.1971052557239647  738339.4027433345
0.43418844610424484 0.08827613126404266 0.19833545808312772  738339.4027443758
0.40296957713065684 0.09369085239544077 0.19708821374243823  738339.4027456527
0.3801426687247101 0.09741257384896931 0.19477975051991345  738339.4027466325
0.35061445169837613 0.10233710662594872 0.192246212800953  738339.4027479062
0.3285907694247341 0.10506458960693336 0.1898901785533228  738339.4027489619
0.30387121911534803 0.1076092858223031 0.18354069933325348  738339.4027502685
0.28501958568579716 0.11035039073983319 0.17882503564110222  738339.4027513064
0.26301547493855354 0.1134756738441729 0.17712674281425528  738339.4027525871
0.2455568404661504 0.11700964518013987 0.17761900551003187  738339.4027536452
0.22468928187307333 0.1224457826267925 0.17869316013859918  738339.4027548935
0.20565280665324978 0.1277356695129379 0.18126629081202508  738339.4027561098
0.18996044718329347 0.13203380510914564 0.18397752331113573  738339.4027570965
0.1727394468326761 0.13658224782079612 0.1873564798845126  738339.4027583776
0.1633661815913969 0.1392949189474364 0.19128156522608647  738339.4027594002
0.15871588726579947 0.14063381385468027 0.19772158739841783  738339.4027606832
0.16069149229999022 0.14104176179605923 0.20200765892717384  738339.4027618535
0.1651287874929061 0.1411691127979796 0.20263217269132194  738339.4027628849
0.1733182445367522 0.14127960510642748 0.20277842007564448  738339.402764166
0.18108630832576392 0.1410850028082429 0.20404471397750293  738339.4027651881
0.19269156215188923 0.14018968842965618 0.20520509185173358  738339.4027664661
0.20599864336117857 0.13907606754437987 0.20524321858425865  738339.4027676375
0.21990886088692432 0.1376409875458361 0.2034148382984956  738339.402768677
0.23175089120113213 0.13639089284327416 0.2020058348815545  738339.4027699553
0.23974928299516512 0.13498274642770391 0.20117892032500537  738339.4027709925
0.24486768449474092 0.13310504478881133 0.199527448142349  738339.4027722636
0.24831667013049769 0.1318245422793475 0.19582519038113316  738339.402773292
0.2513990002786255 0.1312107930859897 0.18964482120995732  738339.402774459
0.2558928960465796 0.13027842126579584 0.18112328052104854  738339.4027757751
0.258908120775564 0.12838262413519397 0.17057221846174478  738339.402776768
0.2611444479442383 0.12561747221546343 0.15402611112389802  738339.4027780489
0.2631185962875362 0.12342844111143296 0.14006575050936376  738339.4027790816
0.2655645247094855 0.12045404266898004 0.12844507266176572  738339.4027802915
0.2684381413264656 0.11699552300737599 0.11728200761470121  738339.4027815183
0.2705200988148667 0.11429477167303316 0.10605245221612307  738339.4027827188
0.2714083948780782 0.11231177085174915 0.09404079541551923  738339.4027837202
0.27091623134359855 0.10971494232265576 0.08114511687019657  738339.4027849892
0.27065333111970435 0.10740673707292081 0.07261538780181881  738339.4027860281
0.27276178073916507 0.1039664478973058 0.06335642568918519  738339.402787194
0.2772357443208221 0.09969720388619156 0.05849047281511457  738339.4027884727
0.28136813195472654 0.09577816236719429 0.05806763583956491  738339.4027895022
0.28658543974351164 0.0906207024625686 0.05729266855374858  738339.4027907719
0.29221475811141046 0.08314805696103565 0.05527360620881398  738339.4027919314
0.29777916707763763 0.07367359553160022 0.053927172045855655  738339.4027929796
0.30736070107046554 0.06219808265424933 0.05288108486556225  738339.4027942508
0.31606068866514286 0.0549750060425451 0.0536931468195637  738339.4027952959
0.3246059008604767 0.04704025331971678 0.05802217440776646  738339.4027965707
0.32882847946570926 0.04148565984896861 0.06177073854879626  738339.402797587
0.33369113018238133 0.03129626639598495 0.06446065469838953  738339.4027988741
0.33880280770390286 0.020978451270028703 0.06048648514678729  738339.4028000511
0.3432714004487519 0.016711676362828574 0.05298768814841103  738339.4028010863
0.33961596839710073 0.025776914752385863 0.05018092541270883  738339.4028023632
0.3278765994255455 0.04606895901600217 0.06038362782369915  738339.4028033924
0.31373086949600054 0.0736842090475402 0.0794270052305343  738339.4028046594
0.30277804390414975 0.09819066420932604 0.0963411020849656  738339.4028057058
0.29519874761815745 0.12424087877831125 0.10868472551343564  738339.4028069773
0.2917292972537294 0.1440743596440469 0.11385769195830513  738339.402808148
0.29104003633205144 0.1558953816626045 0.115565132696713  738339.4028091811
0.2927059491214695 0.17056930883328406 0.11517587730051805  738339.402810458
0.29469017080685156 0.18304830614759507 0.11105921274320174  738339.4028114941
0.2951390793758806 0.19540620833222466 0.10551246411710181  738339.4028127703
0.29626955044427594 0.20818908276356618 0.10068304213269962  738339.4028139247
0.29743918136967473 0.21909126861472822 0.09484235269555955  738339.4028149754
0.2991880392698091 0.23261179151293024 0.08227037137870731  738339.402816244
0.30092332043876185 0.2415852986496032 0.0727084128633484  738339.4028172762
0.3039775907820655 0.2526424587100118 0.06360298193572618  738339.4028185563
0.30662578656338346 0.26026975626829363 0.060798101841613605  738339.4028195918
0.3105514630012067 0.2682430186472642 0.06045654781294666  738339.4028208677
0.3130414717083198 0.2698357125624301 0.05971240625646259  738339.4028220336
0.31378778798170603 0.268282043741492 0.05721343675809288  738339.4028231764
0.3137246712489221 0.26594095780192795 0.05429853673186955  738339.4028242306
