% wand_x wand_y wand_z  738315.5464785857
0.3000361697911684 0.6242113083322621 0.7055592188026323  738315.5464798786
0.2997193488712949 0.6224663451827279 0.7074645355946788  738315.5464810445
0.29987443130929076 0.620657624619378 0.7088675002086785  738315.5464820835
0.30007826545398175 0.6181158953478424 0.7096986031427992  738315.5464833762
0.30016402510301515 0.6168812869019161 0.7098822697743213  738315.5464845075
0.3005186567124981 0.6168100544278382 0.710052935487313  738315.5464856618
0.30095809058901163 0.6183738587271105 0.7103086771924227  738315.546486943
0.30139903974777404 0.6201013218372066 0.708696297796129  738315.5464879819
0.3026016951281198 0.622640762650465 0.7078767875900707  738315.5464891478
0.3024813121708116 0.6238595269705884 0.7082904597547224  738315.5464901867
0.3033937045717912 0.6240245421601761 0.7093400419719624  738315.5464915719
0.30423140763641093 0.6235969164546812 0.7092760147857223  738315.5464926109
0.3044468070396294 0.6227188119810841 0.7083177210225927  738315.5464936958
0.303478769053762 0.6221297990775105 0.7087605468143687  738315.5464948155
0.302366753927705 0.6220362262985786 0.7100376068762427  738315.5464960852
0.3011892404108511 0.6215358456418626 0.7093973241626438  738315.5464972511
0.3003965725789965 0.6204788745415437 0.7064670948302305  738315.5464984054
0.30072223694581357 0.6193099126839511 0.7031686006147811  738315.5464996753
0.30045264867860205 0.6178853471158441 0.7014968755983353  738315.5465007141
0.29998186749406186 0.6153607224635839 0.6990159348474204  738315.5465018799
0.2997135973202934 0.6129951733796701 0.6969392744388087  738315.5465029073
0.2995145520346567 0.6089515291875658 0.6949021212733245  738315.5465041886
0.29979590969528414 0.6046583110617179 0.6928999177465589  738315.5465053545
0.3014295030077741 0.599668408670526 0.6895211151350152  738315.546506509
0.30307778577350514 0.5956435295093695 0.6849757707779515  738315.5465076861
0.30414857933794276 0.5927122279629031 0.6816428743087924  738315.5465088175
0.3048808547563102 0.5895528873354092 0.6804573948617826  738315.5465099717
0.3048751904366161 0.5852311539429986 0.6821811941811408  738315.5465111492
0.3047423103235188 0.5769506811587449 0.6856261917324329  738315.5465124189
0.30525988753493893 0.5699346533032631 0.6876354842533493  738315.5465134
0.30532607846296 0.5596482135488067 0.6899481651541446  738315.5465146122
0.3064733893309803 0.5476618415519797 0.6921639850003296  738315.5465158819
0.307428723741802 0.5363200003122301 0.6960762690241178  738315.5465170477
0.30866998351040575 0.5289749505028951 0.7025416213675019  738315.5465181331
0.310519741032067 0.5243317673584675 0.7087260605936965  738315.546519241
0.31125596545546835 0.5234614077852708 0.7107940957924926  738315.5465205107
0.30931473148284994 0.5255653686026713 0.7115862779706197  738315.5465215496
0.3048106607737387 0.5305374299329619 0.7151738250819555  738315.5465225885
0.297758729952098 0.5384509252822073 0.7224333946729413  738315.5465239852
0.2938723987028443 0.5450498529876373 0.7266157162851373  738315.5465250702
0.29217286581840823 0.5508177633058432 0.7271015062210074  738315.5465261899
0.2925697951530948 0.556314474041877 0.7227486258301726  738315.5465274138
0.2939881160080196 0.5597155647067079 0.7182476078747094  738315.5465284986
0.2947916392022315 0.5611025097551225 0.7160815793041356  738315.5465296529
0.2949502736325282 0.5603694915176969 0.7172975883341651  738315.5465309804
0.29477291630387165 0.5587320757418087 0.7206709603009425  738315.546531973
0.29461398526323246 0.5566780633540287 0.7258722790917173  738315.5465331274
0.2941204542249286 0.5540329926848723 0.7284123687470314  738315.5465343972
0.29375443062361334 0.5531105700888653 0.7278587156491072  738315.5465354361
0.29280313691696863 0.5535816443949128 0.7271233824783152  738315.546536602
0.2912769509064013 0.5564226943967443 0.7295015934095028  738315.5465378717
0.2899084835191343 0.5595193660174025 0.7324612037472026  738315.5465389221
0.2885668462148868 0.5628262363995206 0.7333962406509864  738315.5465400765
0.2877711783947632 0.5656791151083885 0.7335382101684784  738315.5465413461
0.2873668686196914 0.5683276933116397 0.7343627728769585  738315.546542385
0.28637443476727253 0.5709319888433149 0.735601422581893  738315.5465435509
0.2852735251894334 0.5730204026821364 0.7362074549480974  738315.5465448207
0.28472396915672016 0.5743677437950119 0.737860285057976  738315.546545848
0.28365840613037957 0.5756006728224158 0.7403179025932958  738315.5465470138
0.28331203537107796 0.5767028360025965 0.744384072241915  738315.5465481797
0.28268670530304696 0.5778060291290362 0.7510031738092484  738315.5465494379
0.2811074003756564 0.579210550674096 0.7605178567424171  738315.5465505117
0.2772956231490459 0.580696469993549 0.7688553908312826  738315.5465515389
0.2707357770422437 0.5820692000134676 0.7741720959266933  738315.546552832
0.26617385659887477 0.5813350027867036 0.7755006480566872  738315.5465539745
0.26384439246123803 0.5797730425260053 0.7744589870422974  738315.5465552211
0.2620202227139556 0.5779715238989085 0.7755162674843352  738315.5465562715
0.2592739839565304 0.5761574516794945 0.7823088236524366  738315.5465575529
0.2561355982151201 0.5740082228582623 0.7850221156558641  738315.5465585918
0.25220957798098975 0.5718579530277149 0.787415971535745  738315.546559746
0.24865861892896005 0.5692409791134814 0.7941256916653435  738315.5465611197
0.24841086885109953 0.566225318081313 0.7995712977864187  738315.5465621817
0.24932039713847398 0.5625990196540488 0.801687443574725  738315.5465632206
0.2521973532309471 0.5579159274554715 0.8040754191030619  738315.5465642594
0.25772892839886485 0.5548021438118133 0.8077909009689934  738315.5465656447
0.26312302735919757 0.5532226050702092 0.8096903953785634  738315.5465666834
0.26937665695503366 0.5524720298254457 0.8156455130171085  738315.5465678493
0.27232808660499824 0.5523071159749785 0.8223961918077862  738315.5465691655
0.27322715669454006 0.5544717576259377 0.8274322980660058  738315.5465701695
0.2725310522761434 0.5585928373865453 0.8311754355429098  738315.5465714392
0.27020639013932757 0.5608301593129379 0.8309468420994457  738315.5465723976
0.26684525168821194 0.5615347735465692 0.8272334809629954  738315.5465737479
0.26776486191478854 0.5617393531053346 0.8231494822716  738315.5465747984
0.272389488227971 0.5621711841218338 0.8212934357114152  738315.5465759527
0.27753817769142597 0.5608426522956955 0.8223740715842197  738315.5465772802
0.2806383971761319 0.5589564340871243 0.8264097210447612  738315.5465782498
0.2806682747738433 0.5585097287467675 0.8337363381656756  738315.5465794272
0.27770079536700415 0.55958988896735 0.8420818559401958  738315.5465806046
0.27307281058421057 0.5613489970237067 0.846785871893248  738315.5465817358
0.26784748195951014 0.5646096736199164 0.8504958765676599  738315.5465828902
0.26243352534642606 0.5691912792164477 0.8492606924377353  738315.54658416
0.2586822472250844 0.572028521951703 0.8482563734968469  738315.5465852104
0.2542651458834507 0.576334268378048 0.8507007153387267  738315.5465863647
0.2502610384090729 0.5794741718795736 0.8552820115209846  738315.5465875306
0.24576556539072822 0.580289873334228 0.8595611947257389  738315.5465886849
0.2437266479332628 0.5813287142257102 0.8643041241534981  738315.5465898969
0.24329660831792732 0.5848253187904685 0.8674026059614379  738315.546590959
0.2432264953269566 0.5928004683924317 0.874337300851838  738315.546592275
0.2426128470616273 0.5984750036937118 0.8804924205042974  738315.5465933137
0.2402244771672198 0.6057841461074357 0.885560975084854  738315.5465944681
0.23569408059321886 0.6131048343340828 0.8865725853381018  738315.5465955071
0.22732058952519607 0.621254262022925 0.8848019719145023  738315.546596846
0.21610269919810945 0.6297611266401019 0.881912939765862  738315.5465979425
0.20743376755664095 0.6351619174089187 0.8811989718768813  738315.5465991084
0.19820648583067538 0.6386958132396462 0.8807367970818258  738315.5466003666
0.19389402064458783 0.6433207100375659 0.8792910946470253  738315.5466015325
0.19176255919694593 0.6502249313163075 0.8781676465625606  738315.5466026409
0.19092398143286057 0.654578970580408 0.8784680387442638  738315.546603749
0.1903987466642041 0.6571939027533027 0.8828402026748243  738315.5466048915
0.19099168265192723 0.6596624448649123 0.8895276891143772  738315.5466060458
0.19386057313817853 0.660856626103632 0.8913456777177323  738315.5466070847
0.19951336332987926 0.6619707688398745 0.8899535449428764  738315.5466084699
0.20406178172584 0.661966173762059 0.8911816474998688  738315.5466095088
0.20953558096893246 0.661477995693661 0.892847913168561  738315.5466106632
0.21450467888213892 0.6617660589156075 0.8931611391760024  738315.5466117022
0.22385519566080905 0.6623481055513989 0.8934112610821703  738315.5466130988
0.23336542337191604 0.6625924202222341 0.8952527932187737  738315.5466141377
0.24265898937244634 0.6609441626778931 0.8992575269713412  738315.546615292
0.2532736677645105 0.6613512885705868 0.904055366826888  738315.5466165617
0.26142546513989273 0.6614026492413706 0.9036712138374488  738315.5466176006
0.26645292154247835 0.661810109329086 0.9111110179084094  738315.5466187665
0.26863165475225737 0.6597772212805605 0.9155696160123431  738315.5466200362
0.2705642050653884 0.654258171578407 0.9145277132026333  738315.5466211905
0.2717683328245856 0.6482321697801672 0.9165294232166735  738315.5466222294
0.2716353342490199 0.6456433254584271 0.9184795092373859  738315.5466233953
0.2714212410274994 0.6427613744597178 0.9164327383489256  738315.546624665
0.2708194955604492 0.642730022814309 0.9133929275206644  738315.5466257039
0.26976754365564587 0.6469079199542187 0.914134049800131  738315.5466268582
0.2692760960766459 0.651442658228737 0.9152722512663723  738315.5466281396
0.26904119338642357 0.6555256104369186 0.9171974169382286  738315.54662919
0.2687425887299942 0.660203625460345 0.9209472783581127  738315.5466303327
0.26782754196277153 0.6641292120068654 0.9253220810613542  738315.546631614
0.2664869182470269 0.668629800868498 0.9303021053979439  738315.546632653
0.2646352394886047 0.6743924122385413 0.9339066463807003  738315.5466338072
0.26358487178780843 0.6823616481804265 0.9342294208394064  738315.5466348578
0.25982206030774513 0.6972549434388949 0.9321254968591539  738315.5466362429
0.25483534410535763 0.7063927368727576 0.9334543211694274  738315.5466372818
0.2487321340155359 0.7149929267139122 0.9367719184342663  738315.5466384361
0.24474568900505758 0.7180736676293169 0.9378024538415821  738315.5466397174
0.24197757341422682 0.7213038961492793 0.9378472721263037  738315.5466408717
0.2400173563536537 0.7238681534528127 0.937691081827886  738315.5466419106
0.23838296914764046 0.7267177584861936 0.934376545056551  738315.5466430649
0.23533773545857362 0.7296566284690386 0.9324161878096661  738315.5466443462
0.23180933487569907 0.7331239063235047 0.931586168186094  738315.5466453851
0.2274558888849473 0.7394533622517888 0.9317493507315965  738315.5466465509
0.2233909560237475 0.7459238569577539 0.9316902806929793  738315.5466478207
0.22134058346255575 0.7500742276055127 0.9323481225425628  738315.546648848
0.2180830656195986 0.7530280636834905 0.9382634641605225  738315.5466500255
0.21418309763167817 0.7529992778603717 0.9443855527270204  738315.5466512259
0.2106297958229704 0.7526949336798703 0.9460339611552502  738315.546652334
0.20526172758895833 0.754396639095419 0.9458205590254806  738315.5466535924
0.19806324273031178 0.7591623892240539 0.944179659256527  738315.5466548159
0.18911690605526313 0.76534249056199 0.9404696223740472  738315.5466559241
0.18134418100916064 0.772128591070555 0.9337022124589682  738315.5466569745
0.1724477923804185 0.7806451575554656 0.9276520070383177  738315.5466581288
0.163441741174386 0.7875513882252818 0.9271607464500918  738315.5466593986
0.1583837970466031 0.7909582234082156 0.927004725826456  738315.546660449
0.15413604847362544 0.797137363532706 0.9264394417304852  738315.5466615225
0.14867167371841405 0.8050019447130081 0.9308230275446119  738315.5466629654
0.14379241086422875 0.8110936393186002 0.9342335542447792  738315.5466640275
0.13963215422511313 0.818217918974952 0.9337908544187556  738315.5466650663
0.13346314619779456 0.8286034229974211 0.9321346761655772  738315.5466662206
0.12515207010559712 0.8431902616686376 0.9301419065996731  738315.5466675711
0.11485745714614083 0.8552393838855052 0.9288123110508401  738315.5466686562
0.10239789219244455 0.8682278770167717 0.9253918653042685  738315.5466695796
0.08648940043318734 0.8861605901092363 0.9199733297419954  738315.546670861
0.07224834346184984 0.9025619071829493 0.9175555863432727  738315.5466720152
0.05695754174876494 0.9222494581510216 0.9148527345629066  738315.5466731003
0.04028938871808363 0.9443715064797967 0.9120630246565459  738315.5466744393
0.025548316620728487 0.9608197559812635 0.9114066976666729  738315.5466754782
0.004107534121202329 0.9807136526146042 0.9129658347496851  738315.5466766559
-0.016582206222027784 0.9973962252107923 0.9159542025487555  738315.5466777984
-0.04718012731508949 1.0172278352627337 0.9174563876520083  738315.5466790798
-0.07661827794255602 1.0369498334735603 0.9169311052823971  738315.5466801187
-0.11647035267928019 1.061546326839232 0.9159084109295612  738315.5466812844
-0.16852435321108872 1.0899670643135715 0.9158299320498487  738315.5466825543
-0.2038210971420564 1.1064115910548893 0.9190528103712625  738315.5466835932
-0.24813555864348677 1.1275086425702932 0.9202013477470905  738315.5466846555
-0.3006661566038279 1.1503418465732786 0.9215518971832207  738315.5466860172
-0.3465279162648587 1.1662566445912865 0.9231380119769903  738315.5466870562
-0.39789912193944205 1.1797622079477488 0.9244508517163981  738315.5466882105
-0.4581944468596816 1.191493385036699 0.9277727904248854  738315.5466894803
-0.5189200726508928 1.2013198974291037 0.9338743972358469  738315.546690646
-0.5807650618275504 1.207784392072956 0.9544177596343565  738315.5466916964
-0.6442125266354536 1.2131858226628438 0.9987200087854304  738315.5466930126
-0.6976983557516047 1.2174613892554698 1.0452238732785972  738315.546694005
-0.7487424527436071 1.2152400646825672 1.0888389237752896  738315.546695194
-0.7970601025822449 1.1974332010204904 1.117856218003774  738315.5466964407
-0.8131185676396163 1.1824993529562402 1.1300795411727902  738315.5466974796
-0.8131651513894025 1.162364235688303 1.1467374833171575  738315.5466986223
-0.7909917122334515 1.1447198798617082 1.1606271229337675  738315.5467000653
-0.7666308592040486 1.1368756513239187 1.1576555918570304  738315.5467009424
-0.7380811428733243 1.1326064475833602 1.1442696045179892  738315.5467020738
-0.7060320598795824 1.1295059388869801 1.1237181749458798  738315.5467032627
-0.6724885008157105 1.1271450321908214 1.1036502153483023  738315.5467045787
-0.6571220661222181 1.1246403465793071 1.094285784809572  738315.5467055714
-0.6435187771846318 1.121237911763948 1.0841972589735505  738315.5467067374
-0.6367004223600188 1.1189160913962413 1.0766604507084236  738315.546708007
-0.633649666453861 1.1164938951065992 1.0735442447301657  738315.5467090574
-0.6297843159500777 1.1099512029153742 1.0743731893716457  738315.546710212
-0.6223171595048316 1.100137937295993 1.0784550782025604  738315.5467115738
-0.6135387543714311 1.087988615592726 1.0805677857400648  738315.5467125204
-0.5975932237268403 1.0723101661495824 1.0782200988656265  738315.5467137902
-0.582048162882073 1.0597722350555128 1.0737778277781607  738315.5467149791
-0.5661001998428995 1.0505394126541532 1.0694529217684399  738315.5467159948
-0.5537269087268979 1.0451902362306997 1.0644983487702795  738315.5467171607
-0.5453508720315631 1.0409995778873213 1.0597230518628677  738315.546718419
-0.5418544866362397 1.038138336705063 1.0583204668786959  738315.5467195733
-0.5423431213791872 1.0356319505415923 1.0566737154153891  738315.5467205779
-0.5444290227413974 1.028581440509548 1.0560819645340378  738315.5467218935
-0.545146767690464 1.0170606676982712 1.0548658299992175  738315.5467230505
-0.5432697372465576 1.0056420066113996 1.0547024134603882  738315.5467242048
-0.5382395699266557 0.9927292321726598 1.0529117186569974  738315.5467252231
-0.5288360549477025 0.9733240502293842 1.0501875702490324  738315.5467265522
-0.518336086589518 0.9523178058888505 1.0438870311457358  738315.5467276799
-0.5096639977448444 0.9372011925745055 1.0398296865796808  738315.5467286268
-0.49684232898299335 0.9120040415971301 1.0375827640816833  738315.5467300045
-0.487825008028665 0.8939499933864141 1.036273269531731  738315.54673118
-0.47925725338214914 0.8816893156212953 1.0379828434603275  738315.5467321923
-0.4735372969625409 0.8695935902118633 1.0381090158382602  738315.546733468
-0.4707729082227723 0.859886883670539 1.0400808633115841  738315.546734507
-0.4685693072095099 0.8482695950243722 1.0420169327513087  738315.5467356733
-0.46733330931217015 0.8369239481749998 1.0394886829933043  738315.5467368673
-0.46793394794411913 0.8233484055447994 1.0359740942704962  738315.5467381345
-0.4694176584749031 0.8106060361634273 1.0343701762335549  738315.546739218
-0.47442376451362783 0.7943545968795496 1.0325445130173145  738315.5467404554
-0.477670469498326 0.7806143828031044 1.0321737016586945  738315.5467415458
-0.4767915110787293 0.7606450173819991 1.0284658771880628  738315.5467427351
-0.4759566144120746 0.746349226136462 1.0206110171621325  738315.5467437741
-0.47365577819008464 0.7256308623891145 1.0124332925630932  738315.5467449283
-0.4736998596353691 0.7076627736326041 1.0103687465355928  738315.5467461301
-0.4763368336322853 0.682213235063405 1.0112592624866776  738315.5467473543
-0.47938208527894516 0.6638857228537294 1.0118510282112914  738315.5467484046
-0.48364846171432485 0.6435478644041914 1.0150086606603694  738315.5467495479
-0.4866830062381109 0.6194989242881863 1.0221199505205891  738315.5467507138
-0.4903052694192995 0.5906607369462535 1.020719450962122  738315.5467520346
-0.4931071417492801 0.5683883192107413 1.0106964531325386  738315.5467530272
-0.4953205535406829 0.542199771739854 1.000592397216875  738315.5467542055
-0.49759928927590835 0.5164732313412305 0.9942815767340102  738315.546755499
-0.5000526354478104 0.49042627686165297 0.9859914817602656  738315.5467566173
-0.5007140778691512 0.47370870740496773 0.9797647552200806  738315.5467576565
-0.5002262222233556 0.4528871823376688 0.976865025839648  738315.546758839
-0.4990328358407439 0.43568588594473184 0.9807784258048274  738315.5467601088
-0.49836947267394893 0.4220108722555355 0.9869592221453014  738315.5467611316
-0.4968431283473241 0.4079677361504481 0.9931872725178289  738315.5467622976
-0.49942976087447055 0.38892757301224173 0.9947569398820741  738315.5467635558
-0.5080316809710809 0.3694214904601977 0.9888688103371427  738315.5467647578
-0.5166804211893266 0.35064510621530787 0.9827377928828662  738315.5467657682
-0.5254843997570237 0.3300020183250149 0.9763771175535157  738315.5467669273
-0.5314777063905927 0.3111840797274825 0.9696962601380146  738315.5467682318
-0.5308984257522384 0.29468524351525904 0.967223204830169  738315.5467692361
-0.5265413505951706 0.28150694993796527 0.9687528828790971  738315.5467703096
-0.5210279552831847 0.2621354277558013 0.9737127672539427  738315.546771705
-0.5180293205558659 0.24429051445532915 0.9754051016198101  738315.5467728606
-0.5157714953845635 0.22511394632175435 0.9762894874708685  738315.5467739071
-0.5125575108050667 0.20409770500422725 0.9766071997725733  738315.5467752471
-0.5082742579053352 0.18420734590729612 0.9766344070126954  738315.5467761934
-0.5021376155599435 0.16270985500083854 0.9755965537546778  738315.5467773362
-0.49492679595902483 0.13783053769251266 0.9738621186581281  738315.5467785359
-0.48959808399489985 0.11521048976197182 0.9699262581741399  738315.5467797611
-0.48650669223489823 0.0949566065091165 0.962716172793981  738315.5467808114
-0.4846731577236269 0.07804392758753272 0.9560188012765505  738315.5467819658
-0.4834727881589091 0.06457313811443281 0.9535151765354317  738315.5467831618
-0.4824467403175238 0.051816519924801054 0.953291565443038  738315.5467843045
-0.4817973926415193 0.04188251718734547 0.9543428625483895  738315.5467855935
-0.48030414436509405 0.035131738476246774 0.9559892838483505  738315.5467865171
-0.4758364160858389 0.027617023677111663 0.9584584122013721  738315.5467878791
-0.4719371802038296 0.02105439346918113 0.9588582458637334  738315.5467889298
-0.46598519515701864 0.011089688941591342 0.9581624167897422  738315.5467901097
-0.4543522986188474 -0.003203725699784995 0.9553178916678383  738315.5467914855
-0.4480870018926782 -0.011063830225197475 0.9515644794082397  738315.5467923745
-0.43922962691314876 -0.024440652858748094 0.9450620086534517  738315.5467936739
-0.4330459760002815 -0.034543868516297795 0.9443445142140355  738315.5467948166
-0.4268447203313565 -0.04286352947170821 0.9497711569141218  738315.5467960049
-0.420890556894695 -0.048754466096723396 0.9535089401534314  738315.5467970526
-0.4132417095283087 -0.05346775963358665 0.9593412911209949  738315.5467982804
-0.4063840851465226 -0.05543231002485271 0.9654478053383635  738315.5467993425
-0.3989259994265617 -0.056950403657180404 0.968375864974321  738315.5468005225
-0.3901744183932653 -0.0590385112492042 0.9694002470420515  738315.5468017118
-0.3816444627351252 -0.0607642481597107 0.969020914080956  738315.5468028311
-0.37299520098031375 -0.062396083138845225 0.9652614313513668  738315.5468039856
-0.36541251542407616 -0.06574352783902399 0.962110806773212  738315.5468051336
-0.3565208155820207 -0.07154347030626938 0.9622155143822947  738315.5468063806
-0.3498847413921768 -0.07611366884936024 0.9633469101987759  738315.5468075732
-0.34219322130962504 -0.08221614093806459 0.9630890861276997  738315.5468085819
-0.33575001098869367 -0.08791694393462746 0.960100025730922  738315.5468098638
-0.33146006117336646 -0.09434416066916038 0.9553480499068614  738315.5468110065
-0.32902326656131176 -0.10162412573208472 0.9493794840834262  738315.5468121002
-0.32583335677290953 -0.11001418040605315 0.9442228055737286  738315.5468131276
-0.31782915185956273 -0.12217493890738108 0.9381344104828182  738315.5468145135
-0.3069172981567163 -0.13213402240221264 0.9248525059022668  738315.5468155293
-0.2924608527755951 -0.14240858707643217 0.9081740072013172  738315.5468167223
-0.27546364938373985 -0.15416837205854456 0.892332384995044  738315.5468179345
-0.2543189917634837 -0.16819912490008918 0.8811609689755864  738315.5468191804
-0.23787166662685963 -0.18010920477887124 0.8727135895857928  738315.5468202769
-0.22268700332738098 -0.19432068919362988 0.8609762664571512  738315.5468214747
-0.20928542129499192 -0.21032528688742352 0.8480311123247304  738315.5468224796
-0.19771406921786444 -0.22338612590135493 0.8363037385822507  738315.5468236272
-0.18987717167152213 -0.23150329053053417 0.8276321129529107  738315.5468248532
-0.18360315942040478 -0.23604839197012958 0.814668325650598  738315.5468260768
-0.1795625627752927 -0.2394073364094544 0.8004344234531381  738315.5468271503
-0.1748926163571489 -0.2437593753151961 0.7848054040614307  738315.5468282602
-0.1693929453251344 -0.2505747162754831 0.7689617877948928  738315.5468295297
-0.16766765038351503 -0.2548508614066948 0.7519754570995743  738315.5468307706
-0.16638776606103997 -0.25953886125290127 0.7274420400378242  738315.5468318235
-0.1666465513946316 -0.2639159057713079 0.705867313311185  738315.5468330492
-0.16597046476399188 -0.27095047241060444 0.6819179778736391  738315.5468340524
-0.16215326208607256 -0.2791909423375269 0.6590120346612509  738315.5468352148
-0.15128542694359937 -0.29550715121216165 0.6402474070712659  738315.5468363692
-0.132428678009149 -0.31136959450292157 0.6359059768966949  738315.5468377841
-0.11991411215476204 -0.31587061837167674 0.6394385511737611  738315.546838673
-0.10341950276356592 -0.3188298714686906 0.6462774533050827  738315.5468398731
-0.09256446231969291 -0.3196614945226528 0.6542237309556269  738315.5468411074
-0.08785513938971835 -0.3203561142751705 0.6600630020983567  738315.5468423082
-0.08662318646763599 -0.3226971695365874 0.6588130014415183  738315.5468433027
-0.08674147492638325 -0.329429591602687 0.646953137257689  738315.5468445055