% wand_x wand_y wand_z  738318.7056614306
0.2920280180662669 -0.0926281120727187 0.78379275287025  738318.7056627083
0.29170879751578355 -0.09351296953557799 0.7844170969094155  738318.7056638912
0.29139662340479017 -0.0942962760643483 0.7840556261941417  738318.7056650537
0.2907455879745811 -0.09343159845464441 0.7829243332107029  738318.7056662117
0.2897383538722817 -0.09131543816138721 0.7813463035608121  738318.7056673681
0.2885582053491859 -0.08858803178332603 0.7805946968042691  738318.7056685683
0.2872728603637778 -0.0857259170790473 0.7804233904864053  738318.7056697046
0.2864588810338079 -0.08384786543927064 0.7804588423936205  738318.7056708464
0.28571528644694005 -0.08231667604243896 0.7812189680092066  738318.7056720296
0.2856585602566192 -0.080768129783344 0.7818820539470542  738318.7056731199
0.28577772456661443 -0.07871414543222059 0.7817853679777633  738318.7056741953
0.2856967220453959 -0.07675320303110414 0.7806718479200163  738318.7056754733
0.28602357522824545 -0.07539339907726182 0.7795305231109683  738318.7056766289
0.2861999136257845 -0.0755176835698455 0.7787661571022082  738318.7056777885
0.28661965941941664 -0.07701908155802886 0.7788186645564864  738318.7056788378
0.28744597642868813 -0.07943458946252697 0.7793906802202047  738318.7056802156
0.28796193929627395 -0.08132434284590277 0.7799168445213741  738318.7056811998
0.2879530303855777 -0.08225169636923481 0.780246285409451  738318.7056822801
0.28693096761351694 -0.08204728650378243 0.7799553276066009  738318.7056835365
0.2856296948760049 -0.08107267614061806 0.7796148204436202  738318.7056846361
0.2848412677479034 -0.08027501619135403 0.7792023397814883  738318.7056858658
0.284555662873175 -0.07974620571682857 0.7775621279827447  738318.7056870487
0.2848481350563205 -0.07906643860164561 0.7766362691323736  738318.7056883189
0.28518398127603717 -0.07885539723828972 0.7769021785165654  738318.7056894038
0.28568582520139246 -0.0790455047401278 0.7772752076233891  738318.7056906329
0.28601750244417173 -0.07936300674134726 0.777507366385537  738318.7056916127
0.2864066323540405 -0.07952865216382966 0.7784708516303709  738318.7056927171
0.2866410606867029 -0.07924372589313353 0.7791625951176236  738318.7056940428
0.2866527191730231 -0.07844892817959556 0.7803186308855349  738318.705695155
0.2867033948194146 -0.07715292409048348 0.7808918523387052  738318.7056964198
0.28666454077724 -0.0761661180493357 0.7805536018436862  738318.7056974033
0.28691971845213216 -0.07514133568090371 0.7803163761622024  738318.7056984757
0.286402491719342 -0.07372320884309098 0.7812127077687628  738318.7056997386
0.2852689343403747 -0.07194809239977941 0.782291674492174  738318.7057008143
0.2840332573195864 -0.07036101730262655 0.7830066706211141  738318.7057020474
0.28263378609183404 -0.06860582943063519 0.7833704802998901  738318.705703242
0.28182192613816964 -0.06714225660204308 0.7828834856552646  738318.7057044657
0.28096691188019585 -0.06547191186226761 0.7826716243536568  738318.7057055386
0.2799139046775312 -0.06355127311260718 0.7829537244360331  738318.7057067272
0.27941726461959543 -0.0612142114386062 0.7820342713268351  738318.7057079972
0.27962801541237825 -0.05942324756088765 0.7810667680668868  738318.7057090348
0.2808478505070481 -0.05834087019628592 0.7795545134197062  738318.7057103056
0.28224763870678066 -0.05906785141040715 0.7778781123105514  738318.7057115019
0.28404449569334717 -0.06103984129755286 0.7776220496801802  738318.7057125061
0.2865192790637241 -0.06439554980411391 0.7782326456521469  738318.7057136721
0.28958750894489294 -0.0688533560333675 0.7793175077632452  738318.7057149302
0.29189371340225534 -0.07250646816938912 0.7813472611052966  738318.7057159806
0.292486895313462 -0.07503190916790316 0.7857982432137158  738318.7057174025
0.2898291134435015 -0.07339619470398448 0.7896876822639003  738318.7057185264
0.28615716763695 -0.06973859860982172 0.7935444662647337  738318.7057194499
0.2802631133815461 -0.0615735283622368 0.7985796273811347  738318.705720772
0.27619978871025874 -0.055226385483702706 0.8011525318795725  738318.7057219354
0.2733011453252409 -0.05074787340797794 0.8026041636748396  738318.7057229227
0.2716635341244245 -0.04651785791443803 0.8046307067284614  738318.7057241971
0.27125296652457437 -0.04461238050426329 0.80586570483635  738318.7057252419
0.27146810587322534 -0.04367423926353135 0.805916339395593  738318.7057263998
0.27156106431106036 -0.04161357994035399 0.8049967186730643  738318.7057278088
0.2706461222718834 -0.03723741378846351 0.8050520344463732  738318.7057287092
0.26814413556236855 -0.027303992181796435 0.8074231307388594  738318.705729912
0.2643499164671971 -0.012082189348644336 0.8073552665664349  738318.7057310967
0.26070763668668573 0.007292206951854013 0.8081583475732891  738318.705732182
0.2569655357587144 0.032481104946784585 0.811742916640799  738318.7057334605
0.25447997698403896 0.05829915582035238 0.817042906531573  738318.7057344994
0.25349101451332035 0.0914733399180269 0.8248137918804255  738318.705735653
0.25355718461116067 0.12339060047923875 0.832456051406362  738318.7057369528
0.25313317564172483 0.14856510409287424 0.8384424474420836  738318.7057379694
0.25198946681547996 0.1740906884610913 0.8433234693772  738318.7057391236
0.2505362296011988 0.19701101549891423 0.8503821228764216  738318.7057402849
0.2502416884383477 0.2149860092900554 0.8499141579669152  738318.7057414509
0.2533212756054745 0.2280289508965864 0.8298017944195637  738318.7057426332
0.26449509199828036 0.2442603378012372 0.7615800314492874  738318.7057437529
0.29144437791236155 0.25738445869453436 0.6602209549205046  738318.7057449131
0.33936733240740735 0.27004187144478875 0.5484715072804255  738318.7057462177
0.39225141150777176 0.27716729668972884 0.46861250289715384  738318.7057472282
0.4512897188406412 0.2841508985875661 0.4010261954629979  738318.7057483789
0.5033841654816661 0.28619561528368664 0.3496994843333047  738318.7057496861
0.5546300162311751 0.29018675827996315 0.30539237303931066  738318.7057506788
0.6158447509029061 0.29724350145927353 0.26901633360379534  738318.7057519765
0.6589078067136815 0.3051724528248122 0.2501963669854732  738318.705753132
0.6934808948381743 0.3144769327605775 0.2355615589894242  738318.7057542634
0.7186932021948993 0.32671967386610246 0.22645355836552605  738318.7057553579
0.7263166382316469 0.3379877957107752 0.22587167894805024  738318.7057566138
0.7193123199859934 0.34678775790601934 0.23095084604388394  738318.7057577907
0.7068370134439619 0.35177244500142135 0.2360848569816816  738318.705758807
0.6873967170209101 0.35284136562163876 0.24579579278353256  738318.7057601003
0.6754977405331356 0.3507989528022579 0.2511125060554697  738318.7057611161
0.6674488813478816 0.34722772814530156 0.25566834926548293  738318.705762155
0.6654512155137301 0.34402110234949873 0.2570142609624287  738318.7057635516
0.6737401867663597 0.34373992543467874 0.25278537558340647  738318.7057645877
0.6919430817539365 0.34585300361017823 0.2439098690665609  738318.7057658277
0.7163534111870932 0.34778319273063446 0.2324506380071653  738318.7057669013
0.7401515386156339 0.34963602349071965 0.2223417682146075  738318.7057680659
0.7553836014756403 0.35067367059207216 0.2163354174177651  738318.7057693356
0.7572143760022636 0.3510850641542178 0.2165977321702498  738318.7057704912
0.7527404406941609 0.3512108913301028 0.2183861107616662  738318.70577153
0.7452696505533377 0.3504173479513396 0.22005307601223417  738318.705772808
0.7371124847046928 0.3475489547102325 0.22180888464205842  738318.7057738472
0.7257954661898834 0.3420439375814412 0.22590405772452746  738318.7057748975
0.7136100093105316 0.3351824884739424 0.23124452250549882  738318.7057762833
0.7098984318821986 0.3317943379043763 0.23288748255044248  738318.7057773205
0.7116594569640503 0.3290588207316205 0.231742269632175  738318.7057785004
0.7192891679353997 0.32691393753010733 0.228488592376359  738318.705779785
0.7256755179038555 0.32683164678851484 0.22612805133710825  738318.7057807893
0.7365678967978077 0.3292191647165588 0.22148405478722719  738318.705781955
0.7453060949706045 0.3324160800405757 0.21762517544677684  738318.7057831094
0.7536774870046367 0.3376537789386403 0.21315878414028477  738318.7057843913
0.7563491650320716 0.34099537310684475 0.21129752599822363  738318.7057855681
0.7554616678023195 0.34336251181639177 0.21053038082600933  738318.705786584
0.7522358976507613 0.34384554681060847 0.21042579320381996  738318.7057877383
0.746563202436345 0.3423680524413608 0.21134740042135608  738318.7057890092
0.7419001993663159 0.3400325259257957 0.21233165204837198  738318.7057900482
0.7374981522909987 0.3374757748115861 0.21302611990612003  738318.7057912082
0.7360482761981479 0.33511842983314233 0.21229953019381376  738318.7057923675
0.7378543437296456 0.3321041367011059 0.21024498234814853  738318.7057935202
0.740024333466009 0.3280793822251786 0.2091061897523429  738318.7057949171
0.7426432089072333 0.3262315087374665 0.20857103640229158  738318.7057958377
0.747373723226791 0.3261638844203135 0.20699146059896287  738318.7057971378
0.7527729456619012 0.3271732352559539 0.20403070515087474  738318.7057981536
0.7565420832621841 0.32937389220852925 0.2009133129397714  738318.7057993776
0.7574588856633535 0.3308110801526573 0.19805439635935576  738318.7058005919
0.755149859583577 0.330038502972588 0.19685537738391404  738318.7058016249
0.7512151070669237 0.32504215365640676 0.19660793837079463  738318.7058029018
0.7443831408605811 0.31377084877796585 0.19835718471065628  738318.7058039404
0.7327606287047843 0.2984904255820692 0.2026614156892951  738318.7058050975
0.7222981545330308 0.2847319935270002 0.20729062673066764  738318.7058062402
0.7067958751111134 0.2697050454534327 0.21310766559307234  738318.7058074218
0.6906991245784462 0.2611406595163806 0.2177557696637492  738318.7058086924
0.6702635758071802 0.25707444782083877 0.22160634740688753  738318.705809728
0.643897614141583 0.25624568452381746 0.22621880790517584  738318.7058107667
0.6050020609830951 0.2558117688749777 0.2385378058787909  738318.7058121607
0.5692501734728301 0.25155563721136204 0.2542288012436804  738318.7058131994
0.5043025098717134 0.23414289461252466 0.2767102238301181  738318.7058144703
0.4121862036967719 0.20842502051397532 0.3119568277681296  738318.7058156285
0.347135806670872 0.19221517926846934 0.3442359429223657  738318.7058167321
0.26817710931165295 0.17767235253699754 0.3753232302897793  738318.7058179751
0.22539595882003013 0.17387779554654806 0.3811882756310681  738318.7058189813
0.17744959971848112 0.1797371426355478 0.3786102788699424  738318.7058202625
0.12546165986835178 0.18749640227135148 0.36607029467878416  738318.7058214532
0.06223045825981802 0.19438238939202404 0.34668962417664645  738318.7058224576
-0.014493515632167336 0.19902568940910462 0.3263580607742225  738318.705823621
-0.11215128923331935 0.19245885713522803 0.29501667121042724  738318.7058248908
-0.18110032119501174 0.17800165611783483 0.25657908387050604  738318.705826067
-0.22724858643474258 0.1611466967188768 0.204857083272978  738318.7058271139
-0.25461403747417233 0.14437099867838551 0.14700154103453866  738318.7058283493
-0.2676698221506704 0.1283247642559363 0.08822331154610837  738318.7058294697
-0.27739214719211097 0.11809185727492882 0.04508634467858062  738318.705830681
-0.28548284108309224 0.1158846288415201 0.025340639579482856  738318.7058317199
-0.2904750214648193 0.11986642209662919 0.008052314591572513  738318.7058328725
-0.29112575271114516 0.11942170423556264 -0.009068816452679226  738318.7058341423
-0.29262739868389886 0.11933274034764725 -0.009420437326571425  738318.7058351921
-0.29293553076156253 0.11961728715648628 -0.00439680962488046  738318.7058362316
-0.2926690074936502 0.11965053445401046 -0.004591592226762458  738318.7058375061
-0.2925817192933434 0.12002663238777879 0.006025472804208173  738318.7058385798
-0.29261700707232075 0.1199238941974364 0.008272981921634849  738318.7058399799
-0.29295397798616735 0.12021715247387002 0.0006181046298743975  738318.705840984
-0.29317197854542976 0.1202559968261461 -0.003032794708739089  738318.7058422305
-0.2929195084009895 0.12040945652754424 -0.0064567386095485575  738318.7058434339
-0.2929380500800985 0.12047884436850022 -0.008854784627386906  738318.70584445
-0.29287366994902786 0.12043387458159549 -0.00909983269941882  738318.7058455036
-0.2931138533608744 0.12039065396992117 -0.009237412518112154  738318.7058467618
-0.29289608030186615 0.12035439032334677 -0.009295496431586413  738318.7058479183
-0.2930307688621544 0.12029362481347809 -0.008964040721905084  738318.7058491983
-0.2928259274134164 0.12032483024731841 -0.009251080985617338  738318.7058502372
-0.2928590459379682 0.12034657582144029 -0.009210955789307224  738318.7058514042
-0.2928558337046125 0.12034052718821837 -0.009202046971080334  738318.7058526654
-0.29286602129972444 0.12034057473886008 -0.009218866269721277  738318.7058537042
-0.29269849568819367 0.12043018428697416 -0.009136039686183437  738318.7058549029
-0.29274369091566715 0.12037814413677739 -0.009095430860683264  738318.705856166
-0.29262055555271316 0.1203974928719812 -0.009349277250325833  738318.7058572387
-0.2927075409667108 0.12033920618413109 -0.00927293415060852  738318.7058584504
-0.2926283581397191 0.12036403266815253 -0.00932942811237387  738318.7058594915
-0.2927592163205512 0.12039273637330956 -0.009136114907165553  738318.7058607728
-0.2928617861318909 0.12030851642973811 -0.009244415345892366  738318.7058619272
-0.2929942605504603 0.12035882208797628 -0.008978205509981437  738318.7058629899
-0.29296236601363634 0.12027136965435355 -0.00909136194999269  738318.7058641403
-0.2927623465328575 0.12040928996065689 -0.009063460708839585  738318.7058654355
-0.29278485810789107 0.12040141140065531 -0.009052644198229137  738318.7058666947
-0.2928233717073896 0.12036791886408454 -0.009025197799197405  738318.7058677153
-0.2926845493310607 0.12035891556426494 -0.009215760947257635  738318.7058689006
-0.29268455429420426 0.12039693460684975 -0.008975413322717262  738318.7058699129
-0.29273572000157655 0.12030649424200568 -0.00910600525291069  738318.7058711941
-0.29260031427854055 0.12032757968158636 -0.00902442994994183  738318.7058722215
-0.2927124735529885 0.12030769933488973 -0.009117430004416973  738318.7058733874
-0.2925781692722463 0.12033361610110344 -0.008976063541001595  738318.7058745463
-0.29247249825078714 0.12033180118051356 -0.009323658370740515  738318.7058757064
-0.2924361395052694 0.12032428400757311 -0.00940465304839258  738318.7058768815
-0.2924004715625414 0.12034915039917292 -0.00929152781573919  738318.7058781533
-0.29244493615988437 0.12034230098009385 -0.009183558108030669  738318.7058791697
-0.2923564276689627 0.12032686179893594 -0.009346442714911876  738318.7058803289
-0.2924434590448464 0.1203286012776699 -0.009192321224678437  738318.7058815014
-0.29235928371649617 0.12032507032192706 -0.00934798969867645  738318.7058827593
-0.29253986067688026 0.1203248881201714 -0.009251612154440732  738318.7058839382
-0.29254070353857897 0.12031888430989734 -0.009245116268361834  738318.7058850693
-0.2923846747563584 0.12032755219038925 -0.009303627333295685  738318.7058860044
-0.29253502998542785 0.1203168308100313 -0.009255297025729787  738318.7058874178
-0.29235260726719076 0.1203579706242067 -0.009343929495998979  738318.7058884376
-0.2923466390417451 0.12033418204653334 -0.009345368975857892  738318.705889777
-0.29242990454082374 0.12031986255893352 -0.009416315454571342  738318.7058907456
-0.29243171235307275 0.12032131680828397 -0.009423540837606461  738318.7058919265
-0.2924712866666494 0.12031413052511075 -0.009377741543144802  738318.7058932023
-0.29248902532356563 0.12031921399094946 -0.009331125240334314  738318.7058942182
-0.2924881681517334 0.12031688297438234 -0.009320140689750218  738318.7058954923
-0.2923475462130065 0.12032442612861781 -0.00936247472170507  738318.7058965403
-0.2924333594037916 0.12032204130290579 -0.009423660680225666  738318.7058976253
-0.29239979673586236 0.12032540549912957 -0.00927036940411135  738318.7058989899
-0.29247250910931116 0.12032536248151404 -0.009372512602298405  738318.7059000025