% wand_x wand_y wand_z  738315.5266723055
0.26671441323838524 0.5477529210930635 0.414220515049426  738315.5266737216
0.2669223979234686 0.5478127526370227 0.4149189874069931  738315.5266746865
0.2668365057627801 0.5461850537122972 0.41542026898494705  738315.5266759644
0.2669746505065994 0.5451979598123545 0.41558918789462546  738315.5266771313
0.2672674441586329 0.5448185583895965 0.41450511219836106  738315.5266782787
0.2674959036628306 0.5445897534319122 0.41304243483133735  738315.526679439
0.26758280850800786 0.5441011942633157 0.41250951520552476  738315.5266804814
0.26777360551654844 0.5433679885064462 0.4133300478021077  738315.526681749
0.2682175182843252 0.5426228657642884 0.4151052514653764  738315.5266827894
0.26862846454217476 0.5417713174784524 0.4187005079730631  738315.5266840652
0.26931879604012093 0.5414744273869734 0.42143619916313785  738315.5266851191
0.26960406804732245 0.5403442634072211 0.4237316307248687  738315.5266862685
0.2696596496631347 0.537559295918015 0.4253412394537404  738315.5266875463
0.2696946685707117 0.5347489595994646 0.42574301678446064  738315.5266885472
0.269707820031419 0.5301616104958404 0.4269213683067343  738315.526689851
0.26988269931086384 0.528290532502922 0.4280991794183144  738315.5266910114
0.2704998656002928 0.5282205671045087 0.42965638300618675  738315.5266920454
0.27094799814424486 0.5298386394649963 0.43094451357486474  738315.5266932844
0.2710585736887901 0.5328201351965195 0.43165832579190033  738315.526694365
0.2717172656396919 0.5373647597599409 0.4313451622660713  738315.5266956787
0.2718840763917388 0.5391228262958322 0.43053604273922247  738315.52669673
0.27227813013934515 0.5396300283604668 0.42968498808351824  738315.5266978396
0.2724691709158672 0.5379799118767019 0.4297783675169954  738315.5266991198
0.27230624882095955 0.536742564857041 0.43033320973233696  738315.5267001595
0.27263906946462685 0.5373965579184499 0.4298399585201814  738315.526701379
0.2726479216717085 0.5387992680138616 0.42755072598818866  738315.5267024573
0.2720416529812275 0.5410637162626025 0.42410670228588676  738315.5267037428
0.27182362293886586 0.5415455681989519 0.4230173967279816  738315.5267049115
0.2876421561609138 0.5401275580686976 0.4186344960080728  738315.5267059396
0.30123226163262673 0.5365972323223939 0.4007451421121287  738315.5267072235
0.31683162377554525 0.5443296055745378 0.3901237611194017  738315.526708455
0.34166718957245906 0.5548651536976985 0.3864070226350995  738315.5267095591
0.36710166483695006 0.5676439409195071 0.3727182731701295  738315.5267105761
0.3780337012234482 0.5802289579697977 0.33839824563945253  738315.5267118678
0.37974970499273786 0.5946307294766117 0.2810382427677024  738315.526713012
0.37636137922900953 0.6088341096251592 0.23042699745091344  738315.5267140652
0.36779669697994455 0.6216125409187204 0.17091420994799927  738315.5267153116
0.35493052099196637 0.6301311124945079 0.11368806377953354  738315.5267164749
0.3461092563886292 0.6329449981846434 0.0681603150394234  738315.5267176295
0.3393002558376829 0.6282365888439467 0.0243192159275362  738315.5267188763
0.3336039287683345 0.6249321551673529 -0.0004498993776899709  738315.5267199499
0.3291720845711657 0.6247791859640688 -0.0029799397262351463  738315.5267211023
0.3292467162630897 0.6248525547809977 -0.0032186239954223846  738315.5267221417
0.32972398256543006 0.6246434674541039 -0.0026504128013301455  738315.5267234917
0.32959648024324956 0.6246214181290202 -0.00275583739348305  738315.5267245756
0.329407015800562 0.6244922897395305 -0.0026335853985604792  738315.5267256259
0.32933261868487784 0.6245141061333987 -0.002610305414628691  738315.5267270291
0.3292351177724824 0.6245489336070352 -0.00252115198414386  738315.5267281417
0.3291597287017776 0.6245650265918347 -0.0024498074609815013  738315.5267292312
0.3290959618972767 0.6245965551877206 -0.0023736224964597645  738315.5267302485
0.3291554441436514 0.6246281011321874 -0.0024388433508841425  738315.5267315157
0.32910816001459603 0.6245980285700161 -0.0024474668941317185  738315.5267327067
0.3290789768044835 0.6246009880289761 -0.0024335120167335426  738315.5267337234
0.32921892250347473 0.6245237052663675 -0.002638026436904529  738315.5267350969
0.3291095519904865 0.6245866404721232 -0.002453261368900383  738315.5267361471
0.3291135293453354 0.624608030982016 -0.0024186755019358157  738315.5267371973
0.3291143223224784 0.624611287138331 -0.00243339478009186  738315.5267385797
0.3291300924913601 0.6246086330497105 -0.0024353617621608844  738315.5267396537
0.329338490770683 0.6247403033680434 -0.0025372439975912785  738315.5267407798
0.32934242413216497 0.6247408723667874 -0.002544429169776776  738315.5267419445
0.3292040671657498 0.624488314051637 -0.002659263132155891  738315.5267430936
0.329721385793886 0.6247693833969288 -0.0027911172543125785  738315.5267442606
0.329662004414159 0.6247658047062683 -0.002790154125052808  738315.5267454092
0.32980191383739516 0.624748591756206 -0.0029149102506869523  738315.5267466787
0.3298041247362364 0.624751468179329 -0.0029181106174997634  738315.5267478912
0.3297111881342247 0.6247385013770367 -0.0028768403088166683  738315.526748943
0.3297208095535543 0.6247427478977873 -0.0028773992693577237  738315.5267500392
0.3296941735580313 0.6247526812401992 -0.0028278332825759775  738315.5267513136
0.3297364260196698 0.6247385113088516 -0.0028269234363612465  738315.5267523511
0.3296226478500652 0.6246473221263696 -0.002793276466860338  738315.5267535117
0.32958223557750455 0.624600903908627 -0.002795848783238163  738315.526754674
0.3295678958913981 0.6246111721987995 -0.002817647847717335  738315.526755856
0.3292731169844444 0.6244412439804259 -0.0026748415172280922  738315.5267568638
0.329246865794119 0.624461955012923 -0.0026520718721871127  738315.5267582468
0.329301187277943 0.6244753765920162 -0.0026659512984828857  738315.5267592965
0.32929579313078167 0.6244698714002707 -0.002683424706276054  738315.52676034
0.32921648999035463 0.6245205816030776 -0.002576264532416087  738315.526761728
0.32919915754055323 0.6245093679947524 -0.002597251882081052  738315.5267627763
0.3292197393851152 0.6245190577875652 -0.00259685492973958  738315.5267639258
0.3292067534458203 0.6245102212355134 -0.002580410756828048  738315.5267649691
0.32922064239904575 0.6245171084064493 -0.002593106689640129  738315.5267662391
0.3292075281408687 0.6245187312479233 -0.002584753814595696  738315.526767405
0.3292170901945905 0.6245096727840128 -0.0026005839382234157  738315.5267685668
0.3292193711491065 0.624512045434249 -0.0025946490467657142  738315.5267698134
0.3292120575698104 0.624518511464274 -0.0026080170471456054  738315.5267709945
0.32921150944552063 0.6245126789103556 -0.00260212054090063  738315.5267719068
0.32921545940559976 0.6245196355811551 -0.0025964675186420727  738315.5267731996
0.32921853268044254 0.6245128714107725 -0.0025989659886659043  738315.5267744592
0.32921743026152805 0.6245234893649607 -0.002596161470542343  738315.5267755355
0.32920845929067055 0.6245266557554034 -0.0025890913188934884  738315.5267767739
0.3292112815445341 0.6245213520422722 -0.002600799140616347  738315.5267778239
0.3292125565417981 0.6245140355646588 -0.002603544406369036  738315.526778815
0.3292370025653289 0.6245030995240625 -0.0026134553882684462  738315.5267800604
0.32921083858657985 0.6245094451892117 -0.0026042041976838447  738315.5267811479
0.3292214733291513 0.6245162431074337 -0.0026069927675382767  738315.5267825115
0.32921108241078945 0.624517418949425 -0.0025988148788625713  738315.5267835753
0.3292208284868995 0.6245149674364383 -0.0026153782050250102  738315.5267847755
0.3292120523109618 0.6245153405367104 -0.002611031587024522  738315.5267860136
0.3292097366593674 0.6245159488602539 -0.0026074850780205628  738315.5267870639
0.3292137159564095 0.6245181169248877 -0.002598834398223797  738315.5267882532
0.32923457511415805 0.6245062032376513 -0.0026298780044323737  738315.5267893957
0.32921206419411986 0.6245180614485466 -0.0026184368235511665  738315.5267904346
0.32921138489743595 0.6245050329699467 -0.0026149708891524993  738315.5267917278
0.3292188658366401 0.6245162716742851 -0.00261825327661877  738315.5267930784
0.3292069292492485 0.6245123534092762 -0.0026112234549327813  738315.5267940409
0.32920995913038764 0.6245180550110364 -0.0026139051593602855  738315.5267951771
0.3292197823236085 0.6245189037424127 -0.002626360802805822  738315.5267964584
0.3292166237559113 0.6245188003302724 -0.002619241776474421  738315.5267975106
0.32922186811951915 0.624514544384524 -0.00261676260865957  738315.5267985378
0.32922860799160747 0.6245141062504375 -0.002631920881936463  738315.5267998192
0.32922403069666595 0.6245088468657625 -0.002618115420091868  738315.5268010879
0.32920488607961873 0.624509899789394 -0.0026126941219197547  738315.5268021235
0.32921499303470475 0.6245107132332496 -0.0026192903595705034  738315.5268032418
0.32921343309682977 0.6245131044715436 -0.0026376794849032764  738315.5268044887
0.32921924877853237 0.6245174537525467 -0.00262073560504908  738315.5268056906
0.32922104807276764 0.6245190125141761 -0.0026120806423553834  738315.5268067968
0.32921737729769174 0.6245145338405711 -0.0026293358664906887  738315.5268078471
0.32921646394585147 0.6245153994775616 -0.0026225289010526304  738315.5268090665
0.3292228732064756 0.624515635405376 -0.0026317828344276178  738315.5268103027
0.32922254304360615 0.6245175540265878 -0.0026349295844270955  738315.5268112835
0.32922318794990313 0.6245113286531941 -0.002641083594164625  738315.5268123635
0.32921497595737115 0.6245139464836627 -0.002632841012243645  738315.526813668
0.32921331727882897 0.6245192697668916 -0.002622731543501945  738315.526814864
0.32913802750338994 0.6245079654148933 -0.0025857376363376972  738315.5268159144
0.32915680925179464 0.6245136277914115 -0.002595548125783738  738315.5268173756
0.32914551020586624 0.6245139619176621 -0.0025926413366772075  738315.526818322
0.32915582423469986 0.624516128582805 -0.0025871505446879786  738315.5268193725
0.32914310283175413 0.6245217066793491 -0.002588016658590432  738315.526820849
0.32916001001749706 0.6245199819193652 -0.002595657526885841  738315.5268217959
0.3293783945082975 0.6246382726059905 -0.002738164868646449  738315.5268229735
0.3292970302775723 0.6247248626737801 -0.002624522389954676  738315.5268240351
0.3292986378958337 0.6247024852156594 -0.0026745675248499553  738315.5268253745
0.32930165222918567 0.6247029446472753 -0.0026792648590913287  738315.5268265518
0.32922647860808546 0.624778508306463 -0.0025016381759544845  738315.5268275847
0.32921652660020156 0.6247678851785639 -0.002487201895303707  738315.5268286008
0.3292957363304333 0.6247346338782801 -0.0025719872510119196  738315.5268299092
0.3292180723675867 0.6247800663353825 -0.0024829299636711178  738315.5268310795
0.3292167087814078 0.624774673870078 -0.00248937745378579  738315.5268320608
0.32923423462097307 0.6247695845455105 -0.0025126206329212234  738315.5268334481
0.3292169483816663 0.6247742802168366 -0.0024869676366584353  738315.5268345417
0.32922984026153596 0.6247737230017398 -0.0025173601232456352  738315.5268357076
0.32927814222861906 0.6247174950279115 -0.002633208482840885  738315.5268370004
0.32927618420234367 0.6247328947269324 -0.002596042437437667  738315.5268380017
0.32914535315636956 0.6248427329412217 -0.0023107122504434736  738315.5268392152
0.3291696182873263 0.6248316991819145 -0.0023360825163807404  738315.5268402075
0.3291427346939125 0.6248370763691957 -0.0023087934200912764  738315.5268415442
0.3291536632070776 0.6248415343200734 -0.002312073170272639  738315.5268425485
0.329154550817259 0.6248441807133297 -0.00232767915221398  738315.5268436576
0.3291485049789912 0.6248345076476962 -0.0023306559058577066  738315.5268450675
0.3291372461134394 0.6248412581536392 -0.0023245531570496316  738315.526846037
0.32914801666222254 0.624838409587744 -0.002321744979097885  738315.5268471488
0.3291459826980387 0.6248434586230468 -0.0023194430619114313  738315.5268485376
0.32912863286215294 0.62483950479929 -0.0022951856690595048  738315.5268496921
0.32924245177894745 0.6247119101234403 -0.002507464338086601  738315.5268506269
0.3291472452354068 0.6244445811181845 -0.0027497859448897817  738315.5268518863
0.3293022309523772 0.6244796978882233 -0.0027440617270258704  738315.526853113
0.3294613425492495 0.6245304175727191 -0.0027685356975899805  738315.5268542467
0.3296226589299216 0.6245917648044685 -0.0028797756480353773  738315.5268553549
0.32976350030920654 0.6246313353303589 -0.0029465756306553356  738315.5268566131
0.3298717060127599 0.6247279853087048 -0.002980784557580245  738315.526857729
0.3300702390189006 0.6248877479047535 -0.0030288932935662546  738315.5268587219
0.3301285233597967 0.6249002841840273 -0.003076235555540716  738315.5268600612
0.33014101660357986 0.6249031807810339 -0.003082833640221971  738315.5268610998
0.3301580829887575 0.6248934409125744 -0.003109281198981741  738315.526862386
0.33015493164896476 0.624891298596088 -0.0030907746834500853  738315.5268634831
0.3301469766232481 0.6248910118534674 -0.003090156747758549  738315.526864627
0.33015785049850155 0.6248955657845573 -0.0030862758958001874  738315.5268656659
0.3301570385628912 0.6248949782922534 -0.003087415343388369  738315.5268669357
0.33000387601986025 0.624827066899259 -0.0030157172994557434  738315.5268681253
0.3302352067492665 0.6249232316279134 -0.003309352013408663  738315.5268691645
0.32995817520126247 0.6248170526789956 -0.0030134442978274716  738315.5268702866
0.33011134888100113 0.6248729404561337 -0.0030466658476578923  738315.5268717128
0.3301530449070256 0.6248912588611033 -0.0030823531885557543  738315.5268727349
0.33015297134490595 0.6248941303356544 -0.0030847940407015165  738315.5268737685
0.3301084672092524 0.6248624467924797 -0.00306061882147015  738315.5268750959
0.329981650457446 0.6247732357309655 -0.0030327571456712507  738315.5268762271
0.3299004960142953 0.6247211277783761 -0.0030020524347632175  738315.5268772396
0.33009401326160376 0.6248695911029679 -0.003078538778929584  738315.5268785442
0.3301586821880049 0.6248934163389205 -0.0030985595527330263  738315.5268796638
0.3301449482712092 0.6248896720789849 -0.0030858801264583703  738315.5268809164
0.3301489616735308 0.6248844669135698 -0.0030944311835413136  738315.5268820822
0.330144289155476 0.6248929208553334 -0.0030875361294255225  738315.526883331
0.33014753758234855 0.6248836657662658 -0.0030854833694825374  738315.5268843161
0.33014320427702537 0.624883154215171 -0.003097490548585979  738315.5268854586
0.3301548085900886 0.6248958439771343 -0.0030856262607788744  738315.5268866204
0.33014460138351376 0.6248982175942576 -0.0030829325765475814  738315.5268878443
0.3301483558719124 0.6248898227731123 -0.0030937896832842564  738315.5268889555
0.3301351529402443 0.6248813923945583 -0.003087258927020369  738315.526890171
0.33014967755537605 0.6248855361638518 -0.0030957424595270968  738315.5268913612
0.33026754161060956 0.6249389624103313 -0.003308813744671218  738315.5268924924
0.3302724170527752 0.6249445205830285 -0.003307154056266472  738315.5268934505
0.33026658172215356 0.6249432797132309 -0.0033100194738200114  738315.5268947099
0.3302665740347046 0.6249424345281738 -0.0033101425192086755  738315.5268959933
0.3302708820799344 0.6249440050320194 -0.0033151600012321447  738315.5268969286
0.3302689314450575 0.6249346816742579 -0.003304163832233157  738315.5268980826
0.33014931652553353 0.6248796728827624 -0.003101749857770582  738315.52689934
0.33026937012578933 0.6249352102375029 -0.0032994833091978958  738315.526900437
0.3301457949237926 0.6248839471027341 -0.0031088019154658373  738315.5269015332
0.33014651538778245 0.6248830330717731 -0.0030946868774253725  738315.5269029533
0.33014590702632807 0.6248871781524269 -0.0030988310141763023  738315.5269040031
0.3301489648995757 0.6248855889998183 -0.00309657416721933  738315.526905031
0.33014671446297783 0.6248911904561776 -0.0030988251167406934  738315.5269062548
0.3302646185044397 0.6249376660309057 -0.003312016366716053  738315.5269074605
0.330148808943705 0.6248880923512635 -0.003101613154718202  738315.5269084879
0.3301385520640533 0.6248818821039679 -0.003092601801326254  738315.5269097817