% wand_x wand_y wand_z  738315.5122046302
0.2491836065568042 -0.006479836850392507 0.45096015957713953  738315.5122059047
0.24817485210387316 -0.005438513389903647 0.45188859326909725  738315.5122070581
0.24591559582301878 -0.0036408491978941588 0.45103492434338505  738315.5122083814
0.24410256029030727 -0.002006075087824563 0.4489422997295344  738315.5122093745
0.24240508880182435 -0.00018556051597660284 0.4476139697974693  738315.512210534
0.24121191632068023 0.0007081003346505532 0.44656752699017177  738315.5122118643
0.24087662698176002 0.00048089730912581895 0.4463094723660048  738315.5122128496
0.24152238621083064 -0.0006097317625763489 0.44741695654150315  738315.5122141298
0.24451767206690037 -0.0021220101056520927 0.4487050650788614  738315.5122151624
0.24898010564839368 -0.003958401849823903 0.44977979666207485  738315.5122163898
0.2517791507068671 -0.005566907194500602 0.450006034037407  738315.5122174821
0.2533807635395878 -0.006646554661236064 0.44994540946712297  738315.5122186933
0.2543695744389749 -0.007660976576628592 0.4503028377164823  738315.5122199166
0.2547508494488598 -0.008346833085734957 0.4510934408207561  738315.5122209474
0.2546565168361981 -0.008720248474667567 0.45192903241123855  738315.5122222207
0.2544960961174407 -0.008562769399511524 0.4525500803776159  738315.5122232594
0.2538701003701475 -0.008136631544040268 0.453016430805755  738315.5122244172
0.2529836305897211 -0.007608574860387118 0.45361619126360897  738315.5122256967
0.2526340176296428 -0.007355118771349532 0.4534131016396994  738315.5122267387
0.25288641076444157 -0.007368484260925103 0.4530711774144707  738315.5122279022
0.2544272896816354 -0.006704023966784591 0.4542377540462402  738315.5122291676
0.25600495935450773 -0.006359684382137885 0.45688106824959734  738315.5122302106
0.2574484948997848 -0.005624572731090341 0.46366323043214397  738315.5122315283
0.257428695639994 -0.0037416949087674665 0.4727905510052409  738315.512232522
0.25730377484956923 -0.001750460202994169 0.4856034526100711  738315.5122337285
0.25562017919059293 0.0010638593556360557 0.5036963001809661  738315.5122348295
0.2534015399475437 0.0037804194422748666 0.5218013911302828  738315.5122360953
0.2514922522609926 0.006393717757020306 0.5414825193770558  738315.5122372786
0.2505048852700486 0.008373130036815776 0.5577062966427375  738315.5122383175
0.25116983248880254 0.009648961431675943 0.5767269650301651  738315.5122395831
0.2529247870317732 0.010051433200906882 0.5899473213891333  738315.5122407448
0.2552033005786045 0.008842548490014139 0.6004622463258925  738315.5122417914
0.26021835590983083 0.0064672977295360465 0.6086770868797009  738315.512243062
0.2651915774276318 0.00587119853948282 0.615801795233712  738315.5122442282
0.27180054576987284 0.006338705572680576 0.6261634686636514  738315.5122452617
0.2792230349445806 0.007731792144610249 0.6391218724547615  738315.512246673
0.28305006912847375 0.009694093752443136 0.6472640535697356  738315.5122477189
0.2856429412117319 0.011241643467698393 0.6530942586780968  738315.5122487311
0.28710624268585555 0.012381300276064149 0.6619051593866362  738315.5122500008
0.2875815475287683 0.013838573110063231 0.6737844762295275  738315.5122512464
0.2865111681995702 0.016661904770849133 0.6844388312222744  738315.5122522045
0.2828348363388709 0.021191689038016343 0.691400399945877  738315.5122533122
0.2784503906554714 0.026885541435593432 0.7042882927482458  738315.512254626
0.28330693124452444 0.031064020959677804 0.7195189192346697  738315.5122556764
0.2914312359827666 0.03626589616159774 0.7491213821277302  738315.512256821
0.3021713415813634 0.039450867819725705 0.7730639241881526  738315.5122581023
0.3131154650090053 0.040774409410177986 0.7893323021741527  738315.5122592584
0.32043793029774015 0.042854550639114156 0.8023386582606646  738315.5122603079
0.32360311716388945 0.05028958466772679 0.8234600897968212  738315.5122616714
0.319592692047116 0.060537985392914245 0.8435854774423288  738315.5122627332
0.31624665543088565 0.07149869029887222 0.8582010207209434  738315.5122640257
0.3168310409102024 0.07765315012462728 0.8697822716074624  738315.5122650468
0.318559405572264 0.08456914678279298 0.8849430243446675  738315.5122662653
0.31932518613942856 0.09191905491036075 0.8995574971407124  738315.5122672432
0.32008279503948517 0.10148058960028591 0.9135327071404816  738315.512268513
0.3227783581521281 0.11060046828299118 0.9214522632251915  738315.5122696855
0.32724939983949886 0.12027384734136796 0.9285509616005755  738315.5122707129
0.33302099583598177 0.1289748561290487 0.9369788812674951  738315.5122718739
0.3393362230844088 0.1400065642662047 0.9471805666792881  738315.5122731557
0.34386860610701003 0.14934199333261178 0.9552558063416832  738315.5122741945
0.34948332837366336 0.16459081267300935 0.9627575915079432  738315.5122753489
0.35392328009438295 0.1810212036865728 0.9706949370808697  738315.5122766302
0.3581460464723834 0.19955683468616528 0.9786666312279361  738315.5122778027
0.3619624638745738 0.21865062825906953 0.9842802403826256  738315.5122788182
0.36499050040518305 0.23850931229048675 0.9886708920300814  738315.5122802046
0.36441889566530167 0.2527485506507396 0.9928533496057024  738315.5122812486
0.3631094420803213 0.2644740889942985 0.9956230107131281  738315.5122822875
0.35963480682620164 0.28102786620359854 0.9974839506943011  738315.5122836727
0.3609460199675424 0.294421811523451 0.9988034782851167  738315.5122847231
0.3676937926197472 0.30571196933527967 0.9979170519742752  738315.51228597
0.37402335672809506 0.31406260827587046 0.9966318930265441  738315.5122869291
0.3836886488974392 0.3261550150327627 0.9917418171801595  738315.5122883026
0.39226359732791594 0.33855370296635146 0.9847724861133439  738315.5122894445
0.4025809503457481 0.35641989984129746 0.9808215098088884  738315.5122903899
0.41573614498188444 0.37585994500076364 0.9812474082713379  738315.5122916484
0.4292577561591205 0.3940436554569585 0.9843783989991767  738315.5122928342
0.44245838149070393 0.4060476128782768 0.9902447078274722  738315.5122939193
0.4647010260692997 0.42206827906297395 0.9995751349650521  738315.5122951429
0.4826904191510526 0.4319113784867707 1.0010616756900905  738315.512296298
0.5053771015383876 0.44578692911742207 0.99515402262737  738315.5122973372
0.53393220385062 0.46363834982815505 0.9864649806371452  738315.5122986432
0.5614971297364025 0.4788542118293742 0.9774406025690106  738315.5122997768
0.5860194171994938 0.491198205214015 0.9706720647218872  738315.5123008048
0.6117987057774674 0.5042598932150207 0.9654780279180273  738315.5123021599
0.6379289947512675 0.5201149225550007 0.9616646909895725  738315.5123032725
0.6582321418004464 0.5341868827838344 0.9599445732266402  738315.5123042857
0.6809176911972816 0.5503232622137523 0.9622820624434668  738315.5123056043
0.6975340249754451 0.5614467181993013 0.9648185447948204  738315.5123066201
0.7141414797539284 0.5710071530191733 0.9669462938602216  738315.5123077744
0.7348391301870334 0.5817815961816041 0.968952344009141  738315.5123089176
0.7535080226897873 0.5922822202027603 0.9686053311589028  738315.5123101857
0.774863428688491 0.6067917928061806 0.9668534171471049  738315.5123113422
0.7936532740082751 0.6204586313342723 0.9651122666204528  738315.512312381
0.8149790611442604 0.6360919507747078 0.9630330335594036  738315.5123136552
0.8386974856677032 0.6527239520550178 0.9601419631335777  738315.5123148271
0.8560794349617944 0.6644561881651123 0.9568441460738102  738315.5123158541
0.8818582144661774 0.6826880012874329 0.9540257106219686  738315.512317126
0.8985131295768013 0.6948295232665939 0.9524926938643298  738315.5123181727
0.9203257342346898 0.7107862225196047 0.9508702225882341  738315.5123194889
0.9412494160977689 0.7253903235618143 0.9501978262884452  738315.5123206902
0.9560827348853057 0.7352969248663314 0.9483232658269968  738315.5123216367
0.9755551296080972 0.7472605094640526 0.9460203842229123  738315.5123228006
0.9941165204244682 0.7562220588795106 0.9434290670592379  738315.5123240723
1.0080200844544853 0.7628238764315899 0.9416112485943978  738315.5123251121
1.0237108156443655 0.7707402973391336 0.9401431232845472  738315.512326504
1.0352592225099027 0.7783329756409999 0.9387840870100506  738315.5123275553
1.0471812345822042 0.7904984247729107 0.9353277681006751  738315.5123287466
1.0543949230981087 0.8017470711809358 0.9321638676034172  738315.5123296792
1.064442327513693 0.8232250399221112 0.9255325130941612  738315.5123311565
1.0686099002453666 0.8377525703622298 0.9224822215566375  738315.5123321722
1.0719776847277775 0.8546172574664966 0.9192513444160897  738315.5123331881
1.0740098944600955 0.8761365601957841 0.9177570123707337  738315.512334379
1.0742295022210167 0.9015195859496489 0.9180226214867486  738315.512335766
1.0740812840723737 0.9206395809792595 0.9178152557607346  738315.512336803
1.0737831048204496 0.9388272463937972 0.9183625148259598  738315.5123379709
1.0724286332554485 0.9611250418341574 0.9178087148883205  738315.5123391136
1.0707998645628696 0.9814261881485057 0.9157928071254575  738315.5123403859
1.0689951536943934 0.9997222742940033 0.9126396429613767  738315.5123413184
1.067351205936675 1.0210835410061239 0.9078356312386211  738315.5123424825
1.066206612933991 1.043056769679265 0.9026970300861179  738315.5123437512
1.0655411723205657 1.0648799696774636 0.8984182019107119  738315.5123449035
1.0646979316153826 1.0859584098788861 0.8947479813583696  738315.5123459426
1.0636894717422638 1.1061401831845372 0.8925777914424559  738315.5123472185
1.0617507119224647 1.1247268621558142 0.89098743040444  738315.5123482653
1.0596935443363322 1.1439986737844952 0.8902571073013898  738315.5123495358
1.05859378390697 1.159838076018158 0.8894580206890339  738315.5123506672
1.0579866405374279 1.1785746983501484 0.887226048053106  738315.5123517864
1.0584044297077202 1.1988692314258296 0.8854708729346009  738315.5123530116
1.0585782660271086 1.2144942258129552 0.8848336759479356  738315.5123540411
1.0583178227965029 1.2326729703062091 0.8826739162582836  738315.5123555311
1.0573891582672852 1.247696714625769 0.880046505224766  738315.5123563722
1.0566281431634987 1.2644787418254106 0.8794735356912566  738315.5123575293
1.0568754341840512 1.280200519641191 0.8817310546732617  738315.512358776
1.0578969598741474 1.2958610695434634 0.885649750229533  738315.5123598379
1.059890664590755 1.31083837717727 0.8876673525044644  738315.512361198
1.0626870877909504 1.3269481382313002 0.8857492354101557  738315.512362352
1.0640773719109247 1.33862194326437 0.8823735283171418  738315.5123633101
1.0659723346079468 1.354242653288858 0.8750607399753676  738315.5123645806
1.0668914046880722 1.3659228033682924 0.867551894446384  738315.5123658391
1.0668066331722754 1.3750385155981604 0.8616544466217684  738315.5123669885
1.0669430920900456 1.383645903880265 0.8576812494710202  738315.5123680346
1.0681370486967776 1.3911035614500453 0.8547628376002537  738315.5123693094
1.0715548751485466 1.3952836179524546 0.8533884997039209  738315.5123703858
1.0752476288901638 1.395733824961019 0.855862950040799  738315.5123714131
1.0814701833620288 1.3897223735409396 0.8647929902059538  738315.5123728223
1.0831429037228892 1.3832057270958849 0.8684978190971545  738315.5123738379
1.0839556596169972 1.3754338276171831 0.8722895556596821  738315.5123750179
1.0861609370658123 1.3645974238104808 0.8840327009348602  738315.5123761591
1.0897752261369351 1.3547209010746906 0.8960997754772096  738315.5123772139
1.0931465740592898 1.3384279253871425 0.9119774093595909  738315.5123783584
1.0949548132101872 1.3213596257585527 0.9211349318308145  738315.512379629
1.096516831753117 1.3060148055136642 0.922998903151226  738315.5123806795
1.0972527534167835 1.2855259003118364 0.9243938679185719  738315.5123820537
1.098745676498738 1.2644385533839437 0.9281286979792902  738315.5123831203
1.1019574871209843 1.244046473065569 0.9314077057528538  738315.5123842056
1.1082041254855424 1.2202205648462592 0.9353257881463387  738315.5123853269
1.115232111468609 1.1916412498882085 0.9393043246575185  738315.5123865976
1.1211155661224057 1.1643768436794313 0.9444153642749241  738315.5123877288
1.1268405478724006 1.1401251004370296 0.9487095449524406  738315.5123887907
1.1327586430862477 1.113351177485849 0.9510599660803001  738315.5123901474
1.1396312694294908 1.0832705415873223 0.9541146181205562  738315.512391198
1.145476930240227 1.0599451213466313 0.9559241187528018  738315.5123922485
1.1515131401352443 1.0292858542020704 0.9557829137359514  738315.5123933797
1.1555431968441667 0.9944487954505586 0.9552513358625375  738315.5123947137
1.157751129884789 0.9642172861490649 0.9527564790300104  738315.5123957411
1.1590431287227827 0.9334582937579913 0.9461883464878922  738315.5123969855
1.1604080026445909 0.906640941353081 0.9408969827164329  738315.5123981696
1.1612021221671072 0.8829344013029572 0.9381312648312333  738315.5123991851
1.1623668196806043 0.8538654740789756 0.9338952673659888  738315.5124004671
1.166160700300993 0.8295470180692982 0.930900017474533  738315.5124016146
1.1724977429113965 0.8024304802871008 0.9310391551675153  738315.5124027762
1.1773812492227371 0.7741801333793646 0.9321084354194721  738315.5124038035
1.1826745982816476 0.7334561011670111 0.9336821701914015  738315.5124050959
1.185125900843736 0.7069642641998298 0.934799858198877  738315.5124061117
1.1876091399379614 0.6710394555152223 0.9363942022125947  738315.5124074889
1.1902416417973074 0.6386492556919667 0.939976051848728  738315.512408743
1.1918425748612282 0.6096983936753099 0.9429206736994877  738315.5124096088
1.1924044741990183 0.5863872686581212 0.9450805379660612  738315.5124107639
1.193137698399296 0.560952706129353 0.9451928266870583  738315.5124120455
1.194107796108399 0.538082125541651 0.945748561055534  738315.5124132012
1.194505595102935 0.5207803871390119 0.9446543074763745  738315.5124141659
1.192003908321127 0.49552282452023705 0.9400318018145098  738315.512415655
1.1893501309348538 0.4779304035274569 0.9360582954755089  738315.5124166968
1.1852706934281922 0.45957070466849703 0.9307619021436188  738315.5124178792
1.1805845922304823 0.44083227772609895 0.9267456832773904  738315.5124190691
1.1720553755606384 0.42029161783642927 0.922347949596457  738315.5124201567
1.1645528672779295 0.4027822249515581 0.9192849709569479  738315.5124212876
1.1575428556715694 0.37924104349139703 0.9195586717604115  738315.5124224477
1.152766772453853 0.361051300206613 0.9197133711099733  738315.5124235024
1.1453172321134557 0.3425087672738309 0.9208231303061383  738315.5124246518
1.1360422431104857 0.3234808157847068 0.9231541311899462  738315.5124259795
1.1285128673455425 0.3101782332608171 0.9248995205954352  738315.5124270783
1.1170156996580005 0.2942924386615355 0.9271878370079464  738315.5124282339
1.1047831317297916 0.2815467318455748 0.9272562516213185  738315.5124292962
1.0874727968973394 0.26726498969822804 0.9251194528238069  738315.5124304387
1.0701859373211657 0.2516240528448254 0.9215639705719824  738315.5124315914
1.0551853988998479 0.23693692424939528 0.9158717259271947  738315.5124328496
1.0435999051573852 0.22267207203217831 0.9104394564337916  738315.512434122
1.035971171951373 0.215367231003563 0.9107681969231154  738315.5124351339
1.0271079353691368 0.20894451562992747 0.9087079824018706  738315.5124365117
1.0180390917881807 0.20562961809971866 0.9055800616951367  738315.5124375228
1.0053374934179575 0.20499532887880045 0.9053803222773898  738315.5124385385
0.9884726139394867 0.20463344197529215 0.9106096751783707  738315.5124398473
0.9733741285832938 0.20301516456399918 0.9178949803579052  738315.5124410286
0.9592697966503961 0.1997617924675949 0.9217123582741583  738315.5124420177
0.9435206011844988 0.19341784936642492 0.9227966328675434  738315.5124432872
0.929338533122423 0.18541959971943833 0.9210023086774078  738315.5124444385
0.9176365612276747 0.17793100333692022 0.9177442382912306  738315.5124454891
0.905108423362484 0.16990679597316627 0.9147172258182602  738315.5124466486
0.891030716002181 0.16140532324002416 0.9137383810026304  738315.5124479183
0.8800691948351639 0.1560675722298545 0.9131895787887849  738315.5124489572
0.8674686526533861 0.15165804080587428 0.9104451801408119  738315.5124501345
0.8535408471601819 0.1482540048997904 0.9068577486258721  738315.5124513904
0.8415327732962541 0.1462597071518653 0.9049379338985566  738315.5124525446
0.8285848428596366 0.14337283055434513 0.9018484304643944  738315.5124535843
0.8135700888506735 0.13936945088079453 0.897921381147617  738315.5124549748
0.7983017642881736 0.1370706469253792 0.8951073872946941  738315.5124560187
0.7870536993271898 0.13535671257583778 0.8943483314822753  738315.5124570576
0.7710283727400216 0.13183633194633954 0.8936037571763321  738315.5124582928
0.7536157547007813 0.12669151530831385 0.8894948177381377  738315.5124595967
0.7384366114689033 0.12185008619280883 0.8848786340364757  738315.5124605293
0.7229303185286412 0.11649100409135166 0.8816795064601757  738315.5124616831
0.7024861002065407 0.11124557405431929 0.877185118909365  738315.5124629592
0.6881720924558679 0.10953119285304944 0.8749284610606463  738315.5124642293
0.672429555626817 0.11052733872098162 0.8745761676438916  738315.512465152
0.6542786507698328 0.11294653000944292 0.8744178579571348  738315.5124665293
0.6376072571153674 0.11545479399298873 0.8734693711562224  738315.5124676266
0.6200022226608259 0.11741295080735056 0.8713598989769451  738315.5124688352
0.6020535317087539 0.11845687961230147 0.8654288692480862  738315.5124699266
0.5840638810393437 0.11914401964108227 0.8582486385911928  738315.5124710923
0.5643664977105243 0.1191053043419488 0.8529004672778439  738315.5124722158
0.5450645981395524 0.11959691101375432 0.8498363729002187  738315.5124733817
0.5236770091217641 0.12121585561751981 0.847606164764292  738315.5124745315
0.5050596199128856 0.12329815323084924 0.8441219560175677  738315.5124756923
0.49158905047934337 0.12579595488095557 0.839248647851318  738315.5124767427
0.47908131357689926 0.12938123883736705 0.8315647905245592  738315.5124780117
0.47282862035043666 0.13230156749953975 0.8229323523817129  738315.5124791608
0.47050039577242764 0.13688046362586623 0.8120397443203511  738315.5124803499
0.46936210505203724 0.14299130533955062 0.7983070658152597  738315.5124814003
0.46913541123577784 0.1492822358393637 0.7840865040739489  738315.5124826392
0.4689752936470323 0.15493691489583078 0.7717610115732306  738315.5124836728
0.4661226149368205 0.15906982677560447 0.7557713740229225  738315.5124849542
0.46108103974598624 0.16282691350832584 0.7324282565499987  738315.5124861085
0.45549787721782914 0.165184417999083 0.718195637568044  738315.5124871474
0.4489145132061685 0.16864791276305474 0.7010568680109543  738315.5124884261
0.44535975695501684 0.1708280222973224 0.686102865481818  738315.5124895804
0.445170656852397 0.17048961859289116 0.673892798677619  738315.5124906078
0.44632248122506774 0.16941060422834825 0.6581172985609649  738315.5124918083
0.4480866341366913 0.1672248273037532 0.6376187622914637  738315.5124930551
0.44814868203503316 0.1639276534428187 0.6197132486283758  738315.5124942147
0.44810977017470593 0.16082781936026916 0.6057837997697801  738315.5124953198
0.44904573527624797 0.15820812300499665 0.5925744230748824  738315.512496555
0.449812473225001 0.15698674008479932 0.5808127723589198  738315.5124976834
0.4502771881391688 0.15595216912717236 0.5680634190209508  738315.5124988477
0.45054023941141225 0.1545702548238397 0.5518573611253367  738315.512499992
0.450092999688296 0.15452262977552192 0.5417953928733241  738315.5125011579
0.44937140562566874 0.1559951730442718 0.5338751739885181  738315.512502197
0.44606711468035337 0.1578539987061459 0.524813994944466  738315.5125033516
0.44250173613852445 0.15965898819778923 0.5154431677791457  738315.5125047363
0.4405950707210619 0.16100563179810332 0.5052759737742046  738315.5125056714
0.440402761021094 0.16205624996647341 0.4887301362119496  738315.5125069482
0.44085833588042317 0.16222973595646895 0.47498653573805827  738315.5125081143
0.4427686605546257 0.16149004021845004 0.46005517254880984  738315.5125092696
0.4468825428469285 0.16200350316240278 0.4537043037077854  738315.5125104769
0.45132058332907515 0.1631885503212028 0.458656514433713  738315.5125115041
0.4563115479813054 0.16376780585786246 0.47610813116139983  738315.5125127275
0.4582480492565469 0.16368745565031168 0.4975255827356616  738315.5125137779
0.4583324599376182 0.16407378035475975 0.5227139701066019  738315.5125149232
0.4574584025346604 0.16418735713621319 0.5457649753298179  738315.5125162037
0.4572891217776541 0.16425857304784078 0.5687884538535619  738315.5125172427
0.4571843371141957 0.16450482913062903 0.5932627669379211  738315.5125185124
0.4569668244571948 0.16514445614778359 0.6108617418436344  738315.5125196766
0.45692575029394805 0.1658507914550928 0.6223729301172164  738315.512520711
0.45791430716380643 0.16556420701220861 0.6382713054690186  738315.5125218778
0.45916420366666205 0.16423588824799878 0.6601354712220967  738315.512523136
0.46075381067782245 0.16340680538064478 0.6797047958880318  738315.5125243404
0.46206871576332775 0.1645397403398822 0.6999398755319818  738315.5125253445
0.4641467529556881 0.16628302185069652 0.7250196896371589  738315.5125267138
0.46693222015319535 0.1668861758375995 0.7474465325159511  738315.5125277068
0.4701143549883862 0.1671699584910278 0.770359586335913  738315.5125288201
0.4743266949718072 0.16613163264706773 0.7933660440958079  738315.5125302111
0.4772794684695699 0.1643624221731922 0.8061522959043617  738315.51253125
0.4801386540692241 0.16112105710028143 0.8200997110338688  738315.5125322215
0.48350402666194436 0.15582200446605607 0.8347725847730447  738315.5125336318
0.48647859309782576 0.15091375016950795 0.8493894319138833  738315.5125347461
0.48740719351339534 0.148132233278398 0.8606171465841251  738315.5125357597
0.4884983213464357 0.1454878696670871 0.8777284591417361  738315.5125370307
0.49230542542023803 0.14364989859861793 0.8960256973506922  738315.5125382796
0.49983819193306567 0.13999019945529295 0.9112092621671105  738315.5125392262
0.5162974952311197 0.12986686683705068 0.9276850881911366  738315.5125405075
0.5329099885175121 0.11720812674855831 0.9389286933035718  738315.5125416389
0.5533180580549437 0.0993497654821938 0.9494443052475406  738315.5125427104
0.5745220852277149 0.08075990802061195 0.9534333927706511  738315.5125438648
0.6071032271421607 0.052815167545264774 0.9546782327911821  738315.512545148
0.6281416955942599 0.03328956046880318 0.9534240234342551  738315.5125461639
0.6573661579338876 0.005797990280686989 0.9537739049301346  738315.5125474632
0.6822787682550284 -0.017882499181157717 0.9623063928944253  738315.5125487315
0.696427689845638 -0.03398261497253777 0.9712505122410344  738315.5125496244
0.7179457796865633 -0.06198431948164448 0.9852559221546403  738315.5125509518
0.7310208553773601 -0.09036186178305411 0.990576818767375  738315.5125520908
0.740059733078712 -0.11634553204616208 0.9926796102056928  738315.5125531184
0.750544235413815 -0.1537245852662379 0.991535397410937  738315.5125543764
0.7626560081839668 -0.18937885046900965 0.9886908544908427  738315.5125555538
0.778198754870367 -0.22323358540021043 0.9856309788981994  738315.5125567156
0.7925053052537937 -0.2461673752335794 0.988298848173258  738315.5125577545
0.8125591336418121 -0.2803671169232832 0.9957566158172985  738315.5125590357
0.8273635373441373 -0.30769082855362895 1.002392355981445  738315.5125601789
0.8372277951465473 -0.3294188867653048 1.0069829575802973  738315.5125612292
0.8467867808747909 -0.359051420221583 1.01225561968747  738315.5125623834
0.8542340292466039 -0.3873091867225994 1.0125840011882234  738315.512563647
0.8613900931204882 -0.41810508948024483 1.0091230547566619  738315.5125646918
0.8706097423235756 -0.45417555968145 1.0049329069660642  738315.5125662758
0.8791350494846588 -0.4866739713461433 1.0057662632631679  738315.5125671318
0.8899937398697461 -0.5261599272360367 1.012792334973565  738315.5125681702
0.9018726443983226 -0.572103052008588 1.0232344378870792  738315.5125694398
0.9141329442267462 -0.6250801091639279 1.0356374317968406  738315.5125706956
0.923348325465686 -0.672047135560745 1.0436616349629961  738315.5125716422
0.9323835297849035 -0.727684427333658 1.0496946110141474  738315.5125728054
0.9364759487098883 -0.7927719893692678 1.0526082535900476  738315.5125742407
0.9365274526230568 -0.840063356187707 1.054129103055329  738315.5125752279
0.9349173165235891 -0.8811129430031092 1.0574910397151418  738315.5125762656
0.9298304221712653 -0.9412529142621603 1.0667426194997778  738315.5125775384
0.925561423817408 -0.9888604903665913 1.0766380420750852  738315.5125787297
0.9187896339930813 -1.0434940842093814 1.0852537969446103  738315.5125797475
0.9089763428161015 -1.1059516828872453 1.09087078425611  738315.512581017
0.9007112334132026 -1.1521530927606671 1.0944751064579874  738315.5125820531
0.8895167087566748 -1.2103544108208448 1.1009444163311417  738315.51258321
0.8733040175719984 -1.279970759272778 1.1102890180882499  738315.5125844907
0.8627740109347851 -1.325957766513904 1.1170245747989267  738315.5125855413
0.8494887886786869 -1.3850721152749617 1.12492180617929  738315.5125866925
0.830692718140581 -1.4542144123238883 1.1301855338939766  738315.512587957
0.8111838376591378 -1.5096857766356204 1.1333107201890638  738315.512589118
0.7931894306901681 -1.5550865932798026 1.1359760662046339  738315.5125901226
0.7656388101239519 -1.6186074087508107 1.1380878785438153  738315.5125914341
0.7360558040570125 -1.6788911237685817 1.1399187820071268  738315.5125926217
0.7178874929017579 -1.7187262799816674 1.147623945058515  738315.5125936375
0.698074215030512 -1.7647677426559452 1.162710709292813  738315.5125949072
0.6806800228802362 -1.8016028964667175 1.1796696032829923  738315.5125960157
0.6654870939859738 -1.829415938942112 1.1967260372184296  738315.512597112
0.6508799264551801 -1.8512354233874455 1.2106923370237317  738315.5125982553
0.6441805145495535 -1.8568556115864796 1.2143727272795894  738315.5125995466
0.6443919216808751 -1.8513885904323304 1.21103817898216  738315.512600649
0.6498291718959245 -1.8380914066189138 1.2090347718022616  738315.5126017362
0.6589108183029674 -1.8184983548286238 1.2094591302856512  738315.5126030096
0.6728666980600838 -1.7879308708475932 1.210800672138848  738315.512604177
0.6853071433832202 -1.760767674968908 1.2099395988578898  738315.5126052042
0.702860064475467 -1.7183563508135484 1.2059829615219795  738315.512606474
0.7186961658068394 -1.6759773794722865 1.1988002242593927  738315.512607639
0.7323526462023957 -1.638359715780076 1.1888813427987996  738315.5126086778
0.7509751168222886 -1.5849238493381126 1.1732874589739897  738315.5126099664
0.7640818138520878 -1.53700291215026 1.1610646197917098  738315.5126111093
0.7741949407422751 -1.4921168157974654 1.149961968389951  738315.5126122719
0.7828473382054133 -1.439628854385291 1.138403038349045  738315.5126133007
0.7911428382832172 -1.3791068814617193 1.1290153745805456  738315.5126145823
0.7943522937513822 -1.3235257403089424 1.1263115167379996  738315.5126157367
0.796874132350234 -1.2661557932595293 1.1222821115561894  738315.5126168887
0.7974907499952872 -1.2070708025390542 1.1183534539337874  738315.5126180546
0.7963453903187103 -1.1515072364850873 1.1135418145140326  738315.5126192129
0.7916146193934649 -1.082720184012361 1.1053934700532992  738315.5126203977
0.7838957660632104 -1.0211678584712252 1.094140304751289  738315.5126215236
0.7737073466374308 -0.9624769463678654 1.080835884827528  738315.5126226763
0.766859903417191 -0.9175284109712927 1.0717440739857922  738315.5126237167
0.7572934105854804 -0.8574305630357673 1.0610561865462944  738315.5126249694
0.7487895166199388 -0.7991000190409275 1.049121849170509  738315.5126261547
0.743248237858205 -0.7517956486736677 1.034364177122243  738315.5126273076
0.7397789835036827 -0.7010577676119853 1.0151477467167336  738315.5126283508
0.7377361818481013 -0.6473044404293414 0.9936594665115257  738315.5126296266
0.7382302089420273 -0.6036267462989763 0.9778595801366421  738315.5126306796
0.7398219161331058 -0.5610873012231529 0.9673918057010221  738315.5126318183
0.7426081549197805 -0.5129064047504228 0.958658895651768  738315.5126330766
0.7436286503731803 -0.4684178921868911 0.951691745411397  738315.5126343473
0.7440487245025792 -0.4377043545562533 0.94371110415776  738315.5126353155
0.7485863036199513 -0.3902617431570864 0.9274465387102947  738315.5126366803
0.7521734413157707 -0.353735724318415 0.9106823988446412  738315.5126377473
0.7527011611316192 -0.3266862870309226 0.8925580383275316  738315.5126387747
0.7548064665067138 -0.2908646957258744 0.8634287956804696  738315.5126400451
0.7567708515241348 -0.2603599930301973 0.832468199628358  738315.5126412254
0.7566464415412668 -0.23038285629464744 0.7980930731691815  738315.5126423623
0.7573013018893853 -0.20636413890527003 0.7689369882663301  738315.5126435161
0.7589622922653165 -0.17923253176289083 0.73783292442165  738315.5126446679
0.7609106465535157 -0.15259194678597365 0.7107776740247294  738315.5126457135
0.7633324608184178 -0.12412675162703111 0.6877724705336954  738315.5126472027
0.7650892482393556 -0.10504422020217836 0.6743224622783321  738315.5126481388
0.7671615067340676 -0.08952445443482364 0.6643247744523895  738315.512649178
0.767136595076957 -0.07255566830526086 0.6530567355860237  738315.5126503902
0.7635923865649911 -0.05621214637504707 0.6361499208663861  738315.5126516105
0.7608359714954078 -0.046130934621177754 0.6186552181555237  738315.5126527654
0.7574960751249966 -0.03800410286977484 0.5965962912320233  738315.5126538159
0.7517606240338253 -0.028202073291162304 0.5649215161381602  738315.5126551433
0.7466053177190215 -0.017378110992094933 0.5362776813273056  738315.5126561937
0.7410491550279182 -0.006515144365978147 0.5107259982570563  738315.5126572903
0.7318834009171504 0.011305469493154 0.4685815518167199  738315.5126588143
0.727007080254243 0.019860615897461034 0.44727321145853044  738315.5126597034
0.721046710192262 0.028739911590138122 0.41960904571018187  738315.512660754
0.7153928842302198 0.035580118794292064 0.3844220511300361  738315.5126620374
0.7105707712646251 0.040228153400217445 0.35456874537998556  738315.5126632786
0.707464474280749 0.044323732125262756 0.3275273686949703  738315.5126642367
0.7028849088576217 0.045120474976734264 0.3005941654706219  738315.5126653911
0.6979312410694225 0.04255737353501881 0.2741254458215317  738315.512666658
0.6950774109122413 0.0411026017115981 0.25043405413546943  738315.5126678387
0.6941147154467274 0.03921415099720862 0.2260547238130182  738315.5126688544
0.6938445726451518 0.03408372280558088 0.19727334991283746  738315.5126701377
0.6935846161812151 0.025551324920393373 0.16727910886550235  738315.5126712921
0.6933041770510567 0.017394068957973987 0.1395445216259005  738315.5126724523
0.6916512826454764 0.010860854201021338 0.11472173673374564  738315.5126737196
0.6892702828688491 0.007898863386069833 0.1026935636317857  738315.5126748165
0.6875204149335058 0.004761859470569347 0.09348672289549238  738315.5126759243
0.6883192397634914 0.0020462474800498304 0.08471828942305068  738315.5126770741
0.6899179897584485 0.0004448592817353047 0.07562666655492142  738315.5126781241
0.6905774586527368 -0.005158906016067351 0.06247974651106344  738315.5126795674
0.6899498747725145 -0.01065314593978124 0.0554933038903713  738315.5126805408
0.6890691080471999 -0.01726249671933479 0.04502157466852445  738315.5126815683
0.6905438621265931 -0.02292314532986894 0.02764644865497447  738315.5126829648
0.6895151795106521 -0.026253602488345053 -0.011989747527425074  738315.5126840234
0.6905196985057643 -0.024817609933006628 -0.008105852602791948  738315.5126852104
0.6903767121253296 -0.024772179524739504 -0.009773866449935118  738315.512686346
0.6896102412022315 -0.024774522498921737 -0.009032075733575654  738315.5126875001
0.6895180010721667 -0.024968780122854792 -0.008672095566824451  738315.5126886779
0.6897502511508397 -0.0248670472373026 -0.008509654276576174  738315.5126896885
0.6897281004814235 -0.0248629256781395 -0.008434722331382653  738315.5126909616
0.6897179740542 -0.024870001854011753 -0.008437459919658373  738315.5126921253
0.6897838818967409 -0.024874042313905775 -0.008357204924635195  738315.5126931526