% wand_x wand_y wand_z  738339.392743298
0.022051370134053176 0.41161552158801024 0.6387557695609783  738339.392744564
0.020796318209036272 0.41317029067276406 0.6375619073336081  738339.3927457945
0.01931401016681856 0.4142980404700568 0.637877708914658  738339.3927468818
0.018242204533919833 0.41520370425653846 0.6361489831826066  738339.3927479889
0.016616983098010286 0.41600870161173276 0.6330357683031511  738339.3927493077
0.01577952071056771 0.41597139024811175 0.6320573338846808  738339.392750361
0.01602118654442238 0.4153363340042109 0.6324380697641753  738339.3927515752
0.017437555915997563 0.41452221549943885 0.6341630744099296  738339.3927526636
0.019777766801982004 0.41312074876566407 0.6371955853964291  738339.3927539075
0.02155362197241775 0.41063215614438175 0.6397974504473226  738339.3927549951
0.02215031265380026 0.408189878550689 0.6404548995441087  738339.3927561407
0.022432611676431315 0.40601446057629237 0.6392435354991486  738339.3927572916
0.022796449400179077 0.40424915716010174 0.6402972124761246  738339.3927583697
0.02337265622172126 0.4024943742359173 0.643671907584869  738339.392759614
0.023453278291844945 0.40089826698113606 0.6445931847646343  738339.3927607696
0.021321419676493442 0.3985547082517906 0.6396383921506298  738339.3927620425
0.0191117286968609 0.39539307794986905 0.6362527218785691  738339.392763016
0.01588707281642102 0.3899556314832633 0.6317602059238167  738339.3927644496
0.014188096486461126 0.38542422782872787 0.6314531979271398  738339.3927654012
0.011022382030562628 0.3737321408845869 0.6307915023881647  738339.3927665943
0.005073003300437216 0.35358946870240204 0.631158106478894  738339.3927677167
-0.0067484003916716585 0.31914978631292784 0.6163723067329508  738339.3927689843
-0.016094120608088482 0.2968274933420496 0.5962579977869922  738339.3927700507
-0.028370092094765105 0.26683261199127134 0.5829321075642311  738339.3927712651
-0.03231469289401142 0.24672388058725173 0.593158934796875  738339.3927724604
-0.02876577592852411 0.24200738457574367 0.62145326548327  738339.3927734285
-0.015336206076737047 0.23700803306614987 0.6523513846674882  738339.392774718
0.0018435642667037585 0.22562669586982007 0.6759350642222681  738339.3927758181
0.017097263923964157 0.20984837630085035 0.7511093315507376  738339.3927770865
0.023622020996985946 0.20598351868321704 0.817224325977798  738339.3927781384
0.029798081483340906 0.20557914935624205 0.8641474905139723  738339.3927792847
0.03342225124531173 0.20534407965208917 0.8856505824473688  738339.3927804454
0.029911912389118157 0.2053123312249114 0.8955298013181071  738339.3927817094
0.02642273013195167 0.20655202180746493 0.898846854114513  738339.3927827601
0.024205897590373678 0.20941815860616853 0.8950650024486922  738339.392783833
0.022206723870872896 0.21213413509460802 0.8841018164613401  738339.3927850757
0.01967660774410622 0.21598706311180543 0.8766976230613075  738339.3927862319
0.014814734557463457 0.2232036092017148 0.8728187450268234  738339.3927875054
0.00669454148031376 0.22803321563147655 0.8772977014831874  738339.3927885453
-0.016300695502795143 0.23118787356573894 0.8958230213298871  738339.3927897661
-0.055202333376699185 0.22532277106576984 0.9276450460259429  738339.3927909806
-0.08757292958222994 0.2127095107482741 0.9546668056044003  738339.3927919355
-0.13150042315226934 0.17658333889439937 0.992975888530555  738339.3927932933
-0.15584409970850288 0.1423091432742676 1.0165344555180515  738339.3927943317
-0.17938672075793743 0.08272613543034152 1.0439523671120317  738339.3927956031
-0.18598427004162382 0.041305204063925294 1.0558187848292342  738339.3927966425
-0.1993818541654851 -0.04501298888480744 1.0731815125112372  738339.3927979219
-0.21802865198614588 -0.14805285854787126 1.0680202670705645  738339.3927991408
-0.22993218304601895 -0.2548899720472955 1.0295090902987232  738339.3928001191
-0.23601391341784328 -0.3800657135459024 0.9577213999246486  738339.3928013934
-0.2305235962184624 -0.463649148354282 0.9017162878738985  738339.3928024733
-0.21125586503061988 -0.5318970627128573 0.8475075644239735  738339.3928037413
-0.1849669434985729 -0.5731926055355637 0.7948719734851379  738339.3928047476
-0.14716103371577363 -0.5993872292205944 0.7271211272558558  738339.3928059792
-0.12352530431106645 -0.6095418618866069 0.6818248307473702  738339.3928070583
-0.10252011834476776 -0.6146434801750117 0.6178602974037563  738339.3928082153
-0.08902530064690374 -0.619182559529978 0.5371656481850039  738339.3928094911
-0.08476400748349493 -0.6232467158539565 0.46247599257504235  738339.3928105377
-0.08825513988645982 -0.6258535641085763 0.39077768516966865  738339.392811813
-0.1012956152927642 -0.6258911930080756 0.34320617108850326  738339.392812846
-0.11787010935761205 -0.6268362457517896 0.30925935329861964  738339.3928141678
-0.1214290696555478 -0.582331803745005 0.22793606127715224  738339.3928151611
-0.12315717719105929 -0.5719740754828488 0.20318173269357276  738339.3928162472
-0.09709090156266136 -0.5927268919306488 0.27628696339956266  738339.3928175987
-0.0901629519962325 -0.5319734781208101 0.1905505602761883  738339.3928186393
-0.06868724395043783 -0.5122894555647833 0.195715569020495  738339.3928199086
-0.05955693527319011 -0.5030746959189059 0.19789003501850247  738339.3928209081
-0.05765235769823046 -0.4923157685268429 0.19014482112047382  738339.3928221505
-0.06010373659217422 -0.4859681216345247 0.18009609267748283  738339.392823263
-0.05977920622700946 -0.4804406827282121 0.1728563079882207  738339.3928244953
-0.055166457866953934 -0.46921925293202665 0.16711657042694703  738339.3928255724
-0.04635315282533635 -0.45664670450867584 0.16641418687815165  738339.392826743
-0.03823426551397888 -0.44480075672266745 0.16658914776278377  738339.3928279208
-0.03618501458084265 -0.4362959859491411 0.16167671622975233  738339.3928290034
-0.04049126049382044 -0.4321343782210965 0.15049442871988988  738339.3928303292
-0.043250186807118764 -0.4362248239017638 0.1453414414989143  738339.3928313634
-0.043399643201026385 -0.4395376292193133 0.14038695815587487  738339.392832631
-0.024713013853953462 -0.4448019982129042 0.12805333130619112  738339.3928336743
0.06424723323139608 -0.49312763555461964 0.13133845984490092  738339.3928347501
0.2469350639132025 -0.6715773907643703 0.3084866485486585  738339.392836165
0.35406943203791186 -0.7534014438187077 0.4155547490029775  738339.3928370853
0.4449774932459361 -0.8437521040312863 0.5397636793060554  738339.3928384329
0.4652701329735464 -0.867955762514643 0.5695569557216593  738339.3928394229
0.4794780985747504 -0.8600957695752391 0.5336743952022457  738339.3928406922
0.4779764233825699 -0.8253358511830382 0.47344457344571506  738339.3928417753
0.47334307476095205 -0.7919675951124963 0.42793581683940013  738339.3928428466
0.4668495606714873 -0.7557767634043375 0.3895288993791894  738339.3928440916
0.4592129424278519 -0.7262173920171658 0.3667348057405556  738339.3928452586
0.4478117029040652 -0.6931887033034806 0.3517492345285922  738339.3928465265
0.4338194154796401 -0.6586784031431482 0.33668501901232917  738339.3928475771
0.4108492777457599 -0.6191857674096453 0.31913481609814753  738339.3928487559
0.377199294267515 -0.5824207843390614 0.2929849094895394  738339.392849886
0.3434444056341392 -0.5050467417877037 0.19920933772471439  738339.3928511569
0.30544180185753766 -0.487157797080479 0.16283373805821377  738339.3928522014
0.276162743247336 -0.4836421692305055 0.13598150543924908  738339.3928533674
0.26733898420666696 -0.4951377110650181 0.13111026854309413  738339.3928546387
0.2676737898604664 -0.5093584710695443 0.13358241158021347  738339.392855677
0.26986258671440955 -0.5183436806680749 0.13814492783149326  738339.3928569517
0.27038319106842046 -0.5169814992646887 0.13924495455470315  738339.3928579914
0.2692834360358397 -0.5077463447228919 0.13726865554645634  738339.3928592161
0.2685369376540235 -0.4951894251687823 0.13305764860388178  738339.3928603012
0.2686413481449987 -0.4808521924647629 0.1309254062569852  738339.3928614627
0.2697584599093902 -0.47001580154390776 0.13062582433512643  738339.3928626096
0.27005721106773906 -0.4618869998200067 0.13416744588162602  738339.3928637805
0.2665694297520822 -0.4576291888247665 0.13266854417785498  738339.3928650474
0.26096879685090013 -0.4564275519512743 0.12642198057542453  738339.3928660309
0.2487469653875571 -0.4593703715213037 0.1154537959415722  738339.3928673632
0.2401652667595604 -0.46568415265647506 0.11052807658751315  738339.3928684035
0.23363310436231127 -0.4758431948190045 0.10963694953863332  738339.3928696692
0.22851297274701418 -0.4856066264577556 0.10950339720406722  738339.3928707176
0.2226625328247127 -0.4924325488920431 0.10877759595640342  738339.392871881
0.21658941954912275 -0.4947495307512461 0.10524601756796136  738339.3928731575
0.2124796563842115 -0.49463751476359624 0.10338416150345152  738339.3928741877
0.2112274597138542 -0.4925778675462808 0.10237819128997762  738339.3928754309
0.21152709073542703 -0.4896810934514941 0.1038410387018707  738339.3928766275
0.21300658628409172 -0.48493189558260685 0.10414425008775235  738339.3928776573
0.21363847472184788 -0.4814816027479953 0.10527524110773608  738339.3928788368
