% wand_x wand_y wand_z  738339.3893190651
-0.32391100622737806 0.5242807512232219 0.5718334969945794  738339.3893795334
-0.32457219820707917 0.5253381964813768 0.5711254142196166  738339.3893807867
-0.32402851095085516 0.5263781098473637 0.5674911078808783  738339.3893818465
-0.32679241409926224 0.5279845796217392 0.5686893039094049  738339.3893830213
-0.3276258781379695 0.5281807100500496 0.5685401196675761  738339.389384191
-0.3277215168506522 0.5276288581233393 0.5686530211680715  738339.3893853297
-0.3268881363615811 0.5266449794386258 0.5681665875896849  738339.3893863629
-0.3261947262544672 0.5264903837382563 0.5673035082543734  738339.3893876489
-0.32617985620169493 0.5256011974515266 0.5669103451526776  738339.3893886872
-0.32717221017078957 0.5232799513061663 0.5693631362925273  738339.3893899651
-0.3278689410378767 0.521630609714855 0.5702515339529151  738339.3893911118
-0.3282460486086626 0.5214207552645026 0.5698253362452879  738339.389392391
-0.3278034506480653 0.5211079319313653 0.5688474621306003  738339.3893934257
-0.3261646168895579 0.5206227532908486 0.5662127077673699  738339.389394769
-0.3248033879263942 0.5207499682750018 0.5615510077546371  738339.3893956965
-0.32193870078349446 0.5208531414489873 0.5558961273548951  738339.3893969444
-0.31767949806585594 0.5195710040588419 0.5543746838666117  738339.389398056
-0.31324459228000767 0.5181190208984465 0.5524888864113063  738339.3893990974
-0.3061443976847054 0.5155297797514161 0.5505460790529455  738339.3894004867
-0.30035604708650004 0.5136544334737938 0.5495684398314353  738339.3894014646
-0.29651652101176024 0.5140633448042352 0.5480202266730291  738339.3894025626
-0.2932915802191682 0.5173421492511264 0.5423756495433517  738339.3894038477
-0.293393060505091 0.5216123013636805 0.5377837648026018  738339.3894050819
-0.29500673881819217 0.5273087811090013 0.5321228326012643  738339.3894062717
-0.29778082094331165 0.5327578013598511 0.5269703774738026  738339.3894072343
-0.300603419956597 0.5386573163362061 0.5233728244633431  738339.3894084772
-0.30221082903190444 0.5421003715949965 0.5207318263480116  738339.3894096275
-0.3026959275132978 0.5433780223905765 0.5198627797548226  738339.3894107832
-0.30230733427422274 0.5446048113640763 0.5192364505899061  738339.3894118917
-0.30048503588871023 0.5472203818160554 0.5159119930746163  738339.389413213
-0.29789259621286424 0.5508248591248432 0.5127892108975227  738339.3894142013
-0.2950551159745541 0.5542628838524489 0.5092938872238204  738339.3894154618
-0.2932097338466895 0.5570015019198792 0.5071486097999061  738339.3894165625
-0.2920128387025834 0.5594123961731882 0.5057394694736976  738339.3894177268
-0.29182435849019683 0.5610872242124022 0.5048760345965376  738339.3894188778
-0.2934932675656063 0.5622870302355081 0.5053983147037711  738339.389420044
-0.2963421997894477 0.5632139156822231 0.5053040540792437  738339.389421205
-0.29886322682709204 0.5646345024872308 0.5045035619651574  738339.3894223575
-0.30008586447079355 0.5658103803192733 0.5033514003131695  738339.38942353
-0.2997836354883733 0.566738991424317 0.5012782466306905  738339.3894246095
-0.2992094779376778 0.5679163692095165 0.49978782889115925  738339.3894258671
-0.29824854886655067 0.5683002232601295 0.4994822613078645  738339.3894270696
-0.2984714327550016 0.5691234599625289 0.4986381324114712  738339.389428351
-0.29924508190709603 0.5699885748587539 0.4974868698282313  738339.3894293032
-0.2999146310547872 0.571039570225945 0.4959693978304732  738339.3894304592
-0.3009006705674845 0.5735684299834637 0.49461677466084547  738339.3894317361
-0.30051329995302867 0.5759119828077733 0.4918103989937048  738339.3894327503
-0.29846650077081616 0.584201213063482 0.48004615025651315  738339.3894340503
-0.29363527413731605 0.5993833605701295 0.4552370155469257  738339.3894350883
-0.2835917791482273 0.6954883609334463 0.36407321258497227  738339.389436134
-0.2754906053697998 0.7191749926239782 0.34503943517806435  738339.3894374055
-0.26961262417611587 0.736553589061814 0.33337903476037256  738339.3894384966
-0.26228063381180616 0.6789228311301694 0.3716214258989847  738339.3894398372
-0.2565437667012773 0.6794225028236666 0.3604574048650741  738339.38944088
-0.24974246996469068 0.6647790313029104 0.36257081080442943  738339.3894421502
-0.24178316702440605 0.6441373403709404 0.36897340887701563  738339.3894431927
-0.23148306726481077 0.6222096719933273 0.37107059455497177  738339.3894443525
-0.2154872286903674 0.5979839934048281 0.3692518035386386  738339.3894456228
-0.20033860190792963 0.5799237296236708 0.36911674739181144  738339.3894466604
-0.18618552154763912 0.5659828068879486 0.3641473148511292  738339.3894479461
-0.1799996295380212 0.5600058532748245 0.3537608232555114  738339.3894489672
-0.17789092153458344 0.5521973160272707 0.34238575583157377  738339.3894501481
-0.178132102951927 0.5269872968193726 0.34170662868991514  738339.3894514096
-0.1762781602109275 0.4765123308973723 0.35441067398999576  738339.3894524068
-0.1716410744798536 0.390957153353288 0.3916711571180092  738339.389453726
-0.16694319357550919 0.3169997180347999 0.43223602456856497  738339.389454766
-0.16044311112523452 0.24591275919481942 0.4708552525506  738339.3894558096
-0.15168589067507043 0.19784239933866885 0.48456009359159535  738339.3894570924
-0.15176000332768308 0.177996368510124 0.46986735324526163  738339.3894582461
-0.15977405413207757 0.16918046312496696 0.43564530738588264  738339.3894594108
-0.1738846686348408 0.15859935655849616 0.38523841268500086  738339.3894605526
-0.19111545124672658 0.1335588592418348 0.32696847894131226  738339.3894617518
-0.20917361487850142 0.07736632292795399 0.273207805115388  738339.3894628586
-0.22569360748092476 -0.0076690336608609055 0.23624104209343433  738339.3894641392
-0.22962687514344435 -0.01223066676507812 0.14521264384302393  738339.3894651814
-0.23430579652388875 -0.0672609540831804 0.1249811001797613  738339.3894663404
-0.24273627323494817 -0.11605885876321713 0.13689525924147367  738339.3894674935
-0.25536098347184283 -0.13496147852141274 0.11597657140387561  738339.3894685879
-0.2776567907466041 -0.13546768701701806 0.04541480396916211  738339.3894699264
-0.29526611320211354 -0.1268478901204426 -0.012498590199275662  738339.3894709707
-0.3102947065985387 -0.11635665439595219 -0.062207739401757806  738339.3894721515
