% wand_x wand_y wand_z  738339.3783982176
0.535636902933551 0.37137981754989174 0.6192500523217604  738339.3783994688
0.5347932890847127 0.36999264206539306 0.6195597642454299  738339.3784007517
0.5342269560847319 0.3692190244195755 0.6200342724048518  738339.3784017867
0.5340302599772868 0.36883752717841356 0.6203361416984201  738339.3784030301
0.5347086261705194 0.36897374719305115 0.6187232839732957  738339.3784042265
0.535623501105277 0.3688649062242834 0.6163590977669489  738339.3784052668
0.5357839154197258 0.36798929534136626 0.6155718644584446  738339.3784064312
0.5352536358396788 0.3674864363698119 0.6163712366375166  738339.3784075088
0.5334382477901264 0.3681912440293255 0.6192487345380975  738339.3784088554
0.5322708460854807 0.370350261817457 0.6217224613362577  738339.378409891
0.5320311817587052 0.37402891058689897 0.6220585106851634  738339.3784111646
0.5316519030966248 0.3761306357814227 0.6213306811586133  738339.3784121745
0.5298670871932113 0.377679223575528 0.6193307632070479  738339.3784135072
0.5278546562495424 0.37677742906531003 0.6173071814622626  738339.3784145927
0.5274830692994755 0.37355740003847626 0.6062042832177857  738339.3784156826
0.5464633371425006 0.363891450857341 0.5428820822764924  738339.378416958
0.6049076398671737 0.3452940480969836 0.4357183999572335  738339.3784179892
0.6422874703681165 0.347463527572609 0.41200130753040015  738339.3784192118
0.6555905510054608 0.3424624983291911 0.40951302351681085  738339.3784203144
0.6612747455982368 0.3355489393838891 0.40189549080307074  738339.378421579
0.6606149326387925 0.3297230162013563 0.3993897468907949  738339.378422616
0.6607043793908789 0.3240476870027274 0.39909256601291343  738339.3784237732
0.666410328281059 0.31706270944734133 0.39724672657306964  738339.3784249544
0.6823516447510359 0.30526969079492844 0.3844289799206614  738339.3784261034
0.703427399203264 0.28908245680336575 0.37184957118883205  738339.3784273849
0.7163790767521598 0.2728353561178641 0.3688094673920157  738339.3784283396
0.734406245520075 0.249327488883029 0.36487365855473874  738339.3784296842
0.7448687331866839 0.22705591636949207 0.37072117272694904  738339.3784307253
0.7373934935315717 0.19083061465766485 0.41558473633466625  738339.3784320037
0.7220567882356982 0.1476825205108817 0.4921436426955135  738339.3784330385
0.7132213769665848 0.09682573714644437 0.5885433175252817  738339.3784341981
0.7148874691022371 0.04346137786957915 0.67923697062334  738339.378435476
0.7223779453204479 -0.010628140840856141 0.7581993370920785  738339.3784365159
0.7378802205826827 -0.06694948113784815 0.8348707159063853  738339.3784377357
0.7605281843959681 -0.12363273496135119 0.9095552319962475  738339.3784388643
0.7952305472196823 -0.17945740785937114 0.975710945259533  738339.3784401019
0.823307458482887 -0.2144774054545607 1.0006522902431305  738339.3784411395
0.8410110144103862 -0.2312485884315156 1.0074183337199185  738339.3784422446
0.8726833935003264 -0.25932311539299013 1.006012454927096  738339.3784435688
0.8987906433902947 -0.2911873534027434 1.0011147363087416  738339.3784445907
0.94749366849001 -0.34903193592593157 0.9956842629441215  738339.378445829
1.0075204599683958 -0.4098782258885438 0.9887201947423122  738339.3784469237
1.0795952237488153 -0.46496148979703184 0.990283967179183  738339.3784482081
1.1251737738804262 -0.4937968466486328 1.0016889625967011  738339.3784492352
1.1702269637135305 -0.5245703050593075 1.0185365952040437  738339.3784503299
1.2560402212773818 -0.5827467122947924 1.0002654735628524  738339.3784528011
1.2980661571631869 -0.612708574228414 0.9925841741351222  738339.3784539892
1.3212174059108113 -0.6327469285686098 0.9893433340736456  738339.3784550253
1.346162061937635 -0.6526488497476048 0.9601868646293357  738339.3784562229
1.3536223957365419 -0.674053052468547 0.9384248440879797  738339.3784573064
1.3499107684661318 -0.7062398802962814 0.9350570790215992  738339.3784586175
1.344943147883828 -0.7322031815418014 0.9417230617570057  738339.3784596556
-0.13426065558468717 -0.1622924548205031 0.09960951900769502  738339.3784712312
-0.13424626111804935 -0.16206057358587111 0.09945553364561238  738339.378472504
-0.1342159421033615 -0.16208455787689285 0.09945439546697536  738339.3784735415
-0.13422137848510457 -0.1620753126564014 0.09944720744831675  738339.3784748092
-0.13423491899763804 -0.16210891131554214 0.09946307227151864  738339.3784758572
-0.13418694667692846 -0.16210527713857611 0.0994015879784197  738339.3784770913
-0.1341321733953976 -0.16211221369342002 0.09940800979161868  738339.378478177
-0.13416812411232742 -0.16213322018631773 0.09944079013444311  738339.3784793295
-0.13413741681284147 -0.16217068865095696 0.09931840184974018  738339.3784806129
-0.1341470341355129 -0.16216105032090636 0.09936676454800185  738339.3784816551
-0.13255081516167655 -0.17397850375807022 0.05512677924600884  738339.3784829229
-0.1356289862093676 -0.16989820001256595 0.049316960208672676  738339.3784839702
-0.07429180301765397 -0.15738301190890022 0.19505812623730306  738339.3784853101
-0.07446194858241273 -0.15646026801719712 0.1949893593753348  738339.3784862782
-0.010481251202137673 -0.06355034560273456 -0.03600018002643188  738339.3784875453
-0.010045848304342598 -0.06377954374915708 -0.036619910935922845  738339.378488595
-0.010108975497229148 -0.06373212106372574 -0.03655760415307671  738339.3784898632
-0.010091237013279242 -0.06377360889624033 -0.03661772244161799  738339.3784909043
-0.010073543708206139 -0.06375246409398529 -0.03654087708385655  738339.3784921448
-0.01008797414445048 -0.06370080555012689 -0.036576600789372776  738339.3784933345
-0.11889987173523762 -0.2991456320101094 0.049011620457375296  738339.3785117386
-0.11886775159408618 -0.2991552630174429 0.04889992355320914  738339.3785128378
-0.1192205289604589 -0.29911549953729305 0.04915573561771182  738339.3785141791
-0.11901629261688496 -0.29910571696045224 0.04899915465763331  738339.3785152053
-0.11915912714025229 -0.29917603728591274 0.04903262373890749  738339.3785164867
-0.11922789132671475 -0.2991405456079091 0.04908426370920491  738339.3785176411
-0.11871147711338782 -0.29924815728737003 0.04880488721444481  738339.37851868
-0.11884412886522532 -0.299168877077021 0.04887444684966015  738339.3785199602
-0.11874034984980522 -0.2992302163537377 0.04881304965686228  738339.3785209996
-0.11895033304250682 -0.2991002922637095 0.04893376831017681  738339.3785222629
