% wand_x wand_y wand_z  738315.5106461054
-0.1326487828058668 0.3281908019814981 0.5151300995626441  738315.51064736
-0.13317494675750657 0.3297278187180255 0.5159148278077161  738315.5106486353
-0.13311612898781064 0.3312850863238104 0.5158802758542408  738315.5106497873
-0.13301017829747508 0.33342249162957716 0.5156631509279531  738315.5106508371
-0.13326270993935796 0.3378998034668293 0.5167305100532985  738315.510652097
-0.1339620481554393 0.3427128045749505 0.5163518196132669  738315.5106531477
-0.1347239406528401 0.34665051806241093 0.5150433225581114  738315.5106543152
-0.13536535704145125 0.3489352312927261 0.5121467566677392  738315.5106556402
-0.13565279143290299 0.34938812365047406 0.5091416954852265  738315.5106566129
-0.1359569220525573 0.349821111154464 0.5064469930070435  738315.5106578441
-0.1364895914404183 0.35019904685113357 0.5048499909487658  738315.5106589259
-0.13699511670544612 0.3498888901294413 0.5035743528639407  738315.5106602102
-0.13740550243891 0.34910645991886674 0.5027272457957119  738315.5106612451
-0.13779016325775967 0.34763367976565807 0.5011433576685153  738315.5106624113
-0.13798288833300654 0.3457192003066961 0.4983621396148123  738315.510663679
-0.13805767064999952 0.34472563524504446 0.49517972993581305  738315.5106646992
-0.13857518972742333 0.3446940084230129 0.49172827020982623  738315.5106657941
-0.1396945618770897 0.34542962993260184 0.4890354440280361  738315.5106671562
-0.14088256292040677 0.34638768742386866 0.48789390256319276  738315.5106681939
-0.14236604896556754 0.34757869695684823 0.48654638900091124  738315.5106694183
-0.14319346713549247 0.34845957576002834 0.487193118730885  738315.51067051
-0.14376897895019167 0.3494450331380512 0.4885429712777537  738315.5106717459
-0.14418516299595216 0.3513793121349931 0.4883271068505204  738315.5106729395
-0.144715325648459 0.3530152952943784 0.4870735280566233  738315.5106739093
-0.14502840646735915 0.3553858882555516 0.48502253110747423  738315.5106751652
-0.14503233920855418 0.3566561968529481 0.48525707982651806  738315.5106762985
-0.14464441725799734 0.35667337834816987 0.48694657932276353  738315.5106776158
-0.14450885598175034 0.3565373220235373 0.48769491227488504  738315.5106787978
-0.14461151130165298 0.3564416625114792 0.4870816078796433  738315.5106797675
-0.14464509903204106 0.3566272305952647 0.48590274187962595  738315.5106810385
-0.14462775487930848 0.3568717928876205 0.48538193333622853  738315.5106822173
-0.14463488386749052 0.3581934402605377 0.4846028210158568  738315.5106832444
-0.1447019398390906 0.36140987632371796 0.48365367698406453  738315.5106845265
-0.14516640898965918 0.36573411085219465 0.48314392789383365  738315.5106857013
-0.1456860933241297 0.3697964411716992 0.48222710790872314  738315.5106868137
-0.14646953451730677 0.3742986072481212 0.479894056001051  738315.5106879923
-0.14729522727283878 0.37773357983340433 0.47699751084788916  738315.5106891441
-0.1483567770492975 0.38118054719453787 0.4742168283659233  738315.5106903298
-0.14924263048975064 0.3831640616774535 0.47228200964529654  738315.5106913346
-0.15009553800823439 0.3845930412150849 0.4705455819049372  738315.5106926181
-0.1502124840506232 0.38372107660153 0.4690295449164906  738315.510693802
-0.14989467372163387 0.38301226881063766 0.4681486030624986  738315.5106951069
-0.14919694751817608 0.3823151340982452 0.46808018870100715  738315.5106961417
-0.1480823474722331 0.38188384683279386 0.4682919987929  738315.5106972505
-0.1461463745392443 0.3834104503381915 0.4672598997213035  738315.5106982837
-0.142900059953968 0.38654355085203174 0.4659592033025668  738315.5106994236
-0.137672965302774 0.3946189537026732 0.4750254008319384  738315.5107008088
-0.1336449786077683 0.40660551935735934 0.4814466786084119  738315.5107018747
-0.1301370116977694 0.41938060554902 0.48610486971346  738315.5107029136
-0.12406541309466061 0.4311978760834039 0.49750042986146886  738315.5107041951
-0.114754961426515 0.441354854816324 0.5146927399357428  738315.5107053724
-0.10665020038242422 0.4493477244849528 0.5296091797358428  738315.510706397
-0.0990899148919639 0.459105634633964 0.5399410707209256  738315.510707747
-0.09297229499988174 0.4695880938201235 0.5521788176559871  738315.5107088203
-0.08541146595581238 0.47713681359901355 0.5740908024442223  738315.5107100882
-0.07654995004862354 0.4789566417235468 0.6004560166236719  738315.5107110202
-0.06474666809710825 0.47767893118146526 0.6334644735886185  738315.510712283
-0.04923768125051577 0.47775812177321825 0.6740856280134843  738315.5107135989
-0.040167079200293054 0.47907189697440145 0.6983785629244953  738315.5107145109
-0.027162956428634692 0.48139777646027304 0.7358481164049596  738315.5107156483
-0.015585486437949901 0.4864774884654925 0.7672610355316081  738315.5107169717
-0.004442874740195996 0.4916225549349172 0.7881279784173718  738315.510718108
0.0062139553927633194 0.4961575371170344 0.8084353088178196  738315.5107191097
0.018137365418960456 0.5020294532328448 0.8385168694935227  738315.5107203932
0.02682919231959858 0.5048717925210581 0.8634839338649279  738315.5107215482
0.0356649826634992 0.5070965792174887 0.8916461923274616  738315.5107225869
0.04511890004554928 0.5090067152562617 0.9224574077351708  738315.510723748
0.056829568123397914 0.5114926678580083 0.9519344225816485  738315.5107250152
0.07008155457319623 0.5137025944160384 0.9689638730217537  738315.5107261738
0.08360246545411411 0.5154975514080732 0.9818414268398457  738315.5107272239
0.10230955044858342 0.5162585012939583 1.0000849840990664  738315.5107286081
0.11630892169579872 0.5157794825295163 1.0131817622410622  738315.5107295896
0.12859094120895842 0.5141004121221464 1.0184012906417865  738315.5107307084
0.1425362823410164 0.5122068379442899 1.0126121995886685  738315.5107319658
0.15302124690980656 0.5108266525720667 1.0091227338249142  738315.5107331197
0.16250436824501524 0.5095139815896671 1.012933970628065  738315.5107341931
0.17209163510941852 0.5080851551658072 1.018039683280888  738315.5107354398
0.17858153346387406 0.508445995639302 1.0228131160619611  738315.5107366045
0.18483750129361048 0.5091250629634516 1.0266761876802477  738315.5107376389
0.19034549440000834 0.5089977474691787 1.0289034400608352  738315.5107389665
0.19486702344894796 0.5077194201414539 1.0302246258329784  738315.5107400717
0.19834084050056983 0.5037577756176052 1.0302242318258952  738315.5107411105
0.20238748326649939 0.4971861078432288 1.029350638955161  738315.5107423344
0.20664303418246757 0.48803566245784125 1.0294631669418066  738315.5107435347
0.21122683221606148 0.47559054372240933 1.0285844545054879  738315.5107446926
0.21565089196747586 0.4641360728254444 1.0272248629110405  738315.5107457543
0.2207760699844377 0.4509819477074581 1.0257396378226324  738315.5107470012
0.2254003221055671 0.4373447521411431 1.023120732482368  738315.5107481553
0.22864444069247855 0.4247185558562896 1.022671293146119  738315.5107492174
0.2326446079284542 0.4077866262325448 1.023402397412937  738315.5107504843
0.23675227065177393 0.3929303375360899 1.021807601627078  738315.5107516748
0.2406690468937473 0.3793011248336526 1.0191913914111608  738315.5107526819
0.24703735657610937 0.35806219455944366 1.018044700069573  738315.5107540461
0.2516858310944765 0.3403082381932099 1.016863938707278  738315.5107550023
0.25714164321909905 0.316140008075783 1.0151216294555607  738315.5107562722
0.26287015040840855 0.29595710624265614 1.0133730464381605  738315.5107574379
0.2706396782280461 0.2736794732656979 1.0121390926322131  738315.5107584768
0.27713893333687023 0.25043959744422317 1.0127640075316637  738315.5107596426
0.2828412933651782 0.2266528648080738 1.0140871776909206  738315.5107609297
0.2861923480518895 0.20717106070473168 1.0146668364756575  738315.5107619801
0.28741577580167127 0.1850494685589318 1.0178281655417196  738315.5107632137
0.28671944011128636 0.16711567297136176 1.0220563034283108  738315.5107643832
0.28503900564121376 0.14609324460750903 1.025262135564033  738315.5107655693
0.28195925149635315 0.1267197112788233 1.0267775248178148  738315.5107665798
0.27814709038377505 0.10511522899094053 1.027563815359608  738315.5107678472
0.27711748482123455 0.0858053385694172 1.0280877082268787  738315.5107690829
0.27680352518839463 0.06558096321266824 1.0257086849485162  738315.510770041
0.2762813915229858 0.04283298458836621 1.0202356609888645  738315.5107713223
0.27428748175412776 0.025012725208676312 1.015916217124458  738315.5107724743
0.27203439958994224 0.010527366776532203 1.0111792267649005  738315.5107735133
0.26939742394114874 -0.014367214049072144 1.0028706339714701  738315.5107749503
0.2680208756563911 -0.03152588441299963 1.0026638927655007  738315.5107759413
0.2670239740277094 -0.04911600510707974 1.0039265943638036  738315.5107770448
0.2672261007952505 -0.07058900312746562 1.004118025628049  738315.510778484
0.2684188980138046 -0.08214520323509576 1.0032249439891625  738315.5107794537
0.26924381727846936 -0.09305625117271145 1.0034343208998489  738315.5107804463
0.2682610479625955 -0.10480425160826146 1.0061979839349255  738315.5107816147
0.26504255030802804 -0.11619753029754706 1.009912599448259  738315.5107828854
0.26181036006933944 -0.12834534686498675 1.0111889368281999  738315.5107839342
0.25771372010316906 -0.1424391641385228 1.0112117666100557  738315.5107852039
0.25439822630988224 -0.15828467029163876 1.0097050171409185  738315.5107864974
0.2527374439953076 -0.17099771548518705 1.00705295785538  738315.5107874057
0.25232392212788896 -0.18532384930477727 1.0028182196749713  738315.5107885601
0.25438459839496314 -0.20630620033805463 0.9995328524473767  738315.5107899109
0.2567289094423992 -0.22372512402509695 0.9989483148941464  738315.5107909894
0.26094434869206895 -0.2382107864787382 1.0023216204102405  738315.5107922606
0.2638416911963658 -0.25111336080164465 1.0045290869806187  738315.5107934282
0.2643777655179741 -0.2622793523624779 1.0020806903221  738315.5107944921
0.2659081568875352 -0.27349967499731337 1.0011205802989427  738315.5107956697
0.2671746371915035 -0.28466834498899857 1.0017282171122088  738315.5107968582
0.26749086058028637 -0.29574550905992203 1.003385748058874  738315.5107979086
0.2673143780990153 -0.3078402421222502 1.0060719357443741  738315.5107989765
0.26616197702979794 -0.32605998348663184 1.0092589993501089  738315.5108002556
0.2659053065126516 -0.34215703289225896 1.011281131729418  738315.5108015235
0.2664575281626115 -0.356065760633348 1.0118365923298953  738315.5108024584
0.2687187637633423 -0.37322687269123345 1.0116298304617404  738315.5108036706
0.27242349361014345 -0.3921515798726787 1.0128868004854839  738315.5108049053
0.27457552998646717 -0.4045295685917763 1.0144593327918676  738315.5108060787
0.27631837723948044 -0.41634660183701155 1.0178381076309855  738315.5108073144
0.27718325205781796 -0.42270177171884027 1.019935186187407  738315.5108084457
0.2781103929920368 -0.4295356855642682 1.0225011030275581  738315.5108095082
0.2788448108377168 -0.4331181468742027 1.0258627491318193  738315.5108105578
0.2785600027087964 -0.43428218259623336 1.0284860832060634  738315.5108118275
0.27755431428999944 -0.4319313433845536 1.0278009478052788  738315.5108129819
0.27734593780734873 -0.4267388705158983 1.0254817094369286  738315.5108141362
0.2766666041587986 -0.41697127073663537 1.0240657433419866  738315.5108155004
0.2752179283265272 -0.40642871841823885 1.024389603713513  738315.5108165186
0.2730068470555959 -0.3892762902945813 1.0261838730878114  738315.5108175116
0.27159577910255406 -0.37099470716205596 1.0273373047527525  738315.510818766
0.27085197732941957 -0.3498498750906593 1.0290098797912706  738315.5108199544
0.2700871512335372 -0.3319187543258112 1.0296092742039205  738315.5108209703
0.2689415358793486 -0.3087769539871937 1.0307127035039971  738315.5108222399
0.2678173865163356 -0.28787876102371773 1.0332214038337897  738315.5108233978
0.26658204223363174 -0.2706747505674033 1.0344071514471187  738315.5108244467
0.26348821706319864 -0.2395843430853972 1.035518281179356  738315.5108259127
0.26131401633710405 -0.218748737976746 1.0370710496152697  738315.5108268706
0.2589395167841774 -0.19228029952706743 1.0398479002529957  738315.5108280249
0.2571224490919463 -0.1685679278276977 1.0430130861207774  738315.5108290834
0.2555727611506086 -0.13701715859148494 1.0465473366381384  738315.510830458
0.254737392519316 -0.10925846283102206 1.048330634437278  738315.5108315076
0.2541628944392935 -0.08237200894909766 1.0491487255570624  738315.5108325487
0.25383697924256954 -0.04948075250369084 1.0489558506759156  738315.5108337954
0.2541041518638818 -0.0156565320088802 1.0502275814854671  738315.510835008
0.2553637223908674 0.01928458740958072 1.0514868600944054  738315.5108360145
0.2563688404648793 0.05340689686141557 1.052638208819889  738315.5108372908
0.25860453449688225 0.08982757912003608 1.053915405019595  738315.5108384485
0.2615306447086138 0.1157553976950815 1.0562178861559421  738315.5108395022
0.2664529032872611 0.1504179564741208 1.0580364842022256  738315.5108407601
0.2711117628333217 0.18270907333183886 1.0575339565572666  738315.5108419476
0.27522269944803207 0.21172564636124128 1.0592698503440343  738315.510842952
0.28083781520432716 0.24754148387335037 1.0650919207943166  738315.5108442333
0.28647826158007567 0.2826103812061547 1.0730559870523775  738315.5108453875
0.2910373282279206 0.30911374591077356 1.0762950192517606  738315.5108465521
0.2959820315071311 0.3339362594531223 1.0764680438579135  738315.5108475678
0.30264045828232894 0.36558848597670385 1.0772705624067829  738315.51084898
0.30893428095884046 0.39018437793851707 1.0797922474917243  738315.5108500496
0.3155151484473163 0.41199125897853495 1.0830847971199629  738315.5108510652
0.32500474168552845 0.4412496182812527 1.0871703893766864  738315.510852445
0.3307868171045051 0.462159645622579 1.0887016073644962  738315.5108534907
0.33517737919779017 0.47985787973965766 1.0900233095082845  738315.5108548269
0.3405980594243183 0.5014473146614391 1.0930292777644626  738315.5108556238
0.34697436353303074 0.5257882591673302 1.0973135395424745  738315.5108569624
0.35175566671428693 0.5437281118349815 1.0985228231186677  738315.5108581643
0.3554234151044284 0.5564451568497156 1.0966451941190862  738315.5108592832
0.35872536738996974 0.5657340673873987 1.0949259960608513  738315.510860449
0.3619563660000667 0.5701528385441672 1.0952988789785303  738315.51086159
0.36511740894662215 0.5713022967391556 1.0946200679547804  738315.5108629465
0.36740654686328306 0.5698913566792171 1.0913998224307522  738315.5108639151
0.3693039267826282 0.5663276365262336 1.0880577579277673  738315.5108651539
0.3706216992865466 0.5597073520274441 1.0838918443965457  738315.5108662852
0.37184739953602103 0.5514596229615302 1.0781540765976716  738315.5108673127
0.3723956831586811 0.542726079691096 1.0698693624343827  738315.5108685325
0.372712234391092 0.5355319268238484 1.062268402973515  738315.5108695632
0.37308253910349826 0.5260634448280112 1.0548439037531134  738315.5108708558
0.37229115562346365 0.5140980870196453 1.0472829319992367  738315.5108720429
0.37094158772655283 0.5040289446333303 1.0422435556577174  738315.5108730699
0.368259401502356 0.49103637083040913 1.0366297517659044  738315.510874209
0.36725221200487634 0.47628899633931415 1.0306449193868414  738315.5108754865
0.36655678207411285 0.45906591775039274 1.0265327894396745  738315.5108766471
0.36593257904622023 0.4458284017185417 1.0224297400834674  738315.5108776827
0.36506588489559116 0.42525843930626017 1.016686506088883  738315.5108791061
0.364640433276349 0.40989059958521856 1.01346151731285  738315.5108801426
0.3629035017030422 0.39168531775547055 1.0094284872650945  738315.5108813777
0.3591040768615731 0.36983612263180093 1.0026143894479993  738315.5108825446
0.3541633487776814 0.3480638024259142 0.9952969659296409  738315.5108835801
0.3494521575428825 0.3272445612670648 0.9891818605210484  738315.5108847457
0.34375269497487654 0.3039162581654052 0.9824750043803031  738315.510885877
0.3378593832477653 0.28193137926356615 0.9762158705140609  738315.5108870312
0.33268263199206916 0.2606605331758938 0.9715001804340316  738315.5108881622
0.32834789828811534 0.23973534337979432 0.9668484979472822  738315.5108893431
0.3237983394189554 0.2160869666738479 0.9590346776362715  738315.5108905255
0.3201346833554611 0.19634402132097162 0.9518725452205146  738315.5108915758
0.31641022162708127 0.1741575647666829 0.9444834833688784  738315.5108928414
0.31276557191957144 0.15039012142549657 0.9379387622494102  738315.5108939994
0.30963681888724415 0.1294527492129344 0.9327371138631156  738315.5108951872
0.30708921578408716 0.11302769208400648 0.928164527155557  738315.5108962021
0.3034116421354456 0.09011990213644692 0.9222255593161854  738315.5108974376
0.29937918338846176 0.0687131748239053 0.9181668323150606  738315.5108986035
0.29547676231413406 0.04929631174077494 0.9158208253195739  738315.5108996651
0.29079419394508416 0.025132655712686695 0.9137012114708999  738315.5109009232
0.28600735097789776 0.0009881642368996326 0.9104810970987453  738315.5109020998
0.2824940761499799 -0.01653413792755296 0.9077110337802364  738315.5109031465
0.27752262720712895 -0.042226867447447816 0.9033769304478858  738315.5109047284
0.2736350277109192 -0.06354125641589646 0.900997557989921  738315.5109055707
0.2708880770397045 -0.08033247641701817 0.8999738690189314  738315.5109065868
0.26741252734579707 -0.10580931535067382 0.8984123314232259  738315.5109079948
0.26535757697165985 -0.12370161107777504 0.8977210616208432  738315.5109090494
0.26330238153887314 -0.143997927012187 0.8980297502295852  738315.5109102037
0.2617889952626462 -0.15866177084037378 0.8998322860892739  738315.510911266
0.2613126309373753 -0.17535990956329697 0.9040759470736868  738315.5109125196
0.2611614190462326 -0.18799023649282692 0.9090172096042212  738315.5109137074
0.26114899862449714 -0.1970687975201324 0.914668763763961  738315.5109147216
0.2626789675096955 -0.20748508585057215 0.9207837408145881  738315.5109159913
0.2675136662467067 -0.22164042899420483 0.9226786286620616  738315.5109172282
0.272772264460835 -0.23341176671754987 0.9207106536430689  738315.5109181863
0.2823661318608842 -0.25323371338223777 0.9091333012951442  738315.5109194936
0.29194489507776517 -0.2699023760600094 0.8948740198895251  738315.5109206133
0.3018054124652361 -0.28451873143032536 0.8763635809447298  738315.5109218007
0.3087082451645704 -0.29357934523297424 0.8582527706714682  738315.5109228165
0.316440973851041 -0.3018742228058823 0.8289928255040502  738315.5109240977
0.3197983048738124 -0.30413178831406706 0.8007475501792382  738315.5109252877
0.3210116820769585 -0.30146679619633987 0.7757564494356399  738315.5109265456
0.3208766474373029 -0.2956483982086642 0.7575392472567821  738315.5109275875
0.32090892624161754 -0.28973334046058846 0.7499905554064401  738315.5109286096
0.3228698850381942 -0.28423341852466594 0.7461320096606474  738315.5109298769
0.3243147049213015 -0.2813152871438783 0.7343980208289861  738315.510930962
0.3255159867347334 -0.27846600072533495 0.715191523610184  738315.5109320702
0.327242583760626 -0.27629984216727316 0.7038029663964673  738315.5109333519
0.3277229157830983 -0.27482328803832184 0.7069693687579676  738315.5109345049
0.3265992046020215 -0.2734818517622539 0.7192697282207314  738315.5109355669
0.3233600971744992 -0.27223239268460936 0.738032454161307  738315.510936675
0.3162318390522821 -0.2708705546947049 0.7642149129027199  738315.5109379869
0.30861777980233046 -0.2709046849599626 0.785026042528388  738315.5109391824
0.3029437444664746 -0.27278749048686385 0.8035439039059372  738315.5109401752
0.29461096100434014 -0.2761474535681278 0.8359729004446561  738315.5109414564
0.2877493156734935 -0.28378887526280355 0.8673553758955139  738315.5109426073
0.28195793725452634 -0.2925215623720743 0.8940630773851538  738315.5109437652
0.2766744132214278 -0.30216980896411705 0.916742669356376  738315.5109450348
0.2730931198273876 -0.3127175788898731 0.9369283564145862  738315.5109461973
0.2715385845855388 -0.31966940819981915 0.9510489380675358  738315.5109472128
0.2699419008216434 -0.32896524363303264 0.9740650846672786  738315.5109485477
0.2688022843100439 -0.3360010108509843 0.9949286428133838  738315.5109495545
0.2676395980492167 -0.34240535505751823 1.0194022135920515  738315.5109505819
0.2660856198108576 -0.35153556877193914 1.0546104516517685  738315.5109518631
0.26443426780474183 -0.35995431631387387 1.0875580026646638  738315.5109530289
0.26326488646646107 -0.3672906299528056 1.1157916892685653  738315.5109545141
0.2635755212312183 -0.37363413566418735 1.1371320539935375  738315.5109551756
0.2660391233451338 -0.3830276272904232 1.1660458570458263  738315.510956607
0.26870492262654344 -0.38837460463589013 1.182458261417849  738315.5109576544
0.273113964798314 -0.38970753477482395 1.1872540154276392  738315.5109587038
0.2798854165337954 -0.3880647968933971 1.1833541335243005  738315.510959974
0.2860216920506692 -0.3864820102445814 1.1725032340381287  738315.5109610158
0.2915605112219902 -0.3823205659307996 1.1611417235178945  738315.5109621793
0.2964721816222128 -0.3737201795729251 1.1459199820151011  738315.5109634439
0.296647358213188 -0.3648919751550153 1.1336455092524558  738315.510964564
0.2918570112701731 -0.3520797379636992 1.1198575278691771  738315.5109656428
0.28177834574926197 -0.33345806507726844 1.1069134251426809  738315.5109669137
0.26873616959487434 -0.31252177950059984 1.1006264694744858  738315.5109681023
0.2538571950930451 -0.29103885141500196 1.097340491259513  738315.5109691182
0.2345324452978076 -0.2663030289390579 1.0929796184840526  738315.5109702835
0.20956985624130514 -0.23838645642227346 1.0898450324662314  738315.5109715423
0.18824323413912472 -0.21745390045312982 1.089509657450229  738315.5109727378
0.16462120194624658 -0.19835578110292784 1.0889457359212702  738315.5109738809
0.13804929945644506 -0.18117619376693872 1.0870766874440025  738315.5109750234
0.11292298727295136 -0.16863284889930333 1.08334946904227  738315.5109762074
0.08765358073144465 -0.15755582103433582 1.0795700219115696  738315.5109774461
0.06288962867213592 -0.14841738850357505 1.0774297752582345  738315.5109784849
0.04048962852094034 -0.1412885130573159 1.077637660758428  738315.5109796553
0.015781536664408364 -0.13426288132773337 1.078429040813102  738315.5109807753
-0.011223784550858212 -0.12620950829429242 1.0769462305728292  738315.510981964
-0.032641990718497674 -0.11983870569568485 1.0738550566008265  738315.5109830032
-0.054480598952560265 -0.11401573084150923 1.0714011378025268  738315.5109841696
-0.0776733649810255 -0.10823576244069455 1.0709491351787503  738315.5109854727
-0.0961556299548724 -0.1038787915433607 1.0666057617795124  738315.5109866228
-0.11064066715005903 -0.09904413518666969 1.0650748314791412  738315.5109876271
-0.12650463014079535 -0.09177232343665159 1.0671709956788786  738315.510989027
-0.13635279567416334 -0.08880353470654273 1.0691946012328832  738315.5109900658
-0.1523377810095564 -0.08539959910485201 1.0721155914624585  738315.5109912527
-0.16529046498335467 -0.08259852021822114 1.0758914610952743  738315.5109923265
-0.1809103355884309 -0.07742345578078881 1.0822922560863175  738315.5109935366
-0.19606381139659843 -0.07343573683840637 1.0845262185840228  738315.5109946909
-0.2113857348280464 -0.07095360371190108 1.084671687283152  738315.5109957416
-0.22989174509803376 -0.0688935398984974 1.0828951204045774  738315.5109969027
-0.24994973023593373 -0.06508490693974807 1.0772607124916935  738315.5109981732
-0.27458108511519363 -0.05978977483018774 1.0694633465011552  738315.5109993387
-0.29553728751249203 -0.054192424621076575 1.0634579422575687  738315.511000486
-0.32363785819302915 -0.04791818671072823 1.0560504199051814  738315.5110017504
-0.34571458446198283 -0.04580626949472447 1.0487277210815353  738315.5110028009
-0.36960957893156265 -0.04559818191358368 1.044486563390717  738315.5110039653
-0.3943336646451053 -0.04514708149665685 1.046826643166045  738315.5110052547
-0.4139987069172777 -0.04460518684404488 1.049015300314098  738315.5110063002
-0.43235506805870316 -0.04409362703540502 1.0484263085310612  738315.5110073076
-0.4521701904827256 -0.042967749537324344 1.0466774616950842  738315.5110085773
-0.4657077957339903 -0.042973404846996625 1.043362910214825  738315.5110098588
-0.47365136986304657 -0.044757108684324164 1.0389022185758698  738315.5110107821
-0.4786649504285139 -0.04741104408871548 1.0326914042586788  738315.5110120634
-0.4787927952612129 -0.052060045636557216 1.0275869941881326  738315.5110132094
-0.4769053793050312 -0.05744439743075131 1.025148460554897  738315.5110142597
-0.47267259190055005 -0.06396644943071315 1.0215846777184405  738315.511015414
-0.4664143457735213 -0.07089564818022377 1.0186589189505129  738315.5110166825
-0.4572844032335047 -0.0786199315029671 1.017721427434933  738315.5110178399
-0.4490623632805743 -0.08434258678636666 1.0192880388023093  738315.5110188812
-0.4379474392072623 -0.08900287529536129 1.0208099800374604  738315.5110202087
-0.4265412782466194 -0.09343473483785421 1.019434209184634  738315.511021317
-0.4093087081105799 -0.10389584616933327 1.0142095687305435  738315.5110224683
-0.38871526480734425 -0.11382776413317795 1.011135620841496  738315.5110236227
-0.3630936066786055 -0.12450753594316323 1.0100860767920485  738315.511024897
-0.3390990303809731 -0.13249657315961086 1.0107286621907623  738315.511025832
-0.3135023333880178 -0.13824241225478726 1.009763176666282  738315.51102694
-0.2815848238236899 -0.14201112955878964 1.0055510020162153  738315.511028342
-0.25126019504694735 -0.143222973326838 0.9970383861572292  738315.51102945
-0.22980437017967165 -0.1426590750101213 0.9894264200352256  738315.511030466
-0.2086906707664652 -0.14157779721467348 0.9792714602386741  738315.511031823
-0.18692640366138744 -0.13844344959914895 0.9617527309295072  738315.5110330023
-0.17403301030031995 -0.1346332401623067 0.9486211149352857  738315.5110339273
-0.15929276929909855 -0.1288147031382082 0.9281476653825117  738315.5110352086
-0.14287931781341806 -0.12245385588269055 0.9017897599271386  738315.5110363566
-0.13099877346121308 -0.11642785149350639 0.8781745976229943  738315.5110374027
-0.11569586442357008 -0.10879960689991962 0.8518919632883803  738315.5110386494
-0.09915672866166922 -0.10030114781962259 0.8312796199510969  738315.5110398403
-0.08371118902840329 -0.09397438896803972 0.8146627141648761  738315.5110409335
-0.06574541192851195 -0.08826223880662759 0.7950862438586999  738315.5110420414
-0.040851184362383546 -0.07763677591241709 0.7707385808749632  738315.5110433117
-0.018535555142681463 -0.06743809641716692 0.7527615323914504  738315.5110444926
0.0022628290551401963 -0.05757805842934846 0.7358626029736209  738315.5110455073
0.029365647097322558 -0.045883713182805375 0.7161702505058836  738315.5110469189
0.05202701186870329 -0.03658077721246558 0.7020997125292157  738315.5110479123
0.08018899725772655 -0.026689092855811766 0.6848010313524844  738315.5110492621
0.10450460888135059 -0.018321531861142527 0.6708044244063449  738315.5110502433
0.12584714299264008 -0.013225043192906486 0.657992971387869  738315.5110514086
0.1501269270357642 -0.00858055513167172 0.639133100599115  738315.511052562
0.1674571268184193 -0.0073837586897579285 0.6289547675546531  738315.5110536128
0.19201358894831447 -0.008125199614141512 0.6220585423631638  738315.511054879
0.21090022770247838 -0.00973703017188664 0.6198057637914387  738315.5110560759
0.22613520821426758 -0.009741130656615244 0.615986225907792  738315.5110570848
0.24022943806437477 -0.007212595698530093 0.611442985391797  738315.5110584239
0.2507631674780248 -0.0018176092601000858 0.6075178074180432  738315.5110596244
0.25917813811337725 0.0022823645354493067 0.6014437483200634  738315.5110605827
0.2707019189047805 0.008671790890377278 0.5929210328386278  738315.5110617137
0.2847086741015427 0.013951370126333462 0.5871074366110195  738315.5110629834
0.3044892435056195 0.016088834591146746 0.5859776105238844  738315.511064136
0.32402814010681036 0.01687070097238406 0.5888985584999857  738315.5110651866
0.34615778031156874 0.01648730485172605 0.5932841240356496  738315.5110663408
0.3750416079344953 0.014107811150619796 0.6004893112808377  738315.5110676107
0.4055870244351403 0.008310744640094719 0.6119279062192667  738315.5110687757
0.4289337075703556 0.0020970782375335268 0.6222619917381604  738315.5110698147
0.46516716218949633 -0.008803839708611736 0.6433196052238865  738315.5110712093
0.48822261620879526 -0.017417954852457347 0.6620626887243526  738315.5110722486
0.5100101911716094 -0.026912024008457013 0.6836854060472274  738315.5110733917
0.5348994053318357 -0.03784021708980671 0.7080948246094574  738315.5110744421
0.56232713757906 -0.04972258903476581 0.7353462694474378  738315.511075758
0.5865893583274695 -0.06101995452697797 0.7606687215868767  738315.5110768774
0.6109538715957948 -0.07296605646133222 0.7851419199047727  738315.5110780282
0.6318614887758878 -0.08397761523466668 0.8081107704552392  738315.5110790783
0.6548516430461255 -0.09558824399774302 0.835406724612868  738315.5110802907
0.6758552670639805 -0.1054620199422077 0.8621184396613852  738315.5110813902
0.7058098849195626 -0.11739588388663377 0.8970426137842182  738315.5110826632
0.7291298121071925 -0.12411817351038454 0.9189162385798734  738315.5110837887
0.7588604096965927 -0.13076726614231857 0.941794751700243  738315.5110850122
0.7856307684976218 -0.13588288259720557 0.9619337929298518  738315.5110861319
0.8091249546673901 -0.13959711400081776 0.9799207295799287  738315.5110872863
0.8366860801211872 -0.14361792980772697 1.0025810388304097  738315.5110887057
0.8611306908910122 -0.14634885604132747 1.0237756957414663  738315.5110896279
0.8820891445848938 -0.14826996527997613 1.0426855323527144  738315.5110906437
0.9036680619173599 -0.1501124016820556 1.064455184096636  738315.5110919119
0.9256356842283864 -0.15145794674350865 1.089649087574348  738315.5110930763
0.941139862422718 -0.1512276358880144 1.107093874956259  738315.5110941196
0.9633096664287513 -0.14881457246657398 1.1327969729788683  738315.5110953904
0.9807737526071776 -0.14545157958251814 1.1513042334805532  738315.51109654
0.9948459985286496 -0.1419205850796352 1.1641872582304862  738315.5110977117
1.0078592063313587 -0.13628166320499843 1.1730190623030705  738315.5110988627
1.0151654626161979 -0.12944066469434695 1.177485857810402  738315.5111001208
1.0183678566797847 -0.12065144594165514 1.1814127409286217  738315.5111011135
1.0174775113613748 -0.10550355655287064 1.181269864777425  738315.5111024217
1.012732374050648 -0.0885039772655202 1.1719714292491417  738315.5111034848
1.0078849385966262 -0.0715351485569658 1.157339827760896  738315.5111045345
1.0020549778815946 -0.04899458179993317 1.1381665956080982  738315.511105689
0.9980001800588391 -0.023901617542817825 1.1143090973742729  738315.5111069129
0.9938895636567016 0.00461600578675622 1.086965269866721  738315.5111081146
0.9895885304544206 0.02932689736104433 1.0621412350893418  738315.511109163
0.9830923462235026 0.06387813929050144 1.0320610754203754  738315.511110432
0.9748528057545892 0.0993226071136065 1.0054867319900096  738315.5111116787
0.969367041388392 0.13519262627573944 0.9791104987894865  738315.5111126252
0.9635453044360475 0.17470568734165304 0.9488759256984534  738315.5111137907
0.9569628320020412 0.21399180703312592 0.91984006608936  738315.5111150597
0.9518355771592214 0.2517369513561034 0.8929149673047854  738315.511116249
0.9482010405728802 0.2886809396196057 0.8696215265968584  738315.5111172645
0.946986128929657 0.32722033726241223 0.8476704174877447  738315.5111185346
0.9484137353590761 0.3651869246256376 0.8267027478780599  738315.5111196975
0.9512093909100703 0.40094819865846565 0.808076915147935  738315.5111207416
0.953970225022985 0.4379526504999264 0.7930100083732291  738315.5111220459
0.9567257238303497 0.4716636633793338 0.7819553395614537  738315.5111231656
0.9592749579257233 0.5023871864143178 0.7727027476859857  738315.511124423
0.9600272920302677 0.5410248732749863 0.7618074578074218  738315.5111255299
0.9586417610695979 0.5781573866569618 0.7513936838461167  738315.5111266908
0.9583322105212908 0.6121359969012202 0.741043172221481  738315.5111276946
0.9574222963300069 0.6499367236992588 0.7278205018217051  738315.5111288368
0.9552150712618919 0.6872849345932156 0.7170371700692036  738315.5111301065
0.9521302964347065 0.7178091689475025 0.7127991379928803  738315.5111312973
0.9506062278832715 0.74258988035676 0.7152826058004789  738315.5111323015
0.9507626936952098 0.7712944752137443 0.7268960018232193  738315.5111337937
0.9536771041682277 0.7883717736407795 0.7412049318092835  738315.5111347707
0.9576561259011224 0.8020899520640402 0.7603891968940728  738315.5111357769
0.9636929369256984 0.8156052804613888 0.7818663128795686  738315.5111370436
0.9730624000260516 0.8349618863404779 0.8102813230488786  738315.5111382115
0.9802305917653884 0.8557636359344476 0.8320749959172911  738315.5111394797
0.9856092793322507 0.8762857545850464 0.8494129453943129  738315.5111404031
0.9914280181855368 0.9033684623269987 0.8687573020240686  738315.5111418325
0.9954481670560337 0.9317966728520837 0.8799348284710886  738315.5111428367
0.9990558826631704 0.9589998564567256 0.8876681493656708  738315.5111439101
1.0036656064435696 0.9825878850014881 0.8959826551239163  738315.5111450354
1.009159497469231 1.0083725595463648 0.9102658012091611  738315.5111463167
1.0130862427459992 1.0285535772551249 0.9205643894374501  738315.5111474667
1.0157907217994622 1.0440807166647568 0.9296195988135914  738315.5111485056
1.0218402605847088 1.0689530813978292 0.9449581097230163  738315.5111497858
1.0254671789536098 1.0926605370154872 0.9569323846857332  738315.5111509629
1.0286927198705071 1.1141560457117603 0.9632393814532604  738315.5111520365
1.0306485759786752 1.1335967158089597 0.9663320935933741  738315.5111530984
1.031174035696144 1.1553506843041441 0.9678478945911421  738315.5111543562
1.0314503567463438 1.171147358807598 0.9690682855456357  738315.5111555763
1.0327217655837257 1.1825726797744762 0.9740117390854044  738315.5111566728
1.0356789517093226 1.1905255330303717 0.9780224189339359  738315.5111579184
1.0385567430268738 1.194515361456633 0.9791650628422817  738315.5111590395
1.0412092658090757 1.1962370490210112 0.979480751929894  738315.5111600899
1.0429236774449406 1.1942123116214978 0.9776449283658516  738315.5111613778
1.0449900476401248 1.187224324246376 0.9719938033023454  738315.5111625126
1.0467046203752788 1.1783937431371903 0.967520806085072  738315.5111636668
1.0496397008662246 1.1664978946081646 0.9623776748894821  738315.5111647104
1.054133785471537 1.1511945360621463 0.9571939317220906  738315.5111660054
1.058870261720874 1.1349376982451167 0.9535128391906071  738315.5111671408
1.062299166279964 1.120835867933279 0.9519592438875628  738315.511168159
1.0660818542933388 1.0986946004253655 0.9501954310063203  738315.5111694526
1.0687936036371801 1.0792080427766093 0.9454349075739279  738315.511170626
1.0708073503852793 1.0615560383269225 0.9395472220403192  738315.5111716766
1.0727689263916012 1.042379318567437 0.931901966879775  738315.5111729276
1.0752121890241597 1.0193460874452596 0.9243076962442135  738315.511174084
1.0770880254691015 0.9990192502616864 0.9164908669263755  738315.511175131
1.0788129760806973 0.9725555788077327 0.9071647018543167  738315.5111765978
1.07978237505874 0.9499632700961439 0.9037371811125658  738315.5111775689
1.0804067484211954 0.9218702205622876 0.8993345611774729  738315.5111787291
1.0802556997144654 0.8967391285025932 0.8936470538702231  738315.5111800827
1.080690183341089 0.8691171414284907 0.8833329450970087  738315.5111811833
1.0817902771376202 0.8490679365106436 0.8768926470025448  738315.5111820683
1.0849677326740903 0.8204280504429695 0.8687996367742338  738315.5111835462
1.0885968078929837 0.792998310918284 0.8638981098994938  738315.511184505
1.0931382903376086 0.7638994947218913 0.8556997945017755  738315.511185697
1.0964056548530783 0.7369255477198637 0.8463118600673132  738315.5111867391
1.0997653774967175 0.7031759371006063 0.8332155410434253  738315.5111879815
1.1025407594733136 0.6708667904779559 0.819092766536064  738315.5111891328
1.1054952431261897 0.6419382249713526 0.804803900022323  738315.5111901828
1.1101524342820264 0.6075120327370269 0.7899644220633236  738315.511191458
1.1157620795442584 0.5797505877641191 0.7807248998780776  738315.5111926238
1.1217084246352569 0.550666575385942 0.7718458428373683  738315.5111937678
1.1272078443124527 0.5205793397997593 0.7615594998647139  738315.5111949223
1.1315206355756091 0.49499047131047097 0.7507632913816359  738315.5111961804
1.1348485601447924 0.47290731332696917 0.7411281963702071  738315.5111971269
1.137421111507568 0.45150527451856765 0.7333042066694299  738315.5111982935
1.1399265794193032 0.42377437025184095 0.723702962209276  738315.5111995634
1.1407301919250228 0.39910139561880287 0.7143301503667929  738315.5112007924
1.1408703741339465 0.3761189367973567 0.7058148678367495  738315.5112017605
1.1407940307440705 0.3504966460542448 0.6979797652799298  738315.5112030071
1.1397470394307836 0.32530696318988434 0.6926544335012002  738315.511204252
1.1399156432913 0.30805717831830803 0.6864820836052112  738315.5112052329
1.1392756057877338 0.29103843656385536 0.6772406770729199  738315.5112063885
1.135646577849724 0.2736698899717857 0.6640209393164406  738315.5112076811
1.132371682037895 0.25746234560288017 0.6537671571017335  738315.5112088466
1.1294687925375602 0.244604055749353 0.6477955221299565  738315.5112098509
1.1253966692298456 0.22775145838094363 0.6387248328346385  738315.5112111323
1.1222208293859994 0.21718244964624625 0.6291322111338138  738315.5112122799
1.1187552297928098 0.20935700452055248 0.6203543783569155  738315.511213319
1.111647521583788 0.2002710768532268 0.6082322147827337  738315.5112147133
1.1045686208754735 0.19466363867252304 0.6013086351950898  738315.5112157546
1.094144420687966 0.18775363173075055 0.5928866814925069  738315.5112169144
1.0809130868412535 0.1808046091447253 0.5845290276504801  738315.5112181841
1.062483434138946 0.17164775839131527 0.5757034778544364  738315.5112192652
1.0455067596852616 0.16386722354399905 0.5677401030935929  738315.5112202695
1.024826220466626 0.15484569475432414 0.5584800710073421  738315.5112215414
1.0027819909761402 0.1469661245501776 0.5500884790216538  738315.5112227374
0.9800549337316999 0.14157287210918895 0.5423616633213315  738315.5112237445
0.9531030697926487 0.13882232749736229 0.5330418079127639  738315.5112250142
0.9291607169092426 0.13758902371367893 0.5243613335427407  738315.5112261767
0.9006980994248683 0.1369616236691391 0.5118584622320985  738315.5112272156
0.8735506192438522 0.1358702471857735 0.5020649391331446  738315.5112284623
0.8410254156582205 0.13339220817217454 0.494962609042115  738315.5112296436
0.8078842286567832 0.13316166301770407 0.4882859796093341  738315.5112308036
0.7766014225266692 0.13550475285911592 0.48050123358973684  738315.5112319695
0.7491295592291343 0.1365028224716555 0.4753468149331076  738315.5112331477
0.7183775100421032 0.13614073236120275 0.4705664143516726  738315.5112343224
0.6817967631727377 0.13156346415391942 0.46631145599034507  738315.5112354301
0.6513423282774138 0.12484821310716146 0.46363042110269526  738315.511236685
0.6172044423689097 0.11754803635397397 0.45902194090284204  738315.5112376277
0.5843414596550117 0.11338184813765478 0.45069539125820846  738315.5112389091
0.5500833340481032 0.10994408053046015 0.44176786769630405  738315.5112400634
0.5263338958533321 0.10778528160506573 0.43684590232233594  738315.5112412515
0.5033127186618788 0.10602897696376754 0.4331431404499248  738315.5112422557
0.48122454798956826 0.10241342898303026 0.4320476408471196  738315.511243537
0.4659568587090555 0.09904111465379606 0.43150179541372363  738315.511244643
0.450770064142395 0.09726549782056108 0.4281265365710826  738315.5112457366
0.43393909027853383 0.0970839286224497 0.42220230088846056  738315.5112468795
0.4153898310960094 0.09738289881863252 0.4147482625999724  738315.5112481737
0.4021307474941609 0.09623534996968426 0.40880275697514223  738315.5112492241
0.3902425318572211 0.09119366275874928 0.4066908425932178  738315.5112503576
0.37947594904094145 0.08297268432961291 0.40940855613857213  738315.5112516358
0.37027648631500487 0.0747299529820393 0.41226184004541655  738315.5112527916