% wand_x wand_y wand_z  738339.4044200953
0.3176730289347016 0.1532830661122831 0.7037962088827826  738339.4044214477
0.3187038468620153 0.15407403449715965 0.7078765663908224  738339.4044224857
0.31713155293999734 0.15451253748436206 0.7120680388311061  738339.4044237491
0.3144145285312218 0.15428209331501053 0.712230876348736  738339.4044247919
0.31040606966732287 0.15369429329868406 0.7099307269765588  738339.4044260673
0.3071581256455095 0.15330998619285308 0.711799787802094  738339.4044271016
0.3040118685019818 0.15445512635506373 0.7147354385173529  738339.4044283784
0.3023713483228028 0.1560798045721385 0.7157316901225403  738339.4044295468
0.30198305302934925 0.15713908038525218 0.7161523129017762  738339.4044305721
0.3039489792356917 0.15818602797962186 0.7164813800138328  738339.404431849
0.3074924244018003 0.15852802468159585 0.7160320433971292  738339.4044328934
0.3131642125633269 0.15724591560728526 0.713564126307462  738339.4044341691
0.3188453796594148 0.15485187476011564 0.7096345091771655  738339.404435338
0.3226903056955396 0.15439354922633927 0.7104408966433698  738339.4044364828
0.3231593405241351 0.15809953073795394 0.727717119158902  738339.4044376446
0.32533106158820996 0.1560031904656184 0.7392140044495361  738339.404438797
0.3256616960887625 0.1482912014651282 0.7341490752841899  738339.4044399599
0.3213759658390986 0.1426469431765229 0.7205736926424121  738339.4044409966
0.31046441148230425 0.1397760765955314 0.7039273642467976  738339.4044422657
0.3006844523073391 0.14514282139359164 0.6960718895964233  738339.4044433112
0.29295530500828876 0.17626407406506228 0.7102463784724375  738339.4044445832
0.28493319527378763 0.24046940488304597 0.7770899398580235  738339.4044456244
0.26435322774938114 0.3267178706310688 0.9615210223405859  738339.4044469023
0.24287185464503738 0.35521765556087287 1.1047318673139344  738339.404447913
0.22274743594247362 0.35341398568414845 1.2045686367906467  738339.4044491666
0.22903368377691835 0.33115686254202753 1.1634844217835796  738339.4044502566
0.2665866579909899 0.29651232941179806 0.9930964273367824  738339.4044515291
0.3244495631244197 0.21576261853456516 0.7453461330979075  738339.4044525576
0.4236650825204107 -0.0021306557997167195 0.44974161712044464  738339.4044538398
0.5407563657570864 -0.2463599999361769 0.30971249896474756  738339.4044550628
0.6739496870990422 -0.4972236031129075 0.26942718451297376  738339.4044561565
0.7786378558791587 -0.7592908521021104 0.3130826692099526  738339.4044573278
0.8255566621381955 -1.003111762812418 0.4307262379886283  738339.4044583559
0.8103622567469588 -1.2183004911031694 0.6290400883065338  738339.4044596275
0.7605951411594762 -1.3229466746718752 0.798974174860371  738339.4044606716
0.6816966281287299 -1.3739514159854256 0.9634720804377174  738339.4044619453
0.6577847079710095 -1.3520912783117742 1.0167491170996592  738339.4044629596
0.6313694873935585 -1.2825447290429806 1.0344368563259034  738339.4044642269
0.6018868157054951 -1.1988153048997543 1.047027714806555  738339.4044653025
0.5420869306565383 -1.1126569939738922 1.063850013316335  738339.4044665593
0.44105091141767044 -1.023678909384838 1.056716758712943  738339.4044677428
0.3197305543562491 -0.95149800237261 1.046918582607557  738339.404469063
0.18175491997851706 -0.8908371619384526 1.0368322345341396  738339.4044700451
0.06766344505841415 -0.8418103920390733 1.0205919857970742  738339.404471093
-0.02203911404071779 -0.7812190799174852 1.01391535208044  738339.4044723623
-0.10317815682260104 -0.6967527124900565 1.024518908498799  738339.4044734094
-0.17156310749317813 -0.5997395687691754 1.081295305996005  738339.4044746726
-0.22535426383847862 -0.5176311830633347 1.1908133163891585  738339.4044758469
-0.2639425614425693 -0.4647179686077335 1.3009339863865026  738339.4044768728
-0.3081411772813089 -0.3968223248812826 1.383504049903683  738339.4044781526
-0.3500581434536857 -0.3402986803169687 1.3867483901382969  738339.4044791897
-0.376681979056358 -0.2547653810590496 1.366813809558693  738339.4044804513
-0.38132365367297005 -0.1709113753002619 1.2987983600659752  738339.4044816344
-0.3671087009007965 -0.10182615788586277 1.174178825936312  738339.4044827822
-0.3355963033510633 -0.08171775571427792 1.0012972856420688  738339.4044839364
-0.299156371173224 -0.16326258872180374 0.8344511099892492  738339.4044850915
-0.2839766901837041 -0.2746394522163266 0.7520658203276129  738339.4044861777
-0.27838377582776463 -0.37853354401273964 0.7027193786217617  738339.4044872922
-0.27402467540903913 -0.4680042976020342 0.6766809301797292  738339.4044885635
-0.26901740249548817 -0.5151324035119124 0.6569626527949515  738339.4044895794
-0.25003437428508823 -0.5398010862689391 0.6215268169685052  738339.4044908806
-0.2232359195146374 -0.5255944697414007 0.6046971812985286  738339.4044919322
-0.19791028663192017 -0.48137849961688056 0.6133645723056551  738339.404493324
-0.1953438702186443 -0.44775036419624736 0.6187420089400577  738339.4044943646
-0.20520211508852684 -0.39852994122103785 0.6114128438118138  738339.4044955091
-0.22613003151899605 -0.3445953230622848 0.6082219112513491  738339.4044966678
-0.25183001624287454 -0.2969172602350511 0.6143703303743681  738339.4044976614
-0.283009399441165 -0.23742133248365987 0.6185395715798387  738339.4044990367
-0.29899348402602177 -0.20761913158951303 0.6027574213056102  738339.4045000208
-0.2802472019026343 -0.1155544670641686 0.5902563602369156  738339.4045012455
-0.4132980652255818 -0.20287876556181153 0.3721083554054009  738339.4045023064
-0.6297940714457385 -0.2739378821494523 0.6962985724202715  738339.4045521826
-0.7161720741225854 -0.3327845019322068 0.7087771447262868  738339.4045532944
-0.7952710408701782 -0.37615989072552825 0.7124188024309411  738339.4045545693
-0.847236270288639 -0.4445850121116758 0.7299516807212176  738339.4045555844
-0.8522094352932419 -0.5473533447447407 0.7731719558964694  738339.4045568221
-0.78158474433271 -0.6812151755952096 0.8620683844763541  738339.4045580048
-0.6664564620068975 -0.7822456492455897 0.9786261826036365  738339.4045592266
-0.5377013079791735 -0.8516013664728008 1.1223230935383957  738339.4045602394
-0.4209644600368663 -0.8952770251559733 1.277022595919536  738339.4045614153
-0.32836901972737353 -0.9413366281512513 1.4134996030344409  738339.4045626523
-0.2843774264572949 -0.9914550897548476 1.4766031687030339  738339.4045637393
-0.23878699808455178 -1.0717051108520093 1.5184504408558255  738339.4045650207
-0.20457940984592335 -1.1202240995688355 1.5311057573836035  738339.404566049
-0.14101986987799914 -1.1595852437708105 1.5346235486823847  738339.4045673049
-0.05623625190890501 -1.1638841194176623 1.5239275104713066  738339.4045683721
0.08842949887451884 -1.1295013819991648 1.492791320534136  738339.4045694692
0.20534228994841372 -1.0789527461556843 1.4754479207025455  738339.4045706773
0.3395048462075026 -1.0116758151346998 1.4452192403143103  738339.4045717843
0.5294189032119526 -0.8863643520157166 1.3342337335843224  738339.4045730602
0.6400443274738904 -0.7655268385222985 1.2115545660774383  738339.4045741428
0.7043086359292581 -0.5497475620789174 1.0437415623832802  738339.4045753983
0.6795701643340081 -0.406413975376661 1.0222648764609334  738339.4045765206
0.6486783010950732 -0.29290520556257843 1.0086466658480455  738339.4045775069
0.6108612946528873 -0.17946264346347068 0.8952633896694389  738339.4045787597
0.5726422285907314 -0.09976199210613206 0.7206329203284348  738339.4045798504
0.5024858513540932 -0.05139872422961645 0.640075196210233  738339.404581153
0.4854260152842391 -0.029630675258957438 0.6635683944705809  738339.4045822355
0.5126595665617311 -0.002687736251451043 0.7070983876137533  738339.4045834144
0.5539031701182977 0.014463284740247141 0.7292697246326958  738339.4045845134
0.5923286347754967 0.02797523689405036 0.7068141776656417  738339.4045857885
0.5952852188584823 0.034007111338141056 0.7171391129307721  738339.4045868829
0.5820433669246429 0.039439068718318857 0.7374018993033303  738339.4045885279
0.562665867263865 0.05147364483429318 0.7360513152467042  738339.4045892666
0.5429793521786422 0.060046222000961484 0.7375989558423672  738339.4045903034
0.5191708656153093 0.06678988748434632 0.756613473067112  738339.4045915616
0.49875470974656333 0.07162245574184935 0.780976298256215  738339.4045927275
0.49155317413052385 0.07354721956294188 0.7691481043713444  738339.404593778
0.4851707499012552 0.08625606293929827 0.7392796531244195  738339.4045950478
0.47673289764314475 0.10383112540979339 0.7306974033396123  738339.4045962021
0.4746325380030257 0.12821630245554252 0.718838311338932  738339.4045973591
0.48389697956920613 0.1581402048705531 0.7069092582168363  738339.4045985156
0.5035278195726519 0.18512752629668755 0.6941716563958796  738339.4045995614
0.5352818791273162 0.2011289754472097 0.6751346589230208  738339.4046008631
0.5593277574582127 0.20349287685601425 0.6640001481071816  738339.4046018783
0.5882506575534124 0.20196236320208116 0.6544208959472843  738339.4046031177
0.6072046207461375 0.1977605514430697 0.6507585830388336  738339.4046042952
0.6138966893341695 0.1983437370192426 0.6516873245188645  738339.4046053457
0.6153373137455282 0.20698353211180198 0.6545783450973564  738339.4046066152
0.6120183720036134 0.21245849956483503 0.6572140819061577  738339.4046077696
0.6039743985040458 0.21461302457209802 0.659213995326968  738339.4046088192
0.591253892805547 0.2157009497241727 0.6528826987757077  738339.4046101038
0.5762577183594335 0.2171726857666412 0.6447887659200126  738339.4046111365
0.5548585705696882 0.21842062087309488 0.6386380631684047  738339.4046124165
0.5402209289009123 0.21903556367563462 0.6361313976646428  738339.4046134237
0.523698426960273 0.22058629693353496 0.6361193537355155  738339.4046146865
