% wand_x wand_y wand_z  738331.723019525
0.6613097818915469 -0.6534398683251412 0.5943865491191586  738331.7230207867
0.6644299207383715 -0.6509722444010323 0.5903988523552904  738331.7230218714
0.6673512800391173 -0.6508876052052521 0.5848466806469814  738331.7230231579
0.6691923319956224 -0.651059342933727 0.5801083523568905  738331.7230242383
0.669524745286806 -0.649840749024838 0.5750610946819509  738331.7230254946
0.6676525091036527 -0.6477691101479661 0.5731457440268957  738331.7230265694
0.6620123349717549 -0.6458697766085867 0.5713980879441856  738331.7230276618
0.6555409638499006 -0.6408040084437522 0.5673989374494411  738331.7230289227
0.6530789666620581 -0.6251265517357028 0.5634030406693253  738331.7230299975
0.6564370435055003 -0.5896985699484889 0.5649257289345909  738331.7230312628
0.6611707487347814 -0.5493944561374449 0.5737633491903049  738331.7230323582
0.66653646012718 -0.5104889534052742 0.5845860894787551  738331.7230334403
0.6708718855864088 -0.46372854259598234 0.5956627807252259  738331.7230347014
0.6728265991347543 -0.42756529932427895 0.6025718828549502  738331.723035766
0.6704845437362268 -0.3830539400409573 0.6094126154540754  738331.7230370264
0.665954127750946 -0.3473788197103698 0.6136620321218579  738331.7230380839
0.6589354443899239 -0.3031335723454474 0.6135749710062479  738331.7230393477
0.6544917808598202 -0.2661173377219359 0.6115899324135663  738331.723040413
0.6514180918629384 -0.22011857953175468 0.6057325944008985  738331.7230416747
0.6493526643321019 -0.17809480589732482 0.5972994455857717  738331.7230427755
0.6464474291564717 -0.1351643474192956 0.5851913480303356  738331.7230440176
0.6459991521139381 -0.09193921824728002 0.5738759633640431  738331.7230451151
0.6475838602927277 -0.049822677366095455 0.5670272315771395  738331.7230462254
0.6510610091806818 0.00045991767412100783 0.5595456633400167  738331.72304733
0.6541884673932633 0.05129619982238246 0.552039574867936  738331.7230485841
0.6574186830903516 0.10190565068586882 0.5469737726640461  738331.7230496439
0.6586328445339287 0.1539510591257498 0.5410856596537037  738331.7230509093
0.6581725117840683 0.19288693074743107 0.5370637975095839  738331.7230519896
0.6569810020802154 0.2380601662081823 0.5366395952191841  738331.7230532377
0.6562616177309875 0.280869190249958 0.5362728520705665  738331.7230543377
0.6556456933461238 0.3186494285379034 0.5352578680382232  738331.7230554289
0.6542273140803484 0.3613804158262999 0.5346677749687219  738331.7230566902
0.6553030575881696 0.3950172128465855 0.5362567589473509  738331.7230577745
0.6570114953959798 0.4338181616864018 0.5378168450830582  738331.7230590408
0.6588787429749267 0.4680314492762917 0.535786560536287  738331.7230601237
0.6609029973450048 0.4979192151947036 0.5348905045816373  738331.723061204
0.6637509395098181 0.5317015541118025 0.5338163237680584  738331.7230624838
0.6640960936846972 0.5599821707604028 0.5332447606825179  738331.7230635593
0.6648524972793729 0.5948538569912785 0.5370637123131408  738331.7230648139
0.6649510075723929 0.6226826834854803 0.5394306035147395  738331.7230659047
0.6660493408715461 0.6503038886759999 0.5404282229581898  738331.7230669894
0.6692042708804374 0.6773065770020201 0.5443458926681765  738331.7230682541
0.6733285621699263 0.6950942099370713 0.5466018042227753  738331.7230693254
0.6781505892765847 0.7195170056306426 0.5478850999816627  738331.7230705763
0.6784416889090111 0.7341026563039794 0.5521356941437087  738331.7230716487
0.676418458720544 0.7462297983574709 0.5541792639929356  738331.7230729207
0.6735043762873054 0.7520850267450757 0.55393593143797  738331.723073998
0.6669107142509556 0.7592925701003355 0.5584862198625408  738331.7230752445
0.6553817873304543 0.7650657951490561 0.5660338399051441  738331.7230763243
0.6348564022243693 0.7699618085875232 0.5732442309963579  738331.7230775766
0.6073869538397612 0.7731105107668916 0.580227843202252  738331.723078636
0.5635676029906735 0.7736005481343644 0.5861055478432594  738331.7230798855
0.5257790064556017 0.7713358721349627 0.5867387317081474  738331.7230809561
0.4847125347472407 0.7668326587353844 0.5872424659311337  738331.7230820586
0.44014643393422576 0.7582061348260696 0.5876563113121316  738331.7230833246
0.4055977555816593 0.7476239338450148 0.5860378259806144  738331.7230843969
0.3653659367290307 0.7318300893575702 0.5812652169570679  738331.7230856613
0.33095697878619634 0.7162443140072114 0.5761134842273437  738331.7230867415
0.30504882419900403 0.704398334912345 0.5740487618329231  738331.7230878256
0.2678638857278525 0.6853105471647435 0.5708990948154934  738331.7230890875
0.2422622042809689 0.671445121458693 0.5684594079376036  738331.7230901674
0.21404836277828207 0.6566691148548017 0.5672638392576264  738331.7230914297
0.19477671557301934 0.644622931242451 0.5659560907911085  738331.7230924966
0.17544589499186797 0.6302465855496012 0.5634444324011699  738331.7230937791
0.16014377599087812 0.6163384077119136 0.5599610564659778  738331.7230948575
0.1389307221481609 0.5982240773641259 0.5544918890751498  738331.7230959448
0.11235549918096452 0.5735244006409491 0.5482718310318075  738331.7230972203
0.09213549501961725 0.5510367402047021 0.543245105752003  738331.7230982907
0.0710794559347136 0.5230052903250203 0.5374191503310362  738331.7230995691
0.057263030592365 0.49998741002594527 0.5324396586628451  738331.7231006622
0.04468778084503042 0.473588213778584 0.5264172871081605  738331.7231017452
0.033974356217264516 0.4461922096836706 0.5239568308373744  738331.7231030137
0.025608077156007446 0.4240907187950126 0.5261958906977615  738331.7231040964
0.01785671783731104 0.39417550878366886 0.5293082523343172  738331.7231053703
0.013622420879049075 0.36500462005331435 0.5318484562243536  738331.7231064527
0.014767326352865165 0.33895238024623386 0.5352913150100752  738331.723107528
0.021216324721815637 0.309400772744585 0.5382731962749033  738331.7231087931
0.027465337870746686 0.28554613335060375 0.542011650989077  738331.7231098905
0.03528478129558556 0.2570637130384007 0.5515191795804729  738331.7231111405
0.03992276706830939 0.23402296499606234 0.5586078864776078  738331.7231122404
0.04316955965155751 0.21153781800840796 0.5662762915331434  738331.7231133082
0.04741290820976623 0.18871632441123357 0.5777471562306112  738331.7231145761
0.049188374884907876 0.16890644454362946 0.5821257144776111  738331.7231156758
0.04958000417264682 0.14836467830420988 0.58121452441782  738331.7231167646
0.0479442895760599 0.1297698702216312 0.5781885068937972  738331.7231180314
0.0453769686481391 0.11287310255010385 0.5777531545543966  738331.7231190964
0.03814714566414081 0.09395963672018388 0.5754241439012819  738331.7231203628
0.03216878844799835 0.08412851165704387 0.5695386956336592  738331.7231214435
0.032554956715630315 0.06974766857883456 0.5683980261239874  738331.7231226924
0.03213357208808932 0.05886392323227324 0.5651627623805957  738331.7231237664
0.030939037782673734 0.05274467131639547 0.5538296958163951  738331.7231250217
0.02839205602215645 0.05154778453460246 0.544868207284932  738331.7231261074
0.022015988236518486 0.04631296321018649 0.5345899478088085  738331.7231271841
0.011466167409141331 0.03871848573084566 0.5174231284555691  738331.7231284427
0.0012492101579302088 0.03363333339187852 0.49531121081451135  738331.723129522
-0.007403763956073717 0.02781887980073031 0.46287258786297963  738331.723130778
-0.013118620475140431 0.025285996068132387 0.4331662096218597  738331.7231318667
-0.01964689687840953 0.022355002940666634 0.39720933053794083  738331.7231331321
-0.024679922230486453 0.019091309146146825 0.36907211088947206  738331.7231342349
-0.026904976277397716 0.017135293510658654 0.33714625352535743  738331.7231352968
-0.02432050109335176 0.01790226889086386 0.3061960354744039  738331.7231365504
-0.019807664656724892 0.022567453592077624 0.27311488299717085  738331.7231376222
-0.01563203061259023 0.027623409562050096 0.23460124356161197  738331.7231388708
-0.010143754357893303 0.030674955490609102 0.20364619899446293  738331.7231399503
-0.0026057706608442546 0.03601262892055719 0.1688881527686878  738331.723141223