% x y z r p yw  738318.7038026304
3.417429208755493 1.6136854887008667 -0.010300356894731522 0.06275375187397003 0.05702825263142586 -0.08595549315214157  738318.7038028636
3.4249203205108643 1.6199259757995605 -0.010347863659262657 0.062347304075956345 0.057204898446798325 -0.0869285985827446  738318.7038029797
3.4324262142181396 1.6261787414550781 -0.010396063327789307 0.061973318457603455 0.05735476315021515 -0.0878671184182167  738318.7038030929
3.4399468898773193 1.632443904876709 -0.010444343090057373 0.06134185940027237 0.054880645126104355 -0.08682651817798615  738318.7038032083
3.447481632232666 1.6387206315994263 -0.010490876622498035 0.06089109182357788 0.053850311785936356 -0.08745256811380386  738318.7038033298
3.4550304412841797 1.6450086832046509 -0.010535378009080887 0.0617322213947773 0.05500827357172966 -0.08676499128341675  738318.7038034337
3.4625942707061768 1.6513092517852783 -0.01057908870279789 0.06195878982543945 0.05513228103518486 -0.08652452379465103  738318.7038035564
3.470172643661499 1.6576218605041504 -0.010623338632285595 0.06230471655726433 0.054784972220659256 -0.08754467219114304  738318.7038036726
3.4777650833129883 1.6639455556869507 -0.010668016970157623 0.06285277009010315 0.0559488944709301 -0.08837633579969406  738318.7038037976
3.4853715896606445 1.670279622077942 -0.010712344199419022 0.06321410834789276 0.05699051544070244 -0.08898340165615082  738318.7038039203
3.4929912090301514 1.6766237020492554 -0.01075646560639143 0.06197282299399376 0.05672942101955414 -0.08989477157592773  738318.7038040197
3.5006232261657715 1.6829791069030762 -0.010801970027387142 0.06250051409006119 0.05692668259143829 -0.09048298001289368  738318.7038041377
3.508268117904663 1.6893473863601685 -0.01084942277520895 0.0612032487988472 0.05648474022746086 -0.0909145176410675  738318.7038042553
3.516693353652954 1.6963679790496826 -0.010902308858931065 0.0600978322327137 0.05587564781308174 -0.09112552553415298  738318.70380437
3.524366855621338 1.7027642726898193 -0.010950223542749882 0.06141266971826553 0.05643733590841293 -0.09238709509372711  738318.7038044829
3.5320546627044678 1.709173321723938 -0.010997766628861427 0.06222179904580116 0.05832373723387718 -0.09196113795042038  738318.7038045985
3.5397582054138184 1.71559476852417 -0.011044913902878761 0.06277815997600555 0.05979061871767044 -0.09314000606536865  738318.7038047116
3.5474772453308105 1.722028374671936 -0.011092163622379303 0.06269603967666626 0.061184171587228775 -0.0953395739197731  738318.7038048407
3.555211067199707 1.7284739017486572 -0.011139464564621449 0.061685677617788315 0.060423851013183594 -0.09487520158290863  738318.7038049471
3.5629591941833496 1.7349309921264648 -0.011187057010829449 0.061402805149555206 0.06089721620082855 -0.09543997794389725  738318.7038050634
3.570720911026001 1.7414007186889648 -0.011235176585614681 0.061004504561424255 0.060220327228307724 -0.0957934632897377  738318.703805179
3.578495740890503 1.7478832006454468 -0.011283149011433125 0.06156732887029648 0.0607350654900074 -0.09559864550828934  738318.7038052982
3.5862836837768555 1.7543771266937256 -0.011330376379191875 0.06129918247461319 0.06213992461562157 -0.09653273969888687  738318.7038054207
3.594085693359375 1.7608823776245117 -0.011376313865184784 0.0610535703599453 0.06054208055138588 -0.09675231575965881  738318.7038055221
3.601902961730957 1.7673994302749634 -0.011421597562730312 0.06076522171497345 0.060982733964920044 -0.09628143161535263  738318.7038056437
3.609734296798706 1.7739273309707642 -0.011468332260847092 0.06212402135133743 0.06024452671408653 -0.09570462256669998  738318.7038057534
3.6175787448883057 1.7804653644561768 -0.011517657898366451 0.060425519943237305 0.058099567890167236 -0.09383457899093628  738318.7038058679
3.625437021255493 1.7870138883590698 -0.011568063870072365 0.06029133126139641 0.05797186866402626 -0.09415875375270844  738318.7038059875
3.6333096027374268 1.7935734987258911 -0.011618297547101974 0.06071764975786209 0.056874148547649384 -0.09598515927791595  738318.7038061005
3.641195774078369 1.800144910812378 -0.011669195257127285 0.06129796802997589 0.056477103382349014 -0.09634269773960114  738318.7038062183
3.6490955352783203 1.8067293167114258 -0.011720743030309677 0.06142961606383324 0.05926065891981125 -0.09645247459411621  738318.7038063331
3.6570093631744385 1.813326120376587 -0.011771035380661488 0.06299049407243729 0.05730738490819931 -0.096589095890522  738318.7038064576
3.6649374961853027 1.8199352025985718 -0.011818976141512394 0.06244167312979698 0.055484842509031296 -0.09604901075363159  738318.7038065642
3.6728806495666504 1.826556921005249 -0.01186500582844019 0.06191467493772507 0.056926000863313675 -0.09793175011873245  738318.7038066791
3.6808388233184814 1.8331904411315918 -0.011910483241081238 0.06094712018966675 0.05595846101641655 -0.09853293001651764  738318.7038067938
3.688812017440796 1.8398349285125732 -0.011956357397139072 0.061170097440481186 0.05670330673456192 -0.0980006754398346  738318.7038069069
3.696800470352173 1.8464910984039307 -0.012002212926745415 0.06163639575242996 0.05782633274793625 -0.09893451631069183  738318.7038070335
3.704803943634033 1.85316002368927 -0.012048543430864811 0.06281346827745438 0.055585283786058426 -0.09847953915596008  738318.7038071458
3.7128214836120605 1.8598414659500122 -0.012096825055778027 0.06306316703557968 0.05467897281050682 -0.09823070466518402  738318.7038072658
3.7208523750305176 1.8665354251861572 -0.0121468435972929 0.06297052651643753 0.053928859531879425 -0.09835217148065567  738318.7038073702
3.7288973331451416 1.8732414245605469 -0.012197399511933327 0.06242034211754799 0.054359983652830124 -0.09761563688516617  738318.7038074923
3.736956834793091 1.8799594640731812 -0.012248683720827103 0.06308238208293915 0.05517977848649025 -0.09700098633766174  738318.7038076108
3.745029926300049 1.8866900205612183 -0.012300665490329266 0.06300932914018631 0.05516452714800835 -0.09718825668096542  738318.7038077128
3.753117322921753 1.8934326171875 -0.012353641912341118 0.0620761513710022 0.05724751949310303 -0.09726814180612564  738318.7038078405
3.7612197399139404 1.9001864194869995 -0.012408453039824963 0.06259980797767639 0.05952838435769081 -0.09831740707159042  738318.7038079632
3.7693369388580322 1.906951665878296 -0.012464281171560287 0.06213768199086189 0.06061037629842758 -0.09919053316116333  738318.7038080733
3.777467966079712 1.9137295484542847 -0.012520000338554382 0.06276830285787582 0.0588667169213295 -0.09848502278327942  738318.7038081901
3.785612106323242 1.920520305633545 -0.01257544569671154 0.06398610025644302 0.059106454253196716 -0.09812408685684204  738318.7038082981
3.7937700748443604 1.9273221492767334 -0.01263109315186739 0.06393907964229584 0.059430111199617386 -0.098936066031456  738318.7038084166
3.801943302154541 1.9341354370117188 -0.012686721049249172 0.06287813186645508 0.05960448831319809 -0.09954159706830978  738318.7038085416
3.8101322650909424 1.940961241722107 -0.012742727994918823 0.06327935308218002 0.059690967202186584 -0.09979141503572464  738318.7038086386
3.8183367252349854 1.9477989673614502 -0.012799497693777084 0.06275144219398499 0.05986485630273819 -0.0995946079492569  738318.7038087621
3.8265559673309326 1.9546477794647217 -0.012855835258960724 0.06263428181409836 0.05991362780332565 -0.09913169592618942  738318.7038088789
3.834789991378784 1.9615081548690796 -0.012911501340568066 0.061434194445610046 0.060020383447408676 -0.0989266186952591  738318.7038089898
3.8430392742156982 1.9683799743652344 -0.012966948561370373 0.062369100749492645 0.060670774430036545 -0.09909328073263168  738318.7038091111
3.8513035774230957 1.9752624034881592 -0.013022039085626602 0.06392115354537964 0.0584045834839344 -0.09902236610651016  738318.7038092298
3.85958194732666 1.9821555614471436 -0.013077309355139732 0.06481436640024185 0.058785099536180496 -0.10111120343208313  738318.7038093422
3.867872953414917 1.9890609979629517 -0.013133757747709751 0.0651722103357315 0.05930390954017639 -0.1010749489068985  738318.7038094546
3.8761770725250244 1.9959791898727417 -0.013191192410886288 0.06525266915559769 0.06026032194495201 -0.0999743789434433  738318.7038095753
3.884495735168457 2.002908945083618 -0.013248248025774956 0.06505002826452255 0.06050901487469673 -0.10055872052907944  738318.7038096922
3.892829656600952 2.0098507404327393 -0.013303828425705433 0.06569957733154297 0.06117992103099823 -0.10043983161449432  738318.7038098045
3.9020133018493652 2.017500638961792 -0.013363834470510483 0.06611627340316772 0.06192430481314659 -0.10159338265657425  738318.7038099205
-0.3343426287174225 -0.17927072942256927 0.029445229098200798 -0.684964120388031 1.4696389436721802 -157.39418029785156  738318.7038100489
-0.33725324273109436 -0.2066473513841629 0.029418155550956726 -0.6857553720474243 1.4694833755493164 -157.28082275390625  738318.7038101515
-0.34009140729904175 -0.23404915630817413 0.029390670359134674 -0.6883980631828308 1.4693477153778076 -157.16845703125  738318.7038102621
-0.3428565263748169 -0.26147496700286865 0.02936212345957756 -0.6901745200157166 1.4689044952392578 -157.0553741455078  738318.703810377
-0.345548152923584 -0.2889241576194763 0.02933233045041561 -0.6919265985488892 1.4665002822875977 -156.9434814453125  738318.703810498
-0.34816643595695496 -0.3163972496986389 0.029300637543201447 -0.6936346292495728 1.4657491445541382 -156.83096313476562  738318.7038106173
-0.3507118821144104 -0.3438951075077057 0.029267365112900734 -0.6943076848983765 1.4652348756790161 -156.72032165527344  738318.7038107266
-0.3531855344772339 -0.37141790986061096 0.029232775792479515 -0.6961244940757751 1.4640429019927979 -156.6078643798828  738318.7038108452
-0.35558801889419556 -0.39896419644355774 0.029196299612522125 -0.6989262700080872 1.4620082378387451 -156.4950408935547  738318.7038109654
-0.32792603969573975 -0.18653489649295807 0.02892017737030983 -0.12524016201496124 -0.14563211798667908 -135.01734924316406  738318.7038110693
-0.3334710896015167 -0.19432362914085388 0.0288355965167284 -0.1256973147392273 -0.146650031208992 -134.91148376464844  738318.7038111928
-0.3390027582645416 -0.20214562118053436 0.02874934673309326 -0.12419719249010086 -0.14576494693756104 -134.8065643310547  738318.7038113143
-0.3445206880569458 -0.21000118553638458 0.02866172231733799 -0.12332689017057419 -0.1460598260164261 -134.70001220703125  738318.7038114211
-0.3500249683856964 -0.217889666557312 0.028573112562298775 -0.12292663007974625 -0.14412254095077515 -134.5950469970703  738318.7038115419
-0.3555157482624054 -0.22581061720848083 0.028485657647252083 -0.1213989183306694 -0.14337217807769775 -134.48829650878906  738318.7038116496
-0.36099323630332947 -0.23376378417015076 0.02840016782283783 -0.12054350972175598 -0.1423252373933792 -134.38291931152344  738318.7038117625
-0.36645761132240295 -0.24174906313419342 0.028315424919128418 -0.12020766735076904 -0.14261268079280853 -134.2782745361328  738318.7038118792
-0.3719087839126587 -0.24976663291454315 0.028230741620063782 -0.12043678760528564 -0.14195480942726135 -134.1730194091797  738318.7038119959
-0.3773461878299713 -0.25781676173210144 0.028145579621195793 -0.12060097604990005 -0.1419176161289215 -134.06712341308594  738318.703812111
-0.3827701508998871 -0.2658997178077698 0.028059810400009155 -0.11952794343233109 -0.14246979355812073 -133.9608917236328  738318.7038122459
-0.3503095507621765 -0.17702223360538483 0.028392218053340912 -0.10390298813581467 -0.7322134375572205 -126.96395111083984  738318.7038123427
-0.3556637465953827 -0.18005117774009705 0.028379039838910103 -0.10242391377687454 -0.7306294441223145 -126.86122131347656  738318.7038124695
-0.3610173761844635 -0.18312028050422668 0.028366869315505028 -0.10296168923377991 -0.7303715944290161 -126.7585678100586  738318.70381258
-0.3663703203201294 -0.18622943758964539 0.02835577353835106 -0.10186818242073059 -0.72951740026474 -126.65653228759766  738318.7038126935
-0.37172242999076843 -0.18937860429286957 0.02834516577422619 -0.10136362910270691 -0.7280556559562683 -126.55462646484375  738318.7038128071
-0.37707313895225525 -0.19256716966629028 0.028334205970168114 -0.10065509378910065 -0.7267956137657166 -126.45232391357422  738318.7038129224
-0.38242268562316895 -0.195795476436615 0.02832193486392498 -0.09976844489574432 -0.7258176207542419 -126.35077667236328  738318.7038130461
-0.3877715766429901 -0.19906382262706757 0.028307588770985603 -0.09906910359859467 -0.725358247756958 -126.2488784790039  738318.7038131594
-0.39311984181404114 -0.2023722380399704 0.028291454538702965 -0.09898240864276886 -0.7249534726142883 -126.14646911621094  738318.7038133447
-0.398467481136322 -0.2057209610939026 0.02827424742281437 -0.09781783074140549 -0.7249193787574768 -126.04452514648438  738318.7038133865
-0.3598857522010803 -0.17253144085407257 0.029038984328508377 -0.3480827212333679 -1.183122158050537 -122.61746215820312  738318.7038135177
-0.3640684485435486 -0.17444980144500732 0.029114898294210434 -0.34681299328804016 -1.1828083992004395 -122.51805877685547  738318.7038136186
-0.36825236678123474 -0.17641575634479523 0.02919013798236847 -0.3458334803581238 -1.182011604309082 -122.41793823242188  738318.7038137341
-0.3724362850189209 -0.17842969298362732 0.0292649082839489 -0.34528154134750366 -1.1823534965515137 -122.3170394897461  738318.7038138492
-0.376619428396225 -0.1804913580417633 0.029338566586375237 -0.3444904685020447 -1.1817494630813599 -122.21637725830078  738318.703813965
-0.38080182671546936 -0.18260061740875244 0.029411209747195244 -0.3422544598579407 -1.1795650720596313 -122.11673736572266  738318.7038140843
-0.384983628988266 -0.18475796282291412 0.02948390692472458 -0.34103935956954956 -1.179520845413208 -122.01725006103516  738318.7038141853
-0.3891647756099701 -0.18696260452270508 0.029556429013609886 -0.34120991826057434 -1.1806355714797974 -121.91748809814453  738318.7038143122
-0.3933458626270294 -0.18921375274658203 0.02962670288980007 -0.3396592438220978 -1.1791400909423828 -121.81775665283203  738318.7038144316
-0.39752599596977234 -0.191512331366539 0.029694167897105217 -0.338096559047699 -1.179197072982788 -121.71904754638672  738318.7038146113
-0.40170392394065857 -0.19385899603366852 0.029759688302874565 -0.3377203047275543 -1.1796915531158447 -121.61888885498047  738318.7038146899
-0.3636702299118042 -0.1717943549156189 0.029934830963611603 -0.730696439743042 -1.5722875595092773 -119.69001770019531  738318.7038147793
-0.3667087256908417 -0.17346541583538055 0.03004351817071438 -0.7299689650535583 -1.57290780544281 -119.59053039550781  738318.7038148843
-0.3697444796562195 -0.1751917153596878 0.030151817947626114 -0.7282530069351196 -1.5716029405593872 -119.491943359375  738318.7038150075
-0.3697444796562195 -0.1751917153596878 0.030151817947626114 -0.7282530069351196 -1.5716029405593872 -119.491943359375  738318.7038151164
-0.37580493092536926 -0.17880970239639282 0.030365323647856712 -0.723601758480072 -1.5702720880508423 -119.29617309570312  738318.7038152326
-0.37580493092536926 -0.17880970239639282 0.030365323647856712 -0.723601758480072 -1.5702720880508423 -119.29617309570312  738318.703815351
-0.38214895129203796 -0.18284113705158234 0.03058713860809803 -0.7210249900817871 -1.572666883468628 -119.09963989257812  738318.7038154606
-0.38214895129203796 -0.18284113705158234 0.03058713860809803 -0.7210249900817871 -1.572666883468628 -119.09963989257812  738318.7038155771
-0.38817116618156433 -0.18690234422683716 0.030799705535173416 -0.7163534164428711 -1.5709251165390015 -118.90379333496094  738318.703815704
-0.3596304953098297 -0.1707206815481186 0.030420975759625435 -1.2042005062103271 -1.944451928138733 -117.83512878417969  738318.7038158082
-0.3641160726547241 -0.17426525056362152 0.03064856119453907 -1.1976561546325684 -1.9458304643630981 -117.63911437988281  738318.7038159288
-0.3641160726547241 -0.17426525056362152 0.03064856119453907 -1.1976561546325684 -1.9458304643630981 -117.63911437988281  738318.7038160394
-0.36855748295783997 -0.17806050181388855 0.03086911141872406 -1.1937601566314697 -1.9433562755584717 -117.4448471069336  738318.7038161654
-0.36855748295783997 -0.17806050181388855 0.03086911141872406 -1.1937601566314697 -1.9433562755584717 -117.4448471069336  738318.7038162755
-0.3707619905471802 -0.18005043268203735 0.030977433547377586 -1.1909780502319336 -1.9437615871429443 -117.34642791748047  738318.7038163865
-0.37295636534690857 -0.18210148811340332 0.031085016205906868 -1.1875462532043457 -1.943969488143921 -117.24784088134766  738318.703816502
-0.37513962388038635 -0.18421389162540436 0.031190834939479828 -1.1854108572006226 -1.944018840789795 -117.15098571777344  738318.7038166219
-0.3773106634616852 -0.18638776242733002 0.03129415959119797 -1.1824672222137451 -1.9429336786270142 -117.0537109375  738318.7038167566
-0.3794693946838379 -0.18862372636795044 0.03139549121260643 -1.1798746585845947 -1.9423624277114868 -116.95698547363281  738318.7038169302
-0.3816162645816803 -0.1909225434064865 0.03149544447660446 -1.1783634424209595 -1.9412529468536377 -116.85942077636719  738318.7038169759
-0.3582344055175781 -0.17569544911384583 0.030790170654654503 -1.80535888671875 -2.2293801307678223 -116.22555541992188  738318.7038170844
-0.35967904329299927 -0.17782017588615417 0.030870426446199417 -1.802061676979065 -2.228623867034912 -116.12899780273438  738318.703817197
-0.3611048460006714 -0.18001434206962585 0.030947493389248848 -1.798812985420227 -2.229417085647583 -116.02999114990234  738318.7038173141
-0.3625103533267975 -0.1822773516178131 0.03102032095193863 -1.796829104423523 -2.229959726333618 -115.93245697021484  738318.7038174301
-0.3638949394226074 -0.18460991978645325 0.03109014220535755 -1.7936359643936157 -2.2295947074890137 -115.83568572998047  738318.7038175456
-0.36525923013687134 -0.18701229989528656 0.03115733526647091 -1.789910912513733 -2.229456901550293 -115.73839569091797  738318.7038176642
-0.36660319566726685 -0.18948476016521454 0.03122146986424923 -1.7855095863342285 -2.2285640239715576 -115.64042663574219  738318.7038177839
-0.36792656779289246 -0.19202741980552673 0.03128214180469513 -1.7821707725524902 -2.2288990020751953 -115.5434341430664  738318.7038178998
-0.36922964453697205 -0.1946393847465515 0.03133999928832054 -1.7791590690612793 -2.2306771278381348 -115.44621276855469  738318.70381802
-0.35242003202438354 -0.18020059168338776 0.030623650178313255 -2.4911158084869385 -2.337616205215454 -115.14979553222656  738318.7038181302
-0.35313501954078674 -0.1826929748058319 0.030644675716757774 -2.486499786376953 -2.337120532989502 -115.05384826660156  738318.7038182471
-0.3538190722465515 -0.18525932729244232 0.030660424381494522 -2.483430862426758 -2.3372859954833984 -114.95647430419922  738318.703818364
-0.35446983575820923 -0.18789926171302795 0.03067200817167759 -2.479113817214966 -2.337308168411255 -114.8603744506836  738318.70381848
-0.3550877571105957 -0.19061380624771118 0.030680855736136436 -2.475558280944824 -2.3378984928131104 -114.76361846923828  738318.7038185904
-0.35567349195480347 -0.19340366125106812 0.030686644837260246 -2.4736552238464355 -2.339510440826416 -114.66654968261719  738318.7038187061
-0.3562275767326355 -0.19626756012439728 0.030689582228660583 -2.4708361625671387 -2.339050769805908 -114.5703353881836  738318.7038188229
-0.3567492365837097 -0.19920487701892853 0.030690599232912064 -2.4663636684417725 -2.341648578643799 -114.47323608398438  738318.7038189385
-0.35723787546157837 -0.20221608877182007 0.03068956919014454 -2.462066411972046 -2.3433761596679688 -114.37721252441406  738318.703819049
-0.35769447684288025 -0.2053006887435913 0.03068506345152855 -2.4589385986328125 -2.344251871109009 -114.2805404663086  738318.70381917
-0.3581198453903198 -0.20845817029476166 0.03067641519010067 -2.4548943042755127 -2.3440990447998047 -114.1850357055664  738318.7038193089
-0.34475868940353394 -0.18968433141708374 0.030009634792804718 -3.229673385620117 -2.2978928089141846 -114.1473159790039  738318.7038194017
-0.34463071823120117 -0.1926555037498474 0.029955638572573662 -3.2260286808013916 -2.297804117202759 -114.05191802978516  738318.703819514
-0.34445613622665405 -0.19570378959178925 0.029896022751927376 -3.2207655906677246 -2.3003780841827393 -113.95631408691406  738318.7038196344
-0.34423503279685974 -0.19882895052433014 0.02983146160840988 -3.2167985439300537 -2.300847053527832 -113.86073303222656  738318.7038197464
-0.34396666288375854 -0.20203106105327606 0.029763322323560715 -3.211311101913452 -2.302250862121582 -113.76493835449219  738318.7038198692
-0.343650221824646 -0.20531007647514343 0.029692290350794792 -3.207188129425049 -2.303536891937256 -113.66937255859375  738318.7038199768
-0.3432861268520355 -0.20866641402244568 0.02961932122707367 -3.203293561935425 -2.3049228191375732 -113.57341766357422  738318.7038200971
-0.34287509322166443 -0.21209968626499176 0.02954527921974659 -3.1984729766845703 -2.306307315826416 -113.47708892822266  738318.7038202122
-0.34241747856140137 -0.2156091332435608 0.02946934662759304 -3.1937739849090576 -2.3075904846191406 -113.38134002685547  738318.7038203437
-0.33436864614486694 -0.19624486565589905 0.029107246547937393 -3.990314483642578 -2.1156325340270996 -113.49342346191406  738318.7038204477
-0.3334157168865204 -0.1995486617088318 0.02898756042122841 -3.985738754272461 -2.116185188293457 -113.39839935302734  738318.7038205507
-0.3324056565761566 -0.2029213309288025 0.028862956911325455 -3.986600160598755 -2.117219924926758 -113.39942932128906  738318.7038206724
-0.3312388062477112 -0.20670098066329956 0.028724215924739838 -3.9830992221832275 -2.112335205078125 -113.40474700927734  738318.7038207921
-0.33012712001800537 -0.21020062267780304 0.028600705787539482 -3.980567455291748 -2.1149191856384277 -113.39932250976562  738318.703820914
-0.32896700501441956 -0.21376074850559235 0.02847927436232567 -3.978301525115967 -2.1042938232421875 -113.408447265625  738318.7038210257
-0.32775869965553284 -0.21738100051879883 0.028354978188872337 -3.9706499576568604 -2.1014788150787354 -113.38829803466797  738318.7038211414
-0.32650208473205566 -0.22106139361858368 0.028230872005224228 -3.9682466983795166 -2.1013243198394775 -113.412353515625  738318.7038212458
-0.3251970708370209 -0.2248021513223648 0.028111029416322708 -3.950242280960083 -2.1077237129211426 -113.39518737792969  738318.7038214705
-0.3238435983657837 -0.22860346734523773 0.027999522164463997 -3.9435179233551025 -2.0750560760498047 -113.39695739746094  738318.7038214962
-0.3207465410232544 -0.20546209812164307 0.02799474634230137 -4.742727756500244 -1.7156462669372559 -113.57229614257812  738318.7038216019
-0.31895938515663147 -0.2089238166809082 0.027820218354463577 -4.740160942077637 -1.6824954748153687 -113.57455444335938  738318.703821721
-0.3171066641807556 -0.21244719624519348 0.027686167508363724 -4.721416473388672 -1.7067245244979858 -113.57286071777344  738318.7038218294
-0.3151884973049164 -0.21603213250637054 0.027592990547418594 -4.6744184494018555 -1.7004730701446533 -113.55220794677734  738318.7038219408
-0.3132088780403137 -0.21967525780200958 0.02748698554933071 -4.630528450012207 -1.6693710088729858 -113.5966567993164  738318.7038220568
-0.3111679255962372 -0.2233765572309494 0.02737637236714363 -4.572134971618652 -1.6010019779205322 -113.55323028564453  738318.7038221726
-0.30906423926353455 -0.22713646292686462 0.027290010824799538 -4.525015354156494 -1.585178017616272 -113.5530776977539  738318.7038222863
-0.30689913034439087 -0.23095326125621796 0.027215953916311264 -4.4560089111328125 -1.5335824489593506 -113.56675720214844  738318.7038224082
-0.3046753704547882 -0.23482419550418854 0.02712075598537922 -4.375712871551514 -1.4280338287353516 -113.58238983154297  738318.7038225193
-0.3023935556411743 -0.23874761164188385 0.027004661038517952 -4.31070613861084 -1.4682180881500244 -113.57112121582031  738318.7038227969
-0.300053209066391 -0.24272368848323822 0.026890970766544342 -4.183530330657959 -1.4499348402023315 -113.54998016357422  738318.7038228316
-0.3038296699523926 -0.21410970389842987 0.027315745130181313 -4.738462924957275 -0.8381641507148743 -113.69354248046875  738318.7038228663
-0.3011651933193207 -0.21757370233535767 0.02726973406970501 -4.533938407897949 -0.7337371110916138 -113.6994400024414  738318.7038229778
-0.2984289824962616 -0.22108472883701324 0.02728843130171299 -4.211235523223877 -0.6675557494163513 -113.6506576538086  738318.7038231061
-0.29562509059906006 -0.22463922202587128 0.027368854731321335 -3.7780981063842773 -0.6880315542221069 -113.60455322265625  738318.7038232152
-0.29276043176651 -0.22823357582092285 0.027499595656991005 -3.2956149578094482 -0.7099586129188538 -113.54723358154297  738318.703823326
-0.2898433804512024 -0.23186422884464264 0.027663279324769974 -2.6626505851745605 -0.682633101940155 -113.48377227783203  738318.7038234349
-0.28688234090805054 -0.23552758991718292 0.027875738218426704 -1.9428132772445679 -0.6787264943122864 -113.4756088256836  738318.7038235619
-0.28388798236846924 -0.2392190545797348 0.028159407898783684 -1.1626704931259155 -0.5574785470962524 -113.47384643554688  738318.7038236769
-0.2808724641799927 -0.24293199181556702 0.028515931218862534 -0.2731945514678955 -0.4783560037612915 -113.48751068115234  738318.7038238032
-0.28893646597862244 -0.21468956768512726 0.02968093752861023 -0.18213145434856415 0.26519155502319336 -113.66954803466797  738318.7038239078
-0.28569498658180237 -0.21779292821884155 0.030071202665567398 0.9084287881851196 0.3423846960067749 -113.67615509033203  738318.7038240238
-0.2824569642543793 -0.22088894248008728 0.030492248013615608 2.020573377609253 0.44144150614738464 -113.70172119140625  738318.7038241449
-0.2792402505874634 -0.22396789491176605 0.03096180595457554 3.2028090953826904 0.5108543634414673 -113.73934173583984  738318.7038242572
-0.2760625183582306 -0.2270204871892929 0.031464479863643646 4.429032802581787 0.6723834276199341 -113.82942962646484  738318.7038243685
-0.2729405164718628 -0.23003734648227692 0.03197726979851723 5.652939796447754 0.8909245133399963 -114.00343322753906  738318.7038244981
-0.26989254355430603 -0.23300644755363464 0.03250287100672722 6.880864143371582 1.1203744411468506 -114.2469482421875  738318.7038246044
-0.2669365108013153 -0.2359149307012558 0.033041760325431824 8.079115867614746 1.3772855997085571 -114.55521392822266  738318.703824723
-0.2640892267227173 -0.2387498915195465 0.03358892723917961 9.272228240966797 1.7353219985961914 -114.93905639648438  738318.7038248315
-0.2613648474216461 -0.24149839580059052 0.03412800654768944 10.508481979370117 2.1024818420410156 -115.43814086914062  738318.7038250304
-0.2587733268737793 -0.2441488653421402 0.0346221961081028 11.67715072631836 2.502321481704712 -116.046875  738318.703825085
-0.2766875922679901 -0.21303395926952362 0.036142606288194656 11.96049690246582 3.571840763092041 -116.94763946533203  738318.7038251903
-0.2743309736251831 -0.21482999622821808 0.036427780985832214 12.970243453979492 3.9827113151550293 -117.72480773925781  738318.7038253058
-0.272111713886261 -0.21649080514907837 0.03657553344964981 13.913095474243164 4.370997905731201 -118.58306121826172  738318.7038254446
-0.27003398537635803 -0.21800605952739716 0.03656303137540817 14.860055923461914 4.810665130615234 -119.60078430175781  738318.7038256793
-0.26810434460639954 -0.2193611115217209 0.036388278007507324 15.789216041564941 5.237726211547852 -120.77669525146484  738318.7038257023
-0.26632949709892273 -0.22053855657577515 0.03605641424655914 16.829734802246094 5.592426776885986 -122.1022720336914  738318.7038258059
-0.2647150158882141 -0.2215210348367691 0.03556819632649422 17.830902099609375 5.903782844543457 -123.53690338134766  738318.7038258868
-0.2632599472999573 -0.22229933738708496 0.034892331808805466 18.729631423950195 6.123795509338379 -125.0456771850586  738318.7038259889
-0.26195865869522095 -0.22287027537822723 0.03398400545120239 19.664411544799805 6.2918314933776855 -126.6839370727539  738318.703826129
-0.281199187040329 -0.1971074789762497 0.036372408270835876 19.599136352539062 6.946170330047607 -128.54417419433594  738318.7038262301
-0.28012147545814514 -0.19678394496440887 0.035069022327661514 20.53313636779785 6.836926460266113 -130.37924194335938  738318.7038263388
-0.2791067659854889 -0.19613561034202576 0.03338043764233589 21.602102279663086 6.609233379364014 -132.4906005859375  738318.7038264544
-0.2783399224281311 -0.1952655166387558 0.03161090239882469 22.5537109375 6.230181694030762 -134.50570678710938  738318.7038265709
-0.277719110250473 -0.1941262036561966 0.02958594262599945 23.49980926513672 5.711193561553955 -136.6431884765625  738318.7038266776
-0.2772377133369446 -0.19272121787071228 0.027263937518000603 24.48250961303711 5.055053234100342 -138.9021759033203  738318.7038267986
-0.2769017219543457 -0.1910329908132553 0.024658966809511185 25.54912757873535 4.336583614349365 -141.15914916992188  738318.7038269204
-0.27673977613449097 -0.18900631368160248 0.021870123222470284 26.97369956970215 3.5576236248016357 -142.93255615234375  738318.7038270384
-0.2767930030822754 -0.18657569587230682 0.019006356596946716 28.879507064819336 2.529367446899414 -143.72976684570312  738318.7038271495
-0.2771185636520386 -0.18367809057235718 0.0161545742303133 30.822866439819336 1.6864430904388428 -143.77626037597656  738318.7038272612
-0.27775120735168457 -0.18030215799808502 0.01328562293201685 32.36310958862305 1.2135564088821411 -143.57171630859375  738318.7038273929
-0.3010232448577881 -0.16332563757896423 0.024138610810041428 32.764259338378906 1.0616986751556396 -143.8586883544922  738318.7038274969
-0.30211445689201355 -0.15903006494045258 0.021193549036979675 34.218017578125 0.4973874092102051 -142.93389892578125  738318.7038276119
-0.30344870686531067 -0.15440000593662262 0.01789219118654728 35.61542510986328 0.21006357669830322 -141.82223510742188  738318.7038277296
-0.3050447702407837 -0.14943552017211914 0.014217816293239594 36.78865432739258 0.20674601197242737 -140.71336364746094  738318.7038278389
-0.30692923069000244 -0.14412230253219604 0.010178663767874241 37.561851501464844 0.4446232318878174 -139.63465881347656  738318.7038279597
-0.3091239929199219 -0.1384476125240326 0.0057840957306325436 37.834136962890625 0.8285045027732849 -138.53599548339844  738318.7038280746
-0.3116477131843567 -0.13239993155002594 0.0010494273155927658 37.50355911254883 1.3147790431976318 -137.4577178955078  738318.7038281898
-0.31451210379600525 -0.1259731501340866 -0.004008674528449774 36.518280029296875 1.8910235166549683 -136.4264373779297  738318.70382831
-0.3177247941493988 -0.11916264146566391 -0.009364193305373192 34.95885467529297 2.5614728927612305 -135.37472534179688  738318.7038285282
-0.3212881088256836 -0.11196739226579666 -0.014984039589762688 32.989227294921875 3.335768699645996 -134.2376251220703  738318.7038285641
-0.3339325785636902 -0.09907257556915283 0.00446049589663744 30.281709671020508 5.252508640289307 -134.89952087402344  738318.703828653
-0.33752110600471497 -0.09091851115226746 -0.0009496947750449181 31.845914840698242 6.1477251052856445 -135.39898681640625  738318.7038287725
-0.3413942754268646 -0.08236133307218552 -0.006548005621880293 37.9674072265625 7.160696983337402 -137.28488159179688  738318.703828873
-0.3456931412220001 -0.07314180582761765 -0.012194899842143059 44.28465270996094 6.968812465667725 -137.71438598632812  738318.7038289973
-0.3504910171031952 -0.06322453171014786 -0.018046632409095764 49.93484878540039 6.6502485275268555 -136.82313537597656  738318.7038291184
-0.3556542992591858 -0.05285436660051346 -0.024437371641397476 55.80305480957031 6.697845935821533 -136.54148864746094  738318.7038292295
-0.36116576194763184 -0.04206416383385658 -0.03147748112678528 60.69180679321289 6.068305969238281 -137.2156219482422  738318.7038293495
-0.3670484721660614 -0.03081093728542328 -0.03920324891805649 65.85409545898438 5.343792915344238 -138.89340209960938  738318.7038294553
-0.37327173352241516 -0.019102655351161957 -0.047704897820949554 71.6307144165039 5.123752593994141 -141.23263549804688  738318.7038295954
-0.3925979733467102 -0.022402357310056686 -0.017060525715351105 77.89688110351562 4.82101583480835 -144.86383056640625  738318.7038297
-0.39944303035736084 -0.009951647371053696 -0.026379477232694626 84.7873306274414 4.591814994812012 -148.22254943847656  738318.7038298179
-0.4065428376197815 0.0030006086453795433 -0.036735087633132935 91.26252746582031 4.083958625793457 -152.17236328125  738318.7038299197
-0.4138178527355194 0.016396045684814453 -0.04818147420883179 97.67015838623047 3.034101963043213 -156.78421020507812  738318.703830043
-0.42121779918670654 0.03023620694875717 -0.060770828276872635 104.72470092773438 0.9686868190765381 -161.78575134277344  738318.7038301603
-0.42872491478919983 0.04465164244174957 -0.07462460547685623 112.58991241455078 -2.560706615447998 -166.8897705078125  738318.7038302638
-0.43628060817718506 0.059777699410915375 -0.08993609994649887 121.17781829833984 -7.434690475463867 -171.75791931152344  738318.7038303924
-0.44377976655960083 0.07563206553459167 -0.10687917470932007 131.69326782226562 -13.160345077514648 -175.63998413085938  738318.7038304919
-0.4511035084724426 0.09225121140480042 -0.12571658194065094 143.61460876464844 -20.053991317749023 -178.49374389648438  738318.7038306165
-0.458055704832077 0.1096724346280098 -0.14679591357707977 155.71971130371094 -28.458538055419922 179.7587890625  738318.7038307365
-0.4646919071674347 0.12755288183689117 -0.16983072459697723 166.7227783203125 -35.33502960205078 179.6621856689453  738318.7038308721
nan nan nan 174.97439575195312 -30.407447814941406 -177.06271362304688  738318.7038309623
nan nan nan -175.8018798828125 -23.07906723022461 -172.91368103027344  738318.7038310765
nan nan nan -166.0389404296875 -16.479488372802734 -169.33924865722656  738318.7038311987
nan nan nan -160.65679931640625 -6.091777801513672 -168.86810302734375  738318.7038313102
nan nan nan -156.20249938964844 5.9604644775390625 -170.14266967773438  738318.7038314291
nan nan nan -151.32777404785156 18.33470344543457 -173.04261779785156  738318.7038315398
nan nan nan -147.3834228515625 30.878969192504883 -175.87374877929688  738318.70383165
nan nan nan -152.29971313476562 38.90044403076172 -175.0339813232422  738318.703831765
nan nan nan -161.83580017089844 47.40046691894531 -171.6980743408203  738318.7038319213
nan nan nan -171.13558959960938 56.3990364074707 -165.3758544921875  738318.703832002
nan nan nan 175.5042266845703 63.481319427490234 -154.89022827148438  738318.7038321195
nan nan nan 157.10630798339844 67.53760528564453 -139.4915771484375  738318.7038322351
nan nan nan 135.31883239746094 69.1722412109375 -119.49687194824219  738318.703832351
nan nan nan 120.54993438720703 69.5606689453125 -104.39424133300781  738318.7038324713
nan nan nan 117.34563446044922 68.86302185058594 -99.06100463867188  738318.7038325818
nan nan nan 115.72996520996094 68.84127044677734 -96.04914855957031  738318.7038326869
nan nan nan 111.47228240966797 70.37071228027344 -91.65645599365234  738318.7038328166
nan nan nan 114.29602813720703 72.4515609741211 -93.25022888183594  738318.7038330213
nan nan nan 119.82189178466797 75.28663635253906 -97.00003051757812  738318.7038330764
nan nan nan 125.4461441040039 78.0334243774414 -100.8348617553711  738318.7038331586
nan nan nan 134.2095184326172 78.4797592163086 -108.05400848388672  738318.7038332755
nan nan nan 142.74227905273438 75.85630798339844 -115.87023162841797  738318.703833391
nan nan nan 145.21934509277344 72.29717254638672 -117.51484680175781  738318.7038335025
nan nan nan 146.14610290527344 69.2249984741211 -116.87171936035156  738318.703833624
nan nan nan 150.3260040283203 66.58888244628906 -119.11226654052734  738318.7038337397
nan nan nan 154.97189331054688 64.93602752685547 -122.8198013305664  738318.7038338552
nan nan nan 157.8197021484375 61.81612014770508 -126.83500671386719  738318.7038339681
nan nan nan 159.40518188476562 57.7105598449707 -130.6249237060547  738318.7038340784
nan nan nan 160.36988830566406 53.363887786865234 -133.70693969726562  738318.7038342905
nan nan nan 161.32577514648438 48.94267272949219 -136.37030029296875  738318.7038343505
nan nan nan 162.45928955078125 44.28700637817383 -138.94412231445312  738318.7038344315
nan nan nan 163.493408203125 38.855682373046875 -141.6905517578125  738318.7038345468
nan nan nan 163.7503204345703 32.205078125 -144.59109497070312  738318.7038346629
nan nan nan 162.7866668701172 24.48137855529785 -147.59664916992188  738318.7038347783
nan nan nan 160.5252685546875 16.13689422607422 -150.9004669189453  738318.7038348945
nan nan nan 159.2250518798828 7.0587077140808105 -154.41012573242188  738318.7038350028
nan nan nan 164.75582885742188 -1.3549000024795532 -155.20672607421875  738318.7038351174
nan nan nan 170.98521423339844 -1.7679951190948486 -155.07704162597656  738318.703835233
nan nan nan 173.77647399902344 1.1455522775650024 -155.0797576904297  738318.7038353783
nan nan nan 176.7261962890625 4.7011027336120605 -154.7738800048828  738318.703835466
nan nan nan 179.01953125 8.978904724121094 -154.6207733154297  738318.703835581
nan nan nan -179.40048217773438 13.78822135925293 -154.64208984375  738318.7038357084
nan nan nan -178.4068603515625 19.02755355834961 -154.74664306640625  738318.7038358127
nan nan nan -177.73001098632812 23.208358764648438 -155.1418914794922  738318.7038359282
nan nan nan -177.70437622070312 24.176517486572266 -155.8115234375  738318.7038360551
nan nan nan -178.30482482910156 22.409696578979492 -156.7335662841797  738318.7038361653
nan nan nan -178.70677185058594 20.04388999938965 -158.36903381347656  738318.7038362854
nan nan nan -179.42881774902344 17.542078018188477 -160.1873321533203  738318.7038364036
nan nan nan 178.9884490966797 14.94637393951416 -161.6819610595703  738318.7038365164
nan nan nan 176.54917907714844 12.311929702758789 -162.7014923095703  738318.7038366529
nan nan nan 173.44869995117188 9.654213905334473 -163.22640991210938  738318.7038367451
nan nan nan 169.38548278808594 7.2557268142700195 -163.39309692382812  738318.7038368573
nan nan nan 166.25149536132812 6.044650077819824 -163.4744873046875  738318.7038369719
nan nan nan 165.62969970703125 6.210303783416748 -163.87583923339844  738318.7038370916
nan nan nan 166.61029052734375 6.944566249847412 -164.35350036621094  738318.703837208
nan nan nan 167.7598114013672 7.656082630157471 -164.4427947998047  738318.7038373123
nan nan nan 168.73475646972656 8.317376136779785 -164.47027587890625  738318.703837435
nan nan nan 169.4772491455078 9.165943145751953 -164.5963592529297  738318.7038375543
nan nan nan 170.02197265625 10.071761131286621 -164.61724853515625  738318.7038376963
nan nan nan 170.33029174804688 11.35586929321289 -164.4311981201172  738318.7038377818
nan nan nan 170.11859130859375 13.196544647216797 -163.9796600341797  738318.7038378993
nan nan nan 169.93218994140625 14.218003273010254 -163.73040771484375  738318.7038380222
nan nan nan 169.7643585205078 13.939805030822754 -163.82318115234375  738318.7038381334
nan nan nan 169.2871856689453 13.7321138381958 -163.79490661621094  738318.7038382444
nan nan nan 168.85391235351562 13.622942924499512 -163.7144317626953  738318.7038383572
nan nan nan 168.74935913085938 13.154929161071777 -163.8443145751953  738318.7038384739
nan nan nan 168.85379028320312 12.703030586242676 -164.0071563720703  738318.7038385936
nan nan nan 169.18331909179688 12.547355651855469 -164.03219604492188  738318.7038387088
nan nan nan 169.54684448242188 12.581696510314941 -163.98504638671875  738318.7038388394
nan nan nan 169.65371704101562 12.785637855529785 -163.9494171142578  738318.7038389667
nan nan nan 169.53692626953125 13.22872543334961 -163.9034881591797  738318.7038390473
nan nan nan 169.2862091064453 13.825024604797363 -163.81076049804688  738318.7038391627
nan nan nan 169.0787811279297 14.184367179870605 -163.741455078125  738318.7038392898
nan nan nan 169.07974243164062 14.190688133239746 -163.7389373779297  738318.7038394059
nan nan nan 169.1961212158203 14.165192604064941 -163.75038146972656  738318.7038395181
nan nan nan 169.3139190673828 14.037581443786621 -163.79478454589844  738318.703839637
nan nan nan 169.3223419189453 13.873251914978027 -163.8343963623047  738318.7038397499
nan nan nan 169.19947814941406 13.90280818939209 -163.8199920654297  738318.7038398732
nan nan nan 169.06881713867188 14.11700439453125 -163.78273010253906  738318.7038401006
nan nan nan 169.03109741210938 14.404619216918945 -163.75033569335938  738318.7038401352
nan nan nan 169.08462524414062 14.655184745788574 -163.71890258789062  738318.7038402156
nan nan nan 169.15599060058594 14.870512962341309 -163.67369079589844  738318.7038403339
nan nan nan 169.17860412597656 15.011189460754395 -163.64598083496094  738318.7038404518
nan nan nan 169.1411590576172 15.029027938842773 -163.6668701171875  738318.7038405591
nan nan nan 169.06399536132812 15.007230758666992 -163.68753051757812  738318.7038406753
nan nan nan 168.9912567138672 15.015819549560547 -163.68016052246094  738318.7038407954
nan nan nan 168.9678955078125 15.069679260253906 -163.6658477783203  738318.7038409053
nan nan nan 168.98388671875 15.218369483947754 -163.65447998046875  738318.7038410171
nan nan nan 169.00709533691406 15.449007987976074 -163.6300048828125  738318.7038411725
nan nan nan 169.01486206054688 15.658284187316895 -163.59991455078125  738318.7038412588
nan nan nan 168.99671936035156 15.803431510925293 -163.56982421875  738318.7038413663
nan nan nan 168.9582061767578 15.89441967010498 -163.5533905029297  738318.703841482
nan nan nan 168.92050170898438 15.924237251281738 -163.56167602539062  738318.7038415971
nan nan nan 168.8878173828125 15.940187454223633 -163.56761169433594  738318.7038417057
nan nan nan 168.87164306640625 16.006900787353516 -163.5559539794922  738318.7038418369
nan nan nan 168.8711700439453 16.126482009887695 -163.54014587402344  738318.7038419386
nan nan nan 168.8736572265625 16.288923263549805 -163.52218627929688  738318.7038420627
nan nan nan 168.8611297607422 16.48056411743164 -163.49472045898438  738318.7038421782
nan nan nan 168.82931518554688 16.640016555786133 -163.46649169921875  738318.7038422914
nan nan nan 168.80270385742188 16.741703033447266 -163.45567321777344  738318.703842444
nan nan nan 168.78857421875 16.801294326782227 -163.4541778564453  738318.7038425244
nan nan nan 168.7762908935547 16.84638214111328 -163.4536590576172  738318.7038426407
nan nan nan 168.75303649902344 16.912723541259766 -163.44546508789062  738318.7038427625
nan nan nan 168.72689819335938 17.025667190551758 -163.4293212890625  738318.7038428694
nan nan nan 168.70765686035156 17.1773681640625 -163.40997314453125  738318.7038429773
nan nan nan 168.69422912597656 17.346559524536133 -163.39002990722656  738318.7038431033
nan nan nan 168.6859130859375 17.489160537719727 -163.3673858642578  738318.7038432201
nan nan nan 168.67909240722656 17.594886779785156 -163.3488006591797  738318.7038433297
nan nan nan 168.65684509277344 17.674421310424805 -163.34474182128906  738318.7038434644
nan nan nan 168.6263427734375 17.740461349487305 -163.34181213378906  738318.7038435573
nan nan nan 168.5989990234375 17.82057762145996 -163.32940673828125  738318.7038436874
nan nan nan 168.57627868652344 17.9296875 -163.3141326904297  738318.7038437964
nan nan nan 168.56854248046875 18.059709548950195 -163.29803466796875  738318.7038439123
nan nan nan 168.56472778320312 18.208667755126953 -163.27767944335938  738318.703844032
nan nan nan 168.54685974121094 18.342361450195312 -163.25961303710938  738318.7038441432
nan nan nan 168.52699279785156 18.452089309692383 -163.23951721191406  738318.7038442658
nan nan nan 168.50038146972656 18.546323776245117 -163.22927856445312  738318.7038443732
nan nan nan 168.47869873046875 18.619394302368164 -163.22169494628906  738318.703844487
nan nan nan 168.46047973632812 18.70994758605957 -163.20968627929688  738318.703844609
nan nan nan 168.44017028808594 18.813030242919922 -163.19607543945312  738318.7038447554
nan nan nan 168.4293212890625 18.93871307373047 -163.1763916015625  738318.7038448376
nan nan nan 168.4087677001953 19.075958251953125 -163.16029357910156  738318.7038449558
nan nan nan 168.39694213867188 19.20176124572754 -163.1393280029297  738318.7038450646
nan nan nan 168.3728790283203 19.31557846069336 -163.1245574951172  738318.7038451799
nan nan nan 168.358642578125 19.40816879272461 -163.11068725585938  738318.7038452969
nan nan nan 168.33453369140625 19.5024471282959 -163.10369873046875  738318.7038454209
nan nan nan 168.3188018798828 19.58798599243164 -163.09031677246094  738318.7038455253
nan nan nan 168.29469299316406 19.69944953918457 -163.07493591308594  738318.7038456444
nan nan nan 168.28128051757812 19.815467834472656 -163.05540466308594  738318.703845793
nan nan nan 168.26087951660156 19.947654724121094 -163.04013061523438  738318.7038458843
nan nan nan 168.2492218017578 20.066606521606445 -163.0205078125  738318.7038459971
nan nan nan 168.2234344482422 20.18453598022461 -163.00714111328125  738318.7038461068
nan nan nan 168.2100830078125 20.279449462890625 -162.99107360839844  738318.7038462231
nan nan nan 168.18136596679688 20.376323699951172 -162.9815216064453  738318.7038463342
nan nan nan 168.16798400878906 20.472896575927734 -162.9652557373047  738318.7038464603
nan nan nan 168.138671875 20.581754684448242 -162.95230102539062  738318.7038465716
nan nan nan 168.12937927246094 20.701244354248047 -162.93226623535156  738318.7038466794
nan nan nan 168.1068878173828 20.81918716430664 -162.9150390625  738318.7038468028
nan nan nan 168.09291076660156 20.944265365600586 -162.8970489501953  738318.703846919
nan nan nan 168.0721893310547 21.048303604125977 -162.8795166015625  738318.7038470726
nan nan nan 168.0453643798828 21.15601921081543 -162.8667449951172  738318.7038471515
nan nan nan 168.03294372558594 21.251407623291016 -162.850341796875  738318.7038472556
nan nan nan 168.00286865234375 21.354719161987305 -162.84181213378906  738318.7038473808
nan nan nan 167.994384765625 21.466655731201172 -162.8231658935547  738318.7038475033
nan nan nan 167.9700469970703 21.57547950744629 -162.80715942382812  738318.7038476188
nan nan nan 167.95030212402344 21.70227813720703 -162.79037475585938  738318.7038477457
nan nan nan 167.9370880126953 21.814598083496094 -162.7694549560547  738318.7038478383
nan nan nan 167.9035186767578 21.92684555053711 -162.755859375  738318.7038479554
nan nan nan 167.89576721191406 22.03426170349121 -162.738525390625  738318.7038481174
nan nan nan 167.8666534423828 22.124902725219727 -162.7239990234375  738318.7038481858
nan nan nan 167.8468780517578 22.23601531982422 -162.7104949951172  738318.7038483147
nan nan nan 167.83250427246094 22.3441219329834 -162.69088745117188  738318.7038484178
nan nan nan 167.7964630126953 22.45515251159668 -162.67384338378906  738318.7038485379
nan nan nan 167.79067993164062 22.580406188964844 -162.65406799316406  738318.7038486535
nan nan nan 167.76266479492188 22.68543243408203 -162.63510131835938  738318.7038487714
nan nan nan 167.74049377441406 22.795696258544922 -162.62051391601562  738318.7038488819
nan nan nan 167.72994995117188 22.905439376831055 -162.6025848388672  738318.7038490075
nan nan nan 167.695556640625 23.001619338989258 -162.58657836914062  738318.7038492205
nan nan nan 167.68202209472656 23.111351013183594 -162.57269287109375  738318.7038492744
nan nan nan 167.6630401611328 23.22570037841797 -162.55503845214844  738318.7038493829
nan nan nan 167.6322784423828 23.32835578918457 -162.535888671875  738318.7038497867
nan nan nan 167.6227569580078 23.447389602661133 -162.51971435546875  738318.7038499252
nan nan nan 167.5997772216797 23.565021514892578 -162.50466918945312  738318.703850029
nan nan nan 167.5754852294922 23.664884567260742 -162.48617553710938  738318.7038500637
nan nan nan 167.55967712402344 23.774028778076172 -162.46713256835938  738318.703850156
nan nan nan 167.53353881835938 23.885616302490234 -162.4563751220703  738318.7038503754
nan nan nan 167.51243591308594 23.98592758178711 -162.43890380859375  738318.7038505047
nan nan nan 167.49072265625 24.09794807434082 -162.41607666015625  738318.7038506896
nan nan nan 167.46707153320312 24.21646499633789 -162.40206909179688  738318.7038508626
nan nan nan 167.44976806640625 24.323375701904297 -162.38743591308594  738318.7038510587
nan nan nan 167.4238739013672 24.436241149902344 -162.36099243164062  738318.703851278
nan nan nan 167.4041748046875 24.54479217529297 -162.3460235595703  738318.7038514396
nan nan nan 167.3865966796875 24.649147033691406 -162.3385772705078  738318.7038516382
nan nan nan 167.35824584960938 24.75576400756836 -162.3150177001953  738318.7038518576
nan nan nan 167.3370819091797 24.865999221801758 -162.290771484375  738318.7038519157
nan nan nan 167.32252502441406 24.970800399780273 -162.2829132080078  738318.7038521811
nan nan nan 167.2992706298828 25.086238861083984 -162.2695770263672  738318.7038522385
nan nan nan 167.27340698242188 25.19966697692871 -162.23956298828125  738318.7038523889
nan nan nan 167.25186157226562 25.305030822753906 -162.2192840576172  738318.7038524809
nan nan nan 167.23553466796875 25.414289474487305 -162.21214294433594  738318.7038526091
nan nan nan 167.21395874023438 25.524797439575195 -162.19723510742188  738318.7038528279
nan nan nan 167.18577575683594 25.627479553222656 -162.1678009033203  738318.7038529434
nan nan nan 167.16433715820312 25.734243392944336 -162.146728515625  738318.703853001
nan nan nan 167.1504364013672 25.84708595275879 -162.14236450195312  738318.7038532377
nan nan nan 167.12648010253906 25.956878662109375 -162.12802124023438  738318.7038533416
nan nan nan 167.0955810546875 26.065393447875977 -162.09329223632812  738318.7038534571
nan nan nan 167.07308959960938 26.17673683166504 -162.06959533691406  738318.7038535491
nan nan nan 167.06112670898438 26.284692764282227 -162.06712341308594  738318.7038536646
nan nan nan 167.03903198242188 26.392539978027344 -162.05587768554688  738318.7038538493
nan nan nan 167.00411987304688 26.49696922302246 -162.02102661132812  738318.7038539996
nan nan nan 166.97952270507812 26.602285385131836 -161.9927978515625  738318.7038540458
nan nan nan 166.9669952392578 26.7159423828125 -161.9858856201172  738318.703854473
nan nan nan 166.95352172851562 26.827096939086914 -161.97964477539062  738318.7038545304
nan nan nan 166.9210968017578 26.930908203125 -161.95079040527344  738318.7038546808
nan nan nan 166.88751220703125 27.036869049072266 -161.91830444335938  738318.7038547843
nan nan nan 166.87045288085938 27.14881134033203 -161.90350341796875  738318.7038549694
nan nan nan 166.85813903808594 27.261436462402344 -161.8991241455078  738318.7038550152
nan nan nan 166.8357696533203 27.36771583557129 -161.8790740966797  738318.7038550617
nan nan nan 166.802734375 27.471664428710938 -161.847900390625  738318.7038552229
nan nan nan 166.77561950683594 27.579940795898438 -161.82861328125  738318.7038553155
nan nan nan 166.75808715820312 27.693241119384766 -161.8166961669922  738318.7038554422
nan nan nan 166.73985290527344 27.8052921295166 -161.79632568359375  738318.7038556963
nan nan nan 166.7163543701172 27.910608291625977 -161.76864624023438  738318.7038557427
nan nan nan 166.69419860839844 28.014726638793945 -161.75152587890625  738318.7038559271
nan nan nan 166.66932678222656 28.122331619262695 -161.74032592773438  738318.7038561236
nan nan nan 166.64340209960938 28.228347778320312 -161.7191619873047  738318.7038562914
nan nan nan 166.6182403564453 28.334880828857422 -161.6914520263672  738318.7038563379
nan nan nan 166.60047912597656 28.445680618286133 -161.67068481445312  738318.7038564414
nan nan nan 166.58534240722656 28.56129264831543 -161.6592254638672  738318.7038566492
nan nan nan 166.56053161621094 28.669397354125977 -161.64340209960938  738318.7038567766
nan nan nan 166.52755737304688 28.77251434326172 -161.616455078125  738318.7038569035
nan nan nan 166.4971466064453 28.875654220581055 -161.5937042236328  738318.7038570879
nan nan nan 166.47792053222656 28.98400115966797 -161.5791473388672  738318.7038573306
nan nan nan 166.461669921875 29.095535278320312 -161.56211853027344  738318.7038573767
nan nan nan 166.43838500976562 29.205907821655273 -161.5358428955078  738318.7038575615
nan nan nan 166.4116668701172 29.31383514404297 -161.51156616210938  738318.7038576772
nan nan nan 166.3857421875 29.421913146972656 -161.49517822265625  738318.7038577115
nan nan nan 166.3590850830078 29.526609420776367 -161.47833251953125  738318.7038578735
nan nan nan 166.3323211669922 29.6289005279541 -161.45538330078125  738318.7038580001
nan nan nan 166.30862426757812 29.73211669921875 -161.43190002441406  738318.7038580697
nan nan nan 166.2873077392578 29.84196662902832 -161.41229248046875  738318.7038582655
nan nan nan 166.26446533203125 29.95514488220215 -161.3925018310547  738318.703858381
nan nan nan 166.2350616455078 30.067106246948242 -161.3668670654297  738318.7038584391
nan nan nan 166.20858764648438 30.175695419311523 -161.34219360351562  738318.7038587042
nan nan nan 166.18600463867188 30.280887603759766 -161.32484436035156  738318.7038589008
nan nan nan 166.1645965576172 30.38303565979004 -161.30735778808594  738318.703859039
nan nan nan 166.13916015625 30.485401153564453 -161.28590393066406  738318.7038590967
nan nan nan 166.1120147705078 30.593420028686523 -161.2637176513672  738318.7038591544
nan nan nan 166.08767700195312 30.703351974487305 -161.24281311035156  738318.7038592121
nan nan nan 166.06283569335938 30.815462112426758 -161.22161865234375  738318.7038592587
nan nan nan 166.0401611328125 30.929000854492188 -161.19915771484375  738318.7038595123
nan nan nan 166.020751953125 31.043235778808594 -161.16943359375  738318.7038596277
nan nan nan 165.97474670410156 31.13184356689453 -161.15728759765625  738318.7038599197
nan nan nan 165.96388244628906 31.224740982055664 -161.1399383544922  738318.7038601156
nan nan nan 165.93670654296875 31.335926055908203 -161.11546325683594  738318.7038601735
nan nan nan 165.90611267089844 31.436107635498047 -161.096923828125  738318.7038604505
nan nan nan 165.90199279785156 31.556541442871094 -161.0737762451172  738318.7038604965
nan nan nan 165.86647033691406 31.69613265991211 -161.04176330566406  738318.7038607851
nan nan nan 165.83438110351562 31.794572830200195 -161.0233917236328  738318.7038608127
nan nan nan 165.81475830078125 31.890317916870117 -160.99794006347656  738318.7038609245
nan nan nan 165.77337646484375 31.994140625 -160.97653198242188  738318.7038610167
nan nan nan 165.76205444335938 32.077056884765625 -160.9643096923828  738318.7038611436
nan nan nan 165.74269104003906 32.17779541015625 -160.94483947753906  738318.703861259
nan nan nan 165.70249938964844 32.303340911865234 -160.91395568847656  738318.7038615247
nan nan nan 165.68600463867188 32.416927337646484 -160.89048767089844  738318.7038617899
nan nan nan 165.65782165527344 32.53460693359375 -160.86972045898438  738318.7038619284
nan nan nan 165.62884521484375 32.65117645263672 -160.84307861328125  738318.7038620211
nan nan nan 165.6105194091797 32.74458694458008 -160.82080078125  738318.7038620728
nan nan nan 165.58010864257812 32.838470458984375 -160.802490234375  738318.7038622944
nan nan nan 165.552978515625 32.942386627197266 -160.78265380859375  738318.7038623407
nan nan nan 165.52767944335938 33.04722595214844 -160.76344299316406  738318.7038624099
nan nan nan 165.4952850341797 33.1602783203125 -160.73497009277344  738318.7038626642
nan nan nan 165.4679412841797 33.27751922607422 -160.70738220214844  738318.7038627334
nan nan nan 165.4478302001953 33.38615036010742 -160.68740844726562  738318.7038629762
nan nan nan 165.422119140625 33.49482727050781 -160.6676025390625  738318.7038630102
nan nan nan 165.35427856445312 33.6443977355957 -160.63223266601562  738318.7038631025
nan nan nan 165.31295776367188 33.85041046142578 -160.61038208007812  738318.7038632872
nan nan nan 165.58489990234375 33.63341522216797 -160.68771362304688  738318.7038633453
nan nan nan 165.58489990234375 33.63341522216797 -160.68771362304688  738318.7038634488
nan nan nan 165.54896545410156 33.3133544921875 -160.73263549804688  738318.703863657
nan nan nan 165.24887084960938 33.382083892822266 -160.72604370117188  738318.7038638763
nan nan nan 165.25369262695312 33.63644027709961 -160.69775390625  738318.7038639802
nan nan nan 165.2284393310547 33.758460998535156 -160.6744384765625  738318.7038640379
nan nan nan 165.1809844970703 33.908287048339844 -160.58209228515625  738318.7038641876
nan nan nan 165.23789978027344 34.281917572021484 -160.44683837890625  738318.7038642684
nan nan nan 165.16842651367188 34.64315414428711 -160.4130859375  738318.7038643956
nan nan nan 165.1501007080078 34.70038604736328 -160.44496154785156  738318.7038646031
nan nan nan 165.0805206298828 34.717926025390625 -160.37261962890625  738318.703864707
nan nan nan 164.9507293701172 34.75539779663086 -160.32354736328125  738318.7038648456
nan nan nan 165.03256225585938 34.681610107421875 -160.42010498046875  738318.7038649609
nan nan nan 165.06968688964844 34.69643020629883 -160.4696502685547  738318.7038650422
nan nan nan 164.998779296875 34.83658981323242 -160.3846893310547  738318.7038651687
nan nan nan 164.9630126953125 35.007755279541016 -160.29417419433594  738318.7038655615
nan nan nan 164.90728759765625 35.21174240112305 -160.2758026123047  738318.703865746
nan nan nan 164.86611938476562 35.45708084106445 -160.2460479736328  738318.7038657925
nan nan nan 164.84564208984375 35.58919906616211 -160.19241333007812  738318.7038658421
nan nan nan 164.81605529785156 35.60982894897461 -160.1615447998047  738318.7038659687
nan nan nan 164.8197021484375 35.65639877319336 -160.1612548828125  738318.7038660615
nan nan nan 164.8026885986328 35.70592498779297 -160.1911163330078  738318.7038661885
nan nan nan 164.7412567138672 35.7607307434082 -160.1806640625  738318.703866419
nan nan nan 164.6836700439453 35.89756393432617 -160.10574340820312  738318.7038664885
nan nan nan 164.65406799316406 36.082847595214844 -160.05471801757812  738318.7038669619
nan nan nan 164.6804962158203 36.23550033569336 -160.05116271972656  738318.7038670193
nan nan nan 164.667236328125 36.37590408325195 -160.015380859375  738318.7038672501
nan nan nan 164.61569213867188 36.47761154174805 -159.95252990722656  738318.7038672967
nan nan nan 164.63656616210938 36.5726203918457 -159.8829803466797  738318.7038673424
nan nan nan 164.6439208984375 36.79104232788086 -159.7205810546875  738318.7038674925
nan nan nan 164.4567413330078 37.00700378417969 -159.5128173828125  738318.7038675621
nan nan nan 164.01205444335938 36.01735305786133 -159.93980407714844  738318.7038677499
nan nan nan 164.01205444335938 36.01735305786133 -159.93980407714844  738318.7038678537
nan nan nan 164.6171112060547 35.45420455932617 -160.26585388183594  738318.7038680504
nan nan nan 164.6171112060547 35.45420455932617 -160.26585388183594  738318.7038680846
nan nan nan 164.67361450195312 35.53447341918945 -160.15255737304688  738318.7038683039
nan nan nan 164.67361450195312 35.53447341918945 -160.15255737304688  738318.7038684195
nan nan nan 164.15260314941406 36.742958068847656 -159.8150634765625  738318.7038687082
nan nan nan 164.15260314941406 36.742958068847656 -159.8150634765625  738318.7038687657
nan nan nan 163.91429138183594 37.75007247924805 -159.33567810058594  738318.7038688811
nan nan nan 163.91429138183594 37.75007247924805 -159.33567810058594  738318.7038690196
nan nan nan 164.0917510986328 37.91081237792969 -159.34535217285156  738318.703869112
nan nan nan 164.14271545410156 37.97468566894531 -159.39117431640625  738318.7038692505
nan nan nan 164.1017608642578 37.71089172363281 -159.46743774414062  738318.7038693893
nan nan nan 163.95591735839844 37.44321823120117 -159.49957275390625  738318.7038695393
nan nan nan 163.8456268310547 37.39182662963867 -159.5337371826172  738318.7038697468
nan nan nan 163.88714599609375 37.48736572265625 -159.58169555664062  738318.7038698279
nan nan nan 163.941162109375 37.69702911376953 -159.5246124267578  738318.7038700469
nan nan nan 163.91334533691406 38.028404235839844 -159.3514862060547  738318.7038701067
nan nan nan 163.82891845703125 38.41836166381836 -159.19692993164062  738318.7038702453
nan nan nan 163.76292419433594 38.683895111083984 -159.1717987060547  738318.7038702914
nan nan nan 163.71205139160156 38.752593994140625 -159.1863250732422  738318.703870349
nan nan nan 163.64251708984375 38.723915100097656 -159.147216796875  738318.7038703834
nan nan nan 163.64634704589844 38.61620330810547 -159.1656036376953  738318.7038705103
nan nan nan 163.69900512695312 38.55607223510742 -159.24664306640625  738318.7038706377
nan nan nan 163.69595336914062 38.64849090576172 -159.25946044921875  738318.7038708683
nan nan nan 163.60496520996094 38.852752685546875 -159.15658569335938  738318.703870972
nan nan nan 163.501220703125 39.11251449584961 -159.02943420410156  738318.703871226
nan nan nan 163.4685516357422 39.37197494506836 -158.9689483642578  738318.7038713244
nan nan nan 163.48947143554688 39.534847259521484 -158.96617126464844  738318.703871354
nan nan nan 163.4814453125 39.58049392700195 -158.9436798095703  738318.703871481
nan nan nan 163.4374542236328 39.55699920654297 -158.91946411132812  738318.7038718042
nan nan nan 163.390869140625 39.54545593261719 -158.9416046142578  738318.7038718965
nan nan nan 163.3556365966797 39.60651397705078 -158.9651641845703  738318.703872012
nan nan nan 163.31373596191406 39.741920471191406 -158.92160034179688  738318.7038723351
nan nan nan 163.26644897460938 39.92891311645508 -158.82603454589844  738318.7038723816
nan nan nan 163.25340270996094 40.128379821777344 -158.7589874267578  738318.7038725105
nan nan nan 163.24835205078125 40.29500961303711 -158.74009704589844  738318.7038725677
nan nan nan 163.20587158203125 40.390071868896484 -158.7195281982422  738318.7038726023
nan nan nan 163.1419677734375 40.41094207763672 -158.69027709960938  738318.7038728102
nan nan nan 163.0990447998047 40.42454528808594 -158.68504333496094  738318.7038728909
nan nan nan 163.09034729003906 40.486671447753906 -158.6929931640625  738318.703872949
nan nan nan 163.07681274414062 40.60223388671875 -158.67221069335938  738318.7038730641
nan nan nan 163.02481079101562 40.757911682128906 -158.5989990234375  738318.7038731566
nan nan nan 162.97071838378906 40.93492126464844 -158.52500915527344  738318.7038732605
nan nan nan 162.9422607421875 41.084495544433594 -158.4947052001953  738318.7038736412
nan nan nan 162.91976928710938 41.179847717285156 -158.48190307617188  738318.703873826
nan nan nan 162.88502502441406 41.2268180847168 -158.45639038085938  738318.7038738837
nan nan nan 162.8474578857422 41.26224136352539 -158.4355010986328  738318.7038739991
nan nan nan 162.8191375732422 41.33263397216797 -158.4287109375  738318.70387408
nan nan nan 162.78753662109375 41.45051956176758 -158.409423828125  738318.7038741842
nan nan nan 162.74124145507812 41.59257507324219 -158.35391235351562  738318.7038742997
nan nan nan 162.69801330566406 41.739234924316406 -158.28944396972656  738318.7038743454
nan nan nan 162.66954040527344 41.87133026123047 -158.25550842285156  738318.7038745881
nan nan nan 162.65902709960938 41.97303009033203 -158.23947143554688  738318.7038748991
nan nan nan 162.63250732421875 42.0501823425293 -158.20938110351562  738318.7038750261
nan nan nan 162.55941772460938 42.10410690307617 -158.1829376220703  738318.7038750723
nan nan nan 162.5259246826172 42.18233871459961 -158.15994262695312  738318.7038751184
nan nan nan 162.49302673339844 42.292076110839844 -158.13720703125  738318.7038753609
nan nan nan 162.46214294433594 42.41477966308594 -158.09719848632812  738318.7038754764
nan nan nan 162.43174743652344 42.543792724609375 -158.04177856445312  738318.703875661
nan nan nan 162.39511108398438 42.67335510253906 -157.99569702148438  738318.7038757303
nan nan nan 162.37091064453125 42.782867431640625 -157.97412109375  738318.7038757649
nan nan nan 162.32272338867188 42.864173889160156 -157.95057678222656  738318.7038758341
nan nan nan 162.2671661376953 42.928382873535156 -157.9191131591797  738318.7038761227
nan nan nan 162.24266052246094 43.000831604003906 -157.89332580566406  738318.7038764344
nan nan nan 162.22154235839844 43.10215759277344 -157.87057495117188  738318.7038766422
nan nan nan 162.19088745117188 43.22679138183594 -157.8314666748047  738318.703876746
nan nan nan 162.1453399658203 43.35921859741211 -157.77708435058594  738318.7038767807
nan nan nan 162.0928192138672 43.48456954956055 -157.72938537597656  738318.703877
nan nan nan 162.0579376220703 43.58802032470703 -157.70164489746094  738318.703877095
nan nan nan 162.0274658203125 43.66560363769531 -157.68429565429688  738318.7038771297
nan nan nan 161.99307250976562 43.734439849853516 -157.6544189453125  738318.7038773955
nan nan nan 161.95919799804688 43.81792068481445 -157.62396240234375  738318.7038774529
nan nan nan 161.92471313476562 43.92634963989258 -157.5933380126953  738318.7038777991
nan nan nan 161.8831787109375 44.0544548034668 -157.55191040039062  738318.7038780762
nan nan nan 161.8335723876953 44.179019927978516 -157.50204467773438  738318.7038781111
nan nan nan 161.79457092285156 44.287078857421875 -157.45985412597656  738318.703878157
nan nan nan 161.7671661376953 44.38267135620117 -157.43194580078125  738318.7038782724
nan nan nan 161.73851013183594 44.46431350708008 -157.4103240966797  738318.7038783878
nan nan nan 161.6977996826172 44.54407501220703 -157.37974548339844  738318.7038785033
nan nan nan 161.65020751953125 44.6368408203125 -157.34242248535156  738318.7038788038
nan nan nan 161.60826110839844 44.74672317504883 -157.3052520751953  738318.703878838
nan nan nan 161.5744171142578 44.86416244506836 -157.26683044433594  738318.7038791039
nan nan nan 161.53948974609375 44.982540130615234 -157.222900390625  738318.70387948
nan nan nan 161.4998779296875 45.08858871459961 -157.18099975585938  738318.7038795954
nan nan nan 161.46029663085938 45.18339157104492 -157.1500701904297  738318.7038796367
nan nan nan 161.4197235107422 45.270240783691406 -157.1226806640625  738318.7038797988
nan nan nan 161.37937927246094 45.357078552246094 -157.08973693847656  738318.7038799257
nan nan nan 161.3399200439453 45.44978713989258 -157.0511474609375  738318.7038799603
nan nan nan 161.3047637939453 45.55755615234375 -157.01148986816406  738318.70388011
nan nan nan 161.26559448242188 45.67343521118164 -156.97154235839844  738318.7038801681
nan nan nan 161.2188720703125 45.78457260131836 -156.92832946777344  738318.7038803062
nan nan nan 161.17433166503906 45.888553619384766 -156.88577270507812  738318.7038803758
nan nan nan 161.13522338867188 45.982364654541016 -156.85203552246094  738318.7038806068
nan nan nan 161.101318359375 46.07147979736328 -156.82347106933594  738318.7038808604
nan nan nan 161.0622100830078 46.16297912597656 -156.78988647460938  738318.7038809762
nan nan nan 161.01783752441406 46.26350402832031 -156.74880981445312  738318.7038810682
nan nan nan 160.97317504882812 46.36814880371094 -156.70541381835938  738318.7038812413
nan nan nan 160.93133544921875 46.479637145996094 -156.66513061523438  738318.7038812875
nan nan nan 160.8903350830078 46.586944580078125 -156.6233673095703  738318.7038813339
nan nan nan 160.84796142578125 46.6863899230957 -156.58123779296875  738318.7038814028
nan nan nan 160.78433227539062 46.775760650634766 -156.5076141357422  738318.7038815763
nan nan nan 160.73837280273438 46.83709716796875 -156.4177703857422  738318.7038817423
nan nan nan 160.802001953125 46.91807556152344 -156.4883270263672  738318.7038819618
nan nan nan 160.7464599609375 47.08452224731445 -156.52366638183594  738318.7038821003
nan nan nan 160.59625244140625 47.20762252807617 -156.39837646484375  738318.7038822043
nan nan nan 160.50277709960938 47.256065368652344 -156.27064514160156  738318.7038822388
nan nan nan 160.531982421875 47.379966735839844 -156.27659606933594  738318.7038823196
nan nan nan 160.6039581298828 47.50400924682617 -156.32676696777344  738318.7038824928
nan nan nan 160.5303955078125 47.56265640258789 -156.2715301513672  738318.7038825505
nan nan nan 160.36831665039062 47.647518157958984 -156.1356201171875  738318.703882597
nan nan nan 160.32421875 47.75852584838867 -156.1158905029297  738318.7038827583
nan nan nan 160.40769958496094 47.78004455566406 -156.26824951171875  738318.7038829202
nan nan nan 160.46334838867188 47.63028335571289 -156.41683959960938  738318.7038830699
nan nan nan 160.47979736328125 47.27620315551758 -156.53675842285156  738318.7038831278
nan nan nan 160.61558532714844 46.802982330322266 -156.79644775390625  738318.7038832315
nan nan nan 160.9147186279297 46.43468475341797 -157.55093383789062  738318.7038832777
nan nan nan 161.2692108154297 45.8262825012207 -158.6962432861328  738318.7038834859
nan nan nan 161.65269470214844 44.62567138671875 -159.611328125  738318.7038836129
nan nan nan 161.88381958007812 42.72819900512695 -160.11532592773438  738318.7038836934
nan nan nan 161.7618865966797 41.149864196777344 -159.83627319335938  738318.7038838202
nan nan nan 161.5173797607422 40.4115104675293 -159.28692626953125  738318.7038839129
nan nan nan 161.63096618652344 41.79024124145508 -158.81460571289062  738318.7038839591
nan nan nan 162.46002197265625 43.52271270751953 -158.52133178710938  738318.7038840543
nan nan nan 163.5457763671875 44.99007797241211 -158.3411407470703  738318.703884389
nan nan nan 164.54791259765625 47.00376510620117 -158.59762573242188  738318.703884551
nan nan nan 164.98675537109375 48.48352813720703 -159.13916015625  738318.7038847242
nan nan nan 164.41685485839844 49.2651252746582 -158.91372680664062  738318.7038848046
nan nan nan 163.46701049804688 49.55970001220703 -158.23439025878906  738318.7038848508
nan nan nan 162.74337768554688 49.80772399902344 -157.81239318847656  738318.7038849663
nan nan nan 162.6215057373047 50.24802780151367 -157.52996826171875  738318.7038851163
nan nan nan 162.18296813964844 50.46058654785156 -157.0741729736328  738318.7038851279
nan nan nan 161.625 50.5379524230957 -156.44198608398438  738318.703885197
nan nan nan 161.50271606445312 50.59419631958008 -156.0867919921875  738318.7038854167
nan nan nan 161.61566162109375 50.45037078857422 -155.74456787109375  738318.7038857858
nan nan nan 161.39744567871094 50.13652420043945 -155.10113525390625  738318.7038858323
nan nan nan 160.88905334472656 49.85300827026367 -154.437255859375  738318.7038858896
nan nan nan 160.52415466308594 49.61885070800781 -153.88084411621094  738318.7038859477
nan nan nan 160.38485717773438 49.58820343017578 -153.3165740966797  738318.7038861093
nan nan nan 160.3739776611328 49.82280349731445 -152.66575622558594  738318.7038862592
nan nan nan 159.9234161376953 49.84678649902344 -152.36766052246094  738318.703886363
nan nan nan 159.83065795898438 49.58186721801758 -152.5484161376953  738318.7038864207
nan nan nan 160.18362426757812 49.04644012451172 -152.86338806152344  738318.7038866053
nan nan nan 160.6825714111328 48.52332305908203 -153.1660919189453  738318.7038866516
nan nan nan 161.00653076171875 48.34365463256836 -153.2877655029297  738318.7038866977
nan nan nan 160.86900329589844 48.570167541503906 -152.98837280273438  738318.70388679
nan nan nan 160.2724609375 49.09835433959961 -152.33030700683594  738318.7038868365
nan nan nan 159.64111328125 49.590911865234375 -151.71701049804688  738318.703886975
nan nan nan 159.166259765625 49.88554763793945 -151.2856903076172  738318.7038871594
nan nan nan 158.57565307617188 50.158233642578125 -150.77101135253906  738318.7038873903
nan nan nan 157.9193572998047 50.354759216308594 -150.280029296875  738318.7038875297
nan nan nan 157.14772033691406 50.45003128051758 -149.75328063964844  738318.703887622
nan nan nan 156.38658142089844 50.44363021850586 -149.3571014404297  738318.7038877374
nan nan nan 156.09716796875 50.22275924682617 -149.4135284423828  738318.7038878996
nan nan nan 156.7631072998047 49.98793029785156 -149.99424743652344  738318.7038880837
nan nan nan 157.92721557617188 50.15784454345703 -150.52052307128906  738318.7038882222
nan nan nan 159.03221130371094 50.589454650878906 -150.75303649902344  738318.7038882572
nan nan nan 159.90365600585938 51.149959564208984 -150.88807678222656  738318.7038884189
nan nan nan 160.46434020996094 51.70424270629883 -150.79296875  738318.7038885108
nan nan nan 160.3644256591797 52.129371643066406 -150.19642639160156  738318.7038885569
nan nan nan 159.60491943359375 52.2901725769043 -149.24404907226562  738318.7038887332
nan nan nan 158.8763427734375 52.29920196533203 -148.3114013671875  738318.7038888597
nan nan nan 158.8559112548828 52.4105110168457 -147.79757690429688  738318.7038892407
nan nan nan 159.5445098876953 52.90958023071289 -147.59275817871094  738318.7038894023
nan nan nan 160.45179748535156 53.77400207519531 -147.3898468017578  738318.703889437
nan nan nan 161.3434600830078 54.90006637573242 -147.09963989257812  738318.7038896101
nan nan nan 162.0240478515625 55.98843002319336 -146.91348266601562  738318.7038897373
nan nan nan 161.9989776611328 56.72926330566406 -146.6512908935547  738318.7038898296
nan nan nan 161.25079345703125 57.02564239501953 -146.0266876220703  738318.703889945
nan nan nan 160.37261962890625 57.02275848388672 -145.47291564941406  738318.7038899986