% x y z r p yw  738318.7147089038
1.481793999671936 -0.010194465517997742 0.020800074562430382 0.43734827637672424 0.0795932412147522 -0.015145758166909218  738318.7147091342
1.4817795753479004 -0.01012280024588108 0.020671173930168152 0.43621429800987244 0.08081741631031036 -0.015469372272491455  738318.7147092466
1.4818170070648193 -0.00859255064278841 0.02052973210811615 0.3785782754421234 0.07956213504076004 -0.014024998992681503  738318.7147093671
1.4818148612976074 -0.009624596685171127 0.020420659333467484 0.4238828122615814 0.0793815404176712 -0.01423554215580225  738318.7147094838
1.4830924272537231 -0.007010120898485184 0.02410426177084446 0.32457125186920166 0.029389381408691406 -0.01307210884988308  738318.7147095978
1.4811830520629883 -0.010380788706243038 0.024280739948153496 0.46368706226348877 0.10510311275720596 -0.014853804372251034  738318.7147097158
1.4818321466445923 -0.00841565616428852 0.024362998083233833 0.38856035470962524 0.07925698906183243 -0.01380482129752636  738318.7147098302
1.4811789989471436 -0.007102098315954208 0.024423209950327873 0.34209761023521423 0.10441551357507706 -0.014101855456829071  738318.7147099454
1.4829210042953491 -0.008834056556224823 0.024568941444158554 0.4174554944038391 0.03771088644862175 -0.013820878230035305  738318.7147100613
1.4829392433166504 -0.009052765555679798 0.021602941676974297 0.42884525656700134 0.03956199064850807 -0.011930161155760288  738318.7147101774
1.483163833618164 -0.00882019940763712 0.021522482857108116 0.4223639965057373 0.03320314362645149 -0.011632649227976799  738318.7147102975
1.4818388223648071 -0.007707801181823015 0.02144595794379711 0.3830849826335907 0.08873377740383148 -0.013447809033095837  738318.7147104102
1.4829485416412354 -0.010368891060352325 0.021419024094939232 0.49326759576797485 0.046917691826820374 -0.01354652177542448  738318.714710526
1.4822829961776733 -0.008800754323601723 0.02523495815694332 0.4307393431663513 0.07382714748382568 -0.012407121248543262  738318.7147106397
1.4829583168029785 -0.011488275602459908 0.02538585290312767 0.5404183864593506 0.049591511487960815 -0.01289490144699812  738318.7147107703
1.4831799268722534 -0.009259195998311043 0.02554650604724884 0.44989198446273804 0.04209095984697342 -0.012223160825669765  738318.7147108743
1.4822871685028076 -0.008129514753818512 0.02568524144589901 0.40846699476242065 0.08039993047714233 -0.01386281568557024  738318.7147109858
1.482956051826477 -0.008119420148432255 0.02582581341266632 0.41306084394454956 0.05593081936240196 -0.012601496651768684  738318.7147111122
1.482731580734253 -0.008115551434457302 0.022770222276449203 0.41625118255615234 0.06708893179893494 -0.01328190229833126  738318.7147112185
1.4829649925231934 -0.008563696406781673 0.02274462953209877 0.43653032183647156 0.06013497710227966 -0.014934904873371124  738318.7147113363
1.482962965965271 -0.008784165605902672 0.02271583490073681 0.4484544098377228 0.06271474063396454 -0.016535189002752304  738318.7147114524
1.4829634428024292 -0.010393919423222542 0.022695016115903854 0.5134471654891968 0.06437156349420547 -0.017712313681840897  738318.714711567
1.4813786745071411 -0.008117962628602982 0.024429239332675934 0.4237210750579834 0.12836477160453796 -0.018948467448353767  738318.714711688
1.4829879999160767 -0.00880909152328968 0.024515219032764435 0.45452842116355896 0.0636119470000267 -0.0176414642482996  738318.7147117923
1.481616497039795 -0.008346722461283207 0.024586057290434837 0.437872976064682 0.12109901756048203 -0.019455797970294952  738318.7147119142
1.4811478853225708 -0.008114374242722988 0.02464970014989376 0.432148277759552 0.13950875401496887 -0.019460085779428482  738318.7147120342
1.4811357259750366 -0.006959682330489159 0.024706179276108742 0.3910547196865082 0.13794179260730743 -0.018076792359352112  738318.7147121431
1.4832134246826172 -0.008114805445075035 0.021677283570170403 0.4407576024532318 0.055935658514499664 -0.016240160912275314  738318.7147122623
1.4811207056045532 -0.008572467602789402 0.021598275750875473 0.4618927836418152 0.140377476811409 -0.01749940775334835  738318.7147123712
1.4822754859924316 -0.009496248327195644 0.021518653258681297 0.4996095299720764 0.09329261630773544 -0.016371533274650574  738318.7147124807
1.481107234954834 -0.008560785092413425 0.021426187828183174 0.4635322690010071 0.14032375812530518 -0.01812363974750042  738318.7147126079
1.48273766040802 -0.009954385459423065 0.023939136415719986 0.5201415419578552 0.0757579356431961 -0.017259281128644943  738318.7147127218
1.481099009513855 -0.009956002235412598 0.023980189114809036 0.5195083618164062 0.14016278088092804 -0.017880262807011604  738318.7147128292
1.4831891059875488 -0.010427849367260933 0.02403303049504757 0.5364483594894409 0.05716218426823616 -0.0173336174339056  738318.7147129516
1.4815518856048584 -0.008310354314744473 0.024099532514810562 0.45297107100486755 0.12117930501699448 -0.01671537384390831  738318.7147130709
1.4817864894866943 -0.008068575523793697 0.02132750116288662 0.4461829662322998 0.11255907267332077 -0.01705351658165455  738318.7147131881
1.4808528423309326 -0.008766373619437218 0.02121839113533497 0.4767599403858185 0.14694267511367798 -0.018172023817896843  738318.7147132993
1.4817897081375122 -0.008293043822050095 0.0211156215518713 0.4590758681297302 0.10771126300096512 -0.018364205956459045  738318.7147134151
1.483204960823059 -0.008290205150842667 0.021009035408496857 0.46182647347450256 0.0527590848505497 -0.017881406471133232  738318.7147135308
1.4824984073638916 -0.00992945209145546 0.020914889872074127 0.52652508020401 0.08335798978805542 -0.019189612939953804  738318.7147136396
1.4820196628570557 -0.008280166424810886 0.02284316159784794 0.4625123143196106 0.10115107893943787 -0.019841162487864494  738318.7147137553
1.48272705078125 -0.008279649540781975 0.022838259115815163 0.46494433283805847 0.07490021735429764 -0.020801721140742302  738318.7147138795
1.4827227592468262 -0.007080676034092903 0.022822892293334007 0.4215535819530487 0.07831353694200516 -0.021524036303162575  738318.7147139917
1.4822475910186768 -0.008024271577596664 0.022829953581094742 0.46054014563560486 0.09778351336717606 -0.021817313507199287  738318.7147140998
1.4836775064468384 -0.0061099533922970295 0.020518122240900993 0.3902018666267395 0.04390411078929901 -0.019127557054162025  738318.7147142271
1.4841585159301758 -0.004670646507292986 0.02036677859723568 0.3440815806388855 0.029613496735692024 -0.01867484301328659  738318.714714344
1.4846354722976685 -0.006806828547269106 0.02029775083065033 0.43437862396240234 0.015304991975426674 -0.019579313695430756  738318.7147144545
1.4860756397247314 -0.005848664790391922 0.020143598318099976 0.4036393165588379 -0.03320038691163063 -0.018914703279733658  738318.7147145756
1.4812980890274048 -0.005118601955473423 0.02323024719953537 0.3825530409812927 0.15614020824432373 -0.021840063855051994  738318.714714687
1.4839226007461548 -0.007990577258169651 0.023352758958935738 0.49357926845550537 0.058443836867809296 -0.02089359052479267  738318.7147148032
1.4839755296707153 -0.007936596870422363 0.02340487763285637 0.49357250332832336 0.05975068360567093 -0.020006978884339333  738318.7147149228
1.4838472604751587 -0.006734764203429222 0.02345704287290573 0.4505252242088318 0.06660740822553635 -0.019637499004602432  738318.714715035
1.4849491119384766 -0.007166480179876089 0.02351037971675396 0.4708266258239746 0.025701919570565224 -0.01828974485397339  738318.7147151534
1.4829621315002441 -0.006496860645711422 0.020564816892147064 0.4475998282432556 0.10807204991579056 -0.02089562825858593  738318.7147152694
1.4847363233566284 -0.0067113712430000305 0.020467858761548996 0.460344523191452 0.0393865630030632 -0.020268317312002182  738318.7147153857
1.4849629402160645 -0.00692365039139986 0.020361274480819702 0.47209063172340393 0.03425608202815056 -0.020166944712400436  738318.7147155035
1.4834105968475342 -0.008249725215137005 0.0202814768999815 0.5261827707290649 0.09833360463380814 -0.020428288727998734  738318.7147156077
1.4829738140106201 -0.008245328441262245 0.02370917983353138 0.5252496600151062 0.11650854349136353 -0.0212707482278347  738318.7147157224
1.484544038772583 -0.00510493153706193 0.023810066282749176 0.40415728092193604 0.0555560328066349 -0.020191801711916924  738318.7147158488
1.4829738140106201 -0.007782237138599157 0.023962371051311493 0.5137106776237488 0.11877895891666412 -0.02066189981997013  738318.714715963
1.484769344329834 -0.006882021203637123 0.024064216762781143 0.4797417223453522 0.04830559715628624 -0.018466107547283173  738318.7147160802
1.4843213558197021 -0.006425431463867426 0.02416071482002735 0.4654543101787567 0.07002891600131989 -0.018904192373156548  738318.7147161978
-0.34731969237327576 -0.18181197345256805 0.02125927060842514 0.2455361932516098 0.7481286525726318 59.388267517089844  738318.7147163117
-0.34775635600090027 -0.1823703497648239 0.021258439868688583 0.42547470331192017 0.6765437722206116 59.44335174560547  738318.7147164167
-0.3480398654937744 -0.18320488929748535 0.02107500284910202 0.28474530577659607 0.8264403939247131 59.500179290771484  738318.7147165312
-0.3484210669994354 -0.18382933735847473 0.021054087206721306 0.31691497564315796 0.7846482992172241 59.55622863769531  738318.7147166524
-0.34882333874702454 -0.1839873194694519 0.023545172065496445 0.4054393470287323 0.3506094813346863 59.613670349121094  738318.7147167758
-0.3488960564136505 -0.18471568822860718 0.023595361039042473 0.6623497009277344 0.4927613437175751 59.66867446899414  738318.714716886
-0.3495829403400421 -0.18499203026294708 0.023733755573630333 0.3166148066520691 0.2155439704656601 59.72703552246094  738318.7147170061
-0.3494831323623657 -0.18599684536457062 0.02372460439801216 0.8146454095840454 0.565595805644989 59.78350067138672  738318.7147171117
-0.3499900698661804 -0.18604536354541779 0.023959606885910034 0.5457679033279419 0.0789298564195633 59.8424186706543  738318.7147172376
-0.3514423966407776 -0.18445929884910583 0.02137577347457409 -0.7594457864761353 -1.3810224533081055 59.88367462158203  738318.7147174104
-0.3519476056098938 -0.18498621881008148 0.021278897300362587 -0.6887060403823853 -1.0658974647521973 59.94536209106445  738318.714717483
-0.3460528552532196 -0.1857120543718338 0.021512171253561974 2.797177791595459 0.06885355710983276 118.1788330078125  738318.7147175844
-0.34604188799858093 -0.1853211522102356 0.02158825658261776 2.7993240356445312 -0.05554000288248062 118.27884674072266  738318.714717691
-0.34591156244277954 -0.1857464611530304 0.023635443300008774 2.7730259895324707 -0.02913772128522396 118.37728118896484  738318.7147178077
-0.34562262892723083 -0.18582966923713684 0.023687800392508507 2.7889978885650635 -0.04437178745865822 118.47746276855469  738318.7147179332
-0.3444308042526245 -0.18598587810993195 0.023647304624319077 2.9103503227233887 0.02233685366809368 118.57483673095703  738318.7147180493
-0.346684068441391 -0.18648363649845123 0.024126213043928146 2.554933547973633 -0.1227136105298996 118.67449951171875  738318.7147181631
-0.3470364212989807 -0.1863231509923935 0.024239370599389076 2.5282251834869385 -0.20400704443454742 118.7746353149414  738318.7147182764
-0.34622424840927124 -0.18623903393745422 0.020456189289689064 2.6329505443573 -0.17881445586681366 118.87422943115234  738318.7147183738
-0.3441004455089569 -0.18446335196495056 0.020584898069500923 3.817573070526123 1.9002543687820435 130.8311309814453  738318.7147185048
-0.3432289659976959 -0.18455280363559723 0.020392145961523056 3.828616142272949 1.9176807403564453 130.93565368652344  738318.7147186162
-0.3427038788795471 -0.1843130886554718 0.020368315279483795 3.8257360458374023 1.8846055269241333 131.03903198242188  738318.7147187404
-0.3423076272010803 -0.18427181243896484 0.022919338196516037 3.797168016433716 1.8572618961334229 131.1443328857422  738318.7147188525
-0.3414289653301239 -0.18405182659626007 0.022916162386536598 3.812849998474121 1.8508784770965576 131.2476348876953  738318.7147189623
-0.3409980833530426 -0.18445275723934174 0.023025015369057655 3.7597320079803467 1.8547405004501343 131.35165405273438  738318.7147190786
-0.3405103385448456 -0.18420951068401337 0.02315671555697918 3.7489728927612305 1.8215968608856201 131.45643615722656  738318.7147191955
-0.3396948575973511 -0.18395909667015076 0.020737534388899803 3.755362033843994 1.809516191482544 131.56005859375  738318.7147193206
-0.33808767795562744 -0.18237505853176117 0.020493505522608757 3.8658530712127686 1.7690311670303345 131.66256713867188  738318.7147194287
-0.33701303601264954 -0.18215541541576385 0.02035660855472088 3.8655996322631836 1.7759932279586792 131.7666015625  738318.7147195418
-0.3382952809333801 -0.18117891252040863 0.020819969475269318 3.7845547199249268 1.6261727809906006 131.87493896484375  738318.7147197273
-0.3379761278629303 -0.18111172318458557 0.02088896371424198 3.7434732913970947 1.6098920106887817 131.9816131591797  738318.7147197832
-0.3356601595878601 -0.18013416230678558 0.024815859273076057 4.389205455780029 3.4881067276000977 137.94161987304688  738318.7147198936
-0.3344070315361023 -0.17974337935447693 0.025010956451296806 4.381302356719971 3.477457284927368 138.0494842529297  738318.7147200118
-0.3338681757450104 -0.17939691245555878 0.025523915886878967 4.342523574829102 3.4358458518981934 138.158935546875  738318.7147201202
-0.33284521102905273 -0.17889396846294403 0.02587176486849785 4.327783584594727 3.4108870029449463 138.265869140625  738318.7147202321
-0.3316926062107086 -0.1795385181903839 0.022621911019086838 4.283627510070801 3.4411110877990723 138.37530517578125  738318.7147203468
-0.3312798738479614 -0.17891789972782135 0.022957874462008476 4.252780437469482 3.384387254714966 138.48468017578125  738318.7147204735
-0.33001813292503357 -0.17915396392345428 0.023061547428369522 4.218106746673584 3.391101121902466 138.59327697753906  738318.7147205806
-0.3297002613544464 -0.17852970957756042 0.02352806180715561 4.185883045196533 3.3317978382110596 138.70249938964844  738318.714720729
-0.32937106490135193 -0.17799481749534607 0.02402679994702339 4.1503214836120605 3.2776949405670166 138.81240844726562  738318.7147208352
-0.3287520408630371 -0.18110333383083344 0.027026409283280373 4.394427299499512 5.084131240844727 142.31103515625  738318.714720928
-0.32736772298812866 -0.18197904527187347 0.02742747776210308 4.340314865112305 5.084842681884766 142.42318725585938  738318.7147210534
-0.32613182067871094 -0.18119360506534576 0.028137648478150368 4.3403520584106445 5.034049987792969 142.53245544433594  738318.7147211625
-0.325418084859848 -0.1810859590768814 0.02910018526017666 4.301822185516357 4.984549045562744 142.64410400390625  738318.7147212764
-0.32466113567352295 -0.18162156641483307 0.02395307645201683 4.2626800537109375 4.969461917877197 142.75694274902344  738318.7147213932
-0.3224184811115265 -0.18170508742332458 0.02389228157699108 4.259424209594727 4.976297378540039 142.86572265625  738318.7147215079
-0.3261101245880127 -0.179366335272789 0.02641921117901802 4.186586380004883 4.735095024108887 142.9814453125  738318.7147216226
-0.32452264428138733 -0.1800011694431305 0.02665458619594574 4.1527814865112305 4.744664669036865 143.0910186767578  738318.7147217382
-0.3234744071960449 -0.178781658411026 0.027229661121964455 4.161642074584961 4.69260835647583 143.20066833496094  738318.7147218552
-0.32187995314598083 -0.17871494591236115 0.028194792568683624 4.1439290046691895 4.680865287780762 143.30967712402344  738318.7147220048
-0.3216429054737091 -0.17994484305381775 0.02893495373427868 4.058216571807861 4.657504081726074 143.4239044189453  738318.7147220777
-0.32191750407218933 -0.17841365933418274 0.030875688418745995 4.314702033996582 6.1138129234313965 145.57275390625  738318.7147221937
-0.3194411098957062 -0.17790590226650238 0.031234221532940865 4.320999622344971 6.107008934020996 145.68312072753906  738318.714722332
-0.3195420205593109 -0.17996490001678467 0.026023605838418007 4.221047401428223 6.095182418823242 145.80120849609375  738318.7147224364
-0.3181172013282776 -0.17908808588981628 0.026561187580227852 4.2189812660217285 6.048633098602295 145.91319274902344  738318.714722549
-0.31695348024368286 -0.17683574557304382 0.0273757241666317 4.2467041015625 5.9700140953063965 146.0208740234375  738318.7147226671
-0.31535282731056213 -0.1771751046180725 0.027954524382948875 4.209072113037109 5.954274654388428 146.13316345214844  738318.7147227871
-0.3130606412887573 -0.17832441627979279 0.028249019756913185 4.164555072784424 5.970551490783691 146.24696350097656  738318.7147229094
-0.31295010447502136 -0.1800849586725235 0.030360892415046692 4.061277866363525 5.927999973297119 146.36453247070312  738318.7147230136
-0.3109956681728363 -0.1802547723054886 0.030891096219420433 4.040614128112793 5.9112868309021 146.47702026367188  738318.7147231263
-0.31120872497558594 -0.18041561543941498 0.03262629732489586 4.182761192321777 7.4068379402160645 147.79266357421875  738318.7147232426
-0.30924004316329956 -0.18076732754707336 0.03377750888466835 4.151613712310791 7.378584861755371 147.90670776367188  738318.7147233583
-0.30969762802124023 -0.18073073029518127 0.027786020189523697 4.107865333557129 7.311166286468506 148.02096557617188  738318.7147234746
-0.30772119760513306 -0.18107280135154724 0.028380736708641052 4.07930850982666 7.285275936126709 148.1354217529297  738318.7147235873
-0.30599409341812134 -0.18082235753536224 0.02929016388952732 4.059892177581787 7.243651866912842 148.24737548828125  738318.7147237085
-0.3047703504562378 -0.1799674928188324 0.030699005350470543 4.046462059020996 7.176347255706787 148.35986328125  738318.7147238195
-0.3013847768306732 -0.18020687997341156 0.03085317462682724 4.039676666259766 7.1828765869140625 148.469482421875  738318.7147239354
-0.30721232295036316 -0.18179234862327576 0.03378092497587204 3.861027717590332 6.986607074737549 148.6000213623047  738318.7147240558
-0.30484533309936523 -0.18117915093898773 0.03448192775249481 3.866222858428955 6.958113670349121 148.71031188964844  738318.714724314
-0.3036421239376068 -0.1818377822637558 0.03566540777683258 3.822202205657959 6.92026424407959 148.82423400878906  738318.7147243371
-0.3039216697216034 -0.18191829323768616 0.037618279457092285 3.9161629676818848 8.445006370544434 149.5886688232422  738318.7147244008
-0.3043837249279022 -0.18190814554691315 0.03239912539720535 3.8754665851593018 8.377195358276367 149.70448303222656  738318.714724519
-0.3024292290210724 -0.1817678064107895 0.033436112105846405 3.8580663204193115 8.3358736038208 149.81617736816406  738318.7147246248
-0.3000877797603607 -0.18206819891929626 0.03438398241996765 3.834099054336548 8.307665824890137 149.9297637939453  738318.7147247466
-0.2993055582046509 -0.18192310631275177 0.03678722679615021 3.7931129932403564 8.224687576293945 150.0456085205078  738318.7147248638
-0.2999437749385834 -0.18215039372444153 0.034691404551267624 3.7393312454223633 8.145307540893555 150.16148376464844  738318.7147249827
-0.2996218204498291 -0.18018200993537903 0.03659326210618019 3.739985227584839 8.042490005493164 150.2710418701172  738318.7147250962
-0.2963718771934509 -0.18463411927223206 0.03679974377155304 3.638056993484497 8.095939636230469 150.39541625976562  738318.714725212
-0.2955184578895569 -0.18485024571418762 0.03874041885137558 3.600656509399414 8.02818489074707 150.51034545898438  738318.7147253305
-0.2945443093776703 -0.1845293939113617 0.04092220216989517 3.576244354248047 7.955934524536133 150.6248016357422  738318.7147255295
-0.2954089641571045 -0.18282972276210785 0.03260007128119469 3.581920862197876 7.878116607666016 150.7355194091797  738318.7147255711
-0.29658064246177673 -0.18572074174880981 0.034051939845085144 3.562323808670044 9.52036190032959 151.09774780273438  738318.7147256748
-0.29449474811553955 -0.18640562891960144 0.03545200824737549 3.5302040576934814 9.479965209960938 151.2127227783203  738318.7147258017
-0.2903216779232025 -0.1872389167547226 0.035615306347608566 3.522599935531616 9.486974716186523 151.3249053955078  738318.7147259155
-0.2962641417980194 -0.1855158656835556 0.03752194717526436 3.4435110092163086 9.252016067504883 151.44725036621094  738318.7147260216
-0.2940475344657898 -0.18599948287010193 0.03864872828125954 3.420278549194336 9.216784477233887 151.56195068359375  738318.7147261389
-0.2928684651851654 -0.18521323800086975 0.04068128392100334 3.4086480140686035 9.139151573181152 151.67428588867188  738318.7147262542
-0.2901633083820343 -0.1848183274269104 0.04205368831753731 3.407986879348755 9.101031303405762 151.78590393066406  738318.7147263816
-0.2886873185634613 -0.18473343551158905 0.04441698268055916 3.3823816776275635 9.036352157592773 151.8997802734375  738318.7147264853
-0.2920211851596832 -0.1854872703552246 0.03488749638199806 3.305966854095459 8.948123931884766 152.02224731445312  738318.7147266185
-0.2931469678878784 -0.18710288405418396 0.03649517148733139 3.263921022415161 10.633073806762695 151.9879913330078  738318.7147267128
-0.290942519903183 -0.18763664364814758 0.038233689963817596 3.2461321353912354 10.573223114013672 151.9966278076172  738318.7147268294
-0.28817737102508545 -0.18833543360233307 0.03985112905502319 3.227808952331543 10.53370475769043 152.0011749267578  738318.7147269428
-0.2881406843662262 -0.18528059124946594 0.037903960794210434 3.2746872901916504 10.408770561218262 151.98951721191406  738318.7147270633
-0.28499549627304077 -0.188075453042984 0.03862280771136284 3.1757471561431885 10.34640884399414 152.00802612304688  738318.714727175
-0.2837458848953247 -0.18761077523231506 0.04127376154065132 3.1889736652374268 10.258685111999512 152.01629638671875  738318.7147272853
-0.28087934851646423 -0.18851369619369507 0.042917702347040176 3.1270792484283447 10.177420616149902 152.02615356445312  738318.7147274009
-0.27946943044662476 -0.18791088461875916 0.04634629562497139 3.1305038928985596 10.051488876342773 152.0284423828125  738318.7147275165
-0.28405022621154785 -0.18836218118667603 0.03692897781729698 3.010906457901001 9.890271186828613 152.046142578125  738318.7147276347
-0.28153252601623535 -0.18875530362129211 0.03805156052112579 2.979034423828125 9.789566040039062 152.0425262451172  738318.714727751
-0.28313755989074707 -0.19023752212524414 0.03996792063117027 2.7916295528411865 11.535077095031738 152.01629638671875  738318.7147278696
-0.2806311845779419 -0.19003373384475708 0.04274382069706917 2.7503583431243896 11.396769523620605 152.03970336914062  738318.714727979
-0.2806309461593628 -0.1883886307477951 0.03893117606639862 2.7518351078033447 11.218968391418457 152.03919982910156  738318.7147281076
-0.2786448895931244 -0.18951179087162018 0.04092440754175186 2.6893844604492188 11.059465408325195 152.0279083251953  738318.714728212
-0.2767014801502228 -0.1898532211780548 0.04345167055726051 2.6206564903259277 10.876603126525879 152.03314208984375  738318.7147283292
-0.27359578013420105 -0.18913714587688446 0.04574355110526085 2.570521593093872 10.679365158081055 152.0297088623047  738318.7147284445
-0.26839351654052734 -0.19029955565929413 0.04628226161003113 2.527118444442749 10.49947452545166 152.04116821289062  738318.714728561
-0.2802306115627289 -0.1907513439655304 0.046698421239852905 2.3449862003326416 9.948012351989746 152.0883026123047  738318.7147286845
-0.2773633599281311 -0.18866533041000366 0.04880746454000473 2.372990369796753 9.5532865524292 152.08502197265625  738318.7147287881
-0.280692458152771 -0.18809080123901367 0.050641536712646484 2.345900774002075 9.470794677734375 152.0891571044922  738318.7147289193
-0.2788556218147278 -0.1923016756772995 0.05503883585333824 2.016500234603882 10.455973625183105 152.08787536621094  738318.7147290227
-0.28245633840560913 -0.19333955645561218 0.04824564978480339 1.9128069877624512 9.636272430419922 152.12596130371094  738318.7147291371
-0.2830755412578583 -0.19414971768856049 0.05233795568346977 1.830920696258545 8.705854415893555 152.13818359375  738318.7147292763
-0.28143882751464844 -0.19436468183994293 0.05561007559299469 1.7846100330352783 7.695617198944092 152.1612548828125  738318.7147293689
-0.2777194380760193 -0.19653494656085968 0.05751921981573105 1.7022678852081299 6.6418938636779785 152.19664001464844  738318.7147294864
-0.2839852273464203 -0.19372418522834778 0.049428828060626984 1.6413229703903198 5.289638042449951 152.2537384033203  738318.7147296048
-0.278960257768631 -0.1953229308128357 0.05050297826528549 1.5414135456085205 3.978646755218506 152.3020782470703  738318.714729721
-0.2942650318145752 -0.19083258509635925 0.057217489928007126 1.4639396667480469 3.5889999866485596 152.30706787109375  738318.7147298318
-0.2864154279232025 -0.19332653284072876 0.06029897928237915 1.426262617111206 0.90214604139328 152.4046630859375  738318.7147300623
-0.30114296078681946 -0.1864008754491806 0.06583519279956818 1.406943440437317 0.49598023295402527 152.40170288085938  738318.7147300742
-0.308777779340744 -0.18859533965587616 0.054040033370256424 0.7991628050804138 -1.0607279539108276 152.57742309570312  738318.7147301807
-0.312225341796875 -0.18402226269245148 0.05478524789214134 0.8550296425819397 -1.1811834573745728 152.571044921875  738318.7147302938
-0.30956488847732544 -0.1846410036087036 0.05734213441610336 0.6075149774551392 -4.1730756759643555 152.82452392578125  738318.7147304082
-0.31291958689689636 -0.18299029767513275 0.057632915675640106 0.6059005260467529 -4.25937032699585 152.82310485839844  738318.7147305338
-0.31891822814941406 -0.18242231011390686 0.04710124433040619 0.13147997856140137 -7.226500988006592 153.3087158203125  738318.7147306412
-0.31891822814941406 -0.18242231011390686 0.04710124433040619 0.13147997856140137 -7.226500988006592 153.3087158203125  738318.7147307576
-0.3205665946006775 -0.18034519255161285 0.04706522822380066 -0.48705965280532837 -9.936019897460938 154.24774169921875  738318.7147308753
-0.32310643792152405 -0.17951709032058716 0.04662076011300087 -0.4959828555583954 -9.995855331420898 154.2461395263672  738318.7147309878
-0.3240847885608673 -0.1794407218694687 0.0457780621945858 -1.266491174697876 -12.271256446838379 155.6099853515625  738318.7147311103
-0.3223498463630676 -0.17939364910125732 0.039167117327451706 -1.6064772605895996 -13.225733757019043 156.60992431640625  738318.7147313133
-0.32993611693382263 -0.1817883998155594 0.03759712353348732 -3.1654632091522217 -12.725520133972168 157.5664520263672  738318.7147313596
-0.3298887014389038 -0.1824474036693573 0.036510154604911804 -3.6229212284088135 -13.70114803314209 158.83837890625  738318.7147314632
-0.3313562273979187 -0.18165716528892517 0.034774474799633026 -4.001307964324951 -14.704315185546875 160.32656860351562  738318.7147315671
-0.33477678894996643 -0.1769518107175827 0.03140401840209961 -4.253385543823242 -15.837453842163086 161.97169494628906  738318.7147316894
-0.33647438883781433 -0.17449894547462463 0.02947608381509781 -4.487621784210205 -16.927932739257812 163.78231811523438  738318.7147318076
-0.33720216155052185 -0.17811790108680725 0.02806873619556427 -4.745382785797119 -18.05880355834961 165.7752685546875  738318.7147319117
-0.3368019163608551 -0.17796963453292847 0.027318013831973076 -4.842183589935303 -19.327695846557617 167.91366577148438  738318.7147320262
-0.3380623459815979 -0.1789439618587494 0.02554556168615818 -4.8870110511779785 -20.803890228271484 170.06402587890625  738318.7147321467
-0.3404904007911682 -0.17922838032245636 0.02812512032687664 -4.910201072692871 -20.85231590270996 170.05799865722656  738318.7147323387
-0.3450383245944977 -0.17846724390983582 0.024615876376628876 -4.705238342285156 -22.932832717895508 172.00511169433594  738318.7147323864
-0.3539729714393616 -0.17573320865631104 0.01981119066476822 -5.213326454162598 -24.7458553314209 173.2445068359375  738318.7147324929
-0.35474178194999695 -0.17623034119606018 0.02068627066910267 -4.379067897796631 -28.00075912475586 173.54153442382812  738318.7147326049
-0.3602510392665863 -0.17605766654014587 0.028076449409127235 -3.8525331020355225 -31.179607391357422 173.3273162841797  738318.7147327265
-0.36252129077911377 -0.17647196352481842 0.028666822239756584 -3.4991610050201416 -34.215755462646484 172.91317749023438  738318.7147328386
-0.36693164706230164 -0.1760232150554657 0.026985468342900276 -2.98598313331604 -37.557884216308594 172.27655029296875  738318.7147329508
-0.37144574522972107 -0.17549435794353485 0.02581631764769554 -2.540127992630005 -40.97280502319336 171.29824829101562  738318.7147330773
-0.37682706117630005 -0.1747647225856781 0.022788818925619125 -2.357527494430542 -44.25374221801758 169.88182067871094  738318.7147331794
-0.3897804021835327 -0.17394660413265228 0.04018088057637215 -2.605341672897339 -47.31679916381836 167.9447021484375  738318.7147333741
-0.3960692584514618 -0.1716482937335968 0.03834998980164528 -3.358757495880127 -50.02401351928711 165.04466247558594  738318.7147334202
-0.40247076749801636 -0.16811804473400116 0.03624899685382843 -4.663197994232178 -52.340675354003906 160.5352325439453  738318.7147336964
-0.4101552665233612 -0.16752846539020538 0.03175828233361244 -5.982571125030518 -54.77372741699219 155.7526397705078  738318.7147337191
-0.4271387457847595 -0.1689259558916092 0.045571934431791306 -11.079015731811523 -58.247562408447266 150.87338256835938  738318.7147337773
-0.43449437618255615 -0.1689397394657135 0.043154533952474594 -18.262134552001953 -63.06784439086914 143.87374877929688  738318.7147338755
-0.4422588348388672 -0.16890177130699158 0.03770316392183304 -25.970117568969727 -65.57471466064453 136.5302734375  738318.7147339978
-0.5174852013587952 -0.1627493053674698 0.16511452198028564 -35.70170593261719 -68.47992706298828 126.86021423339844  738318.7147343805
-0.5295076966285706 -0.16260696947574615 0.16613124310970306 -48.44294738769531 -71.45223236083984 114.05633544921875  738318.7147344036
-0.541793704032898 -0.16252465546131134 0.1663540154695511 -66.8429183959961 -74.16641235351562 95.74848175048828  738318.714734423
-0.5544360280036926 -0.1623593419790268 0.16560745239257812 -92.50706481933594 -75.42497253417969 70.05462646484375  738318.7147344638
-0.5673315525054932 -0.16198945045471191 0.16379183530807495 -118.59819793701172 -74.25617218017578 43.65531539916992  738318.7147346237
-0.580284059047699 -0.16134002804756165 0.16085578501224518 -139.59681701660156 -71.10859680175781 22.213329315185547  738318.7147347047
-0.5758880972862244 -0.16092956066131592 0.15423384308815002 -153.69113159179688 -65.24838256835938 8.831008911132812  738318.7147348209
-0.5883020162582397 -0.16063113510608673 0.1487174779176712 -165.64051818847656 -58.757408142089844 -3.256181240081787  738318.7147349172
-0.6061190962791443 -0.15783271193504333 0.14331908524036407 -174.26898193359375 -50.904441833496094 -12.02876091003418  738318.7147350472
-0.6205196380615234 -0.15748874843120575 0.13561323285102844 179.84457397460938 -41.419776916503906 -17.972171783447266  738318.7147351542
-0.6894155144691467 -0.12385659664869308 0.12344229221343994 175.9974822998047 -28.876401901245117 -21.950572967529297  738318.7147352699
-0.7093508243560791 -0.12137316167354584 0.1121608093380928 173.75975036621094 -14.83763599395752 -24.62928009033203  738318.7147353798
-0.7272182703018188 -0.11899049580097198 0.10193416476249695 179.02452087402344 -2.0921988487243652 -28.407705307006836  738318.714735514
-0.6806714534759521 -0.09921455383300781 0.22706912457942963 -174.53858947753906 -3.1813275814056396 -28.99555206298828  738318.7147356123
-0.6841206550598145 -0.1007004827260971 0.23146632313728333 -174.07923889160156 -9.895544052124023 -26.93588638305664  738318.7147357409
-0.692420482635498 -0.09986712038516998 0.23771968483924866 -173.37013244628906 -17.640487670898438 -25.711322784423828  738318.7147359253
-0.6986171007156372 -0.09938456863164902 0.24239632487297058 -172.5087890625 -25.260923385620117 -23.818424224853516  738318.7147359819
-0.6481263041496277 -0.12346433848142624 0.23476970195770264 -172.11001586914062 -35.98664474487305 -17.298446655273438  738318.714736073
-0.6524434685707092 -0.12297658622264862 0.23599015176296234 -170.4622039794922 -43.82570266723633 -14.40245532989502  738318.7147361955
-0.6610610485076904 -0.12131831049919128 0.2377510517835617 -170.70535278320312 -51.630584716796875 -13.076726913452148  738318.7147363045
-0.6712342500686646 -0.1208093911409378 0.23974300920963287 -175.8649444580078 -54.89787292480469 -14.358894348144531  738318.7147364283
-0.6802838444709778 -0.12023073434829712 0.2411825954914093 178.70701599121094 -55.70301055908203 -15.65146255493164  738318.7147365593
-0.6911712288856506 -0.1198110580444336 0.24276813864707947 174.95443725585938 -56.606624603271484 -17.663936614990234  738318.7147366527
-0.7015799283981323 -0.11981446295976639 0.24342070519924164 174.02694702148438 -55.376197814941406 -19.83631134033203  738318.7147367647
-0.7105824947357178 -0.11877109110355377 0.24289797246456146 174.7084503173828 -54.20720291137695 -20.830793380737305  738318.714736889
-0.7194005846977234 -0.11796218901872635 0.24163661897182465 177.68246459960938 -54.26258850097656 -19.18729591369629  738318.7147370228
-0.6557087302207947 -0.1420377492904663 0.2219419926404953 -179.17088317871094 -59.83924865722656 -12.200037002563477  738318.7147371178
-0.6651802062988281 -0.14026813209056854 0.22191700339317322 -176.634521484375 -59.46208572387695 -9.508340835571289  738318.7147372348
-0.6737044453620911 -0.13947612047195435 0.22195671498775482 -176.05783081054688 -55.6539306640625 -7.845687389373779  738318.7147373549
-0.6828774809837341 -0.13822893798351288 0.22246153652668 -174.4222869873047 -51.71784591674805 -5.615760326385498  738318.7147374774
-0.6908017992973328 -0.13651691377162933 0.222103551030159 -172.7245330810547 -48.16425704956055 -3.635606527328491  738318.7147375818
-0.7032982110977173 -0.13401250541210175 0.22239917516708374 -171.69305419921875 -43.93171691894531 -2.1182162761688232  738318.7147376946
-0.7140504717826843 -0.13206712901592255 0.2213514894247055 -171.4486541748047 -38.744476318359375 -0.6912627816200256  738318.7147378091
-0.7308168411254883 -0.1281435340642929 0.2201797068119049 -172.1466064453125 -32.50178909301758 0.6260658502578735  738318.7147379221
-0.7359265089035034 -0.12757454812526703 0.2192230522632599 -173.5369873046875 -25.339340209960938 1.8006638288497925  738318.714738044
-0.7392183542251587 -0.1268967092037201 0.2198190838098526 -175.28453063964844 -17.890512466430664 2.3034865856170654  738318.7147382112
-0.7332342267036438 -0.1271304190158844 0.2222367376089096 -176.08108520507812 -13.205499649047852 1.5627697706222534  738318.7147382811
-0.6501045823097229 -0.15100745856761932 0.18450720608234406 -176.6136932373047 -16.701936721801758 4.694118499755859  738318.7147383849
-0.6395233869552612 -0.14966225624084473 0.18009920418262482 -176.81419372558594 -19.930912017822266 5.078876972198486  738318.7147385009
-0.6356247663497925 -0.14837445318698883 0.17853079736232758 -177.1352996826172 -23.833457946777344 5.952390670776367  738318.7147386277
-0.6286419034004211 -0.14662212133407593 0.17334190011024475 -177.34835815429688 -27.88814353942871 6.6524786949157715  738318.7147387437
-0.627685010433197 -0.14528748393058777 0.1721075475215912 -177.39459228515625 -31.822532653808594 7.4088544845581055  738318.7147388507
-0.6227454543113708 -0.1436687707901001 0.16555042564868927 -177.38504028320312 -35.7104377746582 8.329083442687988  738318.7147389663
-0.6257333755493164 -0.14277072250843048 0.16920170187950134 -177.75941467285156 -39.11058807373047 9.293675422668457  738318.714739083
-0.6270216107368469 -0.14287430047988892 0.17201575636863708 -177.9850311279297 -39.86330032348633 10.044622421264648  738318.7147392032
-0.6286119222640991 -0.14296506345272064 0.17635273933410645 -177.509765625 -38.79140090942383 9.98463249206543  738318.7147393236
-0.5881354212760925 -0.16048386693000793 0.15398922562599182 -174.41485595703125 -42.88207244873047 16.251583099365234  738318.7147394328
-0.5886597633361816 -0.15851086378097534 0.16410136222839355 -174.72128295898438 -41.417755126953125 15.474518775939941  738318.7147395514
-0.5868697762489319 -0.1583119034767151 0.16987280547618866 -175.02523803710938 -38.93000030517578 14.99799633026123  738318.7147396696
-0.5855113863945007 -0.1586422324180603 0.17649905383586884 -175.07742309570312 -36.125099182128906 14.73353385925293  738318.7147397754
-0.5858113765716553 -0.1586180180311203 0.18553303182125092 -175.08346557617188 -33.20304489135742 14.477883338928223  738318.7147398907
-0.5870457291603088 -0.15946780145168304 0.1960584968328476 -174.96392822265625 -30.078081130981445 14.148750305175781  738318.714740014
-0.5855417251586914 -0.15857365727424622 0.2033674269914627 -174.8070526123047 -26.83966827392578 13.754806518554688  738318.7147401188
-0.579279363155365 -0.1591961830854416 0.20490190386772156 -174.5703582763672 -25.481807708740234 13.518697738647461  738318.7147402351
-0.5732398629188538 -0.15659499168395996 0.21054033935070038 -174.3837432861328 -25.931528091430664 13.574241638183594  738318.7147404732
-0.559255838394165 -0.15410293638706207 0.1989588588476181 -174.30337524414062 -26.86382293701172 13.99221420288086  738318.7147404929
-0.5370174050331116 -0.15794818103313446 0.18129703402519226 -171.6256103515625 -34.056251525878906 22.714818954467773  738318.7147405838
-0.5238341689109802 -0.15367399156093597 0.18673214316368103 -172.3441619873047 -35.6629638671875 22.730466842651367  738318.7147407006
-0.5110813975334167 -0.15015536546707153 0.18983983993530273 -172.9921417236328 -37.224796295166016 22.64637565612793  738318.7147408155
-0.4974853992462158 -0.14603191614151 0.19367046654224396 -173.35321044921875 -38.642242431640625 22.693483352661133  738318.7147409298
-0.482975572347641 -0.14249514043331146 0.2068285197019577 -173.4827880859375 -39.28168487548828 22.91188621520996  738318.7147410453
-0.46755170822143555 -0.13922548294067383 0.21340663731098175 -173.35903930664062 -39.268341064453125 23.04039764404297  738318.7147411617
-0.45150724053382874 -0.13583192229270935 0.21911892294883728 -173.2783966064453 -39.175716400146484 22.949810028076172  738318.7147412782
-0.4349665343761444 -0.13181953132152557 0.22473935782909393 -173.41265869140625 -38.87751007080078 22.751358032226562  738318.7147413936
-0.417775958776474 -0.12813308835029602 0.22989150881767273 -173.56114196777344 -38.18266296386719 22.611412048339844  738318.7147415087
-0.39974910020828247 -0.12494555115699768 0.2353138029575348 -173.7650909423828 -37.24317169189453 22.507497787475586  738318.714741798
-0.3809422552585602 -0.1198473647236824 0.24106189608573914 -174.07608032226562 -36.192543029785156 22.358489990234375  738318.7147418326
-0.4015901982784271 -0.11073248833417892 0.19106647372245789 -167.7909393310547 -42.55775451660156 34.639739990234375  738318.714741869
-0.37389108538627625 -0.10110625624656677 0.24009858071804047 -168.1625213623047 -41.875091552734375 34.34784698486328  738318.7147419848
-0.35217341780662537 -0.09377961605787277 0.23326268792152405 -168.28431701660156 -41.83030319213867 34.269081115722656  738318.7147420879
-0.32800960540771484 -0.08423322439193726 0.25490617752075195 -168.46852111816406 -41.7222785949707 34.15291213989258  738318.7147422099
-0.30440786480903625 -0.07596614211797714 0.25370368361473083 -168.5479736328125 -42.073814392089844 34.155452728271484  738318.7147423209
-0.27980902791023254 -0.06741753220558167 0.25285035371780396 -168.61984252929688 -42.61488723754883 34.23377990722656  738318.7147424367
-0.2541614770889282 -0.057932253926992416 0.25385645031929016 -168.7627716064453 -43.044273376464844 34.31449890136719  738318.7147425511
-0.22764410078525543 -0.04888589680194855 0.25412964820861816 -168.95578002929688 -43.33816909790039 34.35004806518555  738318.7147426667
-0.20019963383674622 -0.0391240231692791 0.2553093433380127 -169.1774444580078 -43.47578048706055 34.28717803955078  738318.714742784
-0.2493446320295334 -0.014635603874921799 0.20188485085964203 -156.16815185546875 -50.79425048828125 53.71466827392578  738318.7147429029
-0.21956045925617218 0.00010821124305948615 0.20164582133293152 -156.375732421875 -50.640037536621094 53.513282775878906  738318.7147430154
-0.19134874641895294 0.014103205874562263 0.18878452479839325 -156.50425720214844 -50.465431213378906 53.36563491821289  738318.7147431393
-0.1488211303949356 0.03582807630300522 0.2336416095495224 -157.1505126953125 -49.874053955078125 52.83657455444336  738318.7147432454
-0.11746803671121597 0.05182092636823654 0.2296416461467743 -157.57513427734375 -49.56856155395508 52.50257110595703  738318.7147433682
-0.0859808623790741 0.06743302196264267 0.21769355237483978 -157.91915893554688 -49.388431549072266 52.269569396972656  738318.7147434782
-0.048443619161844254 0.08865953981876373 0.24362942576408386 -158.42333984375 -49.03868865966797 51.95355224609375  738318.7147435922
-0.014639409258961678 0.10602788627147675 0.2390565425157547 -158.53955078125 -49.046783447265625 51.91857147216797  738318.7147437067
0.02023227885365486 0.12375462055206299 0.23508697748184204 -158.6694793701172 -49.107322692871094 51.84688186645508  738318.7147438303
0.05540727823972702 0.14115358889102936 0.2233877331018448 -158.74952697753906 -49.33799743652344 51.84263229370117  738318.7147439972
0.09593454748392105 0.16475078463554382 0.2509543001651764 -159.31890869140625 -49.02540969848633 51.53577423095703  738318.7147440509
-0.04651777818799019 0.2055397778749466 0.17379935085773468 -138.1546173095703 -53.18731689453125 80.86077880859375  738318.7147441665
-0.01050972193479538 0.23318833112716675 0.1687428057193756 -138.53614807128906 -53.138370513916016 80.6221923828125  738318.714744287
0.026596274226903915 0.2618897259235382 0.16530518233776093 -138.97286987304688 -53.05049133300781 80.26348876953125  738318.7147444033
0.062370266765356064 0.2882392108440399 0.1466308832168579 -139.1014862060547 -53.063201904296875 80.13492584228516  738318.714744533
0.10880231112241745 0.3324931859970093 0.19200435280799866 -140.56704711914062 -52.47515106201172 78.96125793457031  738318.7147446474
0.1469978392124176 0.3606279194355011 0.1749161034822464 -140.7097930908203 -52.51178741455078 78.899169921875  738318.7147447504
0.18593311309814453 0.38931602239608765 0.15726587176322937 -140.85592651367188 -52.60260772705078 78.8659896850586  738318.7147448551
0.22561617195606232 0.4185497462749481 0.13904422521591187 -140.9646453857422 -52.71684265136719 78.8802490234375  738318.7147450382
0.2660409212112427 0.44830816984176636 0.1202433779835701 -141.01353454589844 -52.83418655395508 78.94355010986328  738318.7147450997
0.04957380145788193 0.5627015829086304 0.10063987225294113 -115.9641342163086 -48.50205993652344 115.10802459716797  738318.7147452128
0.08078915625810623 0.6051013469696045 0.08060690760612488 -116.13710021972656 -48.57122802734375 115.02983093261719  738318.7147453245
0.11130022257566452 0.6483577489852905 0.060703080147504807 -116.43745422363281 -48.601585388183594 114.84058380126953  738318.7147454415
0.140988290309906 0.6926231980323792 0.041020482778549194 -116.83270263671875 -48.58841323852539 114.58683013916016  738318.7147455611
0.17579425871372223 0.736763596534729 0.014307385310530663 -116.91941833496094 -48.64616012573242 114.57403564453125  738318.7147456807
0.21123430132865906 0.7816261649131775 -0.013155927881598473 -116.98274993896484 -48.73065948486328 114.58319091796875  738318.7147457809
0.19494734704494476 0.8417220115661621 0.014491778798401356 -120.09967803955078 -48.18749237060547 112.36534881591797  738318.7147459061
0.2276405543088913 0.8926618695259094 -0.0036371853202581406 -120.4993896484375 -48.17213821411133 112.16392517089844  738318.7147460277
0.2562083303928375 0.9397525191307068 -0.018813481554389 -120.99227142333984 -48.11753463745117 111.89929962158203  738318.7147461361
0.293520987033844 0.9873243570327759 -0.043618638068437576 -121.03802490234375 -48.215023040771484 111.94831848144531  738318.7147463365
0.3314523696899414 1.0356098413467407 -0.06911268830299377 -121.10987854003906 -48.305809020996094 111.9588623046875  738318.7147463603
-0.09855446964502335 1.1472339630126953 -0.17280837893486023 -99.34207153320312 -29.567617416381836 151.43203735351562  738318.7147464822
-0.08375509828329086 1.2087987661361694 -0.20893430709838867 -99.34410858154297 -29.642759323120117 151.48126220703125  738318.7147466129
-0.11048514395952225 1.291003704071045 -0.19285768270492554 -101.59590148925781 -29.827232360839844 150.2616424560547  738318.7147467175
-0.09721960127353668 1.3554385900497437 -0.22328723967075348 -101.73280334472656 -29.91988754272461 150.260986328125  738318.714746837
-0.08101354539394379 1.4197860956192017 -0.2574916481971741 -101.73721313476562 -30.011917114257812 150.35189819335938  738318.7147469366
-0.07783029228448868 1.4905219078063965 -0.2766413986682892 -102.4605484008789 -30.05052947998047 150.0922088623047  738318.7147470757
-0.06515120714902878 1.5584059953689575 -0.3062482178211212 -102.69207000732422 -30.120189666748047 150.067138671875  738318.7147471813
-0.05248745158314705 1.6272697448730469 -0.3357175886631012 -102.94560241699219 -30.186038970947266 150.02015686035156  738318.7147472865
-0.04039762169122696 1.6976003646850586 -0.36429908871650696 -103.25364685058594 -30.23903465270996 149.93515014648438  738318.7147474125
-1.1735044717788696 2.204738140106201 -0.5069121718406677 -115.31973266601562 27.164335250854492 -135.30325317382812  738318.714747539
-1.28333580493927 2.3195905685424805 -0.45384079217910767 -117.74302673339844 26.256786346435547 -134.85507202148438  738318.7147476479
-1.3633248805999756 2.3801827430725098 -0.46025773882865906 -117.71898651123047 26.16046142578125 -134.81097412109375  738318.7147477565
-1.459751009941101 2.506273031234741 -0.40891024470329285 -120.20555877685547 26.035917282104492 -133.64649963378906  738318.7147478751
-1.5452995300292969 2.590808391571045 -0.3864063322544098 -121.0324478149414 26.027936935424805 -133.1140899658203  738318.7147479826
-1.6277198791503906 2.654068946838379 -0.3870128095149994 -121.00692749023438 25.929834365844727 -133.05174255371094  738318.7147481064
-1.7228337526321411 2.7862491607666016 -0.3246358036994934 -123.71967315673828 26.38549041748047 -131.2554168701172  738318.7147482148
-1.8121495246887207 2.8729758262634277 -0.29107165336608887 -124.61196899414062 26.505136489868164 -130.59457397460938  738318.7147483316
-1.9033883810043335 2.9622962474823 -0.2544972896575928 -125.63028717041016 26.672523498535156 -129.83734130859375  738318.7147484558
-1.9914826154708862 3.0283913612365723 -0.2463700920343399 -125.59163665771484 26.58589744567871 -129.8041534423828  738318.7147485627
-2.094982862472534 3.1562674045562744 -0.16696588695049286 -128.50250244140625 27.177555084228516 -127.7142333984375  738318.714748677
-1.586517333984375 2.631985902786255 -0.20622897148132324 -123.02233123779297 17.054351806640625 -153.7931671142578  738318.7147488015
-1.6512843370437622 2.7506299018859863 -0.14015895128250122 -124.58174133300781 17.50980567932129 -152.83340454101562  738318.7147489182
-1.7113982439041138 2.844780921936035 -0.10800161957740784 -125.0759048461914 17.543420791625977 -152.51242065429688  738318.7147490382
-1.7696236371994019 2.927943229675293 -0.1072295680642128 -125.0631332397461 17.444255828857422 -152.4602813720703  738318.7147491554
-1.8373353481292725 3.0516581535339355 -0.03225266933441162 -126.77376556396484 17.666858673095703 -151.59617614746094  738318.7147492595
-1.8974640369415283 3.1375925540924072 -0.027559924870729446 -126.75125885009766 17.570602416992188 -151.55386352539062  738318.7147493793
-1.9660944938659668 3.260087013244629 0.05309714004397392 -128.4237518310547 17.698705673217773 -150.78305053710938  738318.7147494921
-2.0303196907043457 3.360590696334839 0.09980674088001251 -129.00045776367188 17.670305252075195 -150.49249267578125  738318.7147496013
-2.095320224761963 3.4622740745544434 0.14446425437927246 -129.61012268066406 17.63770294189453 -150.1925506591797  738318.7147497245
-1.2641477584838867 2.9700214862823486 0.1055273488163948 -129.77291870117188 2.2405786514282227 175.94949340820312  738318.714749843
-1.2789342403411865 3.057521343231201 0.10373498499393463 -129.77975463867188 2.1340980529785156 176.0049285888672  738318.7147499447
-1.2969926595687866 3.2211129665374756 0.22395974397659302 -131.93592834472656 2.296163320541382 176.24630737304688  738318.714750065
-1.3115825653076172 3.313209295272827 0.2350124567747116 -131.9409637451172 2.2034242153167725 176.2864532470703  738318.7147501813
-1.326703429222107 3.405946731567383 0.24044382572174072 -131.94284057617188 2.100877523422241 176.3287811279297  738318.7147503067
-1.338346242904663 3.506497859954834 0.26606959104537964 -132.19155883789062 2.0595312118530273 176.34693908691406  738318.7147504087
-1.3524304628372192 3.602529764175415 0.27652138471603394 -132.26217651367188 1.9697819948196411 176.38722229003906  738318.7147505325
-1.3663687705993652 3.6998612880706787 0.2873396575450897 -132.3520965576172 1.8776799440383911 176.4269256591797  738318.7147506515
-1.381303071975708 3.7956626415252686 0.2936946153640747 -132.35696411132812 1.7682335376739502 176.47816467285156  738318.714750833
-1.391476035118103 3.9043357372283936 0.3199693560600281 -132.8188018798828 1.7332968711853027 176.49925231933594  738318.7147508813
1.3492523431777954 3.586544990539551 0.24650725722312927 -172.94798278808594 -14.038896560668945 47.906246185302734  738318.7147509886
1.4247772693634033 3.6150519847869873 0.28974977135658264 -173.203125 -13.755126953125 47.96449279785156  738318.7147511109
1.4994713068008423 3.6407506465911865 0.3309883773326874 -173.45623779296875 -13.576531410217285 47.978668212890625  738318.714751232
1.5738643407821655 3.6644301414489746 0.3709571361541748 -173.68658447265625 -13.459803581237793 47.981163024902344  738318.7147513389
1.6477317810058594 3.686763048171997 0.41059738397598267 -173.91993713378906 -13.386140823364258 47.963592529296875  738318.7147514498
1.7216304540634155 3.708296060562134 0.45011675357818604 -174.13729858398438 -13.334728240966797 47.9442138671875  738318.7147515645
1.7954257726669312 3.729257583618164 0.4897456765174866 -174.3486328125 -13.300000190734863 47.92012023925781  738318.7147516917
1.8692601919174194 3.750115156173706 0.5299487709999084 -174.5601806640625 -13.270913124084473 47.89325714111328  738318.7147517969
1.9429794549942017 3.7699148654937744 0.5692764520645142 -174.748291015625 -13.26016902923584 47.867984771728516  738318.7147519155
2.0169429779052734 3.789410352706909 0.6086615324020386 -174.92384338378906 -13.249611854553223 47.84540939331055  738318.7147521601
2.0908901691436768 3.8095359802246094 0.6493327021598816 -175.11492919921875 -13.236631393432617 47.81587219238281  738318.7147521832
1.4169012308120728 2.957183361053467 0.37493959069252014 -173.36898803710938 -10.371407508850098 65.3070297241211  738318.7147522636
1.4735969305038452 2.995246171951294 0.40654417872428894 -173.7035369873047 -10.30151081085205 65.24646759033203  738318.7147523973
1.5301874876022339 3.03159499168396 0.43667352199554443 -173.99806213378906 -10.259405136108398 65.1935043334961  738318.7147524913
1.5868338346481323 3.0660576820373535 0.4646613299846649 -174.24789428710938 -10.234082221984863 65.15103149414062  738318.7147526075
1.6434826850891113 3.099804162979126 0.4922526776790619 -174.47866821289062 -10.21914005279541 65.11234283447266  738318.7147527346
1.7001111507415771 3.1332504749298096 0.5200421214103699 -174.701171875 -10.209477424621582 65.07366943359375  738318.7147528443
1.7568058967590332 3.166069746017456 0.5472954511642456 -174.9054718017578 -10.203134536743164 65.03942108154297  738318.7147529604
1.8130240440368652 3.194883346557617 0.5637680292129517 -175.00238037109375 -10.26297378540039 65.03285217285156  738318.7147531417
1.8711304664611816 3.2380096912384033 0.6225496530532837 -175.47813415527344 -10.088263511657715 64.9234619140625  738318.7147531899
1.2274067401885986 2.6613919734954834 0.3304116129875183 -173.69981384277344 -6.226821422576904 84.60795593261719  738318.714753313
1.267844319343567 2.7019269466400146 0.3629624843597412 -174.00582885742188 -6.2110676765441895 84.5417709350586  738318.714753429
1.307785153388977 2.7404367923736572 0.390895277261734 -174.26388549804688 -6.2196526527404785 84.49065399169922  738318.7147535393
1.347659945487976 2.7766969203948975 0.41378527879714966 -174.4664764404297 -6.240724086761475 84.45478820800781  738318.7147536546
1.3875741958618164 2.812119722366333 0.4352854788303375 -174.6494140625 -6.264010906219482 84.4256820678711  738318.7147537658
1.4271544218063354 2.847504138946533 0.4560857117176056 -174.82749938964844 -6.295851707458496 84.39501953125  738318.7147538825
1.4667795896530151 2.882690906524658 0.4771326184272766 -174.99989318847656 -6.329709053039551 84.3675537109375  738318.7147540009
1.5059412717819214 2.915025472640991 0.4847883880138397 -175.08377075195312 -6.405545711517334 84.36534881591797  738318.7147541118
1.547023892402649 2.956822395324707 0.5412066578865051 -175.45803833007812 -6.329949855804443 84.27755737304688  738318.7147542293
1.5863741636276245 2.990908622741699 0.5601550936698914 -175.59881591796875 -6.378579139709473 84.2596206665039  738318.7147544463
1.6257296800613403 3.02488112449646 0.5784525871276855 -175.73370361328125 -6.430830955505371 84.24298858642578  738318.7147544854
0.9006723761558533 2.533473014831543 0.2985306978225708 -175.36607360839844 -1.909859299659729 110.46956634521484  738318.7147545778
0.9253090023994446 2.5668702125549316 0.32242268323898315 -175.55313110351562 -1.9806239604949951 110.43268585205078  738318.714754694
0.9495652318000793 2.5988967418670654 0.34163397550582886 -175.7099609375 -2.052324056625366 110.40557098388672  738318.7147548201
0.9735301733016968 2.6307973861694336 0.3605756163597107 -175.8625946044922 -2.1313700675964355 110.37709045410156  738318.7147549391
0.9972243905067444 2.6595914363861084 0.3614949882030487 -175.92787170410156 -2.2252275943756104 110.37971496582031  738318.7147550419
1.021610975265503 2.697333574295044 0.4186082184314728 -176.2427215576172 -2.2719509601593018 110.30033874511719  738318.7147551578
1.0451291799545288 2.726966142654419 0.43104901909828186 -176.35081481933594 -2.3519973754882812 110.29010009765625  738318.7147552638
1.0683236122131348 2.7570340633392334 0.4436732232570648 -176.46119689941406 -2.439319133758545 110.27662658691406  738318.7147554558
1.091458797454834 2.7871453762054443 0.456900417804718 -176.57162475585938 -2.5249269008636475 110.2630615234375  738318.7147555224
0.34803536534309387 2.4632620811462402 0.25489744544029236 -178.08541870117188 1.318556308746338 153.02536010742188  738318.71475582
0.3616468608379364 2.496842622756958 0.2755199670791626 -178.18304443359375 1.1589375734329224 152.98904418945312  738318.7147561868
0.37434908747673035 2.5306496620178223 0.2932196259498596 -178.2686309814453 0.9891164302825928 152.9520721435547  738318.7147563831
0.3870745599269867 2.5612289905548096 0.30685359239578247 -178.3459014892578 0.8497650027275085 152.9296417236328  738318.7147564641
0.39945727586746216 2.5917935371398926 0.31878361105918884 -178.4154815673828 0.7052316069602966 152.9091033935547  738318.714756533
0.41179341077804565 2.621563196182251 0.3316013813018799 -178.48899841308594 0.5706188082695007 152.89076232910156  738318.7147567178
0.42401322722435 2.650908946990967 0.3422098159790039 -178.55422973632812 0.4362538754940033 152.87664794921875  738318.7147567408
0.43608707189559937 2.6800763607025146 0.3531467616558075 -178.61988830566406 0.3019486665725708 152.8615264892578  738318.7147568797
0.4481586217880249 2.708829879760742 0.36274704337120056 -178.680908203125 0.17162741720676422 152.8513946533203  738318.7147569603
0.461286336183548 2.7404110431671143 0.37331023812294006 -178.74404907226562 0.04217510670423508 152.83963012695312  738318.7147570873
0.47390154004096985 2.7680301666259766 0.37447279691696167 -178.7707977294922 -0.06987211853265762 152.84068298339844  738318.7147572142
0.4838544428348541 2.7988381385803223 0.41215240955352783 -178.93710327148438 -0.2370002716779709 152.80178833007812  738318.7147573065
-2.014540910720825 4.263893127441406 0.3812234103679657 179.99124145507812 -1.4912745952606201 94.58702087402344  738318.7147577682
-1.9464802742004395 4.21353816986084 0.3833066523075104 -179.93121337890625 -1.4084904193878174 94.587158203125  738318.7147579048
-1.8784174919128418 4.1632585525512695 0.385239839553833 -179.85369873046875 -1.325408935546875 94.58760833740234  738318.7147580489
-1.734447956085205 4.134125232696533 0.8265806436538696 162.86741638183594 -13.31130313873291 93.06067657470703  738318.7147582106
-1.6752793788909912 4.089739799499512 0.8704848289489746 162.8555450439453 -13.313803672790527 93.0573959350586  738318.7147583606
-1.6166224479675293 4.045529365539551 0.9148358702659607 162.7841339111328 -13.352917671203613 93.04293060302734  738318.7147584994
-1.5582666397094727 4.001606464385986 0.9590423107147217 162.7235870361328 -13.382475852966309 93.03140258789062  738318.7147586033
-1.5005792379379272 3.9579195976257324 1.003881812095642 162.61651611328125 -13.440022468566895 93.01268768310547  738318.7147587241
-1.4424070119857788 3.91432785987854 1.0463565587997437 162.69667053222656 -13.360024452209473 93.0342025756836  738318.7147587588
-1.3883827924728394 3.8731067180633545 1.0995646715164185 162.05682373046875 -13.82952880859375 92.89537048339844  738318.714758955
-0.9944438338279724 3.274097442626953 0.8069241046905518 -136.8910675048828 -19.94314193725586 130.06143188476562  738318.7147591589
-0.904168963432312 3.2495665550231934 0.7932581305503845 -136.84902954101562 -19.845767974853516 130.03280639648438  738318.7147593665
-0.8157603740692139 3.228102445602417 0.7986437678337097 -137.27638244628906 -20.394161224365234 130.13050842285156  738318.714759505
-0.7252339720726013 3.2058799266815186 0.7906044721603394 -137.3570098876953 -20.452299118041992 130.12881469726562  738318.7147596088
-0.6344941854476929 3.1847007274627686 0.7846964597702026 -137.4881591796875 -20.568262100219727 130.13075256347656  738318.7147597127
-0.5433905124664307 3.1642775535583496 0.7791925072669983 -137.6239471435547 -20.681270599365234 130.12857055664062  738318.7147597474
-0.45187458395957947 3.144927740097046 0.7746856212615967 -137.77157592773438 -20.810415267944336 130.12596130371094  738318.7147599205
-0.3601413667201996 3.126413106918335 0.7719656229019165 -137.95411682128906 -20.968008041381836 130.12274169921875  738318.7147600821
-0.2673226594924927 3.1076900959014893 0.7592790126800537 -137.91287231445312 -20.8699951171875 130.0928192138672  738318.7147602666
-0.17732277512550354 3.0952370166778564 0.798816978931427 -138.95150756835938 -21.959148406982422 130.14630126953125  738318.7147604157
0.026780039072036743 3.3077914714813232 0.25664183497428894 -108.71834564208984 5.189052104949951 -169.5233917236328  738318.7147606238
0.09503349661827087 3.3540306091308594 0.2148718386888504 -108.97091674804688 4.553427696228027 -169.33688354492188  738318.7147607509
0.16017085313796997 3.4025542736053467 0.19805629551410675 -109.61048126220703 3.266247272491455 -169.02310180664062  738318.7147608083
0.22229012846946716 3.4520857334136963 0.18404769897460938 -110.48917388916016 1.861287236213684 -168.81121826171875  738318.7147609929
0.28061893582344055 3.501359462738037 0.1720610409975052 -111.67544555664062 0.3481093645095825 -168.7471923828125  738318.7147610278
0.3351552486419678 3.5504255294799805 0.16195182502269745 -113.22134399414062 -1.2868609428405762 -168.87205505371094  738318.7147612011
0.38832369446754456 3.59791898727417 0.15671302378177643 -114.9913101196289 -2.8072397708892822 -169.19760131835938  738318.7147612474
0.44319841265678406 3.646162509918213 0.16094523668289185 -116.75115203857422 -4.082550048828125 -169.65109252929688  738318.7147613628
0.5012644529342651 3.6961772441864014 0.16555216908454895 -118.25354766845703 -5.009103298187256 -170.1200408935547  738318.7147614093
1.0599528551101685 0.9733526110649109 0.2354278266429901 -149.8985137939453 -4.978170871734619 76.48141479492188  738318.7147615475
1.02460515499115 0.8853691220283508 0.29934757947921753 -152.00875854492188 -5.857349872589111 75.99250030517578  738318.7147617787
1.0498690605163574 0.8097001910209656 0.2843643128871918 -152.09552001953125 -6.219292163848877 75.9361572265625  738318.7147619284
1.0745517015457153 0.7349817752838135 0.27417799830436707 -152.1796875 -6.963064670562744 75.89063262939453  738318.7147620324
1.0999354124069214 0.660351037979126 0.2695643901824951 -152.24510192871094 -8.047993659973145 75.86649322509766  738318.7147621593
1.126990556716919 0.5863339900970459 0.2712583839893341 -152.29527282714844 -9.439753532409668 75.8538818359375  738318.7147622863
1.1570054292678833 0.5122020244598389 0.2770930528640747 -152.31752014160156 -10.900411605834961 75.85465240478516  738318.7147624553
1.1905665397644043 0.4384181797504425 0.28471922874450684 -152.3189697265625 -12.261213302612305 75.85942077636719  738318.7147625589
1.2269498109817505 0.36436569690704346 0.2945925295352936 -152.30799865722656 -13.519414901733398 75.8699951171875  738318.7147626745
0.9939613938331604 0.549447774887085 0.2727777361869812 -152.71429443359375 -12.117890357971191 96.75589752197266  738318.7147628823
1.0491021871566772 0.49522778391838074 0.2857922613620758 -152.5666046142578 -13.08134937286377 96.76339721679688  738318.7147630095
1.1060354709625244 0.4419027864933014 0.29646068811416626 -152.4490203857422 -13.83006477355957 96.76114654541016  738318.7147630784
1.164124608039856 0.38860246539115906 0.308624267578125 -152.351806640625 -14.496115684509277 96.76277160644531  738318.7147632283
1.2236953973770142 0.3365485966205597 0.32170549035072327 -152.27394104003906 -15.106273651123047 96.7560043334961  738318.7147634246
1.2826899290084839 0.28241047263145447 0.31392255425453186 -152.2003631591797 -15.022176742553711 96.74557495117188  738318.7147635862
1.3525673151016235 0.2378510981798172 0.3886352777481079 -152.2471160888672 -17.152368545532227 96.7197265625  738318.7147637581
1.4200553894042969 0.1826922595500946 0.39745959639549255 -152.20945739746094 -17.36832618713379 96.69816589355469  738318.7147638274
1.4822807312011719 0.13314461708068848 0.4063185453414917 -152.18138122558594 -17.544923782348633 96.67394256591797  738318.7147638643
1.5443730354309082 0.08247306942939758 0.4048862159252167 -152.10690307617188 -17.45977020263672 96.66680145263672  738318.714764014
1.3325051069259644 0.4600030481815338 0.3804759681224823 -147.04391479492188 -15.176281929016113 126.69188690185547  738318.7147642679
1.4031517505645752 0.4390760660171509 0.3848668038845062 -147.00628662109375 -15.266079902648926 126.65998840332031  738318.7147644872
1.4739714860916138 0.4184848368167877 0.38872432708740234 -146.98526000976562 -15.32494068145752 126.62706756591797  738318.7147646027
1.5454859733581543 0.3992513418197632 0.3948889970779419 -146.97991943359375 -15.414960861206055 126.5836181640625  738318.7147647217
1.6171783208847046 0.38039371371269226 0.4014374315738678 -146.99139404296875 -15.487374305725098 126.53881072998047  738318.7147648272
1.6893730163574219 0.36260974407196045 0.4088023900985718 -147.01414489746094 -15.563150405883789 126.48776245117188  738318.7147650353
1.7617812156677246 0.3453131914138794 0.41595956683158875 -147.04541015625 -15.620865821838379 126.4349365234375  738318.7147652428
1.8345401287078857 0.3287498652935028 0.42400142550468445 -147.08912658691406 -15.679070472717285 126.37953186035156  738318.7147652773
1.907734751701355 0.3132285177707672 0.43297234177589417 -147.14151000976562 -15.74235725402832 126.32003784179688  738318.7147653586
1.9809726476669312 0.297760933637619 0.44129395484924316 -147.19723510742188 -15.776931762695312 126.2625732421875  738318.7147654044
2.054821491241455 0.2836518883705139 0.4526072144508362 -147.2819061279297 -15.842456817626953 126.19352722167969  738318.7147654506
2.128765344619751 0.2702093720436096 0.46171846985816956 -147.3430938720703 -15.878774642944336 126.13151550292969  738318.7147656353
1.8887245655059814 1.1597102880477905 0.2738555073738098 -140.2117462158203 -2.463765859603882 -172.98818969726562  738318.7147659588
1.948538899421692 1.2017682790756226 0.2836119532585144 -140.30409240722656 -2.6799516677856445 -173.07139587402344  738318.7147660764
2.006653308868408 1.2439916133880615 0.29007187485694885 -140.43370056152344 -2.8480772972106934 -173.14999389648438  738318.7147661222
2.0641462802886963 1.2879433631896973 0.2976159155368805 -140.5939178466797 -3.0321226119995117 -173.23643493652344  738318.7147662033
2.1205132007598877 1.3318620920181274 0.30428609251976013 -140.79075622558594 -3.190840721130371 -173.3170166015625  738318.7147664457
2.1764440536499023 1.3770172595977783 0.310648649930954 -140.99412536621094 -3.343263864517212 -173.40309143066406  738318.7147665727
2.231675148010254 1.4223085641860962 0.31731751561164856 -141.22683715820312 -3.4834489822387695 -173.48793029785156  738318.7147667693
2.286510467529297 1.4686193466186523 0.3243691921234131 -141.4694366455078 -3.6238932609558105 -173.57386779785156  738318.7147668154
1.4761971235275269 -0.5358701944351196 0.4133929908275604 -166.14962768554688 -11.503276824951172 84.478759765625  738318.7147668732
1.5041576623916626 -0.5700441002845764 0.4124801754951477 -166.16522216796875 -11.419509887695312 84.45381927490234  738318.7147671466
1.5322684049606323 -0.603090226650238 0.41228461265563965 -166.18019104003906 -11.354336738586426 84.42444610595703  738318.7147671925
1.5611379146575928 -0.6363193392753601 0.4122316837310791 -166.180419921875 -11.27834701538086 84.4053726196289  738318.7147673772
1.5901905298233032 -0.6683395504951477 0.4131585359573364 -166.18191528320312 -11.221173286437988 84.38003540039062  738318.7147674927
1.61984121799469 -0.7004286050796509 0.4145958721637726 -166.17408752441406 -11.15959644317627 84.36190032958984  738318.7147676657
1.6498384475708008 -0.7316760420799255 0.4170997738838196 -166.16531372070312 -11.107285499572754 84.3419418334961  738318.7147679311
1.6803303956985474 -0.7623743414878845 0.4200578033924103 -166.15211486816406 -11.063272476196289 84.32196807861328  738318.7147680697
1.711438536643982 -0.7931714653968811 0.42242419719696045 -166.12591552734375 -11.015558242797852 84.307373046875  738318.7147681853
1.7428014278411865 -0.8222401142120361 0.42886435985565186 -166.1199188232422 -10.992673873901367 84.28531646728516  738318.7147684275
1.774759292602539 -0.8517627120018005 0.43399304151535034 -166.09649658203125 -10.960018157958984 84.26998138427734  738318.7147685263
1.8072006702423096 -0.8810326457023621 0.439659982919693 -166.07029724121094 -10.926203727722168 84.25531005859375  738318.7147688152
1.3522233963012695 -0.4093133211135864 0.29641422629356384 -164.4586181640625 -10.722887992858887 111.39081573486328  738318.714769046
1.3834121227264404 -0.4209768772125244 0.307675838470459 -164.452880859375 -10.719355583190918 111.35659790039062  738318.7147691731
1.4147264957427979 -0.43252962827682495 0.31289637088775635 -164.4191436767578 -10.707630157470703 111.3244857788086  738318.7147692073
1.4462615251541138 -0.44419431686401367 0.32239511609077454 -164.400634765625 -10.683734893798828 111.29949188232422  738318.7147693573
1.478012204170227 -0.45528823137283325 0.32962819933891296 -164.36846923828125 -10.660643577575684 111.27134704589844  738318.7147695652
1.5100175142288208 -0.4659823477268219 0.3368789255619049 -164.3349151611328 -10.63471794128418 111.24665069580078  738318.7147696578
1.5412037372589111 -0.4801904559135437 0.32944437861442566 -164.27073669433594 -10.54155445098877 111.23939514160156  738318.7147697037
1.5780597925186157 -0.48099005222320557 0.38065239787101746 -164.31463623046875 -10.659252166748047 111.17543029785156  738318.7147698769
1.6099095344543457 -0.4919833540916443 0.38420039415359497 -164.27369689941406 -10.601334571838379 111.15961456298828  738318.7147699114
1.2522249221801758 0.018511733040213585 0.2338746190071106 -159.5238037109375 -7.285933017730713 156.2602081298828  738318.7147701307
1.2821227312088013 0.022642144933342934 0.24514006078243256 -159.4820098876953 -7.252769947052002 156.21710205078125  738318.7147703732
1.3143199682235718 0.027382023632526398 0.2527189552783966 -159.4337158203125 -7.214902400970459 156.17538452148438  738318.7147706187
1.3425962924957275 0.0320759154856205 0.2588099539279938 -159.3955078125 -7.170124530792236 156.1382293701172  738318.7147708382
1.3706289529800415 0.03589947149157524 0.26344943046569824 -159.37570190429688 -7.104933738708496 156.1089630126953  738318.7147710576
1.398274302482605 0.040785908699035645 0.2690526843070984 -159.3524627685547 -7.046215057373047 156.07725524902344  738318.7147712074
1.4266918897628784 0.04786517843604088 0.27793362736701965 -159.3196258544922 -7.0035529136657715 156.03953552246094  738318.7147713575
1.4538894891738892 0.05346693471074104 0.2830457389354706 -159.3056182861328 -6.939002513885498 156.01097106933594  738318.7147714036
1.4812407493591309 0.05875386297702789 0.28629565238952637 -159.2957000732422 -6.861557483673096 155.9846954345703  738318.7147715652
2.4837398529052734 3.5703909397125244 0.19035187363624573 -161.21202087402344 4.342921733856201 -136.28163146972656  738318.7147716588
2.5735955238342285 3.640326976776123 0.3302247226238251 -151.79949951171875 -30.35474967956543 -128.8661651611328  738318.7147718088
2.6316328048706055 3.6915788650512695 0.40769270062446594 -150.0585174560547 -34.09181594848633 -127.4348373413086  738318.7147720974
2.6853532791137695 3.737147808074951 0.48392394185066223 -149.19302368164062 -36.468265533447266 -126.53092956542969  738318.7147722129
2.736226797103882 3.7805774211883545 0.5592731237411499 -148.64505004882812 -37.972137451171875 -125.93160247802734  738318.714772271
2.7842116355895996 3.8224191665649414 0.6360903382301331 -148.16212463378906 -39.260498046875 -125.39617156982422  738318.714772386
2.830040693283081 3.8629815578460693 0.712870717048645 -147.78916931152344 -40.27634048461914 -124.96561431884766  738318.7147727442
2.874206304550171 3.902553081512451 0.7892970442771912 -147.5020294189453 -41.08488845825195 -124.61949920654297  738318.7147728362
2.921166181564331 3.9438257217407227 0.8584590554237366 -147.42626953125 -41.17066192626953 -124.56039428710938  738318.7147729291
2.9507181644439697 3.975125312805176 0.9531864523887634 -146.75665283203125 -43.23078155517578 -123.68023681640625  738318.714773024
2.990374803543091 4.012434959411621 1.0286846160888672 -146.57240295410156 -43.649898529052734 -123.47350311279297  738318.7147730584
3.0455219745635986 2.016899585723877 0.7726137042045593 22.260509490966797 39.174072265625 -93.33096313476562  738318.7147731051
3.0003485679626465 2.0580296516418457 0.7232743501663208 22.215526580810547 39.10200881958008 -93.553955078125  738318.7147733932
2.9560205936431885 2.098931074142456 0.6726909875869751 22.14806365966797 39.00657272338867 -93.76417541503906  738318.7147735896
2.9593398571014404 2.128331184387207 0.41868850588798523 35.1513671875 51.304935455322266 -90.7226791381836  738318.7147737168
2.9206955432891846 2.1462996006011963 0.3493097126483917 35.239105224609375 51.31554412841797 -90.8516616821289  738318.7147738322
2.875413179397583 2.1716229915618896 0.2943081259727478 34.073184967041016 50.4800910949707 -90.98162841796875  738318.7147739704
2.821871280670166 2.1986498832702637 0.25367164611816406 31.444091796875 48.77438735961914 -90.07379150390625  738318.7147740169
2.7789812088012695 2.2229137420654297 0.19073712825775146 30.96546745300293 48.48151397705078 -90.09502410888672  738318.7147742939
2.727729082107544 2.251051187515259 0.13861015439033508 29.43326759338379 47.661224365234375 -89.44037628173828  738318.7147744437
2.6563339233398438 2.286600112915039 0.11239534616470337 25.68712615966797 45.692291259765625 -87.05553436279297  738318.7147745129
2.531235456466675 2.3256986141204834 0.1451888084411621 18.040325164794922 40.85452651977539 -80.71373748779297  738318.7147745594
2.410238027572632 6.349002838134766 1.1389168500900269 14.232013702392578 23.90346336364746 -107.30937957763672  738318.7147747669
2.3552863597869873 6.374940872192383 1.0692814588546753 14.067727088928223 23.9647274017334 -107.16654205322266  738318.7147752322
2.7733352184295654 6.174046516418457 0.7598423957824707 125.959716796875 -28.774763107299805 -100.82616424560547  738318.7147753591
2.8656201362609863 6.203474044799805 0.750426173210144 125.8978271484375 -28.69070053100586 -100.80036926269531  738318.7147753942
2.958595037460327 6.23250150680542 0.7403755187988281 125.83731842041016 -28.60641860961914 -100.77439880371094  738318.7147756247
3.063852071762085 6.282387733459473 0.7582778930664062 131.01885986328125 -30.297584533691406 -95.76514434814453  738318.7147759363
3.1590678691864014 6.318879127502441 0.762995719909668 132.11744689941406 -30.52919578552246 -94.70497131347656  738318.7147760286
3.2536349296569824 6.356221675872803 0.7704625129699707 133.21327209472656 -30.74588394165039 -93.61872863769531  738318.7147760637
3.2617502212524414 1.7189208269119263 -0.8264957666397095 60.664207458496094 -31.11804962158203 -145.25889587402344  738318.714776133
3.3514535427093506 1.7638071775436401 -0.9020227789878845 60.65416717529297 -31.1790714263916 -145.36070251464844  738318.7147764177
3.596956253051758 1.774778962135315 -0.7694328427314758 47.429019927978516 -61.381500244140625 174.5916748046875  738318.7147765447
3.7541418075561523 1.7377891540527344 -0.7077728509902954 85.61822509765625 -69.82658386230469 -157.74380493164062  738318.714776637
3.8772010803222656 1.7198855876922607 -0.6979289054870605 86.54768371582031 -69.93751525878906 -157.0757293701172  738318.714776741
4.000068664550781 1.7015700340270996 -0.690037727355957 86.44805145263672 -70.01025390625 -157.24542236328125  738318.714776845
4.124973773956299 1.676508903503418 -0.6731889247894287 91.19602966308594 -70.13905334472656 -153.412841796875  738318.7147770299
4.248354911804199 1.6546874046325684 -0.6642434597015381 91.45409393310547 -70.21431732177734 -153.28494262695312  738318.7147772027
4.37199068069458 1.632136583328247 -0.656835675239563 91.39225006103516 -70.28927612304688 -153.42138671875  738318.7147773297
4.508516788482666 1.6045136451721191 -0.6465940475463867 92.30076599121094 -70.35556030273438 -152.75064086914062  738318.7147776554
4.632842540740967 1.5794124603271484 -0.6404405832290649 92.30136108398438 -70.43135070800781 -152.8338623046875  738318.7147777597
4.757533550262451 1.5533703565597534 -0.6354958415031433 92.21585083007812 -70.50596618652344 -152.98922729492188  738318.7147778636
4.067623138427734 0.5139526128768921 -1.7016887664794922 -32.72848129272461 73.58397674560547 110.60067749023438  738318.7147782326
4.1762919425964355 0.5859349966049194 -1.7104501724243164 -35.61570358276367 73.01348876953125 111.58831787109375  738318.7147783253
1.500026822090149 2.364179636060726e-06 -0.000991180306300521 0.0012208842672407627 -0.0012384688016027212 -0.0003246783744543791  738318.7147787185
1.5001189708709717 -8.869872544892132e-05 -0.08315715938806534 0.028562769293785095 -0.0030212942510843277 -0.0013382177567109466  738318.7147787266
1.5003091096878052 8.443813385383692e-06 0.10170803219079971 -0.022156065329909325 -0.018439840525388718 -0.0021767430007457733  738318.7147788306
1.5005544424057007 2.990324719576165e-05 0.5069990754127502 -0.030077189207077026 -0.012206049636006355 -0.002425751881673932  738318.7147789459
1.5008472204208374 1.3826245776726864e-05 0.49807441234588623 -0.012918589636683464 -0.02325494773685932 -0.0017609272617846727  738318.7147790615
1.5011707544326782 6.187907274579629e-05 0.4871671795845032 -0.028393112123012543 -0.020198311656713486 -0.001959917601197958  738318.7147791652
1.5 0.0 0.0 0.0 0.0 0.0  738318.7147794657
1.5000267028808594 -1.654068910283968e-05 -0.0009913768153637648 0.001069569610990584 0.0012244910467416048 0.00016357366985175759  738318.7147795693
1.5001283884048462 1.2575529581226874e-05 -0.31789615750312805 -0.010926262475550175 -0.003966202959418297 -0.0011280671460554004  738318.7147796736
1.5002714395523071 3.3616743166930974e-05 -0.6986189484596252 -0.011011121794581413 -0.0035850924905389547 -0.0007783841574564576  738318.7147797615
1.500726580619812 2.883765409933403e-05 0.45201221108436584 -0.0006390921189449728 -0.05681747943162918 -0.0005857604555785656  738318.7147800039
1.5010991096496582 6.177384784677997e-05 0.44308745861053467 -0.0064231762662529945 -0.08378332108259201 0.00026217507547698915  738318.7147802117
1.5014193058013916 0.00012654345482587814 0.4321899712085724 -0.025730492547154427 -0.05066368728876114 0.0007452182471752167  738318.714780316
1.5018374919891357 0.00016859965398907661 0.432939738035202 -0.02525174617767334 -0.029245274141430855 -0.0005974466330371797  738318.7147807084
1.5023096799850464 0.0001485248503740877 0.4181652069091797 0.017725734040141106 -0.022648733109235764 -0.00014713671407662332  738318.7147807428
1.5029559135437012 0.00020238473371136934 0.40139347314834595 0.006345910485833883 -0.09399744123220444 0.0038542295806109905  738318.714780974
1.5034648180007935 0.0002885166904889047 0.41297903656959534 -0.022658713161945343 0.18007291853427887 0.01809796690940857  738318.7147810429
1.4999545812606812 0.00010246633610222489 -0.001002924982458353 -0.1148272156715393 0.31241247057914734 0.04617892578244209  738318.7147813289
1.4997577667236328 0.0002844011760316789 -1.388323187828064 -0.2223014235496521 0.8586181402206421 0.08386842906475067  738318.7147814678
1.4987761974334717 0.0010602549882605672 0.5063003897666931 -0.1816806048154831 1.6416574716567993 0.05161155015230179  738318.7147815252
1.4983888864517212 0.0013780269073322415 0.49938544631004333 0.13796938955783844 1.7212157249450684 0.025771988555788994  738318.7147817449
1.4983370304107666 0.0016610596794635057 0.4905190169811249 0.0248287133872509 1.2212413549423218 0.06839042156934738  738318.71478186
1.498371958732605 0.0017741881310939789 0.47964173555374146 -0.0771479532122612 0.50644850730896 0.08311709761619568  738318.7147820451
1.498578429222107 0.0020111945923417807 0.4430166482925415 -0.3544246256351471 -0.044073883444070816 0.004901280160993338  738318.7147820793
1.4986780881881714 0.002168728969991207 0.4279586672782898 -0.37649980187416077 0.03543059155344963 -0.046167340129613876  738318.7147821716
1.4989458322525024 0.002434294205158949 0.41092222929000854 -0.22161509096622467 0.016361864283680916 -0.034109633415937424  738318.7147822182
1.4992735385894775 0.0028127427212893963 0.4393836259841919 -0.023278262466192245 0.09088163822889328 0.021910158917307854  738318.7147822643
1.5000102519989014 -4.9616424803389236e-05 -0.000994840171188116 0.024386638775467873 0.3678848147392273 -0.0317169651389122  738318.7147828185
1.5000883340835571 -0.00019297497055958956 -0.8853134512901306 -0.04703947901725769 0.6088012456893921 -0.09695015102624893  738318.7147829913
1.5002559423446655 -0.0004855761071667075 0.4878954291343689 -0.2007608860731125 0.664668083190918 -0.11365854740142822  738318.7147830952
1.5004336833953857 -0.0006995579460635781 0.4808521270751953 -0.22323670983314514 0.6792135238647461 -0.062175095081329346  738318.7147833491
1.5006210803985596 -0.0008344666566699743 0.4718572199344635 -0.17430733144283295 0.6179912686347961 -0.04431262984871864  738318.7147834414
1.5008546113967896 -0.0009448586497455835 0.4904208481311798 -0.1145864725112915 0.44849783182144165 -0.09233661741018295  738318.7147834761
1.5011225938796997 -0.0011497412342578173 0.47769877314567566 0.015822619199752808 0.25054144859313965 -0.11090727895498276  738318.7147836726
1.5013760328292847 -0.0012293633772060275 0.46296218037605286 -0.03651032596826553 0.16487261652946472 -0.061170075088739395  738318.7147837762
1.5017353296279907 -0.0013623216655105352 0.4465731382369995 -0.11160500347614288 0.17407630383968353 -0.039165373891592026  738318.7147840186
1.5021791458129883 -0.0014620769070461392 0.42782890796661377 -0.21511489152908325 0.32505133748054504 -0.0775303989648819  738318.7147842267
1.502697229385376 -0.0017148249316960573 0.40712597966194153 -0.12763050198554993 0.4803471565246582 -0.11126506328582764  738318.7147843187
1.5000556707382202 8.799848728813231e-05 0.3959972858428955 0.030000627040863037 -0.05321703478693962 0.03927632048726082  738318.7147846188
1.5001360177993774 0.00019414408598095179 0.39302054047584534 0.05387910455465317 -0.029005330055952072 0.08805514872074127  738318.7147847343
1.5002855062484741 0.0002751828287728131 0.38803815841674805 0.09422536194324493 -0.025170400738716125 0.06862577050924301  738318.7147850113
1.5004554986953735 0.00039223572821356356 0.38025304675102234 0.05548588186502457 -0.15009303390979767 0.009142039343714714  738318.7147850575
1.5007448196411133 0.00046791997738182545 0.3710990846157074 0.043134626001119614 -0.2667970359325409 0.021781504154205322  738318.7147851037
1.500990629196167 0.0005838548531755805 0.5417179465293884 0.1366090625524521 -0.09848043322563171 0.06228431686758995  738318.7147854384
1.50138258934021 0.0007060287753120065 0.5301088094711304 0.15885445475578308 -0.017969263717532158 0.06302033364772797  738318.7147857674
1.5017637014389038 0.0008917748928070068 0.5165068507194519 0.15794609487056732 -0.02682127244770527 0.0023358752951025963  738318.7147858021
1.502258539199829 0.0009748084121383727 0.4787648618221283 0.11519136279821396 -0.013130397535860538 0.014886593446135521  738318.7147858945
1.5000488758087158 2.5919423478626413e-06 -0.0009859302081167698 0.03286604955792427 -0.0398063026368618 0.027198176831007004  738318.7147860909