% x y z qx qy qz qw  738339.3754087118
2.195871591567993 -1.3358840942382812 0.020529424771666527 -0.0666838213801384 0.15607836842536926 -0.012134701013565063  738339.3754089461
2.1984071731567383 -1.3410224914550781 0.02062952145934105 -0.06677228957414627 0.15768463909626007 -0.010781420394778252  738339.3754090586
2.200946569442749 -1.34617018699646 0.02072967030107975 -0.0656953677535057 0.15797491371631622 -0.009089949540793896  738339.3754091811
2.2034902572631836 -1.3513275384902954 0.02082991786301136 -0.06589627265930176 0.15818189084529877 -0.009553241543471813  738339.3754092838
2.2060391902923584 -1.3564954996109009 0.020929787307977676 -0.06675179302692413 0.15815454721450806 -0.010169696062803268  738339.3754094123
2.208594560623169 -1.3616732358932495 0.0210290364921093 -0.06662078201770782 0.15878698229789734 -0.011904698796570301  738339.3754095208
2.2111563682556152 -1.3668594360351562 0.021128565073013306 -0.06679151207208633 0.15764537453651428 -0.009784742258489132  738339.375409635
2.2137234210968018 -1.3720539808273315 0.021228687837719917 -0.06742650270462036 0.15680882334709167 -0.010292592458426952  738339.3754097593
2.2162952423095703 -1.3772573471069336 0.02132835052907467 -0.0668020248413086 0.1552007645368576 -0.010569744743406773  738339.3754098624
2.2188711166381836 -1.3824701309204102 0.021428005769848824 -0.0662151351571083 0.15505097806453705 -0.009685150347650051  738339.3754099797
2.221449851989746 -1.3876919746398926 0.0215278472751379 -0.06641175597906113 0.1546138972043991 -0.009741831570863724  738339.3754101004
2.224031925201416 -1.39292311668396 0.021626953035593033 -0.06602410972118378 0.15434032678604126 -0.010192487388849258  738339.3754102123
2.226616859436035 -1.3981636762619019 0.02172488160431385 -0.06576801836490631 0.15342842042446136 -0.010066831484436989  738339.3754103386
2.2292046546936035 -1.403412938117981 0.021822486072778702 -0.06512197852134705 0.15544408559799194 -0.010983193293213844  738339.375410443
2.2320556640625 -1.4091993570327759 0.02193058654665947 -0.06481532752513885 0.15595026314258575 -0.011416718363761902  738339.3754105633
2.234651803970337 -1.4144721031188965 0.022029811516404152 -0.06476356834173203 0.1565631777048111 -0.010829010978341103  738339.3754106805
2.2372519969940186 -1.4197561740875244 0.022129829972982407 -0.0661090537905693 0.15441811084747314 -0.010010600090026855  738339.3754107901
2.239856004714966 -1.4250504970550537 0.02223079651594162 -0.0658784955739975 0.15566636621952057 -0.009975492022931576  738339.3754109064
2.2424635887145996 -1.430354118347168 0.022332658991217613 -0.06495065242052078 0.15651151537895203 -0.010151136666536331  738339.375411024
2.2450754642486572 -1.4356677532196045 0.022435398772358894 -0.06505303829908371 0.15715466439723969 -0.010728730820119381  738339.3754111438
2.2476916313171387 -1.440991759300232 0.0225380789488554 -0.06729008257389069 0.15600460767745972 -0.009892921894788742  738339.3754112507
2.250311851501465 -1.4463251829147339 0.022639567032456398 -0.06756822764873505 0.1560850292444229 -0.00989263504743576  738339.375411375
2.2529356479644775 -1.4516680240631104 0.022740289568901062 -0.06789810955524445 0.1572401374578476 -0.008461867459118366  738339.3754114836
2.2555627822875977 -1.4570204019546509 0.022839954122900963 -0.0675148293375969 0.15759387612342834 -0.008706853725016117  738339.3754115982
2.2581939697265625 -1.462382435798645 0.022937873378396034 -0.06722202897071838 0.15773482620716095 -0.008802254684269428  738339.3754117184
2.260829210281372 -1.46775484085083 0.023034777492284775 -0.06723728030920029 0.1593044549226761 -0.009059937670826912  738339.3754118315
2.263467311859131 -1.4731374979019165 0.02313239313662052 -0.06801550835371017 0.15959081053733826 -0.0094529390335083  738339.3754119471
2.266108512878418 -1.4785301685333252 0.023230642080307007 -0.0674426481127739 0.1596333384513855 -0.009490025229752064  738339.3754120658
2.268754482269287 -1.4839318990707397 0.023328157141804695 -0.06700330227613449 0.16037726402282715 -0.008715846575796604  738339.3754121796
2.2714054584503174 -1.489341139793396 0.0234249085187912 -0.06706899404525757 0.16026706993579865 -0.008792807348072529  738339.3754122974
2.2740604877471924 -1.4947580099105835 0.023522255942225456 -0.06604458391666412 0.16175733506679535 -0.009232212789356709  738339.3754124193
2.276719808578491 -1.500183343887329 0.023620856925845146 -0.06585542112588882 0.16129769384860992 -0.009264250285923481  738339.3754125279
2.2793846130371094 -1.5056178569793701 0.023720460012555122 -0.06580677628517151 0.1616121530532837 -0.008715273812413216  738339.3754126512
2.282054901123047 -1.5110615491867065 0.023821711540222168 -0.06582622230052948 0.16251860558986664 -0.007720022462308407  738339.3754127596
2.284729242324829 -1.516513705253601 0.023925041779875755 -0.06620532274246216 0.16279004514217377 -0.008740142919123173  738339.3754128787
2.2874062061309814 -1.5219743251800537 0.024030111730098724 -0.0652778223156929 0.16390815377235413 -0.009500127285718918  738339.3754129936
2.290086507797241 -1.5274440050125122 0.02413644827902317 -0.06487435102462769 0.16317789256572723 -0.009291855618357658  738339.375413109
2.2927701473236084 -1.5329229831695557 0.024243174120783806 -0.06586077809333801 0.1630706489086151 -0.010247749276459217  738339.3754132256
2.2954564094543457 -1.5384118556976318 0.024350352585315704 -0.06651931256055832 0.16301365196704865 -0.010781986638903618  738339.3754133384
2.298145294189453 -1.5439114570617676 0.024458929896354675 -0.0664762333035469 0.16461706161499023 -0.01054289098829031  738339.3754134437
2.300837993621826 -1.5494219064712524 0.024568449705839157 -0.06702589988708496 0.16499343514442444 -0.010188299231231213  738339.3754135702
2.303534746170044 -1.5549427270889282 0.024677937850356102 -0.06632976979017258 0.1644476354122162 -0.010213554836809635  738339.375413685
2.3062353134155273 -1.5604727268218994 0.024788187816739082 -0.06573407351970673 0.1663055568933487 -0.010490805841982365  738339.3754137997
2.3089399337768555 -1.5660102367401123 0.024900132790207863 -0.0658077746629715 0.1660296618938446 -0.011942029930651188  738339.3754139186
2.3116490840911865 -1.5715556144714355 0.02501322515308857 -0.0654531866312027 0.16691678762435913 -0.011848093010485172  738339.3754140291
2.3143632411956787 -1.577109932899475 0.025126216933131218 -0.06693840026855469 0.16553474962711334 -0.01157717127352953  738339.375414142
2.3170814514160156 -1.58267343044281 0.025237873196601868 -0.06607888638973236 0.16464969515800476 -0.010315698571503162  738339.3754142642
2.3198025226593018 -1.588246464729309 0.025348175317049026 -0.06441804021596909 0.166467547416687 -0.01035541482269764  738339.3754143802
2.322526454925537 -1.59382963180542 0.025457724928855896 -0.06538610905408859 0.16659286618232727 -0.0101251732558012  738339.3754144962
2.32525372505188 -1.5994224548339844 0.02556527964770794 -0.06387624889612198 0.16734421253204346 -0.010018941946327686  738339.3754146105
2.327984094619751 -1.6050244569778442 0.02567044273018837 -0.06350269913673401 0.16742229461669922 -0.010220017284154892  738339.3754147288
2.3307178020477295 -1.6106361150741577 0.02577432245016098 -0.06289196759462357 0.16870057582855225 -0.00984347052872181  738339.3754148388
2.3334550857543945 -1.6162573099136353 0.02587861567735672 -0.06302492320537567 0.17018719017505646 -0.010925057344138622  738339.3754149565
2.336196184158325 -1.6218883991241455 0.025983773171901703 -0.0633777305483818 0.17290349304676056 -0.011681395582854748  738339.37541508
2.3389415740966797 -1.627529263496399 0.02608823962509632 -0.06287922710180283 0.17275719344615936 -0.010344658978283405  738339.3754151883
2.341691255569458 -1.6331787109375 0.02619163505733013 -0.061963681131601334 0.17286045849323273 -0.009573125280439854  738339.3754153053
2.3444457054138184 -1.6388369798660278 0.026294490322470665 -0.06100289151072502 0.17228040099143982 -0.008748941123485565  738339.3754154238
2.347203493118286 -1.644505262374878 0.02639801986515522 -0.06216789036989212 0.1725805401802063 -0.009089695289731026  738339.3754155387
2.349963426589966 -1.6501835584640503 0.026502294465899467 -0.06262408941984177 0.17186418175697327 -0.009446971118450165  738339.3754156664
2.352726936340332 -1.655870795249939 0.026605477556586266 -0.062450945377349854 0.17357321083545685 -0.009888133965432644  738339.3754157675
2.355771541595459 -1.6621366739273071 0.026717189699411392 -0.06066424772143364 0.17409567534923553 -0.011598379351198673  738339.3754158779
-0.23535344004631042 -0.20063818991184235 0.05194547399878502 -1.530547022819519 1.6588053703308105 37.315635681152344  738339.375415995
-0.2462003380060196 -0.2069108635187149 0.05168839916586876 -1.528801441192627 1.658415675163269 37.278831481933594  738339.3754161131
-0.2570774555206299 -0.2131786197423935 0.051430970430374146 -1.5274035930633545 1.6580076217651367 37.243072509765625  738339.3754162324
-0.2679850459098816 -0.21944081783294678 0.051173899322748184 -1.525178074836731 1.6568963527679443 37.205299377441406  738339.37541634
-0.2789233326911926 -0.22569747269153595 0.05091618001461029 -1.5235810279846191 1.6551110744476318 37.169105529785156  738339.3754164621
-0.2898927927017212 -0.2319488525390625 0.050657760351896286 -1.5210427045822144 1.655417561531067 37.132057189941406  738339.3754165763
-0.30089303851127625 -0.2381945550441742 0.050399526953697205 -1.5175366401672363 1.6538914442062378 37.09496307373047  738339.3754167005
-0.3119239807128906 -0.24443459510803223 0.050142835825681686 -1.5153316259384155 1.653969407081604 37.05727767944336  738339.3754167998
-0.32298657298088074 -0.25066959857940674 0.04988815635442734 -1.5137100219726562 1.6536694765090942 37.0203742980957  738339.3754169237
-0.33408114314079285 -0.25689902901649475 0.049633949995040894 -1.5123693943023682 1.6527708768844604 36.9847297668457  738339.3754170365
-0.24933670461177826 -0.2090660035610199 0.05232314020395279 -1.2859537601470947 1.1756620407104492 38.53714370727539  738339.3754171551
-0.2520783543586731 -0.21040478348731995 0.0523250475525856 -1.286185622215271 1.1756725311279297 38.49860382080078  738339.3754172709
-0.2548368573188782 -0.21174271404743195 0.05232727900147438 -1.2849228382110596 1.175638198852539 38.4609260559082  738339.3754173862
-0.2576148211956024 -0.2130788415670395 0.052328482270240784 -1.2835476398468018 1.1759015321731567 38.422088623046875  738339.3754175047
-0.26041314005851746 -0.21441301703453064 0.05232798308134079 -1.2831562757492065 1.1759685277938843 38.38400650024414  738339.3754176213
-0.26323121786117554 -0.21574492752552032 0.05232653766870499 -1.2818228006362915 1.174288272857666 38.346160888671875  738339.3754177358
-0.26606854796409607 -0.21707332134246826 0.05232536792755127 -1.2797889709472656 1.1737380027770996 38.308433532714844  738339.3754178574
-0.2689250111579895 -0.2183968424797058 0.05232541263103485 -1.2784721851348877 1.1741164922714233 38.27103805541992  738339.3754179663
-0.27179965376853943 -0.21971625089645386 0.05232645943760872 -1.2768242359161377 1.1731988191604614 38.233375549316406  738339.3754180829
-0.27469131350517273 -0.22103357315063477 0.052327919751405716 -1.2737951278686523 1.1744798421859741 38.19645690917969  738339.3754181878
-0.24311788380146027 -0.20545145869255066 0.05227158963680267 -1.202856421470642 1.2817673683166504 38.90481185913086  738339.3754183121
-0.24410444498062134 -0.2057943493127823 0.05228113383054733 -1.2016273736953735 1.281499981880188 38.866146087646484  738339.3754184287
-0.24510890245437622 -0.2061377763748169 0.052289657294750214 -1.2013208866119385 1.2809576988220215 38.8294792175293  738339.3754185402
-0.2461320459842682 -0.20648235082626343 0.05229650437831879 -1.1996097564697266 1.2812131643295288 38.790977478027344  738339.3754186571
-0.24717512726783752 -0.20682936906814575 0.052303098142147064 -1.1978211402893066 1.280953049659729 38.754051208496094  738339.3754187726
-0.24823826551437378 -0.20717936754226685 0.05231008306145668 -1.196596384048462 1.2785823345184326 38.71564483642578  738339.3754188801
-0.24931994080543518 -0.2075311541557312 0.052315760403871536 -1.1944600343704224 1.278262734413147 38.67776870727539  738339.3754190076
-0.2504187226295471 -0.20788316428661346 0.05232025682926178 -1.1941461563110352 1.2781823873519897 38.63975143432617  738339.3754191134
-0.25153446197509766 -0.20823512971401215 0.0523250587284565 -1.1916877031326294 1.2785521745681763 38.60292434692383  738339.3754192425
-0.25266772508621216 -0.2085878998041153 0.05233077332377434 -1.1904089450836182 1.2791069746017456 38.56513977050781  738339.3754193531
-0.24215878546237946 -0.20378483831882477 0.05214439332485199 -1.1881470680236816 1.4147570133209229 39.01771545410156  738339.3754194643
-0.24288399517536163 -0.20393553376197815 0.05215127766132355 -1.1866294145584106 1.4162875413894653 38.97880554199219  738339.3754195872
-0.24362806975841522 -0.20408895611763 0.052158936858177185 -1.1848974227905273 1.4150089025497437 38.941070556640625  738339.375419699
-0.2443913072347641 -0.2042442113161087 0.05216670036315918 -1.1850303411483765 1.415041446685791 38.90206527709961  738339.375419809
-0.24517452716827393 -0.20440112054347992 0.05217578634619713 -1.1839964389801025 1.415084958076477 38.86349868774414  738339.3754199295
-0.24597741663455963 -0.2045605331659317 0.052185170352458954 -1.1831833124160767 1.414806604385376 38.824363708496094  738339.3754200477
-0.24679917097091675 -0.20472297072410583 0.05219384282827377 -1.181147575378418 1.4159854650497437 38.786956787109375  738339.3754201548
-0.24763910472393036 -0.2048885077238083 0.05220208689570427 -1.1793723106384277 1.414454460144043 38.74924850463867  738339.3754202826
-0.24849791824817657 -0.20505692064762115 0.05220970883965492 -1.1778717041015625 1.4142762422561646 38.71110153198242  738339.3754203891
-0.249376580119133 -0.20522789657115936 0.05221676453948021 -1.1761764287948608 1.4142497777938843 38.672882080078125  738339.3754205062
-0.2415291666984558 -0.20264534652233124 0.05208572745323181 -1.1965162754058838 1.5242406129837036 39.053993225097656  738339.3754206245
-0.2421891987323761 -0.20274190604686737 0.05209368094801903 -1.195312261581421 1.524283528327942 39.01560974121094  738339.3754207382
-0.2428705096244812 -0.20284512639045715 0.05210227891802788 -1.194075345993042 1.5246342420578003 38.976287841796875  738339.3754208529
-0.24357356131076813 -0.20295311510562897 0.052110593765974045 -1.193411111831665 1.5247278213500977 38.93943405151367  738339.3754209653
-0.24437165260314941 -0.20307669043540955 0.05211912840604782 -1.1915886402130127 1.5254735946655273 38.90107727050781  738339.3754210852
-0.24511875212192535 -0.2031935304403305 0.0521254763007164 -1.1908247470855713 1.5240867137908936 38.862911224365234  738339.3754211963
-0.24588526785373688 -0.20331567525863647 0.052130721509456635 -1.1879162788391113 1.5232897996902466 38.8249626159668  738339.3754213232
-0.24667231738567352 -0.2034425139427185 0.05213584750890732 -1.1866939067840576 1.522430419921875 38.78646469116211  738339.3754214287
-0.24748125672340393 -0.20357264578342438 0.05214057117700577 -1.1834784746170044 1.5213452577590942 38.74821853637695  738339.3754215508
-0.24831199645996094 -0.20370611548423767 0.05214431509375572 -1.181918978691101 1.5213488340377808 38.709835052490234  738339.3754216648
-0.242635115981102 -0.2022780179977417 0.052052903920412064 -1.2168112993240356 1.6124088764190674 39.0445442199707  738339.3754217755
-0.24336230754852295 -0.20237800478935242 0.052054040133953094 -1.2161823511123657 1.6095921993255615 39.00758361816406  738339.3754218926
-0.24411335587501526 -0.20248083770275116 0.05205630138516426 -1.2152345180511475 1.6092913150787354 38.969825744628906  738339.3754220051
-0.24488849937915802 -0.20258675515651703 0.05205926299095154 -1.2141144275665283 1.607472538948059 38.93132781982422  738339.3754221251
-0.24568676948547363 -0.20269618928432465 0.05206259340047836 -1.2133874893188477 1.6076503992080688 38.89350891113281  738339.3754222429
-0.24650783836841583 -0.20280994474887848 0.05206539109349251 -1.211459994316101 1.6073920726776123 38.8543815612793  738339.3754223541
-0.2473517805337906 -0.2029292732477188 0.05206673592329025 -1.2083014249801636 1.6065232753753662 38.81697463989258  738339.3754224654
-0.24821799993515015 -0.20305512845516205 0.0520683191716671 -1.2070341110229492 1.605872392654419 38.778682708740234  738339.3754225826
-0.2491070032119751 -0.2031869739294052 0.05207115039229393 -1.2057371139526367 1.6064568758010864 38.739341735839844  738339.3754227043
-0.2500196695327759 -0.2033240795135498 0.05207524448633194 -1.2040972709655762 1.6067911386489868 38.701087951660156  738339.3754228096
-0.25095587968826294 -0.2034664750099182 0.052080001682043076 -1.2036921977996826 1.6057093143463135 38.66368865966797  738339.375422937
-0.2446126788854599 -0.20225855708122253 0.052015043795108795 -1.2388590574264526 1.6728105545043945 38.989341735839844  738339.3754230523
-0.24545252323150635 -0.20238074660301208 0.052016373723745346 -1.2378445863723755 1.6711540222167969 38.95173263549805  738339.3754231641
-0.24631617963314056 -0.2025049924850464 0.05201682820916176 -1.2356681823730469 1.6693058013916016 38.91376876831055  738339.3754232819
-0.24720217287540436 -0.2026321440935135 0.05201640725135803 -1.2342480421066284 1.6680659055709839 38.87440872192383  738339.3754234015
-0.2481108009815216 -0.20276422798633575 0.05201589688658714 -1.2324872016906738 1.6690682172775269 38.83552932739258  738339.3754235104
-0.2490440160036087 -0.20290149748325348 0.052015963941812515 -1.2306288480758667 1.6692047119140625 38.797454833984375  738339.375423627
-0.25000229477882385 -0.20304250717163086 0.05201668292284012 -1.2279783487319946 1.669197678565979 38.76020050048828  738339.3754237421
-0.25098392367362976 -0.2031874805688858 0.0520169734954834 -1.2261731624603271 1.6688438653945923 38.72140884399414  738339.3754238581
-0.2519882619380951 -0.20333634316921234 0.0520155169069767 -1.2243659496307373 1.6673810482025146 38.68306350708008  738339.3754239753
-0.24621103703975677 -0.20231696963310242 0.05196952447295189 -1.2671217918395996 1.7141045331954956 38.987979888916016  738339.3754240911
-0.2471446394920349 -0.20244966447353363 0.05196533724665642 -1.2658491134643555 1.7142304182052612 38.94887924194336  738339.3754242059
-0.24810312688350677 -0.20258833467960358 0.05196252465248108 -1.2645246982574463 1.7144101858139038 38.90911102294922  738339.3754243237
-0.24908670783042908 -0.202732652425766 0.05196049436926842 -1.2618123292922974 1.7135891914367676 38.871334075927734  738339.3754244371
-0.25009503960609436 -0.20288296043872833 0.0519583635032177 -1.2592828273773193 1.7130722999572754 38.833438873291016  738339.3754245536
-0.2511274814605713 -0.20303982496261597 0.05195740982890129 -1.258608102798462 1.7123507261276245 38.7955207824707  738339.3754246703
-0.2521835267543793 -0.20320279896259308 0.05195729061961174 -1.2573230266571045 1.7109111547470093 38.75790786743164  738339.3754247824
-0.253263384103775 -0.20337149500846863 0.05195733532309532 -1.2553129196166992 1.7104296684265137 38.719974517822266  738339.3754248975
-0.254368394613266 -0.20354492962360382 0.05195818096399307 -1.2543965578079224 1.709831714630127 38.6818733215332  738339.3754250157
-0.2554989159107208 -0.20372416079044342 0.05195954069495201 -1.2519606351852417 1.7090977430343628 38.64372253417969  738339.3754251312
-0.25665462017059326 -0.20391036570072174 0.05195964127779007 -1.250349760055542 1.708747386932373 38.60550308227539  738339.3754252646
-0.2495298534631729 -0.20274291932582855 0.05191972851753235 -1.2914739847183228 1.7403945922851562 38.9216194152832  738339.375425363
-0.25059789419174194 -0.20291486382484436 0.05191589146852493 -1.2892284393310547 1.7405192852020264 38.88304138183594  738339.3754254743
-0.251692533493042 -0.20309200882911682 0.051912836730480194 -1.2868051528930664 1.7402050495147705 38.84416580200195  738339.375425597
-0.25281408429145813 -0.20327353477478027 0.05190976336598396 -1.2860889434814453 1.7407509088516235 38.80562973022461  738339.3754256997
-0.2539624869823456 -0.2034606784582138 0.051906686276197433 -1.2836625576019287 1.7396856546401978 38.768096923828125  738339.3754258289
-0.25513747334480286 -0.2036537528038025 0.051904063671827316 -1.2822718620300293 1.7408447265625 38.731666564941406  738339.3754259319
-0.2563387155532837 -0.203851580619812 0.051902126520872116 -1.2796452045440674 1.7404812574386597 38.69430923461914  738339.375426054
-0.25756606459617615 -0.20405375957489014 0.0519014373421669 -1.2783126831054688 1.7405766248703003 38.65576171875  738339.3754261732
-0.25881892442703247 -0.20426061749458313 0.051901478320360184 -1.2776176929473877 1.7405786514282227 38.61753463745117  738339.3754262892
-0.25132277607917786 -0.20301662385463715 0.05187835916876793 -1.3157740831375122 1.7599921226501465 38.937381744384766  738339.3754264079
-0.25248900055885315 -0.20320141315460205 0.05187692493200302 -1.3148423433303833 1.7597110271453857 38.93869400024414  738339.3754265216
-0.2536928355693817 -0.20338761806488037 0.05187596380710602 -1.316512107849121 1.7557950019836426 38.949562072753906  738339.3754266369
-0.2549343407154083 -0.2035752236843109 0.051876768469810486 -1.3156347274780273 1.7590078115463257 38.9479866027832  738339.375426752
-0.256213515996933 -0.20376421511173248 0.051880329847335815 -1.3125907182693481 1.7549713850021362 38.954341888427734  738339.3754268691
-0.2575303614139557 -0.20395462214946747 0.05188685655593872 -1.32440984249115 1.7637172937393188 38.940128326416016  738339.3754269744
-0.2588849365711212 -0.2041464000940323 0.051896046847105026 -1.304891586303711 1.7540199756622314 38.95250701904297  738339.3754270978
-0.2602772116661072 -0.20433960855007172 0.0519077368080616 -1.318960428237915 1.7491265535354614 38.9494743347168  738339.3754272184
-0.2617073357105255 -0.20453420281410217 0.05192985385656357 -1.3038610219955444 1.7388403415679932 38.94926834106445  738339.3754273349
-0.2631751000881195 -0.20473012328147888 0.051959339529275894 -1.3188207149505615 1.7379658222198486 38.95228576660156  738339.3754274475
-0.25533610582351685 -0.20348462462425232 0.05194225162267685 -1.3201318979263306 1.747301697731018 39.23055648803711  738339.3754275625
-0.2567295730113983 -0.20365580916404724 0.05198186635971069 -1.3415439128875732 1.7617605924606323 39.225608825683594  738339.3754276759
-0.25816065073013306 -0.20382831990718842 0.05201885849237442 -1.3377732038497925 1.7416168451309204 39.242496490478516  738339.3754277972
-0.2596287429332733 -0.2040020227432251 0.052036434412002563 -1.3438951969146729 1.7420052289962769 39.23416519165039  738339.3754279071
-0.2611345052719116 -0.20417679846286774 0.05205509811639786 -1.3214207887649536 1.725358009338379 39.23079299926758  738339.3754280239
-0.26267850399017334 -0.20435269176959991 0.05209491774439812 -1.339848518371582 1.706283450126648 39.237770080566406  738339.3754281395
-0.26426005363464355 -0.2045295238494873 0.0521443635225296 -1.3145209550857544 1.6870652437210083 39.22138595581055  738339.3754282491
-0.2658781111240387 -0.2047071009874344 0.05218373239040375 -1.301389217376709 1.6728613376617432 39.22834396362305  738339.3754283689
-0.2675318717956543 -0.20488549768924713 0.052202340215444565 -1.3109159469604492 1.646834135055542 39.213600158691406  738339.3754284754
-0.26922106742858887 -0.20506452023983002 0.05220145359635353 -1.2893329858779907 1.6261228322982788 39.22932434082031  738339.3754286044
-0.2709451913833618 -0.2052440047264099 0.052176620811223984 -1.307384729385376 1.6268095970153809 39.21766662597656  738339.3754287201
-0.2608480453491211 -0.20381425321102142 0.05204103887081146 -1.308443307876587 1.601169466972351 39.43265914916992  738339.3754288235
-0.2624509334564209 -0.2039635181427002 0.051981374621391296 -1.3129234313964844 1.566152811050415 39.44573211669922  738339.3754289504
-0.2640889883041382 -0.2041126787662506 0.05192074552178383 -1.3183361291885376 1.563083529472351 39.44365692138672  738339.3754290603
-0.26576194167137146 -0.20426146686077118 0.051856543868780136 -1.2962087392807007 1.523984432220459 39.445960998535156  738339.3754291805
-0.267469584941864 -0.20440974831581116 0.05179412662982941 -1.2809538841247559 1.4934720993041992 39.43061065673828  738339.3754292873
-0.2692111134529114 -0.2045573890209198 0.05172920227050781 -1.2511619329452515 1.450188398361206 39.43505096435547  738339.3754294069
-0.2709856927394867 -0.20470429956912994 0.05165809392929077 -1.2174856662750244 1.3782261610031128 39.438133239746094  738339.3754295326
-0.2727922797203064 -0.20485027134418488 0.05158330500125885 -1.195982813835144 1.3271628618240356 39.418331146240234  738339.3754296413
-0.27462974190711975 -0.20499499142169952 0.051503781229257584 -1.1721668243408203 1.3039634227752686 39.42121887207031  738339.375429754
-0.26343992352485657 -0.20371539890766144 0.05167434737086296 -1.1845319271087646 1.2769023180007935 39.582557678222656  738339.3754298643
-0.2651224434375763 -0.2038344144821167 0.051586005836725235 -1.1543023586273193 1.242701530456543 39.576087951660156  738339.3754299958
-0.26683467626571655 -0.20395171642303467 0.051507946103811264 -1.0907185077667236 1.2123637199401855 39.56722640991211  738339.3754301001
-0.2685755789279938 -0.20406758785247803 0.05143870413303375 -1.049322247505188 1.1774049997329712 39.5701904296875  738339.3754302162
-0.2703438699245453 -0.20418237149715424 0.05136692151427269 -1.0472145080566406 1.1087371110916138 39.574256896972656  738339.3754303288
-0.2721388041973114 -0.2042957842350006 0.05129925534129143 -1.0376232862472534 1.0107197761535645 39.58190155029297  738339.3754304448
-0.2739593982696533 -0.2044069617986679 0.051244378089904785 -1.0710622072219849 0.9248355031013489 39.593135833740234  738339.3754305588
-0.2758044898509979 -0.204514741897583 0.05119885876774788 -1.0736596584320068 0.8235710859298706 39.58399200439453  738339.3754306791
-0.2776731252670288 -0.20461782813072205 0.051166098564863205 -1.0373444557189941 0.6892904043197632 39.57373809814453  738339.3754308012
-0.2795635759830475 -0.20471511781215668 0.05114997178316116 -1.0058317184448242 0.5738565921783447 39.577049255371094  738339.3754309047
-0.26793932914733887 -0.20377233624458313 0.05159328132867813 -0.9662817716598511 0.5116777420043945 39.70901870727539  738339.375431021
-0.269652783870697 -0.20385371148586273 0.05157560110092163 -0.8901073932647705 0.35178127884864807 39.72641372680664  738339.3754311481
-0.271382212638855 -0.20392753183841705 0.051565662026405334 -0.8294547200202942 0.18635833263397217 39.72916030883789  738339.3754312659
-0.2731248736381531 -0.20399273931980133 0.05158182606101036 -0.779132068157196 0.04921421408653259 39.74300003051758  738339.3754313672
-0.27505385875701904 -0.20405346155166626 0.051621854305267334 -0.7081038355827332 -0.11880737543106079 39.74246597290039  738339.3754314919
-0.2768157124519348 -0.20409783720970154 0.05167405679821968 -0.5741965174674988 -0.3076098561286926 39.704078674316406  738339.375431605
-0.27858179807662964 -0.2041310966014862 0.0517563633620739 -0.41752922534942627 -0.4555736482143402 39.64717483520508  738339.3754317268
-0.28034818172454834 -0.20415334403514862 0.051867421716451645 -0.26349639892578125 -0.6518043875694275 39.584556579589844  738339.3754318365
-0.28211086988449097 -0.20416492223739624 0.05199112370610237 -0.07015205174684525 -0.9306191802024841 39.543697357177734  738339.3754319588
-0.28386470675468445 -0.20416545867919922 0.05213463306427002 0.11732590198516846 -1.2091755867004395 39.49818801879883  738339.3754320672
-0.2707898020744324 -0.20375831425189972 0.052867043763399124 0.3135190010070801 -1.2961546182632446 39.51837158203125  738339.3754321814
-0.27231746912002563 -0.20377765595912933 0.05306955426931381 0.5808624029159546 -1.5825573205947876 39.43892288208008  738339.375432309
-0.27382081747055054 -0.20378711819648743 0.05328664556145668 0.8919331431388855 -1.8934160470962524 39.33457946777344  738339.3754324157
-0.27529266476631165 -0.2037874013185501 0.053516220301389694 1.18366277217865 -2.1494967937469482 39.2198371887207  738339.3754325387
-0.2767261266708374 -0.20377953350543976 0.05375324562191963 1.5114946365356445 -2.4529147148132324 39.08705139160156  738339.3754326547
-0.2781134247779846 -0.2037646621465683 0.05401020124554634 1.8614362478256226 -2.770415782928467 38.95172119140625  738339.3754327568
-0.27944594621658325 -0.2037440836429596 0.05429616570472717 2.2287285327911377 -3.0862159729003906 38.802345275878906  738339.3754328729
-0.2807159125804901 -0.20371942222118378 0.054602932184934616 2.6414175033569336 -3.394920587539673 38.6369743347168  738339.3754329964
-0.28191548585891724 -0.20369283854961395 0.05492120981216431 3.0573389530181885 -3.72092342376709 38.4470329284668  738339.3754331055
-0.28303635120391846 -0.2036667913198471 0.05524487793445587 3.490415573120117 -4.072818756103516 38.294456481933594  738339.3754332233
-0.26978838443756104 -0.20268724858760834 0.05635538324713707 3.813685417175293 -4.272681713104248 38.26101303100586  738339.3754333376
-0.27056315541267395 -0.20267489552497864 0.05671389400959015 4.149969577789307 -4.651805877685547 38.12062454223633  738339.3754334636
-0.27123793959617615 -0.2026691734790802 0.0570489801466465 4.391032695770264 -5.026183128356934 37.96831512451172  738339.3754335725
-0.2718059718608856 -0.20267027616500854 0.05735115706920624 4.608781337738037 -5.400406837463379 37.83193588256836  738339.3754336834
-0.2722589671611786 -0.20267775654792786 0.05762767046689987 4.749836444854736 -5.777515411376953 37.70972442626953  738339.3754337935
-0.27259165048599243 -0.20269037783145905 0.05786630138754845 4.844616413116455 -6.145223140716553 37.587890625  738339.375433916
-0.27279800176620483 -0.2027062475681305 0.05806645750999451 4.871852874755859 -6.493126392364502 37.44498825073242  738339.3754340325
-0.2728719115257263 -0.2027229219675064 0.05823289602994919 4.719122409820557 -6.739951133728027 37.264095306396484  738339.3754341474
-0.2728099524974823 -0.20273707807064056 0.05836553871631622 4.3850626945495605 -6.854178428649902 37.06053161621094  738339.3754342656
-0.2726113200187683 -0.20274408161640167 0.0584699921309948 3.9358484745025635 -6.833521366119385 36.81424331665039  738339.3754343905
-0.27228009700775146 -0.2027388960123062 0.05853993073105812 3.392200231552124 -6.770270347595215 36.543792724609375  738339.3754345063
-0.25596165657043457 -0.201209157705307 0.05997282639145851 2.9926562309265137 -6.705395221710205 36.361568450927734  738339.3754346075
-0.2550544738769531 -0.2011527121067047 0.05999051034450531 2.480968475341797 -6.527050495147705 36.02667236328125  738339.3754347276
-0.2540305554866791 -0.20106878876686096 0.05998089909553528 2.016430139541626 -6.280403137207031 35.687618255615234  738339.3754348423
-0.25289463996887207 -0.2009524405002594 0.05997040495276451 1.6346393823623657 -5.980648517608643 35.33267593383789  738339.3754349498
-0.25165271759033203 -0.20080043375492096 0.059977997094392776 1.3554136753082275 -5.584029197692871 34.97085952758789  738339.375435075
-0.25031164288520813 -0.20061169564723969 0.06001792475581169 1.207218050956726 -5.1114373207092285 34.60746383666992  738339.3754351843
-0.24887903034687042 -0.20038792490959167 0.06009844318032265 1.1920875310897827 -4.622912406921387 34.23508834838867  738339.3754353075
-0.24736154079437256 -0.2001330554485321 0.06023344770073891 1.2925224304199219 -4.117210388183594 33.86394119262695  738339.3754354253
-0.24576513469219208 -0.19985315203666687 0.06043536216020584 1.4575235843658447 -3.588679790496826 33.50151062011719  738339.3754355363
-0.23383484780788422 -0.19426262378692627 0.06265300512313843 1.2800990343093872 -3.3050734996795654 33.35695266723633  738339.3754356572
-0.2319444715976715 -0.19369874894618988 0.06302757561206818 1.417177438735962 -2.850234270095825 32.98191452026367  738339.3754357769
-0.22999335825443268 -0.19312547147274017 0.06347376853227615 1.4607126712799072 -2.5069191455841064 32.590309143066406  738339.3754358888
-0.22798606753349304 -0.19254840910434723 0.06400564312934875 1.4483528137207031 -2.1723878383636475 32.19279861450195  738339.3754359955
-0.22592775523662567 -0.19197149574756622 0.06462462246417999 1.3367594480514526 -1.9209359884262085 31.78110122680664  738339.3754361201
-0.22382380068302155 -0.1913967728614807 0.0653272196650505 1.170841932296753 -1.6740280389785767 31.379390716552734  738339.3754362268
-0.2216794490814209 -0.1908246874809265 0.06611615419387817 1.0195308923721313 -1.4376285076141357 30.97688102722168  738339.3754363465
-0.21949972212314606 -0.1902553290128708 0.06700418889522552 0.8893323540687561 -1.2138217687606812 30.564441680908203  738339.3754364635
-0.2172892689704895 -0.18968893587589264 0.06800832599401474 0.7732265591621399 -0.9862144589424133 30.147798538208008  738339.3754365778
-0.21505305171012878 -0.18912586569786072 0.06913001835346222 0.6750906109809875 -0.7624989151954651 29.710063934326172  738339.3754366958
-0.2127956598997116 -0.18856671452522278 0.07037705183029175 0.5791723728179932 -0.48570945858955383 29.275697708129883  738339.375436799
-0.20049229264259338 -0.1882028430700302 0.07314470410346985 0.6460182666778564 -0.240593820810318 28.845006942749023  738339.3754369236
-0.1979820877313614 -0.18769244849681854 0.07470755279064178 0.6025210022926331 0.07288391143083572 28.407447814941406  738339.3754370365
-0.19546520709991455 -0.18719246983528137 0.0764254778623581 0.5834235548973083 0.4345480799674988 27.95865821838379  738339.3754371579
-0.1929480880498886 -0.1867056041955948 0.07829151302576065 0.5710347890853882 0.8388059735298157 27.504920959472656  738339.375437271
-0.1904374361038208 -0.1862347275018692 0.08028554171323776 0.5559898018836975 1.3177542686462402 27.039905548095703  738339.3754373875
-0.18794135749340057 -0.18578357994556427 0.0824124664068222 0.5325871109962463 1.8060914278030396 26.563251495361328  738339.375437506
-0.18546874821186066 -0.18535597622394562 0.08467616885900497 0.5165449976921082 2.319657802581787 26.093881607055664  738339.3754376264
-0.18302838504314423 -0.18495534360408783 0.08706320822238922 0.4875112473964691 2.834263801574707 25.62412452697754  738339.3754377483
-0.180628702044487 -0.18458464741706848 0.08955325931310654 0.4601946473121643 3.3210978507995605 25.15144920349121  738339.3754378501
-0.16929888725280762 -0.18413740396499634 0.0938994288444519 0.5950775742530823 3.5288617610931396 24.72569465637207  738339.3754379635
-0.16673597693443298 -0.1838456690311432 0.09667256474494934 0.5502142906188965 3.9101908206939697 24.243202209472656  738339.3754380731
-0.16423527896404266 -0.18359385430812836 0.09957676380872726 0.48638322949409485 4.25270938873291 23.751144409179688  738339.3754381936
-0.16180332005023956 -0.1833828240633011 0.10260224342346191 0.37784770131111145 4.508805751800537 23.246490478515625  738339.3754383512
-0.15944457054138184 -0.18321159482002258 0.10572391003370285 0.22783154249191284 4.722512722015381 22.731056213378906  738339.3754384589
-0.1571623682975769 -0.18307796120643616 0.1089160218834877 0.029704701155424118 4.89724063873291 22.210248947143555  738339.3754385452
-0.15496210753917694 -0.1829797476530075 0.11218529939651489 -0.15806983411312103 5.099018096923828 21.68488311767578  738339.375438659
-0.15284891426563263 -0.18291419744491577 0.11553376168012619 -0.3240797519683838 5.298573970794678 21.151100158691406  738339.375438776
-0.15082615613937378 -0.18287833034992218 0.11894389986991882 -0.44243520498275757 5.546573638916016 20.629465103149414  738339.3754388851
-0.1488969326019287 -0.18286985158920288 0.12239530682563782 -0.4971182644367218 5.792791366577148 20.104276657104492  738339.3754390164
-0.14005115628242493 -0.18352888524532318 0.12575355172157288 -0.3073981702327728 5.721753120422363 19.87697982788086  738339.3754391244
-0.13803918659687042 -0.18361198902130127 0.1292715221643448 -0.2841493487358093 5.983465671539307 19.362428665161133  738339.3754392384
-0.13612665235996246 -0.18372412025928497 0.13281723856925964 -0.24795730412006378 6.2623701095581055 18.850421905517578  738339.3754393504
-0.13431842625141144 -0.18386651575565338 0.1363925337791443 -0.21208816766738892 6.543555736541748 18.351449966430664  738339.3754394704
-0.13262060284614563 -0.18404079973697662 0.1400090903043747 -0.18928474187850952 6.833232879638672 17.86136245727539  738339.375439579
-0.1310390830039978 -0.18424835801124573 0.14367376267910004 -0.1712551712989807 7.1285481452941895 17.382423400878906  738339.3754397059
-0.12957704067230225 -0.18448953330516815 0.14736922085285187 -0.15344183146953583 7.406197547912598 16.9172420501709  738339.3754398184
-0.1282382309436798 -0.1847647726535797 0.15108522772789001 -0.17171530425548553 7.626488208770752 16.45153045654297  738339.3754399272
-0.12702834606170654 -0.185074582695961 0.15483076870441437 -0.2058190554380417 7.798849582672119 15.99665355682373  738339.3754400513
-0.12595073878765106 -0.18541830778121948 0.15860247611999512 -0.24299848079681396 7.921541213989258 15.546530723571777  738339.3754401557
-0.12500853836536407 -0.18579503893852234 0.16240178048610687 -0.2858307957649231 7.980636119842529 15.105823516845703  738339.3754402818
-0.12172605097293854 -0.18589529395103455 0.16648434102535248 -0.4425080120563507 7.917692184448242 14.843818664550781  738339.3754403858
-0.12100110203027725 -0.18627479672431946 0.17034678161144257 -0.4926627576351166 7.879136562347412 14.407373428344727  738339.3754405103
-0.12041602283716202 -0.1866808980703354 0.17425298690795898 -0.5282790064811707 7.812094211578369 13.988054275512695  738339.3754406155
-0.1199694573879242 -0.1871114820241928 0.17819732427597046 -0.5503077507019043 7.719061851501465 13.564984321594238  738339.3754407376
-0.11965911835432053 -0.18756450712680817 0.18217121064662933 -0.5841942429542542 7.628543853759766 13.162562370300293  738339.3754408596
-0.11948326230049133 -0.18803812563419342 0.1861715316772461 -0.6029368042945862 7.52030611038208 12.765586853027344  738339.3754409689
-0.11944027990102768 -0.1885305494070053 0.19019755721092224 -0.5916118025779724 7.439557075500488 12.37644100189209  738339.3754410831
-0.11952822655439377 -0.18904045224189758 0.1942458301782608 -0.5882519483566284 7.373315334320068 11.996724128723145  738339.3754411982
-0.11974743753671646 -0.18956701457500458 0.1983281522989273 -0.5607924461364746 7.318598747253418 11.627898216247559  738339.3754413158
-0.1187739446759224 -0.19140714406967163 0.20461997389793396 -0.6679477095603943 7.297705173492432 11.280442237854004  738339.3754414289
-0.11926040798425674 -0.19193270802497864 0.208824023604393 -0.6270811557769775 7.262403964996338 10.926493644714355  738339.3754415478
-0.11987412720918655 -0.19247087836265564 0.21304431557655334 -0.5899176001548767 7.2020463943481445 10.581413269042969  738339.3754416598
-0.12061501294374466 -0.1930215060710907 0.21728718280792236 -0.5789600014686584 7.107244968414307 10.240789413452148  738339.3754417802
-0.12148158252239227 -0.19358398020267487 0.22155186533927917 -0.5833309292793274 6.98199462890625 9.903854370117188  738339.3754418982
-0.12247076630592346 -0.1941571682691574 0.2258284091949463 -0.5924476385116577 6.828559398651123 9.575136184692383  738339.3754420044
-0.12357964366674423 -0.19473980367183685 0.23011213541030884 -0.6115971803665161 6.625232696533203 9.250038146972656  738339.375442126
-0.1249334067106247 -0.19538994133472443 0.23482640087604523 -0.6387836933135986 6.369386672973633 8.901443481445312  738339.3754422496
-0.1262834370136261 -0.19598762691020966 0.23912625014781952 -0.6547123193740845 6.105014324188232 8.591419219970703  738339.3754423603
-0.12774191796779633 -0.19658999145030975 0.24343366920948029 -0.6774190068244934 5.818117618560791 8.28477954864502  738339.3754424754
-0.12930306792259216 -0.19719544053077698 0.24773746728897095 -0.6872633099555969 5.5373430252075195 7.987759590148926  738339.3754425904
-0.12971045076847076 -0.20063547790050507 0.2537296712398529 -0.8771970272064209 5.350984573364258 7.6875739097595215  738339.3754427085
-0.13149750232696533 -0.2012208104133606 0.25806501507759094 -0.8788585662841797 5.072567939758301 7.403319358825684  738339.3754428277
-0.1333746463060379 -0.20180246233940125 0.26239386200904846 -0.8856281042098999 4.817765235900879 7.12814474105835  738339.3754429363
-0.13533657789230347 -0.20237943530082703 0.2667069733142853 -0.8647646307945251 4.5684494972229 6.861492156982422  738339.3754430632
-0.13737936317920685 -0.20295093953609467 0.2710084915161133 -0.840695321559906 4.324943542480469 6.609920978546143  738339.375443171
-0.13949944078922272 -0.20351648330688477 0.2753075957298279 -0.8299091458320618 4.081884860992432 6.3617072105407715  738339.3754432874
-0.14169272780418396 -0.20407557487487793 0.2796061336994171 -0.8108762502670288 3.863290548324585 6.124026298522949  738339.3754433986
-0.14395397901535034 -0.2046278864145279 0.283886194229126 -0.8018296957015991 3.6026830673217773 5.893662929534912  738339.375443507
-0.14627830684185028 -0.20517310500144958 0.2881333529949188 -0.7984697818756104 3.3552725315093994 5.665172576904297  738339.3754436333
-0.14627830684185028 -0.20517310500144958 0.2881333529949188 -0.7984697818756104 3.3552725315093994 5.665172576904297  738339.3754437375
-0.14829549193382263 -0.21121296286582947 0.2960389256477356 -0.8902615308761597 2.9287960529327393 5.265321731567383  738339.3754438618
-0.15079519152641296 -0.21179446578025818 0.30018946528434753 -0.9064497351646423 2.6649980545043945 5.055877208709717  738339.375443977
-0.15334294736385345 -0.21236500144004822 0.30431678891181946 -0.9255730509757996 2.3878724575042725 4.855334758758545  738339.3754440936
-0.15593425929546356 -0.21292375028133392 0.3084213435649872 -0.9453328251838684 2.1040256023406982 4.663572311401367  738339.3754442054
-0.1585642397403717 -0.2134699523448944 0.3124980032444 -0.9764304757118225 1.8172240257263184 4.477292060852051  738339.3754443221
-0.16122804582118988 -0.21400274336338043 0.3165431618690491 -1.0062745809555054 1.5277599096298218 4.30482292175293  738339.3754444438
-0.1639208048582077 -0.21452125906944275 0.3205529749393463 -1.0278671979904175 1.2502909898757935 4.133569717407227  738339.3754445625
-0.16663746535778046 -0.2150249183177948 0.32451051473617554 -1.0560210943222046 0.9869726300239563 3.9696109294891357  738339.3754446756
-0.1693735122680664 -0.21551312506198883 0.3284071683883667 -1.0719056129455566 0.7276651263237 3.820627450942993  738339.3754447955
-0.17169679701328278 -0.22092410922050476 0.33077508211135864 -0.6288996934890747 0.9097923636436462 3.8906233310699463  738339.3754449049
-0.1746123731136322 -0.22167690098285675 0.33448851108551025 -0.6284263134002686 0.673130214214325 3.740260362625122  738339.3754450168
-0.1775415986776352 -0.22242040932178497 0.3381430208683014 -0.6298125386238098 0.4302908480167389 3.6001791954040527  738339.3754451375
-0.18048055469989777 -0.22315439581871033 0.3417351245880127 -0.66322922706604 0.1792650818824768 3.469273090362549  738339.3754452504
-0.18342526257038116 -0.22387856245040894 0.34524789452552795 -0.7268646359443665 -0.07439540326595306 3.338819742202759  738339.3754453557
-0.1863718330860138 -0.22459186613559723 0.3486882448196411 -0.8097991943359375 -0.34217071533203125 3.2192559242248535  738339.3754454815
-0.1893160045146942 -0.2252926230430603 0.35207754373550415 -0.9259240627288818 -0.6144379377365112 3.1037466526031494  738339.3754455992
-0.1922534704208374 -0.2259790450334549 0.35541343688964844 -1.0457384586334229 -0.894079327583313 2.991952896118164  738339.3754457145
-0.1951799839735031 -0.22664916515350342 0.35868948698043823 -1.169558048248291 -1.1576603651046753 2.8835062980651855  738339.375445829
-0.19809117913246155 -0.22730079293251038 0.36190709471702576 -1.289072036743164 -1.4075430631637573 2.7831778526306152  738339.3754459475
-0.20098279416561127 -0.22793160378932953 0.3650739789009094 -1.3943334817886353 -1.6471089124679565 2.682468891143799  738339.3754460759
-0.1990395337343216 -0.2296210676431656 0.36933189630508423 -1.463079571723938 -1.6772279739379883 2.5186822414398193  738339.3754461677
-0.20187875628471375 -0.23023003339767456 0.37246060371398926 -1.530151128768921 -1.8936164379119873 2.4321372509002686  738339.3754462878
-0.2046891450881958 -0.23081263899803162 0.3755705654621124 -1.5749841928482056 -2.08728289604187 2.3484482765197754  738339.3754464139
-0.2074674516916275 -0.23136800527572632 0.3786561191082001 -1.6072622537612915 -2.2438154220581055 2.2716357707977295  738339.3754465292
-0.2102108895778656 -0.23189552128314972 0.38171306252479553 -1.6375333070755005 -2.3951101303100586 2.2010750770568848  738339.3754466388
-0.21291668713092804 -0.23239445686340332 0.3847465217113495 -1.6488795280456543 -2.5305733680725098 2.1264455318450928  738339.3754467479
-0.21558208763599396 -0.23286421597003937 0.38776320219039917 -1.6537916660308838 -2.644622325897217 2.065960168838501  738339.3754468737
-0.2182050496339798 -0.23330466449260712 0.39076122641563416 -1.6832655668258667 -2.7778303623199463 2.0026984214782715  738339.3754469818
-0.22078406810760498 -0.23371589183807373 0.39372819662094116 -1.7159699201583862 -2.898397207260132 1.9359039068222046  738339.3754471197
-0.215802401304245 -0.2344561070203781 0.3985075056552887 -1.9391175508499146 -2.960453748703003 1.7691569328308105  738339.3754472159
-0.21819517016410828 -0.23473893105983734 0.4014136791229248 -1.9788081645965576 -3.1119916439056396 1.710344672203064  738339.3754473365
-0.2207718938589096 -0.23501193523406982 0.40454256534576416 -2.0253987312316895 -3.2579426765441895 1.6513864994049072  738339.3754474355
-0.22306209802627563 -0.23522503674030304 0.40731844305992126 -2.065425157546997 -3.3790321350097656 1.6035948991775513  738339.3754475621
-0.22529953718185425 -0.23540349304676056 0.4100413918495178 -2.084379196166992 -3.492335081100464 1.5600045919418335  738339.3754476776
-0.22748161852359772 -0.23554638028144836 0.4127223491668701 -2.087355613708496 -3.5771636962890625 1.5153136253356934  738339.3754477941
-0.22960658371448517 -0.23565344512462616 0.4153628647327423 -2.068011522293091 -3.6496827602386475 1.4773517847061157  738339.375447916
-0.23167335987091064 -0.23572497069835663 0.41795849800109863 -2.0277743339538574 -3.719484329223633 1.4433314800262451  738339.3754480303
-0.2336815446615219 -0.2357618808746338 0.4204970598220825 -1.9751757383346558 -3.782118797302246 1.4103060960769653  738339.3754481416
-0.23563092947006226 -0.23576542735099792 0.4229646623134613 -1.9084458351135254 -3.8299100399017334 1.3819661140441895  738339.3754482574
-0.23752088844776154 -0.235736683011055 0.4253568947315216 -1.833190679550171 -3.8956360816955566 1.3523203134536743  738339.3754483728
-0.22895745933055878 -0.2377272993326187 0.42953217029571533 -1.9925713539123535 -3.8992767333984375 1.2554882764816284  738339.3754484879
-0.22895745933055878 -0.2377272993326187 0.42953217029571533 -1.9925713539123535 -3.8992767333984375 1.2554882764816284  738339.3754486042
-0.23057842254638672 -0.2375810742378235 0.43182918429374695 -1.9292739629745483 -3.9697399139404297 1.2326533794403076  738339.3754487233
-0.23213745653629303 -0.23740217089653015 0.4340566396713257 -1.874518871307373 -4.047875881195068 1.2082000970840454  738339.3754488379
-0.23363295197486877 -0.2371913492679596 0.4362201392650604 -1.8112260103225708 -4.123806953430176 1.1840766668319702  738339.3754489503
-0.23506294190883636 -0.23694922029972076 0.4383295178413391 -1.7747923135757446 -4.208887100219727 1.1622180938720703  738339.3754490685
-0.2364247888326645 -0.23667603731155396 0.4404025673866272 -1.7227791547775269 -4.271224498748779 1.1455217599868774  738339.3754491754
-0.23771564662456512 -0.23637184500694275 0.44246047735214233 -1.6634225845336914 -4.3408331871032715 1.1245352029800415  738339.3754492998
-0.23893316090106964 -0.23603712022304535 0.4445190727710724 -1.6137473583221436 -4.421687126159668 1.1070876121520996  738339.3754494163
-0.22850032150745392 -0.23922008275985718 0.4493568241596222 -1.7335669994354248 -4.520918846130371 0.9739878177642822  738339.3754495247
-0.22937113046646118 -0.2388208955526352 0.4514513313770294 -1.66681969165802 -4.616184234619141 0.9564284682273865  738339.3754496438
-0.2301659882068634 -0.2383919358253479 0.4535217583179474 -1.6079133749008179 -4.740428924560547 0.944665253162384  738339.3754497608
-0.23088273406028748 -0.23793411254882812 0.45557188987731934 -1.5523359775543213 -4.866175174713135 0.9351810216903687  738339.3754498751
-0.23151859641075134 -0.23744815587997437 0.4576092064380646 -1.4998193979263306 -4.982292652130127 0.9220030307769775  738339.375450014
-0.2320716381072998 -0.23693503439426422 0.4596318006515503 -1.4533957242965698 -5.105687618255615 0.9125276207923889  738339.3754501067
-0.2325402945280075 -0.2363956868648529 0.46163442730903625 -1.4018158912658691 -5.204986572265625 0.9027212858200073  738339.3754502223
-0.2329220324754715 -0.23583073914051056 0.46362388134002686 -1.351738452911377 -5.313746929168701 0.8941693902015686  738339.3754503377
-0.23321402072906494 -0.23524075746536255 0.46561136841773987 -1.291407823562622 -5.427514553070068 0.8882527947425842  738339.3754504563
-0.23341436684131622 -0.23462669551372528 0.4675963521003723 -1.237093210220337 -5.54038667678833 0.8844178318977356  738339.3754505668
-0.23352204263210297 -0.23398971557617188 0.4695691764354706 -1.1605228185653687 -5.649639129638672 0.8803605437278748  738339.37545071
-0.21934330463409424 -0.2377232015132904 0.47292885184288025 -1.3138748407363892 -5.87522029876709 0.7608695030212402  738339.3754507998
-0.21897928416728973 -0.23702652752399445 0.47490623593330383 -1.2211731672286987 -6.00037956237793 0.7549190521240234  738339.375450924
-0.21851593255996704 -0.23630720376968384 0.47686079144477844 -1.1180188655853271 -6.126167297363281 0.7560575604438782  738339.3754510297
-0.21794869005680084 -0.2355663776397705 0.4788149893283844 -1.022255539894104 -6.24270486831665 0.7656278014183044  738339.3754511513
-0.2172735333442688 -0.2348053902387619 0.48078596591949463 -0.9254804253578186 -6.337378025054932 0.7688985466957092  738339.3754512544
-0.21648932993412018 -0.23402602970600128 0.4827670156955719 -0.8439627289772034 -6.413652420043945 0.7759776711463928  738339.3754513713
-0.21559558808803558 -0.23322993516921997 0.4847491979598999 -0.7624247074127197 -6.467519760131836 0.793822169303894  738339.3754514907
-0.21459105610847473 -0.23241843283176422 0.4867335259914398 -0.6789717078208923 -6.496078968048096 0.802219033241272  738339.3754516148
-0.2134733647108078 -0.23159274458885193 0.4887344241142273 -0.6117889285087585 -6.512569427490234 0.820908784866333  738339.3754517317
-0.19761325418949127 -0.23646599054336548 0.4926045835018158 -0.700089156627655 -6.674039363861084 0.7575960755348206  738339.3754518373
-0.19595873355865479 -0.23565499484539032 0.49468594789505005 -0.6353513598442078 -6.681271076202393 0.7762122750282288  738339.3754519612
-0.19418716430664062 -0.23483067750930786 0.49678751826286316 -0.5809392333030701 -6.692089080810547 0.7983698844909668  738339.3754520696
-0.19229654967784882 -0.23399384319782257 0.4989249110221863 -0.5257042646408081 -6.71151065826416 0.821441113948822  738339.3754521828
-0.19028517603874207 -0.2331453114748001 0.5011100769042969 -0.4705350697040558 -6.706752777099609 0.8492803573608398  738339.3754522997
-0.1881531924009323 -0.23228603601455688 0.5033408999443054 -0.409084290266037 -6.681233882904053 0.8722445964813232  738339.3754524213
-0.18590115010738373 -0.23141704499721527 0.5056149959564209 -0.34077903628349304 -6.612542152404785 0.9009813070297241  738339.3754525342
-0.18352967500686646 -0.2305394560098648 0.5079346299171448 -0.2682294547557831 -6.511245250701904 0.9342250227928162  738339.3754526484
-0.18103981018066406 -0.229654461145401 0.5103043913841248 -0.18257692456245422 -6.388928413391113 0.9589088559150696  738339.3754527626
-0.17843379080295563 -0.22876350581645966 0.5127224326133728 -0.1307820975780487 -6.221840858459473 0.986638605594635  738339.3754528969
-0.16173456609249115 -0.23448331654071808 0.5156057476997375 -0.18841904401779175 -6.260621070861816 0.939704179763794  738339.3754530009
-0.15857653319835663 -0.23364436626434326 0.5180962085723877 -0.10173403471708298 -6.076093673706055 0.9668986797332764  738339.375453106
-0.15530778467655182 -0.23280099034309387 0.5206321477890015 -0.03807322680950165 -5.884249687194824 0.9975181221961975  738339.375453236
-0.15193328261375427 -0.23195454478263855 0.5231984257698059 0.024410530924797058 -5.650969982147217 1.026984691619873  738339.3754533504
-0.14845755696296692 -0.23110616207122803 0.5257868766784668 0.07313193380832672 -5.411380767822266 1.0576272010803223  738339.3754534649
-0.1448839008808136 -0.2302568256855011 0.5284071564674377 0.1040172204375267 -5.126941204071045 1.082119345664978  738339.3754535813
-0.1412174105644226 -0.22940729558467865 0.5310544967651367 0.11744552105665207 -4.82509183883667 1.1111900806427002  738339.3754536994
-0.13746322691440582 -0.2285580039024353 0.5337290167808533 0.12484262883663177 -4.50205659866333 1.1394966840744019  738339.3754538075
-0.13362659513950348 -0.22770918905735016 0.536435067653656 0.14304055273532867 -4.164301872253418 1.168952226638794  738339.3754539201
-0.12971393764019012 -0.2268611639738083 0.5391646027565002 0.16358551383018494 -3.808579921722412 1.1939599514007568  738339.3754540375
-0.12573176622390747 -0.22601434588432312 0.5419108867645264 0.19233570992946625 -3.4415407180786133 1.2166228294372559  738339.3754541529
-0.10688488930463791 -0.2338603436946869 0.5453130602836609 0.23180870711803436 -3.3462939262390137 1.1701792478561401  738339.3754542645
-0.10242722183465958 -0.23316112160682678 0.5480905771255493 0.2831442058086395 -2.988874912261963 1.1889220476150513  738339.3754543841
-0.09791422635316849 -0.2324652522802353 0.5508869290351868 0.3576495349407196 -2.6111297607421875 1.207683801651001  738339.3754545058
-0.09335266798734665 -0.23177388310432434 0.5536924004554749 0.39902958273887634 -2.2422611713409424 1.2209304571151733  738339.3754546138
-0.08874914050102234 -0.23108813166618347 0.5565035343170166 0.4288197457790375 -1.8388293981552124 1.2391479015350342  738339.3754547297
-0.08411052078008652 -0.2304086685180664 0.5593113303184509 0.42539697885513306 -1.4162325859069824 1.2436670064926147  738339.3754548461
-0.07944411039352417 -0.22973579168319702 0.5621039867401123 0.40430524945259094 -0.9534812569618225 1.2521830797195435  738339.3754549602
-0.07475750893354416 -0.22906938195228577 0.5648671388626099 0.37740659713745117 -0.4923921525478363 1.2489185333251953  738339.3754550793
-0.0700584128499031 -0.22840917110443115 0.5675941705703735 0.3336000144481659 -0.005776337813585997 1.2503772974014282  738339.3754551943
-0.05419553816318512 -0.2378782480955124 0.5691941976547241 0.4396597445011139 0.156191885471344 1.193420648574829  738339.3754553082
-0.04917610064148903 -0.23745964467525482 0.5718125700950623 0.4080151915550232 0.6272001266479492 1.1837635040283203  738339.3754554278
-0.04416242986917496 -0.23704813420772552 0.5743876695632935 0.3879488408565521 1.0916537046432495 1.178066611289978  738339.3754555384
-0.03916192427277565 -0.23664335906505585 0.5769076347351074 0.3691721558570862 1.5299272537231445 1.1695647239685059  738339.3754556599
-0.03418176993727684 -0.23624511063098907 0.5793681740760803 0.3389362394809723 1.9921122789382935 1.1675488948822021  738339.375455774
-0.02922959066927433 -0.23585323989391327 0.5817806720733643 0.2721472680568695 2.4449262619018555 1.1620237827301025  738339.3754558818
-0.024313637986779213 -0.23546724021434784 0.5841610431671143 0.19974127411842346 2.9215962886810303 1.1508723497390747  738339.3754560037
-0.0194418802857399 -0.2350861132144928 0.5865134596824646 0.1220836341381073 3.375720977783203 1.1371222734451294  738339.37545612
-0.014621695503592491 -0.2347087264060974 0.5888306498527527 0.04705710709095001 3.8282508850097656 1.1260343790054321  738339.3754562318
-0.009860046207904816 -0.23433396220207214 0.5911046266555786 -0.030961045995354652 4.252322673797607 1.1076337099075317  738339.3754563455
-0.005164246074855328 -0.23396067321300507 0.5933361053466797 -0.09425108879804611 4.666238784790039 1.0921276807785034  738339.3754564745
0.008878681808710098 -0.24525180459022522 0.5957857966423035 0.11667852848768234 4.8697829246521 1.0423513650894165  738339.3754565796
0.013649895787239075 -0.24518755078315735 0.5979248881340027 0.04801202937960625 5.2172956466674805 1.021040439605713  738339.3754566999
0.01833883672952652 -0.2451261729001999 0.6000193357467651 -0.0018762252293527126 5.540801048278809 1.0007680654525757  738339.3754568006
0.02293943613767624 -0.24506674706935883 0.6020739674568176 -0.08224885910749435 5.831188201904297 0.9813650250434875  738339.375456927
0.027446459978818893 -0.24500827491283417 0.604089617729187 -0.17338481545448303 6.139214992523193 0.9695616364479065  738339.3754570473
0.031854916363954544 -0.24494941532611847 0.6060662865638733 -0.2893263101577759 6.4464569091796875 0.9504300355911255  738339.3754571576
0.036160510033369064 -0.2448885291814804 0.6079964637756348 -0.4299364984035492 6.747601509094238 0.9348116517066956  738339.3754572696
0.04035988450050354 -0.24482367932796478 0.6098660230636597 -0.5802679061889648 7.052791595458984 0.9225044250488281  738339.3754573872
0.044448480010032654 -0.24475261569023132 0.6116718053817749 -0.7609577775001526 7.337698936462402 0.9139614105224609  738339.3754574966
0.05420895293354988 -0.25469014048576355 0.613541305065155 -0.7387465238571167 7.557931900024414 0.8606635928153992  738339.375457624
0.058187611401081085 -0.2548432946205139 0.6152513027191162 -0.9172024726867676 7.826173782348633 0.8632500171661377  738339.3754577277
0.06204160675406456 -0.2549850046634674 0.6169036030769348 -1.0724340677261353 8.067388534545898 0.8643249869346619  738339.3754578509
0.06576541066169739 -0.2551124393939972 0.6185072660446167 -1.2225784063339233 8.294389724731445 0.877295196056366  738339.3754579641
0.0693526491522789 -0.2552228569984436 0.6200785636901855 -1.3497956991195679 8.497918128967285 0.893275797367096  738339.3754580774
0.072801873087883 -0.25531429052352905 0.6216023564338684 -1.4939790964126587 8.670696258544922 0.9150148034095764  738339.3754582036
0.0764361098408699 -0.2553909718990326 0.6232027411460876 -1.6169817447662354 8.841741561889648 0.9331401586532593  738339.3754583176
0.07959207892417908 -0.25543689727783203 0.6245865225791931 -1.725027084350586 8.972454071044922 0.9517520070075989  738339.3754584284
0.08260522782802582 -0.25545844435691833 0.6258986592292786 -1.8200393915176392 9.082674026489258 0.978959321975708  738339.375458544
0.08547233045101166 -0.255453884601593 0.6271466016769409 -1.9006966352462769 9.169068336486816 0.989531397819519  738339.3754586594
0.088190458714962 -0.25542151927948 0.6283381581306458 -1.9751867055892944 9.230177879333496 1.0052369832992554  738339.3754587763
0.09291054308414459 -0.265156626701355 0.6285865902900696 -1.8697296380996704 9.277442932128906 0.9521328806877136  738339.3754588913
0.09536004811525345 -0.2652958035469055 0.6296668648719788 -1.942473292350769 9.29830551147461 0.963787317276001  738339.375459005
0.09765859693288803 -0.2654065489768982 0.6306862235069275 -2.0163896083831787 9.284211158752441 0.979576826095581  738339.3754591255
0.0998099148273468 -0.26548847556114197 0.6316213011741638 -2.0761802196502686 9.251477241516113 0.9984099864959717  738339.3754592444
0.10181568562984467 -0.26554086804389954 0.6324637532234192 -2.173382043838501 9.193819046020508 1.0131053924560547  738339.3754593534
0.10367409884929657 -0.2655620276927948 0.6332287788391113 -2.2679076194763184 9.15624713897705 1.0294920206069946  738339.3754594713
0.10538224875926971 -0.26554957032203674 0.6339390873908997 -2.3956589698791504 9.065224647521973 1.0391907691955566  738339.3754595937
0.10694072395563126 -0.26550158858299255 0.6345973014831543 -2.5348124504089355 8.998632431030273 1.052290678024292  738339.3754597048
0.10835153609514236 -0.26541611552238464 0.635198712348938 -2.6727476119995117 8.884967803955078 1.0673277378082275  738339.3754598212
0.10979609191417694 -0.27408963441848755 0.6351730823516846 -2.6459717750549316 8.912459373474121 1.036851406097412  738339.3754599422
0.11085925996303558 -0.2741221487522125 0.6356645822525024 -2.7358062267303467 8.773642539978027 1.0563546419143677  738339.3754600453
0.11177371442317963 -0.2741122543811798 0.6361256241798401 -2.7925405502319336 8.610700607299805 1.0678285360336304  738339.3754601545
0.11254215985536575 -0.2740587294101715 0.6365551352500916 -2.842222213745117 8.413169860839844 1.0883941650390625  738339.3754602858
0.11316857486963272 -0.27396103739738464 0.636946439743042 -2.8909974098205566 8.210854530334473 1.10347580909729  738339.3754604001
0.11365664005279541 -0.2738184928894043 0.6372970938682556 -2.930633068084717 7.986715793609619 1.116775393486023  738339.3754605133
0.1140112355351448 -0.2736307680606842 0.6375976204872131 -2.9678590297698975 7.735706329345703 1.12993323802948  738339.3754606299
0.11423738300800323 -0.27339768409729004 0.6378394961357117 -3.0272274017333984 7.4907755851745605 1.1455026865005493  738339.3754607458
0.11433827131986618 -0.27311810851097107 0.6380290985107422 -3.063308000564575 7.230533599853516 1.158493161201477  738339.3754608609
0.11431708186864853 -0.2727908194065094 0.6381739974021912 -3.097865581512451 6.9598188400268555 1.1837660074234009  738339.3754609736
0.11417822539806366 -0.27241528034210205 0.6382737755775452 -3.133286952972412 6.711065769195557 1.2014976739883423  738339.3754610838
0.1135997623205185 -0.2811085879802704 0.6376318335533142 -3.0836994647979736 6.698818683624268 1.2079097032546997  738339.3754612044
0.11314430832862854 -0.28081950545310974 0.6376011371612549 -3.1122591495513916 6.4603729248046875 1.231276512145996  738339.3754613206
0.11258035898208618 -0.28048214316368103 0.637519359588623 -3.085029125213623 6.218535423278809 1.2589668035507202  738339.375461431
0.11191137880086899 -0.28009623289108276 0.6373904943466187 -3.0475003719329834 5.9592390060424805 1.2915761470794678  738339.3754615558
0.11113893985748291 -0.2796610891819 0.6372388005256653 -3.002368688583374 5.6947102546691895 1.3252909183502197  738339.375461667
0.11026668548583984 -0.2791769504547119 0.6370725631713867 -2.980259656906128 5.411657333374023 1.362217903137207  738339.37546179
0.10930082947015762 -0.27864521741867065 0.6368749737739563 -2.958083391189575 5.1392083168029785 1.3983663320541382  738339.3754618966
0.10824684053659439 -0.2780666947364807 0.6366361975669861 -2.9419736862182617 4.837678909301758 1.4397470951080322  738339.3754620143
0.10711032897233963 -0.27744221687316895 0.636345624923706 -2.9259119033813477 4.531050682067871 1.4797687530517578  738339.3754621283
0.10696465522050858 -0.28452011942863464 0.6351731419563293 -2.9839093685150146 4.330438613891602 1.4353861808776855  738339.3754622511
0.10565727204084396 -0.28390929102897644 0.6347307562828064 -2.9582455158233643 3.9980087280273438 1.4785714149475098  738339.3754623729
0.10428043454885483 -0.28325170278549194 0.6342405080795288 -2.93340802192688 3.663026809692383 1.5285236835479736  738339.3754624883
0.10283960402011871 -0.2825477421283722 0.6337016224861145 -2.8865907192230225 3.3336570262908936 1.5721371173858643  738339.3754625926
0.10133987665176392 -0.2817976474761963 0.6331194043159485 -2.8523879051208496 3.0084164142608643 1.6269832849502563  738339.3754627182
0.0997864156961441 -0.2810018062591553 0.6324976682662964 -2.790574312210083 2.706707239151001 1.6735559701919556  738339.3754628253
0.0981845036149025 -0.2801609933376312 0.6318338513374329 -2.740492105484009 2.38987398147583 1.7242748737335205  738339.3754629436
0.09653933346271515 -0.2792762219905853 0.6311245560646057 -2.691364288330078 2.0917530059814453 1.7647578716278076  738339.3754630474
0.09485607594251633 -0.2783483564853668 0.6303659081459045 -2.6421899795532227 1.7836352586746216 1.8058289289474487  738339.3754631719
0.0931394100189209 -0.27737775444984436 0.6295648813247681 -2.59077787399292 1.4930366277694702 1.8413751125335693  738339.3754632812
0.09139399975538254 -0.27636462450027466 0.6287325620651245 -2.5480854511260986 1.218968391418457 1.8659392595291138  738339.3754633974
0.09118321537971497 -0.28386804461479187 0.626969039440155 -2.593003988265991 1.0342601537704468 1.8728855848312378  738339.3754635222
0.08937473595142365 -0.28287890553474426 0.6260221004486084 -2.5286672115325928 0.7773450613021851 1.8843077421188354  738339.3754636347
0.0875498428940773 -0.281848281621933 0.6250319480895996 -2.4580934047698975 0.5338646769523621 1.9021955728530884  738339.3754637435
0.0857127457857132 -0.2807775139808655 0.6239904165267944 -2.3941168785095215 0.30084073543548584 1.9128191471099854  738339.3754638599
0.08386740833520889 -0.2796681225299835 0.6228834390640259 -2.3276989459991455 0.06583208590745926 1.9282171726226807  738339.3754639758
0.08201758563518524 -0.278521329164505 0.6217038035392761 -2.2641327381134033 -0.15453869104385376 1.941558599472046  738339.3754641017
0.08016691356897354 -0.2773384153842926 0.6204423308372498 -2.2009987831115723 -0.36235517263412476 1.9595530033111572  738339.3754642174
0.07831872254610062 -0.27612054347991943 0.6190910935401917 -2.1268723011016846 -0.5592710375785828 1.9765956401824951  738339.3754643204
0.07647623121738434 -0.27486851811408997 0.6176533699035645 -2.03403639793396 -0.7540623545646667 1.9769554138183594  738339.3754644489
0.07761868089437485 -0.2821643054485321 0.6152555346488953 -2.0736405849456787 -0.8967497944831848 1.9904835224151611  738339.3754645657
0.07583098858594894 -0.2809522747993469 0.6136672496795654 -1.9766197204589844 -1.0720945596694946 1.9914220571517944  738339.3754646771
0.07405821979045868 -0.27970629930496216 0.6120411157608032 -1.8915940523147583 -1.2458574771881104 1.9899264574050903  738339.3754647932
0.07230285555124283 -0.27842843532562256 0.6103569865226746 -1.7858737707138062 -1.413103699684143 1.99718177318573  738339.3754649083
0.07056710869073868 -0.27712082862854004 0.6085911989212036 -1.6724858283996582 -1.5497428178787231 1.9935972690582275  738339.375465022
0.06885339319705963 -0.2757851779460907 0.6067418456077576 -1.5781711339950562 -1.6697170734405518 2.008392572402954  738339.3754651301
0.0671641081571579 -0.2744227349758148 0.6048194169998169 -1.4866409301757812 -1.7739460468292236 2.0132641792297363  738339.3754652523
0.06550098210573196 -0.27303504943847656 0.6028199195861816 -1.407538890838623 -1.8534854650497437 2.031813383102417  738339.3754653716
0.0638652890920639 -0.2716236114501953 0.6007354855537415 -1.3293390274047852 -1.9194691181182861 2.040534019470215  738339.3754654864
0.06225825473666191 -0.2701895833015442 0.5985671877861023 -1.2417981624603271 -1.9662585258483887 2.057553768157959  738339.3754656072
0.06478377431631088 -0.2777724266052246 0.5951852202415466 -1.2584779262542725 -2.061779260635376 2.0573599338531494  738339.3754657096
0.06331372261047363 -0.2764149606227875 0.5927972197532654 -1.177496075630188 -2.1119272708892822 2.078319549560547  738339.375465836
0.06187492236495018 -0.2750374972820282 0.5903077125549316 -1.0883039236068726 -2.1575989723205566 2.100512742996216  738339.375465953
0.06046801805496216 -0.27364134788513184 0.5877130031585693 -1.0080809593200684 -2.216625928878784 2.12780499458313  738339.3754660658
0.059093255549669266 -0.27222806215286255 0.5849981904029846 -0.9436162114143372 -2.2698683738708496 2.152193784713745  738339.3754661808
0.057751066982746124 -0.2707988917827606 0.5821517705917358 -0.88960200548172 -2.3378307819366455 2.1816470623016357  738339.3754662975
0.056443147361278534 -0.26935437321662903 0.579193651676178 -0.8307140469551086 -2.390974283218384 2.2122604846954346  738339.3754664086
0.05517140030860901 -0.2678949534893036 0.5761460661888123 -0.7802152037620544 -2.4406578540802 2.249788761138916  738339.3754665287
0.05393650755286217 -0.26642149686813354 0.573005199432373 -0.7190362215042114 -2.460515022277832 2.2911016941070557  738339.3754666443
0.05273862183094025 -0.2649349272251129 0.5697605013847351 -0.6596346497535706 -2.4813644886016846 2.339221477508545  738339.3754667614
0.051577936857938766 -0.2634361684322357 0.5664087533950806 -0.5851976275444031 -2.4811925888061523 2.396238088607788  738339.3754668722
0.0556371808052063 -0.27285757660865784 0.561582088470459 -0.5390020608901978 -2.4669055938720703 2.4349312782287598  738339.3754669923
0.054636403918266296 -0.2715136408805847 0.5579643845558167 -0.4600506126880646 -2.4391942024230957 2.5005242824554443  738339.3754671058
0.05367273464798927 -0.2701602876186371 0.5542394518852234 -0.365460067987442 -2.4028117656707764 2.546755075454712  738339.3754672193
0.05274580046534538 -0.2687987983226776 0.5504084825515747 -0.2724528908729553 -2.333698034286499 2.6037180423736572  738339.3754673403
0.05185475945472717 -0.2674306333065033 0.5464677810668945 -0.2096787691116333 -2.28729248046875 2.6624021530151367  738339.3754674541
0.050998661667108536 -0.2660570442676544 0.542415201663971 -0.15918053686618805 -2.2273831367492676 2.716057777404785  738339.3754675589
0.05017713084816933 -0.26467886567115784 0.5382602214813232 -0.13320055603981018 -2.1700215339660645 2.763444185256958  738339.3754676795
0.04938959702849388 -0.2632967233657837 0.5340113639831543 -0.1606929749250412 -2.1129069328308105 2.8227698802948  738339.3754678016
0.048635244369506836 -0.26191067695617676 0.5296704769134521 -0.18329980969429016 -2.052828550338745 2.8772764205932617  738339.375467925
0.05429224669933319 -0.2716582119464874 0.525969922542572 -0.19252866506576538 -2.049133777618408 2.9087140560150146  738339.3754680293
0.053729843348264694 -0.2704608142375946 0.5214827656745911 -0.2334638088941574 -1.996673822402954 2.9674127101898193  738339.375468147
0.05319923907518387 -0.26925843954086304 0.5169190168380737 -0.2733725607395172 -1.9488842487335205 3.025618314743042  738339.3754682597
0.052699875086545944 -0.2680504024028778 0.5122871994972229 -0.309015691280365 -1.8799350261688232 3.0820891857147217  738339.3754683787
0.05223065987229347 -0.26683613657951355 0.5075826048851013 -0.36792412400245667 -1.7993985414505005 3.1356515884399414  738339.3754684894
0.05179024115204811 -0.2656150162220001 0.5028008818626404 -0.42816728353500366 -1.7077279090881348 3.194772720336914  738339.3754686088
0.0513773150742054 -0.2643861174583435 0.49794521927833557 -0.5016021132469177 -1.6062486171722412 3.2538931369781494  738339.3754687314
0.05099071189761162 -0.2631482779979706 0.49303102493286133 -0.5854600071907043 -1.4735002517700195 3.322741746902466  738339.3754688438
0.05059368535876274 -0.26177486777305603 0.487564355134964 -0.6415179967880249 -1.3361303806304932 3.401803970336914  738339.3754689514
0.05025589466094971 -0.26051467657089233 0.4825264811515808 -0.6810488700866699 -1.2032394409179688 3.492260694503784  738339.3754690727
0.049937766045331955 -0.25924280285835266 0.47741827368736267 -0.6967269778251648 -1.0714114904403687 3.5820472240448  738339.375469189
0.05726087465882301 -0.2695029079914093 0.47306856513023376 -0.6184486150741577 -1.0352907180786133 3.629915714263916  738339.375469303
0.057134952396154404 -0.2684212625026703 0.46786049008369446 -0.6016507148742676 -0.914508044719696 3.7342605590820312  738339.3754694152
0.05702417343854904 -0.26732876896858215 0.4625941514968872 -0.5637506246566772 -0.8039392232894897 3.8423726558685303  738339.3754695316
0.056926727294921875 -0.2662258744239807 0.4572734832763672 -0.5567655563354492 -0.6931638121604919 3.961268663406372  738339.3754696425
0.05684094876050949 -0.2651129961013794 0.4519091844558716 -0.5822063684463501 -0.5769219994544983 4.081240653991699  738339.3754697643
0.056764960289001465 -0.26399004459381104 0.44650349020957947 -0.6284559369087219 -0.45584961771965027 4.193092346191406  738339.3754698804
0.05669683590531349 -0.26285651326179504 0.44106507301330566 -0.7097568511962891 -0.3372187614440918 4.312362194061279  738339.3754699975
0.05663452669978142 -0.2617112994194031 0.43560871481895447 -0.8158292770385742 -0.22578255832195282 4.437490940093994  738339.3754701132
0.056575924158096313 -0.26055312156677246 0.4301224648952484 -0.9224160313606262 -0.11242656409740448 4.551406383514404  738339.3754702136
0.06414227932691574 -0.2689528465270996 0.42325559258461 -1.0305336713790894 -0.0849110409617424 4.640481472015381  738339.3754703493
0.06424270570278168 -0.2679241895675659 0.4176808297634125 -1.1299376487731934 0.008610925637185574 4.762909412384033  738339.3754704538
0.06434228271245956 -0.26687750220298767 0.41208404302597046 -1.1891030073165894 0.10017810761928558 4.877287864685059  738339.3754705779
0.06443928927183151 -0.2658114731311798 0.40646985173225403 -1.246302843093872 0.1814415007829666 4.993589401245117  738339.3754706947
0.06453216820955276 -0.26472532749176025 0.4008362889289856 -1.2486037015914917 0.2511155605316162 5.106850624084473  738339.3754708051
0.0646195113658905 -0.26361843943595886 0.3951934278011322 -1.23531973361969 0.34141042828559875 5.218486785888672  738339.3754709109
0.06469999998807907 -0.26249125599861145 0.38953131437301636 -1.2324702739715576 0.4030907452106476 5.324587821960449  738339.3754710327
0.06477243453264236 -0.26134419441223145 0.3838411569595337 -1.20639967918396 0.47927919030189514 5.434784412384033  738339.3754711425
0.06483546644449234 -0.26017725467681885 0.3781415820121765 -1.1785860061645508 0.5573877096176147 5.542996883392334  738339.3754712632
0.06488781422376633 -0.2589910924434662 0.3724306523799896 -1.1531645059585571 0.6355459094047546 5.655224800109863  738339.375471392
0.07255998998880386 -0.26625514030456543 0.3656022846698761 -1.2096023559570312 0.5892074108123779 5.658611297607422  738339.3754715011
0.07274618744850159 -0.26514652371406555 0.3598484694957733 -1.1756322383880615 0.6376322507858276 5.76767635345459  738339.3754716157
0.07291994243860245 -0.2640187740325928 0.3540892004966736 -1.1444672346115112 0.6714956760406494 5.878103256225586  738339.3754717343
0.07308074831962585 -0.26287275552749634 0.3483121991157532 -1.13776695728302 0.7059364318847656 5.992198467254639  738339.3754718455
0.0732278898358345 -0.26170867681503296 0.34252721071243286 -1.1552107334136963 0.7365822792053223 6.102368354797363  738339.375471961
0.0733606219291687 -0.2605263888835907 0.33674347400665283 -1.1953294277191162 0.7804487347602844 6.202335834503174  738339.3754720642
0.07347838580608368 -0.25932568311691284 0.3309509754180908 -1.250845193862915 0.8421907424926758 6.302713871002197  738339.3754721788
0.07358038425445557 -0.2581061124801636 0.3251378536224365 -1.3276346921920776 0.9252558946609497 6.4056291580200195  738339.3754723069
0.07366514205932617 -0.2568666338920593 0.3193102478981018 -1.4017980098724365 1.0308510065078735 6.506330490112305  738339.3754724225
0.07373057305812836 -0.2556058168411255 0.31348371505737305 -1.4651576280593872 1.1376458406448364 6.607863903045654  738339.3754725405
0.07377438247203827 -0.25432243943214417 0.30767130851745605 -1.4966249465942383 1.2615402936935425 6.703855514526367  738339.3754726636
0.08260864019393921 -0.26253533363342285 0.30121251940727234 -1.5277564525604248 1.1955233812332153 6.674162864685059  738339.3754727606
0.08281310647726059 -0.2613532841205597 0.2954171299934387 -1.5345168113708496 1.3136104345321655 6.761806488037109  738339.3754728765
0.08299262076616287 -0.2601473033428192 0.2896406352519989 -1.5193268060684204 1.4468305110931396 6.847393035888672  738339.3754730038
0.08314511179924011 -0.2589178681373596 0.2838783860206604 -1.4994635581970215 1.584273338317871 6.921170234680176  738339.3754731052
0.08326805382966995 -0.2576654255390167 0.2781370282173157 -1.4537599086761475 1.7272539138793945 6.988088130950928  738339.3754732364
0.08335844427347183 -0.2563905417919159 0.27243441343307495 -1.3932236433029175 1.868222951889038 7.054214000701904  738339.3754733516
0.08341371268033981 -0.255094438791275 0.2667745351791382 -1.3238712549209595 1.9953513145446777 7.109079837799072  738339.3754734732
0.08343195915222168 -0.25377875566482544 0.26114827394485474 -1.2262569665908813 2.0893027782440186 7.155533313751221  738339.3754735833
0.08341173082590103 -0.2524453401565552 0.25554823875427246 -1.092630386352539 2.1676578521728516 7.189263820648193  738339.3754737026
0.09115001559257507 -0.25904005765914917 0.25122755765914917 -1.2187001705169678 2.028104782104492 7.073494911193848  738339.3754738047
0.09123282879590988 -0.257714182138443 0.24570327997207642 -1.0691951513290405 2.018719434738159 7.088715076446533  738339.37547392
0.09127792716026306 -0.2563728094100952 0.24020320177078247 -0.9243805408477783 1.9721007347106934 7.1085381507873535  738339.3754740345
0.09128589183092117 -0.255018413066864 0.23473399877548218 -0.817540168762207 1.9147324562072754 7.118584632873535  738339.3754741509
0.09125308692455292 -0.25351592898368835 0.22875620424747467 -0.749361515045166 1.8551983833312988 7.1177544593811035  738339.3754742666
0.09118691831827164 -0.25213998556137085 0.22335007786750793 -0.7432768940925598 1.824915885925293 7.105621814727783  738339.3754743935
0.09108711779117584 -0.25075504183769226 0.21796764433383942 -0.7752806544303894 1.82258939743042 7.086287498474121  738339.3754744977
0.09095356613397598 -0.24936069548130035 0.21261964738368988 -0.8057751655578613 1.8395246267318726 7.055372714996338  738339.3754746186
0.09078536927700043 -0.24795618653297424 0.2073269784450531 -0.8274715542793274 1.8800045251846313 7.026711463928223  738339.3754747336
0.09058181941509247 -0.2465410679578781 0.20209261775016785 -0.8278989195823669 1.9270906448364258 6.992724895477295  738339.3754748456
0.09034223109483719 -0.2451152801513672 0.19691307842731476 -0.7784128785133362 1.972149133682251 6.946841716766357  738339.3754749728
0.099139004945755 -0.23370976746082306 0.15750983357429504 -0.5057069063186646 1.996936559677124 6.981967926025391  738339.3754750862
0.09898360073566437 -0.23216477036476135 0.15170422196388245 -0.38160261511802673 2.006701707839966 6.917212009429932  738339.3754751959
0.09879100322723389 -0.2306162565946579 0.1459614485502243 -0.22340290248394012 1.9894698858261108 6.852685928344727  738339.3754753072
0.09856083244085312 -0.22906677424907684 0.14030425250530243 -0.04655495285987854 1.9385651350021362 6.803863525390625  738339.3754754228
0.09829359501600266 -0.2275194376707077 0.13474905490875244 0.15802645683288574 1.8349361419677734 6.77545166015625  738339.3754755486
0.09799131006002426 -0.22597767412662506 0.12929460406303406 0.3871733248233795 1.7094521522521973 6.772607803344727  738339.3754756507
0.09765659272670746 -0.22444535791873932 0.12394312769174576 0.6428325772285461 1.547223448753357 6.782199859619141  738339.375475783
0.09729228913784027 -0.2229270488023758 0.11871343851089478 0.905074954032898 1.341445803642273 6.801823616027832  738339.3754758853
0.0969022735953331 -0.22142769396305084 0.11362399160861969 1.1882539987564087 1.0956158638000488 6.836808681488037  738339.3754760016
0.10382406413555145 -0.21755050122737885 0.08945915102958679 1.708713173866272 0.9336532950401306 6.918344974517822  738339.3754761247
0.10349484533071518 -0.2161434441804886 0.0842369869351387 2.0084598064422607 0.6370341777801514 6.980284214019775  738339.3754762403
0.10315558314323425 -0.21477539837360382 0.07916514575481415 2.335721254348755 0.33148372173309326 7.062324523925781  738339.3754763498
0.10281302779912949 -0.2134513258934021 0.07423146814107895 2.643676280975342 0.048174913972616196 7.166676998138428  738339.3754764638
0.10247364640235901 -0.21217650175094604 0.0694337859749794 2.9254350662231445 -0.21632862091064453 7.290533065795898  738339.37547658
0.10214371234178543 -0.2109566479921341 0.0647866427898407 3.178748846054077 -0.4616263210773468 7.432586669921875  738339.3754767049
0.10182932019233704 -0.20979724824428558 0.06030732020735741 3.4193780422210693 -0.6922433376312256 7.5767316818237305  738339.3754768121
0.10153594613075256 -0.20870241522789001 0.05599338188767433 3.6364381313323975 -0.8737756013870239 7.726478576660156  738339.375476927
0.10126793384552002 -0.20767509937286377 0.05182989686727524 3.7889528274536133 -0.9963102340698242 7.87451696395874  738339.3754770409
0.10102863609790802 -0.2067180573940277 0.0478130578994751 3.8909597396850586 -1.0960416793823242 8.001211166381836  738339.3754771606
0.10082046687602997 -0.20583291351795197 0.043936654925346375 3.9399802684783936 -1.2046829462051392 8.111690521240234  738339.3754772788
0.10866837948560715 -0.2082720696926117 0.031503282487392426 4.112266540527344 -1.2163257598876953 8.18478775024414  738339.3754773953
0.1086588203907013 -0.20764683187007904 0.027747489511966705 4.143338203430176 -1.2192851305007935 8.286096572875977  738339.3754775117
0.10868597030639648 -0.20710128545761108 0.024175379425287247 4.156400203704834 -1.173529028892517 8.384485244750977  738339.3754776197
0.10874947905540466 -0.20663593709468842 0.02078828774392605 4.140669345855713 -1.092629313468933 8.490795135498047  738339.3754777483
0.10884780436754227 -0.2062501162290573 0.01757635921239853 4.113081932067871 -1.0240867137908936 8.582340240478516  738339.3754778544
0.10897913575172424 -0.2059425264596939 0.014524931088089943 4.059560775756836 -0.9411325454711914 8.670846939086914  738339.3754779667
0.10914190113544464 -0.2057124227285385 0.011633181944489479 3.9677412509918213 -0.8863649368286133 8.767038345336914  738339.3754780832
0.10933518409729004 -0.20555958151817322 0.008919218555092812 3.863544464111328 -0.8161928653717041 8.866033554077148  738339.3754781999
0.10955765098333359 -0.20548255741596222 0.00638964120298624 3.73767352104187 -0.7493894100189209 8.94324779510498  738339.375478318
0.11746577173471451 -0.21169346570968628 0.002460524905472994 3.7212700843811035 -0.7078771591186523 9.031586647033691  738339.3754784334
0.11789654195308685 -0.2119167596101761 0.00024639395996928215 3.54042911529541 -0.6117746829986572 9.10007095336914  738339.3754785529
0.11835170537233353 -0.21220983564853668 -0.0017933014314621687 3.3011021614074707 -0.5041027069091797 9.141655921936035  738339.375478669
