% x y z qx qy qz qw  738339.4321769108
1.7672691345214844 0.33539101481437683 0.1037006825208664 -0.006131527479737997 0.06950131058692932 -0.0180098544806242  738339.4321771413
1.7681776285171509 0.33673420548439026 0.1041191816329956 -0.007985851727426052 0.06919130682945251 -0.01897953636944294  738339.4321772589
1.7690879106521606 0.3380802273750305 0.10453824698925018 -0.006987062282860279 0.07007807493209839 -0.0201937984675169  738339.4321773737
1.7699999809265137 0.3394283056259155 0.10495854169130325 -0.0069222054444253445 0.06955896317958832 -0.01895555667579174  738339.4321774914
1.77091383934021 0.3407788574695587 0.10537993162870407 -0.007731807883828878 0.06894367188215256 -0.019131598994135857  738339.4321776095
1.7718290090560913 0.3421323299407959 0.10580092668533325 -0.008169122971594334 0.06949379295110703 -0.019311290234327316  738339.4321777256
1.7727454900741577 0.34348905086517334 0.10622123628854752 -0.007860287092626095 0.06924007833003998 -0.01862865872681141  738339.4321778247
1.77366304397583 0.34484976530075073 0.10664109885692596 -0.008452634327113628 0.07011818140745163 -0.01869916170835495  738339.4321779575
1.774580955505371 0.34621408581733704 0.10706114768981934 -0.00845831073820591 0.07031198590993881 -0.01866132579743862  738339.432178073
1.7755000591278076 0.3475806415081024 0.10748274624347687 -0.008656303398311138 0.07079140841960907 -0.018932506442070007  738339.4321781847
1.7764220237731934 0.348949670791626 0.10790663957595825 -0.007876538671553135 0.07182424515485764 -0.01932329498231411  738339.4321783019
1.7773466110229492 0.350322425365448 0.1083325743675232 -0.00821974128484726 0.07278026640415192 -0.018752025440335274  738339.4321784149
1.7782732248306274 0.35169896483421326 0.10875984281301498 -0.0085330531001091 0.07347241789102554 -0.019183916971087456  738339.4321785229
1.7792019844055176 0.3530791103839874 0.10918791592121124 -0.007386246230453253 0.07293515652418137 -0.018769843503832817  738339.4321786485
1.7801321744918823 0.35446232557296753 0.10961741954088211 -0.008317307569086552 0.07220898568630219 -0.020372189581394196  738339.4321787596
1.7810636758804321 0.35584756731987 0.11004787683486938 -0.007940864190459251 0.07145823538303375 -0.019467858597636223  738339.4321788816
1.7819961309432983 0.35723552107810974 0.11047766357660294 -0.007766711059957743 0.07307279855012894 -0.01965424232184887  738339.432178993
1.7829288244247437 0.3586271405220032 0.11090728640556335 -0.006748628336936235 0.07352320104837418 -0.019182996824383736  738339.4321791092
1.7838609218597412 0.36002233624458313 0.11133821308612823 -0.005223682150244713 0.07331134378910065 -0.017943257465958595  738339.4321792232
1.7847914695739746 0.36142203211784363 0.11177079379558563 -0.005596494767814875 0.07444285601377487 -0.01847626082599163  738339.4321793444
1.785721778869629 0.36282679438591003 0.11220406740903854 -0.005748586729168892 0.07477034628391266 -0.019024092704057693  738339.4321794608
1.786652684211731 0.3642352521419525 0.11263741552829742 -0.0049641611985862255 0.07556476444005966 -0.018761977553367615  738339.432179569
1.7875844240188599 0.3656468391418457 0.11307159811258316 -0.004637733567506075 0.07661758363246918 -0.018336951732635498  738339.432179692
1.7885191440582275 0.36706143617630005 0.11350730806589127 -0.005590925924479961 0.07524936646223068 -0.018695451319217682  738339.4321798091
1.7894575595855713 0.3684779405593872 0.11394314467906952 -0.00602969154715538 0.07449819147586823 -0.017184758558869362  738339.432179913
1.7903984785079956 0.3698962330818176 0.11437708884477615 -0.006841470953077078 0.07486125826835632 -0.01740819402039051  738339.4321800284
1.7913422584533691 0.3713172376155853 0.11481083184480667 -0.006157623138278723 0.07572759687900543 -0.01844644919037819  738339.4321801512
1.79228937625885 0.372740775346756 0.11524604260921478 -0.00677619269117713 0.07430160045623779 -0.017746878787875175  738339.4321802646
1.7932378053665161 0.3741665184497833 0.11568253487348557 -0.007597747724503279 0.07235314697027206 -0.017540032044053078  738339.4321803795
1.7941862344741821 0.37559568881988525 0.11612106114625931 -0.006668356247246265 0.0723787397146225 -0.017931722104549408  738339.4321805019
1.7951340675354004 0.37702855467796326 0.11656218022108078 -0.006538589484989643 0.07445240765810013 -0.019610268995165825  738339.4321806114
1.796080231666565 0.3784641921520233 0.11700581014156342 -0.005959491711109877 0.07440881431102753 -0.01835494488477707  738339.4321807228
1.797025442123413 0.37990230321884155 0.11745218932628632 -0.007443099748343229 0.0742381140589714 -0.017643587663769722  738339.4321808406
1.798066258430481 0.3814869523048401 0.11794628202915192 -0.007959598675370216 0.07428073137998581 -0.017825709655880928  738339.4321809573
1.7990142107009888 0.3829304277896881 0.11839694529771805 -0.00921476911753416 0.07504799962043762 -0.018079251050949097  738339.4321810645
1.7999643087387085 0.3843759596347809 0.11884845793247223 -0.009961582720279694 0.07376226782798767 -0.017077503725886345  738339.4321811968
1.800916314125061 0.3858225345611572 0.1193014457821846 -0.009159374982118607 0.07274618744850159 -0.01679445616900921  738339.4321813094
1.8018702268600464 0.38726985454559326 0.11975549906492233 -0.009439357556402683 0.07330287992954254 -0.017191879451274872  738339.4321814256
1.8028271198272705 0.3887183666229248 0.12021063268184662 -0.010065066628158092 0.0728975385427475 -0.017058730125427246  738339.432181542
1.803786277770996 0.3901693820953369 0.12066757678985596 -0.009955789893865585 0.07316268235445023 -0.018281813710927963  738339.432181651
1.804746389389038 0.3916226923465729 0.12112625688314438 -0.011143045499920845 0.07198475301265717 -0.018207402899861336  738339.4321817695
1.804746389389038 0.3916226923465729 0.12112625688314438 -0.011143045499920845 0.07198475301265717 -0.018207402899861336  738339.4321818833
1.8057070970535278 0.39307722449302673 0.12158728390932083 -0.011448017321527004 0.07233761250972748 -0.01815110258758068  738339.4321819919
1.8066682815551758 0.39453375339508057 0.1220516562461853 -0.011325409635901451 0.07302938401699066 -0.018407009541988373  738339.4321821183
1.8076307773590088 0.39599406719207764 0.12251928448677063 -0.010013613849878311 0.07256388664245605 -0.018841654062271118  738339.4321822339
1.8085949420928955 0.39745834469795227 0.12298862636089325 -0.009907216764986515 0.07123678922653198 -0.019160401076078415  738339.4321823395
1.8095591068267822 0.3989255428314209 0.12345851957798004 -0.011528030037879944 0.07128176093101501 -0.01793813705444336  738339.4321824627
1.810522198677063 0.4003946781158447 0.12392958998680115 -0.010962316766381264 0.07080934941768646 -0.01774597354233265  738339.4321825776
1.8114850521087646 0.4018653631210327 0.12440194189548492 -0.010543384589254856 0.07034524530172348 -0.016692504286766052  738339.4321826935
1.8124488592147827 0.4033384323120117 0.12487530708312988 -0.010222675278782845 0.07003538310527802 -0.017161209136247635  738339.4321828148
1.8134137392044067 0.4048137962818146 0.12534935772418976 -0.011979131028056145 0.06958641856908798 -0.016896849498152733  738339.4321829242
1.8143792152404785 0.4062907099723816 0.1258240044116974 -0.010674742050468922 0.07050735503435135 -0.016706500202417374  738339.4321830325
1.8153458833694458 0.4077690541744232 0.1263001710176468 -0.011804735288023949 0.07170725613832474 -0.01648065634071827  738339.4321831563
1.8163142204284668 0.40924906730651855 0.12677787244319916 -0.012458082288503647 0.0719849169254303 -0.015797734260559082  738339.4321832692
1.8172842264175415 0.4107302725315094 0.1272559016942978 -0.012537021189928055 0.07287222146987915 -0.015583155676722527  738339.4321833813
1.8182562589645386 0.41221195459365845 0.1277340054512024 -0.012273119762539864 0.07104727625846863 -0.015279917977750301  738339.4321835013
1.8192304372787476 0.4136948585510254 0.12821266055107117 -0.011693771928548813 0.07296817749738693 -0.01618793047964573  738339.4321836188
1.8202059268951416 0.4151804745197296 0.1286916881799698 -0.011983409523963928 0.07337871193885803 -0.0157181229442358  738339.4321837337
1.8211824893951416 0.41666918992996216 0.12917135655879974 -0.01109728217124939 0.07413237541913986 -0.01548546738922596  738339.4321838571
1.8221607208251953 0.4181603491306305 0.12965193390846252 -0.010565869510173798 0.07490558177232742 -0.01588921621441841  738339.4321839616
1.8231412172317505 0.41965359449386597 0.1301334947347641 -0.010560618713498116 0.07404431700706482 -0.014968141913414001  738339.4321840855
-0.08460475504398346 -0.23065683245658875 0.016092639416456223 0.2887091040611267 0.22590945661067963 -0.0572093203663826  738339.4321842018
-0.08485382050275803 -0.2315317988395691 0.016551945358514786 0.28742513060569763 0.22489191591739655 -0.05652723088860512  738339.4321843053
-0.08510378748178482 -0.23240908980369568 0.017011672258377075 0.28660932183265686 0.22406543791294098 -0.05720938742160797  738339.432184426
-0.0853537991642952 -0.23328784108161926 0.017471736297011375 0.2862706780433655 0.22175578773021698 -0.05629628896713257  738339.4321845421
-0.08560358732938766 -0.2341676652431488 0.017932424321770668 0.28572380542755127 0.22277547419071198 -0.05729300528764725  738339.4321846528
-0.08585400134325027 -0.2350495308637619 0.018393736332654953 0.28510141372680664 0.22220270335674286 -0.057580914348363876  738339.4321847721
-0.08610562980175018 -0.23593463003635406 0.01885579340159893 0.2843106687068939 0.22328956425189972 -0.05834606662392616  738339.4321848867
-0.08635921776294708 -0.23682323098182678 0.019319958984851837 0.2852838337421417 0.22409595549106598 -0.05780980363488197  738339.4321849996
-0.08661466836929321 -0.2377144992351532 0.019786814227700233 0.2856597900390625 0.22503268718719482 -0.05896487832069397  738339.4321851151
-0.08687099814414978 -0.23860834538936615 0.020254720002412796 0.2846025228500366 0.2241208851337433 -0.05852559208869934  738339.432185233
-0.08712849766016006 -0.2395046204328537 0.02072237618267536 0.2839203476905823 0.2231728881597519 -0.0572616346180439  738339.4321853487
-0.08488499373197556 -0.2315959334373474 0.017966685816645622 0.2512432336807251 0.21356543898582458 -0.08338189870119095  738339.4321854677
-0.08493904769420624 -0.2317722737789154 0.01831292174756527 0.24976696074008942 0.21426093578338623 -0.08302433043718338  738339.432185586
-0.08499374240636826 -0.2319503128528595 0.018659384921193123 0.25067755579948425 0.2140485942363739 -0.08267907053232193  738339.4321856959
-0.08505022525787354 -0.23213079571723938 0.019008617848157883 0.2504211366176605 0.21398746967315674 -0.08295554667711258  738339.432185827
-0.08510921895503998 -0.23231346905231476 0.019360359758138657 0.25035566091537476 0.21507282555103302 -0.08256888389587402  738339.4321859304
-0.08516977727413177 -0.23249848186969757 0.019711807370185852 0.2494090348482132 0.21463997662067413 -0.08197201788425446  738339.4321860475
-0.08523159474134445 -0.23268577456474304 0.02006351761519909 0.24928434193134308 0.21590770781040192 -0.08162239193916321  738339.43218616
-0.08529521524906158 -0.23287467658519745 0.020417388528585434 0.2479347288608551 0.21465058624744415 -0.08170690387487411  738339.4321862791
-0.08536740392446518 -0.2330842763185501 0.020807337015867233 0.24717015027999878 0.2133595049381256 -0.08067118376493454  738339.4321863953
-0.08496712893247604 -0.23153521120548248 0.018158085644245148 0.2781781852245331 0.23075281083583832 -0.09587518125772476  738339.4321865037
-0.08501727879047394 -0.23164178431034088 0.018377043306827545 0.27736949920654297 0.22871620953083038 -0.09542863816022873  738339.4321866196
-0.08507061004638672 -0.23175063729286194 0.01859564334154129 0.2776605486869812 0.2291325330734253 -0.09457723796367645  738339.4321867436
-0.08512531965970993 -0.23186154663562775 0.01881294883787632 0.2776666283607483 0.22995644807815552 -0.09407549351453781  738339.4321868563
-0.08518093824386597 -0.23197470605373383 0.019029149785637856 0.2774760127067566 0.23003056645393372 -0.0940283015370369  738339.4321869735
-0.08523841947317123 -0.23209096491336823 0.019245628267526627 0.27692046761512756 0.22978192567825317 -0.0930839255452156  738339.4321870839
-0.0852968841791153 -0.2322104275226593 0.019462527707219124 0.27556151151657104 0.2299555093050003 -0.09456586837768555  738339.432187197
-0.08535581827163696 -0.2323325127363205 0.019679034128785133 0.2760776877403259 0.2312905192375183 -0.09494882822036743  738339.4321873221
-0.08541613817214966 -0.23245660960674286 0.01989619992673397 0.2759566605091095 0.23096328973770142 -0.09557664394378662  738339.4321874292
-0.08547860383987427 -0.23258338868618011 0.020114056766033173 0.275494784116745 0.23052962124347687 -0.09511630237102509  738339.4321875522
-0.08502073585987091 -0.23148606717586517 0.0178374070674181 0.3004978895187378 0.24150192737579346 -0.09665003418922424  738339.4321876644
-0.08506929129362106 -0.23157258331775665 0.017957735806703568 0.30019381642341614 0.24103127419948578 -0.09633240848779678  738339.4321877823
-0.08511979877948761 -0.23166115581989288 0.018078848719596863 0.2992202937602997 0.24096143245697021 -0.09549636393785477  738339.4321878932
-0.08517216891050339 -0.2317516952753067 0.018200648948550224 0.3001193106174469 0.2411782592535019 -0.09545054286718369  738339.4321880138
-0.08522610366344452 -0.23184476792812347 0.018322473391890526 0.29874882102012634 0.24031005799770355 -0.09650978446006775  738339.4321881252
-0.08528142422437668 -0.2319408357143402 0.018445119261741638 0.2979511320590973 0.2391912341117859 -0.09441107511520386  738339.4321882415
-0.08533850312232971 -0.232040137052536 0.01857001520693302 0.29844483733177185 0.24083955585956573 -0.09481960535049438  738339.4321883551
-0.08539776504039764 -0.23214304447174072 0.018696991726756096 0.29714640974998474 0.2416057586669922 -0.09526222944259644  738339.4321884757
-0.08545948565006256 -0.23224875330924988 0.018825795501470566 0.2975022792816162 0.241740420460701 -0.09490660578012466  738339.4321885909
-0.08552266657352448 -0.2323560267686844 0.018957221880555153 0.2964819669723511 0.24092477560043335 -0.09449493139982224  738339.4321887052
-0.08558578044176102 -0.2324642837047577 0.01909213699400425 0.29656103253364563 0.24196189641952515 -0.09563399851322174  738339.4321888259
-0.08510751277208328 -0.23151899874210358 0.017438778653740883 0.31369686126708984 0.2512962222099304 -0.09743248671293259  738339.4321889359
-0.0851585865020752 -0.23160172998905182 0.017517609521746635 0.31306925415992737 0.25040560960769653 -0.09645671397447586  738339.432189048
-0.0852125883102417 -0.2316863089799881 0.017596149817109108 0.3128214180469513 0.25030237436294556 -0.0963941439986229  738339.4321891735
-0.08526840806007385 -0.2317730188369751 0.01767505146563053 0.31168168783187866 0.2517632246017456 -0.09620395302772522  738339.4321892798
-0.08532629162073135 -0.23186206817626953 0.017755191773176193 0.3110184967517853 0.25241735577583313 -0.09659796953201294  738339.4321893933
-0.08538687974214554 -0.2319542020559311 0.017836522310972214 0.3096773326396942 0.25238844752311707 -0.09626294672489166  738339.4321895166
-0.08545023947954178 -0.23204991221427917 0.01791897974908352 0.3092528283596039 0.2515352964401245 -0.0949566587805748  738339.432189622
-0.08551573753356934 -0.23214784264564514 0.018003031611442566 0.3099793791770935 0.253337025642395 -0.09576895833015442  738339.4321897432
-0.08558284491300583 -0.2322465479373932 0.018088310956954956 0.3102000653743744 0.25376808643341064 -0.09631127864122391  738339.4321898735
-0.08522217720746994 -0.23160870373249054 0.017125830054283142 0.33303001523017883 0.2669476866722107 -0.10049988329410553  738339.4321899762
-0.08528637140989304 -0.23169681429862976 0.017184453085064888 0.3318641483783722 0.26798132061958313 -0.10009133815765381  738339.4321900896
-0.08535400032997131 -0.23178771138191223 0.017245616763830185 0.3319183588027954 0.2666337192058563 -0.10022546350955963  738339.4321902101
-0.08542385697364807 -0.23188237845897675 0.017308034002780914 0.33138972520828247 0.2670370936393738 -0.10107209533452988  738339.4321903214
-0.0854937732219696 -0.23198126256465912 0.01736990176141262 0.330661416053772 0.2676803171634674 -0.10246052592992783  738339.4321904364
-0.08556489646434784 -0.2320834994316101 0.017430542036890984 0.32938385009765625 0.2678869664669037 -0.10235442966222763  738339.4321905627
-0.08564019203186035 -0.23218828439712524 0.017491068691015244 0.3285577595233917 0.26795467734336853 -0.10380423069000244  738339.4321906754
-0.08572018891572952 -0.23229506611824036 0.017553620040416718 0.3284932076931 0.2666841745376587 -0.10355352610349655  738339.4321907765
-0.08580349385738373 -0.2324042022228241 0.017618270590901375 0.32908445596694946 0.26595625281333923 -0.10259833186864853  738339.4321908922
-0.08589009195566177 -0.2325173020362854 0.017685187980532646 0.3291148841381073 0.26461678743362427 -0.10259611904621124  738339.4321910241
-0.08598008006811142 -0.2326345443725586 0.01775418594479561 0.3286205530166626 0.2638455331325531 -0.10056806355714798  738339.4321911357
-0.08542918413877487 -0.23181523382663727 0.016990728676319122 0.3361624777317047 0.26820608973503113 -0.096432164311409  738339.4321912519
-0.08551259338855743 -0.23191817104816437 0.01703912951052189 0.335855096578598 0.2682431638240814 -0.09746138006448746  738339.4321913704
-0.08559945970773697 -0.23202362656593323 0.017089130356907845 0.3353573977947235 0.2682879865169525 -0.09688331186771393  738339.4321914772
-0.08568912744522095 -0.2321312576532364 0.017141608521342278 0.33640021085739136 0.26962554454803467 -0.09766063839197159  738339.4321915889
-0.08579138666391373 -0.23225195705890656 0.017203154042363167 0.3361370861530304 0.26804646849632263 -0.09842518717050552  738339.4321917022
-0.08588790148496628 -0.23236428201198578 0.017261531203985214 0.33620357513427734 0.26766833662986755 -0.09770625829696655  738339.4321918298
-0.08598669618368149 -0.23247861862182617 0.017321191728115082 0.3350742757320404 0.26773709058761597 -0.09885760396718979  738339.4321919485
-0.08608710765838623 -0.23259469866752625 0.017382092773914337 0.334654301404953 0.26767146587371826 -0.09849189966917038  738339.4321920611
-0.08618925511837006 -0.23271341621875763 0.017444316297769547 0.333511620759964 0.2677380442619324 -0.09972051531076431  738339.4321921791
-0.08557891100645065 -0.23191843926906586 0.016897214576601982 0.3305276036262512 0.2598147392272949 -0.08811032772064209  738339.4321922977
-0.0856693908572197 -0.23202423751354218 0.016947239637374878 0.3307605981826782 0.259886771440506 -0.08991466462612152  738339.432192406
-0.08576297014951706 -0.23213304579257965 0.01699831895530224 0.3278283476829529 0.25888141989707947 -0.09126496315002441  738339.4321925247
-0.0858595073223114 -0.2322448194026947 0.01705124042928219 0.32723137736320496 0.2605172395706177 -0.09131813049316406  738339.432192637
-0.08595874905586243 -0.23235951364040375 0.017104147002100945 0.326950341463089 0.25966694951057434 -0.09050886332988739  738339.4321927512
-0.08606148511171341 -0.23247656226158142 0.017155077308416367 0.32678458094596863 0.259279727935791 -0.08963918685913086  738339.4321928705
-0.086168572306633 -0.232596293091774 0.017203710973262787 0.32589858770370483 0.2575259804725647 -0.08908943086862564  738339.4321929847
-0.08628002554178238 -0.23271948099136353 0.01725093647837639 0.3249628245830536 0.257589727640152 -0.0899614468216896  738339.4321931014
-0.0863952785730362 -0.23284590244293213 0.017299024388194084 0.3251063823699951 0.25722965598106384 -0.08948229998350143  738339.4321932166
-0.08651261776685715 -0.23297463357448578 0.017348947003483772 0.32458680868148804 0.2573203146457672 -0.08859595656394958  738339.4321933357
-0.08663159608840942 -0.2331046760082245 0.017400430515408516 0.3243216872215271 0.2566773593425751 -0.08834845572710037  738339.4321934534
-0.08600442856550217 -0.2323368936777115 0.01687013916671276 0.3426807224750519 0.26943057775497437 -0.09588812291622162  738339.4321935523
-0.08611860871315002 -0.23246321082115173 0.01690821163356304 0.3418996334075928 0.2694954574108124 -0.09450478106737137  738339.4321936797
-0.08623550832271576 -0.23259525001049042 0.016945689916610718 0.341037392616272 0.2683652639389038 -0.09400733560323715  738339.4321937857
-0.0863552987575531 -0.2327326238155365 0.0169820599257946 0.33986079692840576 0.2686973512172699 -0.09325996786355972  738339.4321939133
-0.08647701144218445 -0.23287418484687805 0.017017992213368416 0.3393908143043518 0.26739367842674255 -0.09261263161897659  738339.4321940243
-0.08659965544939041 -0.23302015662193298 0.017055153846740723 0.33841317892074585 0.26690518856048584 -0.09369858354330063  738339.4321941361
-0.08672421425580978 -0.23317036032676697 0.017093835398554802 0.33759787678718567 0.2681017816066742 -0.09462229907512665  738339.4321942559
-0.0868508443236351 -0.2333243191242218 0.017132455483078957 0.336765319108963 0.2681846022605896 -0.0947771891951561  738339.4321943714
-0.08697861433029175 -0.23348155617713928 0.017169896513223648 0.3365862965583801 0.2686150372028351 -0.09417376667261124  738339.4321944917
-0.08629897981882095 -0.2326570600271225 0.016762442886829376 0.3444516360759735 0.27724751830101013 -0.09498986601829529  738339.4321946027
-0.08642184734344482 -0.23280711472034454 0.01678827777504921 0.3454135060310364 0.27720409631729126 -0.0949929878115654  738339.4321947185
-0.08654946833848953 -0.23296305537223816 0.01681401953101158 0.34801968932151794 0.2782447934150696 -0.10137803107500076  738339.4321948299
-0.08668187260627747 -0.23312495648860931 0.016843236982822418 0.33960825204849243 0.2747066617012024 -0.0980067104101181  738339.432194955
-0.08681906014680862 -0.23329277336597443 0.01688016578555107 0.3405981957912445 0.2692425847053528 -0.09046310186386108  738339.4321950658
-0.08696092665195465 -0.23346643149852753 0.016920052468776703 0.3384867012500763 0.27143773436546326 -0.09877947717905045  738339.4321951832
-0.08710742741823196 -0.23364588618278503 0.016958704218268394 0.3280491828918457 0.26651090383529663 -0.08057871460914612  738339.4321952903
-0.08725857734680176 -0.23383107781410217 0.01700524240732193 0.32007914781570435 0.2463093101978302 -0.0943799763917923  738339.4321954177
-0.08741417527198792 -0.2340218871831894 0.01706353761255741 0.3171808421611786 0.2522018551826477 -0.08385699987411499  738339.4321955272
-0.08757402002811432 -0.23421810567378998 0.017116090282797813 0.31028643250465393 0.2277449071407318 -0.09073434770107269  738339.4321956361
-0.08773791790008545 -0.23441959917545319 0.01715097576379776 0.3070181608200073 0.2407740205526352 -0.09292025119066238  738339.4321957722
-0.086833156645298 -0.23335231840610504 0.016770971938967705 0.31665322184562683 0.2506974935531616 -0.0854363888502121  738339.4321958763
-0.08698885887861252 -0.23354706168174744 0.016785703599452972 0.3004116714000702 0.23520472645759583 -0.09326162934303284  738339.4321959915
-0.0871487408876419 -0.23374709486961365 0.01680358126759529 0.29041045904159546 0.22189585864543915 -0.09027156978845596  738339.4321961036
-0.08731257915496826 -0.23395222425460815 0.016831370070576668 0.2734844982624054 0.2129819691181183 -0.09496310353279114  738339.4321962164
-0.08748019486665726 -0.23416224122047424 0.016872171312570572 0.2799529731273651 0.21252521872520447 -0.1032484620809555  738339.4321963411
-0.08765147626399994 -0.23437699675559998 0.016916323453187943 0.27368924021720886 0.21119742095470428 -0.09036395698785782  738339.432196454
-0.08782637864351273 -0.23459647595882416 0.016957173123955727 0.24945273995399475 0.16261324286460876 -0.09552820771932602  738339.4321965654
-0.08800448477268219 -0.2348204255104065 0.01699651964008808 0.2631629407405853 0.1705455780029297 -0.10288325697183609  738339.4321966815
-0.08818544447422028 -0.23504874110221863 0.017032446339726448 0.21380268037319183 0.1746244579553604 -0.08466139435768127  738339.4321968087
-0.08705519884824753 -0.2336667776107788 0.016805505380034447 0.19331412017345428 0.16129949688911438 -0.09450486302375793  738339.4321969149
-0.08721602708101273 -0.23386672139167786 0.016810167580842972 0.2057429701089859 0.18587151169776917 -0.09616835415363312  738339.4321970313
-0.08737979084253311 -0.2340700328350067 0.01680341362953186 0.21622613072395325 0.18859928846359253 -0.08656047284603119  738339.4321971496
-0.08754678815603256 -0.23427698016166687 0.016803622245788574 0.22315001487731934 0.13078922033309937 -0.08839217573404312  738339.4321972665
-0.08771655708551407 -0.23448775708675385 0.016821635887026787 0.1935897320508957 0.14102071523666382 -0.09150664508342743  738339.4321973795
-0.08788865804672241 -0.23470209538936615 0.016838165000081062 0.1940135806798935 0.15683792531490326 -0.09800772368907928  738339.432197496
-0.08806325495243073 -0.2349196821451187 0.016834894195199013 0.16352170705795288 0.12875154614448547 -0.08812683075666428  738339.4321976068
-0.08824027329683304 -0.23514027893543243 0.016815707087516785 0.1358390897512436 0.091420479118824 -0.0944862961769104  738339.4321977257
-0.08841916918754578 -0.2353634089231491 0.01678578183054924 0.1342652142047882 0.14881470799446106 -0.10606853663921356  738339.4321978415
-0.08860011398792267 -0.23558884859085083 0.016754958778619766 0.1641542762517929 0.1594148576259613 -0.10750646889209747  738339.4321979552
-0.08878375589847565 -0.23581689596176147 0.016741693019866943 0.10540509223937988 0.13428084552288055 -0.09134310483932495  738339.4321980675
-0.08757246285676956 -0.23427389562129974 0.016693957149982452 0.1003360003232956 0.11513744294643402 -0.08867967873811722  738339.4321981807
-0.08773738145828247 -0.23447565734386444 0.016709037125110626 0.13916590809822083 0.1289701908826828 -0.09070298075675964  738339.4321983029
-0.08790433406829834 -0.23467940092086792 0.01669877953827381 0.10921723395586014 0.1027619019150734 -0.11530867218971252  738339.4321984231
-0.08807323127985 -0.23488521575927734 0.01665862649679184 0.11849839985370636 0.09924796223640442 -0.10253146290779114  738339.4321985377
-0.08824384957551956 -0.23509296774864197 0.016611121594905853 0.09558910876512527 0.12280883640050888 -0.07790764421224594  738339.432198654
-0.08841642737388611 -0.23530258238315582 0.01658874936401844 0.119366355240345 0.10423602163791656 -0.10124397277832031  738339.432198776
-0.08859100937843323 -0.23551411926746368 0.016601141542196274 0.08176179975271225 0.14876800775527954 -0.10352037847042084  738339.4321988684
-0.08876778185367584 -0.23572736978530884 0.016618823632597923 0.12154379487037659 0.10822978615760803 -0.0977674201130867  738339.4321990069
-0.08894674479961395 -0.23594233393669128 0.016626138240098953 0.060702208429574966 0.13423240184783936 -0.08575385063886642  738339.43219912
-0.08783041685819626 -0.23435619473457336 0.01663598045706749 0.09577634185552597 0.13772432506084442 -0.09771299362182617  738339.4321992327
-0.08799983561038971 -0.2345385104417801 0.01664244756102562 0.048925790935754776 0.14940999448299408 -0.07947707921266556  738339.4321993407
-0.08817171305418015 -0.2347220629453659 0.016648486256599426 0.07537592202425003 0.15053710341453552 -0.07921799272298813  738339.4321994605
-0.08834618330001831 -0.23490668833255768 0.016663584858179092 0.029980609193444252 0.1677803248167038 -0.08834919333457947  738339.4321995794
-0.08852339535951614 -0.23509220778942108 0.016683729365468025 0.0813947394490242 0.16763049364089966 -0.11694072932004929  738339.4321996932
-0.0887034609913826 -0.2352786660194397 0.016698122024536133 0.017182987183332443 0.17990168929100037 -0.0947888046503067  738339.4321998094
-0.08888649195432663 -0.23546595871448517 0.01670876145362854 0.0036415504291653633 0.12260646373033524 -0.08745262771844864  738339.4321999198
-0.08907213062047958 -0.23565343022346497 0.016725681722164154 -0.011715156026184559 0.10934716463088989 -0.07465989142656326  738339.4322000239
-0.08925975859165192 -0.2358408272266388 0.016748834401369095 0.02327119931578636 0.047122590243816376 -0.09889247268438339  738339.4322001572
-0.0894487276673317 -0.23602832853794098 0.016770565882325172 -0.02457486465573311 0.050793420523405075 -0.11274121701717377  738339.4322002567
-0.08963853865861893 -0.23621581494808197 0.016795244067907333 -0.036913227289915085 0.04330838844180107 -0.09740501642227173  738339.4322003842
-0.08820179104804993 -0.23469328880310059 0.016812004148960114 -0.11800545454025269 0.07633675634860992 -0.05520942807197571  738339.4322004982
-0.08836975693702698 -0.23485659062862396 0.016852878034114838 -0.14442439377307892 0.047217778861522675 -0.0726710855960846  738339.4322006202
-0.08853878080844879 -0.23501764237880707 0.0168972909450531 -0.1756264567375183 0.027704359963536263 -0.09868726879358292  738339.4322007365
-0.08870843797922134 -0.2351759523153305 0.016938701272010803 -0.21970422565937042 0.0010098825441673398 -0.13780902326107025  738339.4322008486
-0.088878333568573 -0.23533086478710175 0.01698671467602253 -0.3272729516029358 0.01965593919157982 -0.13911747932434082  738339.4322009572
-0.08904840797185898 -0.2354809045791626 0.017065351828932762 -0.4296090304851532 -0.014418285340070724 -0.13913606107234955  738339.4322010691
-0.08921848982572556 -0.23562413454055786 0.017182104289531708 -0.5406762957572937 -0.008908918127417564 -0.1400357484817505  738339.4322011843
-0.08938834816217422 -0.23575878143310547 0.01732412725687027 -0.7145565748214722 -0.03907565772533417 -0.1546763926744461  738339.4322013109
-0.08955775201320648 -0.23588255047798157 0.017475377768278122 -0.8658135533332825 -0.058391839265823364 -0.14586728811264038  738339.4322014217
-0.0883125513792038 -0.2345605045557022 0.017598174512386322 -0.9591004252433777 -0.0739055946469307 -0.13239365816116333  738339.4322015361
-0.0884624645113945 -0.23465083539485931 0.01775377057492733 -1.0858234167099 -0.12502752244472504 -0.10867640376091003  738339.4322016614
-0.08861064165830612 -0.23472365736961365 0.017909487709403038 -1.2156022787094116 -0.13925841450691223 -0.07841819524765015  738339.432201771
-0.0887565016746521 -0.23477648198604584 0.018079081550240517 -1.3220840692520142 -0.18745441734790802 -0.06637030839920044  738339.432201888
-0.08889941871166229 -0.23480677604675293 0.018282417207956314 -1.3848742246627808 -0.18603722751140594 -0.04818776622414589  738339.4322019913
-0.08903894573450089 -0.23481254279613495 0.01854074001312256 -1.3906382322311401 -0.20079348981380463 -0.011802091263234615  738339.4322021165
-0.08918836712837219 -0.23478993773460388 0.018886862322688103 -1.349517822265625 -0.1770710051059723 0.022921685129404068  738339.432202235
-0.08932065218687057 -0.2347434163093567 0.01925770193338394 -1.2594655752182007 -0.12962506711483002 0.07447045296430588  738339.4322023516
-0.08945024013519287 -0.23467318713665009 0.019693471491336823 -1.1101806163787842 -0.043745893985033035 0.13488264381885529  738339.4322024644
-0.08957840502262115 -0.2345815896987915 0.020188331604003906 -0.9719464182853699 0.031322866678237915 0.20283281803131104  738339.4322025822
-0.08970662206411362 -0.23447102308273315 0.02075495384633541 -0.7917598485946655 0.10177841782569885 0.29950129985809326  738339.4322026877
-0.08809158205986023 -0.23200486600399017 0.02113611437380314 -0.7496181726455688 0.16162337362766266 0.3467835485935211  738339.4322028146
-0.08819026499986649 -0.23179291188716888 0.021847153082489967 -0.6521171927452087 0.15796375274658203 0.4529664218425751  738339.4322029299
-0.0882919654250145 -0.23156830668449402 0.02262045070528984 -0.6204233765602112 0.13850976526737213 0.5637711882591248  738339.4322030431
-0.0883965715765953 -0.2313317358493805 0.02349788323044777 -0.5444456338882446 0.131087064743042 0.6691591739654541  738339.4322031633
-0.08850382268428802 -0.2310844510793686 0.02446570433676243 -0.5327948927879333 0.11665500700473785 0.7671167850494385  738339.4322032736
-0.08861339837312698 -0.23082764446735382 0.025469526648521423 -0.5744515657424927 0.03591117262840271 0.8634616136550903  738339.4322033831
-0.08872444927692413 -0.2305610328912735 0.026508161798119545 -0.6273002028465271 0.0147653603926301 0.9478052258491516  738339.4322035016
-0.08883612602949142 -0.2302834689617157 0.02760535106062889 -0.6229746341705322 0.08671510219573975 1.0485273599624634  738339.4322036202
-0.08894900232553482 -0.22999465465545654 0.028754329308867455 -0.6471863985061646 0.08643370866775513 1.1550297737121582  738339.4322037355
-0.08906364440917969 -0.2296946495771408 0.029933679848909378 -0.6783862113952637 0.00531025230884552 1.2670499086380005  738339.432203851
-0.08764764666557312 -0.22823920845985413 0.030800795182585716 -0.6410329341888428 -0.0018114756094291806 1.3190793991088867  738339.4322039741
-0.0877418965101242 -0.22789320349693298 0.032074496150016785 -0.5796843767166138 0.06653235107660294 1.4453957080841064  738339.432204084
-0.08783715218305588 -0.2275359034538269 0.03343823179602623 -0.5836567878723145 -0.006774328649044037 1.5322253704071045  738339.4322041997
-0.08793313801288605 -0.22716766595840454 0.03489934653043747 -0.6070981621742249 -0.1601743996143341 1.6574490070343018  738339.4322043153
-0.08802766352891922 -0.2267882227897644 0.03644958883523941 -0.5722280144691467 -0.17974598705768585 1.755908727645874  738339.4322044307
-0.08811935037374496 -0.2263977974653244 0.038082707673311234 -0.5575028657913208 -0.1999346911907196 1.883915662765503  738339.4322045496
-0.08820780366659164 -0.22599665820598602 0.03981132060289383 -0.51993727684021 -0.32550927996635437 1.9854443073272705  738339.4322046605
-0.08829141408205032 -0.2255852222442627 0.041642844676971436 -0.4815356731414795 -0.4486589729785919 2.0949020385742188  738339.4322047794
-0.08836794644594193 -0.22516421973705292 0.04356412962079048 -0.38531437516212463 -0.5250295400619507 2.1760430335998535  738339.432204897
-0.08710409700870514 -0.2236279398202896 0.044824883341789246 -0.3280656933784485 -0.5172459483146667 2.23927640914917  738339.432205017
-0.08715375512838364 -0.22314614057540894 0.04690061882138252 -0.18975459039211273 -0.6154457926750183 2.3205862045288086  738339.4322051281
-0.08719296753406525 -0.22265927493572235 0.04905969277024269 -0.06595214456319809 -0.6504579782485962 2.424591302871704  738339.4322052336
-0.08722013980150223 -0.2221696823835373 0.05133217200636864 0.12273601442575455 -0.6625598073005676 2.505485773086548  738339.4322053578
-0.08723476529121399 -0.2216804474592209 0.05371421203017235 0.2948954999446869 -0.6652871370315552 2.597430944442749  738339.4322054732
-0.08723672479391098 -0.22119484841823578 0.05619329586625099 0.5268025398254395 -0.6256850957870483 2.660849094390869  738339.432205583
-0.08722630143165588 -0.22071674466133118 0.05876397714018822 0.7105810642242432 -0.5972814559936523 2.721848487854004  738339.4322056953
-0.08720412850379944 -0.2202497273683548 0.061407677829265594 0.8808109164237976 -0.5974567532539368 2.762725830078125  738339.4322058226
-0.08717039972543716 -0.219796821475029 0.06411221623420715 1.0629487037658691 -0.4857673943042755 2.808163642883301  738339.4322059335
-0.08712618052959442 -0.2193610668182373 0.06686602532863617 1.2366797924041748 -0.4711328148841858 2.830286741256714  738339.4322060499
-0.08707237988710403 -0.21894559264183044 0.06966571509838104 1.3434422016143799 -0.487454891204834 2.8678741455078125  738339.4322061623
-0.08489062637090683 -0.21775715053081512 0.0731087401509285 1.34878671169281 -0.5002160668373108 2.9164485931396484  738339.4322062801
-0.08475077152252197 -0.21733854711055756 0.07605759054422379 1.4435490369796753 -0.3506382703781128 2.962796449661255  738339.432206391
-0.08460208773612976 -0.21694478392601013 0.07905846834182739 1.463102102279663 -0.2691326439380646 2.9767727851867676  738339.4322065036
-0.08444654196500778 -0.21657685935497284 0.08210862427949905 1.4605426788330078 -0.2244935780763626 3.0180416107177734  738339.4322066242
-0.0842851772904396 -0.21623513102531433 0.08521510660648346 1.4222185611724854 -0.156105175614357 3.0371742248535156  738339.4322067518
-0.08411907404661179 -0.21591909229755402 0.08837175369262695 1.3737032413482666 -0.055574070662260056 3.0672035217285156  738339.432206858
-0.08394980430603027 -0.21562804281711578 0.09157895296812057 1.3060303926467896 -0.0088580921292305 3.0954666137695312  738339.4322069702
-0.08377868682146072 -0.215361088514328 0.09484071284532547 1.1706349849700928 -0.05111832171678543 3.119478464126587  738339.4322070879
-0.08360575884580612 -0.21511641144752502 0.09816139191389084 1.061830997467041 -0.06708119064569473 3.159022331237793  738339.4322072122
-0.08185185492038727 -0.21637503802776337 0.10115325450897217 1.1164144277572632 -0.1416683942079544 3.1992273330688477  738339.4322073172
-0.08160369843244553 -0.2162461131811142 0.10462665557861328 1.0503729581832886 -0.15263065695762634 3.218784809112549  738339.4322074329
-0.0813262090086937 -0.21612736582756042 0.10855370759963989 1.0130648612976074 -0.23157250881195068 3.2318780422210693  738339.4322075483
-0.08106895536184311 -0.21603929996490479 0.11221426725387573 1.0199531316757202 -0.17175032198429108 3.245948076248169  738339.4322076638
-0.08080703765153885 -0.21596960723400116 0.11594206094741821 1.0709693431854248 -0.016719497740268707 3.2616684436798096  738339.4322077904
-0.08054247498512268 -0.21591895818710327 0.11973647773265839 1.0748425722122192 0.053335040807724 3.273240089416504  738339.4322078959
-0.0802772119641304 -0.2158881276845932 0.12360785901546478 1.0610541105270386 0.19525443017482758 3.293718099594116  738339.4322080107
-0.08001324534416199 -0.2158767431974411 0.12753669917583466 1.0602531433105469 0.3783341646194458 3.310885190963745  738339.4322081382
-0.07975338399410248 -0.21588446199893951 0.13150158524513245 1.0081323385238647 0.4559699594974518 3.3323841094970703  738339.4322082498
-0.0794999897480011 -0.2159111499786377 0.13551616668701172 0.9345856308937073 0.5030585527420044 3.3423385620117188  738339.4322083573
-0.0792543888092041 -0.21595604717731476 0.13960003852844238 0.8973323702812195 0.617386519908905 3.3678746223449707  738339.432208472
-0.07889619469642639 -0.21671845018863678 0.14543220400810242 0.8901339769363403 0.6114128828048706 3.386626958847046  738339.432208588
-0.07864487171173096 -0.21682992577552795 0.14970296621322632 0.797498345375061 0.5770971179008484 3.4199600219726562  738339.4322087149
-0.07840348780155182 -0.21695742011070251 0.15404663980007172 0.7374767661094666 0.6162194013595581 3.4168238639831543  738339.4322088289
-0.07817211002111435 -0.2170993834733963 0.1584472358226776 0.6969323754310608 0.6263708472251892 3.4193918704986572  738339.4322089336
-0.0779511108994484 -0.21725483238697052 0.16289524734020233 0.6337184906005859 0.5649664998054504 3.4156625270843506  738339.4322090562
-0.07774008810520172 -0.21742285788059235 0.1673976331949234 0.6025879979133606 0.5614023804664612 3.410790205001831  738339.4322091674
-0.07753868401050568 -0.21760275959968567 0.17196832597255707 0.636035144329071 0.6196990013122559 3.411370277404785  738339.4322092832
-0.07734734565019608 -0.2177945375442505 0.17659495770931244 0.5939399600028992 0.579433798789978 3.4036762714385986  738339.4322093934
-0.07716606557369232 -0.2179979383945465 0.1812685877084732 0.5638061165809631 0.596616268157959 3.392670154571533  738339.4322095143
-0.07811203598976135 -0.21854661405086517 0.18726353347301483 0.5985587239265442 0.6093672513961792 3.399914026260376  738339.4322096304
-0.07795923948287964 -0.21879389882087708 0.19205252826213837 0.5542804002761841 0.5301272869110107 3.3800716400146484  738339.4322097556
-0.0778159350156784 -0.2190520167350769 0.19688333570957184 0.5089772343635559 0.5054567456245422 3.3620171546936035  738339.4322098556
-0.07768135517835617 -0.21932019293308258 0.20176354050636292 0.48438459634780884 0.545809268951416 3.3273117542266846  738339.4322099871
-0.07755561918020248 -0.2195976972579956 0.20668059587478638 0.443734347820282 0.5425897240638733 3.301154136657715  738339.4322100946
-0.07743880152702332 -0.2198837250471115 0.21160589158535004 0.38749441504478455 0.5123932361602783 3.2790887355804443  738339.43221021
-0.07733061909675598 -0.22017739713191986 0.21653302013874054 0.3643442690372467 0.5740399360656738 3.2538347244262695  738339.4322103219
-0.07723156362771988 -0.22047816216945648 0.22148092091083527 0.3354625701904297 0.646310567855835 3.231032609939575  738339.4322104384
-0.07714281976222992 -0.22078560292720795 0.2264472246170044 0.2851746082305908 0.6395556926727295 3.2062463760375977  738339.4322105563
-0.0770646408200264 -0.2210988998413086 0.23140141367912292 0.21322380006313324 0.6264685392379761 3.1829707622528076  738339.4322106712
-0.07699696719646454 -0.22141703963279724 0.2363477349281311 0.14823155105113983 0.6406360864639282 3.159151554107666  738339.432210791
-0.07973971962928772 -0.22189445793628693 0.24237079918384552 0.13090994954109192 0.6470849514007568 3.1517281532287598  738339.4322109035
-0.07975225895643234 -0.22223713994026184 0.2473289966583252 0.0640239268541336 0.595612645149231 3.129894733428955  738339.4322110226
-0.07977510243654251 -0.22258204221725464 0.2522643208503723 0.03159074857831001 0.6133069396018982 3.1013643741607666  738339.4322111368
-0.07980810850858688 -0.22292830049991608 0.2571878731250763 0.029606560245156288 0.6369231939315796 3.066152572631836  738339.4322113126
-0.07985185086727142 -0.22327566146850586 0.26211825013160706 0.013075964525341988 0.6317848563194275 3.034764528274536  738339.4322113683
-0.07990638166666031 -0.22362396121025085 0.26704487204551697 0.004505716264247894 0.5857527852058411 3.011338710784912  738339.4322114848
-0.079971082508564 -0.22397294640541077 0.27194803953170776 -0.02105000801384449 0.5802972912788391 2.9773764610290527  738339.4322116089
-0.08004534244537354 -0.22432230412960052 0.27681005001068115 -0.0428784005343914 0.5718955397605896 2.9382145404815674  738339.4322117252
-0.080128975212574 -0.2246716320514679 0.2816208004951477 -0.06222838908433914 0.555603563785553 2.9362916946411133  738339.4322118291
-0.08345187455415726 -0.22472019493579865 0.28710734844207764 -0.05648157373070717 0.5887311100959778 2.9313344955444336  738339.4322119498
-0.08362007886171341 -0.2250755876302719 0.29181697964668274 -0.05346332862973213 0.5629030466079712 2.9213366508483887  738339.4322120612
-0.08379761129617691 -0.22543056309223175 0.29646816849708557 -0.09296641498804092 0.46328139305114746 2.8946146965026855  738339.4322121767
-0.08398357033729553 -0.2257848083972931 0.3010624051094055 -0.1203838363289833 0.3893994390964508 2.887214183807373  738339.4322122923
-0.0841766968369484 -0.2261376827955246 0.3056201934814453 -0.11155292391777039 0.4360816180706024 2.858785629272461  738339.4322124099
-0.08437685668468475 -0.22648894786834717 0.31016263365745544 -0.10217473655939102 0.41389840841293335 2.853245735168457  738339.4322125241
-0.08458427339792252 -0.22683876752853394 0.31469178199768066 -0.11704722791910172 0.28532737493515015 2.847607135772705  738339.4322126358
-0.0847976803779602 -0.22718703746795654 0.3192010223865509 -0.14803841710090637 0.17999482154846191 2.830004930496216  738339.4322127507
-0.08503695577383041 -0.2275678664445877 0.32410767674446106 -0.1345120519399643 0.17221368849277496 2.82468843460083  738339.4322128715
-0.08525751531124115 -0.22791185975074768 0.3284856081008911 -0.11830496788024902 0.18329469859600067 2.812993288040161  738339.4322129863
-0.08548091351985931 -0.22825400531291962 0.33277109265327454 -0.10083766281604767 0.14338849484920502 2.797429084777832  738339.4322131008
-0.09005759656429291 -0.2277364730834961 0.3374895751476288 -0.10944940149784088 0.14577192068099976 2.797304153442383  738339.4322132198
-0.09038159996271133 -0.22806589305400848 0.3415796756744385 -0.11727549880743027 0.05271776020526886 2.784735918045044  738339.432213327
-0.09070738404989243 -0.22839365899562836 0.3455694019794464 -0.17521587014198303 -0.04081502556800842 2.7647769451141357  738339.432213442
-0.09103350341320038 -0.22871920466423035 0.3494863212108612 -0.19477389752864838 -0.08883991092443466 2.7545619010925293  738339.432213569
-0.09135875850915909 -0.22904172539710999 0.35335320234298706 -0.24408495426177979 -0.1276342123746872 2.735635757446289  738339.4322136849
-0.09168246388435364 -0.2293606549501419 0.3571649193763733 -0.29694393277168274 -0.2503994405269623 2.7034428119659424  738339.432213797
-0.09200356900691986 -0.22967529296875 0.3608938157558441 -0.3121658265590668 -0.3438871502876282 2.691793441772461  738339.4322139139
-0.0923205316066742 -0.2299851030111313 0.3645165264606476 -0.2774364650249481 -0.39259451627731323 2.6712214946746826  738339.4322140237
-0.09263215959072113 -0.23029008507728577 0.368036150932312 -0.2622487545013428 -0.4463564157485962 2.65018892288208  738339.4322141398
-0.09293746203184128 -0.23059049248695374 0.37147757411003113 -0.2745487093925476 -0.5466703176498413 2.6400492191314697  738339.4322142693
-0.09739460051059723 -0.23000501096248627 0.3756190538406372 -0.23840630054473877 -0.6024565100669861 2.663347005844116  738339.4322143757
-0.09776592999696732 -0.23029915988445282 0.378997266292572 -0.24641239643096924 -0.669500470161438 2.6568713188171387  738339.4322144898
-0.09812742471694946 -0.23058900237083435 0.38230323791503906 -0.2408340573310852 -0.7037853002548218 2.6507980823516846  738339.4322146005
-0.09847881644964218 -0.2308746874332428 0.3854922652244568 -0.25914159417152405 -0.7815585136413574 2.6541454792022705  738339.432214714
-0.09881902486085892 -0.23115602135658264 0.38858866691589355 -0.2894505560398102 -0.8311755061149597 2.653359889984131  738339.4322148388
-0.09914644807577133 -0.23143233358860016 0.3916316628456116 -0.3089942932128906 -0.8990326523780823 2.6692826747894287  738339.4322149551
-0.09946007281541824 -0.23170314729213715 0.39462709426879883 -0.3786001205444336 -0.9682170152664185 2.6572835445404053  738339.432215069
-0.09975879639387131 -0.23196770250797272 0.3975764214992523 -0.422454297542572 -1.0168356895446777 2.680206537246704  738339.4322151861
-0.1000419557094574 -0.23222513496875763 0.40046364068984985 -0.38005194067955017 -1.0626109838485718 2.6742970943450928  738339.4322152957
-0.10030946880578995 -0.23247557878494263 0.4032529592514038 -0.37573373317718506 -1.0758945941925049 2.6853551864624023  738339.4322154098
-0.10518080741167068 -0.230669766664505 0.40706223249435425 -0.4037516117095947 -1.121711015701294 2.7056007385253906  738339.4322155258
-0.10550660640001297 -0.23086071014404297 0.40969327092170715 -0.41773954033851624 -1.202608585357666 2.7287659645080566  738339.4322156507
-0.10581360012292862 -0.2310439646244049 0.41229015588760376 -0.3809073865413666 -1.2640771865844727 2.739243268966675  738339.4322157647
-0.10610049962997437 -0.2312196046113968 0.4148567020893097 -0.36490845680236816 -1.2882848978042603 2.7561042308807373  738339.4322158815
-0.10636647045612335 -0.23138800263404846 0.4173966944217682 -0.2683617174625397 -1.367625117301941 2.765960693359375  738339.4322159977
-0.10661086440086365 -0.23155006766319275 0.41990038752555847 -0.21012833714485168 -1.334838628768921 2.7784409523010254  738339.4322161131
-0.10683372616767883 -0.23170718550682068 0.42234379053115845 -0.11603155732154846 -1.4088977575302124 2.8027591705322266  738339.4322162251
-0.10703545063734055 -0.23186059296131134 0.4246995747089386 -0.11901665478944778 -1.5153615474700928 2.8206331729888916  738339.4322163311
-0.107215017080307 -0.2320110946893692 0.42695438861846924 -0.09268594533205032 -1.6044174432754517 2.837285280227661  738339.4322164513
-0.10737068206071854 -0.23215873539447784 0.4291155934333801 -0.03622683510184288 -1.6138116121292114 2.8528261184692383  738339.4322165912
-0.11189702153205872 -0.23033994436264038 0.4321193993091583 -0.0257936529815197 -1.6181416511535645 2.8745999336242676  738339.432216688
-0.11208422482013702 -0.23044587671756744 0.4342151880264282 -0.033984191715717316 -1.6536692380905151 2.900913953781128  738339.4322168047
-0.11224380135536194 -0.2305499017238617 0.43629956245422363 -0.04446810483932495 -1.6902987957000732 2.9173614978790283  738339.4322169258
-0.11237609386444092 -0.2306518852710724 0.4383407235145569 -0.06684495508670807 -1.7028884887695312 2.934687614440918  738339.4322170379
-0.11248189210891724 -0.2307516634464264 0.4402984380722046 -0.002332235686480999 -1.687287449836731 2.9497416019439697  738339.4322171548
-0.11256127059459686 -0.23084944486618042 0.4421694278717041 0.031520407646894455 -1.6512912511825562 2.97298526763916  738339.4322172684
-0.11261440068483353 -0.23094603419303894 0.4439593553543091 0.04193587973713875 -1.641732096672058 2.9642250537872314  738339.4322173827
-0.1126415953040123 -0.23104184865951538 0.44567039608955383 0.06383135914802551 -1.6695119142532349 2.9912774562835693  738339.4322174998
-0.11264269798994064 -0.23113709688186646 0.4473041296005249 0.1210726872086525 -1.6549826860427856 2.985938549041748  738339.4322176166
-0.11650003492832184 -0.22938627004623413 0.44974076747894287 0.17333905398845673 -1.6354480981826782 3.0125653743743896  738339.4322177256
-0.11651036888360977 -0.22945427894592285 0.45123979449272156 0.22389084100723267 -1.6824296712875366 3.001948595046997  738339.432217837
-0.11649350076913834 -0.22952407598495483 0.452693909406662 0.21752716600894928 -1.7232147455215454 3.022336483001709  738339.4322179646
-0.1164480447769165 -0.2295960634946823 0.45412424206733704 0.23038583993911743 -1.739710807800293 3.013859748840332  738339.4322180809
-0.1163727343082428 -0.22967031598091125 0.45555591583251953 0.24128034710884094 -1.7311161756515503 3.0267176628112793  738339.4322181802
-0.11625530570745468 -0.22975485026836395 0.45713284611701965 0.2384507805109024 -1.697163462638855 3.0151431560516357  738339.4322183061
-0.11611852049827576 -0.22983430325984955 0.45853304862976074 0.20934738218784332 -1.681637167930603 3.022918701171875  738339.432218425
-0.11595440655946732 -0.22991594672203064 0.4598730206489563 0.19744159281253815 -1.7130037546157837 3.0095555782318115  738339.4322185405
-0.11576317995786667 -0.22999942302703857 0.46114373207092285 0.20220054686069489 -1.665428876876831 3.011455774307251  738339.4322186429
-0.1155451089143753 -0.2300846427679062 0.4623371660709381 0.199413001537323 -1.6192392110824585 3.007398843765259  738339.4322187635
-0.11530112475156784 -0.23017165064811707 0.4634465277194977 0.18598175048828125 -1.5400809049606323 2.9810190200805664  738339.4322188897
-0.11908549070358276 -0.22820864617824554 0.46556180715560913 0.24328972399234772 -1.542996883392334 2.9819955825805664  738339.4322190038
-0.11884317547082901 -0.2282712310552597 0.46652650833129883 0.2997784912586212 -1.437227487564087 2.960948944091797  738339.4322191112
-0.11857692152261734 -0.22833681106567383 0.46741795539855957 0.33976444602012634 -1.3888559341430664 2.949777126312256  738339.4322192257
-0.11828786134719849 -0.22840628027915955 0.4682413935661316 0.33007267117500305 -1.4043251276016235 2.9314932823181152  738339.4322193539
-0.11797568202018738 -0.22848007082939148 0.46902230381965637 0.34864866733551025 -1.3453150987625122 2.9164044857025146  738339.4322194578
-0.117639921605587 -0.22855842113494873 0.46979328989982605 0.3805507719516754 -1.2785042524337769 2.8999850749969482  738339.4322195728
-0.1172817274928093 -0.2286417931318283 0.4705502986907959 0.3976552486419678 -1.2601873874664307 2.8726820945739746  738339.4322196954
-0.11690276861190796 -0.22873039543628693 0.4712497889995575 0.392596036195755 -1.2410591840744019 2.86234712600708  738339.432219806
-0.11650417745113373 -0.22882413864135742 0.4718533158302307 0.3654289245605469 -1.2304879426956177 2.854030132293701  738339.4322199264
-0.12038572132587433 -0.2269100844860077 0.47367462515830994 0.38354918360710144 -1.2418951988220215 2.846817970275879  738339.4322200421
-0.12001106888055801 -0.22698400914669037 0.4741280972957611 0.3366689085960388 -1.2123534679412842 2.8416621685028076  738339.4322201561
-0.1196163222193718 -0.22706280648708344 0.47452443838119507 0.36169058084487915 -1.1770896911621094 2.816894054412842  738339.4322202692
-0.11920161545276642 -0.22714635729789734 0.4748835265636444 0.38904526829719543 -1.0537991523742676 2.8153412342071533  738339.4322203841
-0.1187683567404747 -0.2272351086139679 0.47519534826278687 0.41988176107406616 -1.0313009023666382 2.803927421569824  738339.4322205076
-0.11831852048635483 -0.2273293286561966 0.4754197895526886 0.39714017510414124 -1.094165563583374 2.8072028160095215  738339.4322206161
-0.11785238236188889 -0.22742900252342224 0.4755335748195648 0.40508079528808594 -1.0423130989074707 2.79960036277771  738339.432220736
-0.11736894398927689 -0.2275341898202896 0.47557446360588074 0.4038134813308716 -0.9397581219673157 2.802382230758667  738339.4322208511
-0.11686874181032181 -0.22764524817466736 0.47558170557022095 0.3908960819244385 -0.9170185923576355 2.7940709590911865  738339.4322209633
-0.11635323613882065 -0.22776199877262115 0.4755328893661499 0.383297324180603 -0.8699257969856262 2.8075978755950928  738339.4322210754
-0.11582348495721817 -0.22788408398628235 0.47539395093917847 0.3746199309825897 -0.8339915871620178 2.8121511936187744  738339.432221194
-0.11967455595731735 -0.22616592049598694 0.4766390025615692 0.37049487233161926 -0.8266213536262512 2.8163609504699707  738339.4322213035
-0.11917532980442047 -0.22627365589141846 0.4763873815536499 0.3697982132434845 -0.7490974068641663 2.8067708015441895  738339.4322214191
-0.11866346001625061 -0.22638654708862305 0.4760473072528839 0.3720155358314514 -0.6328055262565613 2.820223093032837  738339.4322215413
-0.11814060807228088 -0.22650453448295593 0.47559624910354614 0.38370364904403687 -0.5961654782295227 2.821847438812256  738339.432221656
-0.11760790646076202 -0.22662785649299622 0.4750504791736603 0.3373641073703766 -0.6481375098228455 2.835825204849243  738339.4322217653
-0.11706509441137314 -0.2267564982175827 0.47443586587905884 0.32529836893081665 -0.6535602807998657 2.8372011184692383  738339.43222188
-0.11651203781366348 -0.2268897444009781 0.4737217426300049 0.34460318088531494 -0.575343906879425 2.84808611869812  738339.4322219985
-0.11594928801059723 -0.2270275354385376 0.47289177775382996 0.31264087557792664 -0.5547075867652893 2.8452200889587402  738339.4322221257
-0.11537743359804153 -0.22717006504535675 0.4719759225845337 0.2859055995941162 -0.5645550489425659 2.8629262447357178  738339.4322222404
-0.11966080218553543 -0.22606967389583588 0.47254037857055664 0.31945326924324036 -0.5274966955184937 2.8630874156951904  738339.4322223478
-0.11915485560894012 -0.22622239589691162 0.4714508354663849 0.30181223154067993 -0.5004088282585144 2.8724284172058105  738339.4322224641
-0.11864066869020462 -0.22637955844402313 0.4702685475349426 0.263380765914917 -0.4291946291923523 2.877878427505493  738339.4322225851
-0.11811903864145279 -0.22654074430465698 0.4689815938472748 0.2741044759750366 -0.3957701027393341 2.8779377937316895  738339.4322227011
-0.11759082973003387 -0.22670568525791168 0.46759042143821716 0.25185728073120117 -0.30176955461502075 2.8962743282318115  738339.4322228166
-0.11705681681632996 -0.22687450051307678 0.4661156237125397 0.2835308611392975 -0.2936652600765228 2.9003138542175293  738339.432222927
-0.11651808023452759 -0.22704708576202393 0.4645284116268158 0.23300206661224365 -0.2867470979690552 2.9237313270568848  738339.4322230412
-0.11597471684217453 -0.2272234708070755 0.4628298580646515 0.21973776817321777 -0.30782827734947205 2.938685417175293  738339.4322231585
-0.11542659997940063 -0.22740314900875092 0.4610394239425659 0.20841027796268463 -0.2564830780029297 2.9521169662475586  738339.4322232713
-0.11487399786710739 -0.2275858223438263 0.45912399888038635 0.21012340486049652 -0.23330794274806976 2.9741992950439453  738339.4322233965
-0.11431754380464554 -0.22777140140533447 0.45707976818084717 0.17854471504688263 -0.24105489253997803 3.0110979080200195  738339.4322235098
-0.11890751123428345 -0.2267068773508072 0.4562108814716339 0.20992803573608398 -0.23975950479507446 3.0097856521606445  738339.4322236145
-0.11843087524175644 -0.2269013226032257 0.45395535230636597 0.19359347224235535 -0.1509445309638977 3.039638042449951  738339.4322237379
-0.117950938642025 -0.2270987182855606 0.45159417390823364 0.20343223214149475 -0.0907503217458725 3.050992012023926  738339.4322238521
-0.1174689307808876 -0.22729891538619995 0.44909754395484924 0.17699220776557922 -0.05269471928477287 3.0969955921173096  738339.4322239715
-0.11698561161756516 -0.22750192880630493 0.446468710899353 0.1420857012271881 -0.07264667749404907 3.1126632690429688  738339.4322240786
-0.11650126427412033 -0.22770734131336212 0.4437137842178345 0.129954993724823 -0.06335177272558212 3.164579153060913  738339.4322242017
-0.11601578444242477 -0.2279147207736969 0.44081753492355347 0.14634670317173004 0.013270547613501549 3.1871089935302734  738339.432224319
-0.11552964150905609 -0.22812411189079285 0.43780621886253357 0.17741374671459198 0.015298992395401001 3.235633611679077  738339.4322244327
-0.11504358053207397 -0.2283359169960022 0.43468472361564636 0.16941925883293152 0.009169909171760082 3.2703843116760254  738339.432224551
-0.11455756425857544 -0.22855037450790405 0.4314497113227844 0.1754520684480667 -0.0033602998591959476 3.3076391220092773  738339.4322246739
-0.1190011128783226 -0.2272799015045166 0.4294964373111725 0.20270930230617523 0.05983543023467064 3.313676595687866  738339.4322247778
-0.11859724670648575 -0.2274872064590454 0.42608603835105896 0.23515206575393677 0.09877896308898926 3.342747688293457  738339.4322248941
-0.11819428950548172 -0.22769777476787567 0.4225512444972992 0.19352653622627258 0.1133473813533783 3.3748350143432617  738339.432225009
-0.11779274791479111 -0.2279118448495865 0.4189261794090271 0.15678276121616364 0.04022791236639023 3.3914542198181152  738339.4322251199
-0.11739233881235123 -0.22812877595424652 0.41521888971328735 0.10062029957771301 0.020410800352692604 3.41241717338562  738339.432225243
-0.1169922947883606 -0.2283477783203125 0.4113902449607849 0.05683421343564987 0.023663215339183807 3.4255313873291016  738339.4322253688
-0.11659250408411026 -0.22856809198856354 0.4074490964412689 0.016232548281550407 -0.0318516381084919 3.4358832836151123  738339.4322254672
-0.11619269102811813 -0.22878903150558472 0.40342116355895996 -0.056814104318618774 -0.15191984176635742 3.4462897777557373  738339.4322255825
-0.1157916858792305 -0.2290097028017044 0.39928969740867615 -0.14977096021175385 -0.24655866622924805 3.4312684535980225  738339.4322257013
-0.115387924015522 -0.22922882437705994 0.3950499892234802 -0.15930019319057465 -0.2736397683620453 3.4334468841552734  738339.4322258143
-0.12045866996049881 -0.22799250483512878 0.3921937942504883 -0.12498104572296143 -0.21117934584617615 3.424758195877075  738339.4322259416
-0.12015044689178467 -0.22819779813289642 0.3878375291824341 -0.1604813188314438 -0.2999265789985657 3.4110186100006104  738339.432226059
-0.11983850598335266 -0.22840069234371185 0.38338953256607056 -0.22030502557754517 -0.3773374855518341 3.4066195487976074  738339.4322261725
-0.11952182650566101 -0.22860057651996613 0.37882041931152344 -0.26339370012283325 -0.42803701758384705 3.387418031692505  738339.4322262893
-0.11919914931058884 -0.22879637777805328 0.37416863441467285 -0.2923186719417572 -0.42657867074012756 3.36014986038208  738339.4322264023
-0.11886981874704361 -0.22898730635643005 0.369464248418808 -0.28310301899909973 -0.4385607838630676 3.340301513671875  738339.4322265157
-0.11853386461734772 -0.2291732281446457 0.36469417810440063 -0.31706205010414124 -0.46862703561782837 3.3031749725341797  738339.4322266305
-0.118191197514534 -0.2293541580438614 0.3598320484161377 -0.3235597610473633 -0.529890239238739 3.2760181427001953  738339.4322267442
-0.11784128099679947 -0.22952976822853088 0.35486677289009094 -0.3028433620929718 -0.5536057353019714 3.240164279937744  738339.4322268566
-0.11748325079679489 -0.2297000139951706 0.34981289505958557 -0.29441407322883606 -0.6229907274246216 3.2050387859344482  738339.4322270005
-0.12241164594888687 -0.22811046242713928 0.3460195064544678 -0.3113415241241455 -0.6601858735084534 3.1922194957733154  738339.4322270863
-0.12213688343763351 -0.22824163734912872 0.34092599153518677 -0.34728261828422546 -0.7258656620979309 3.149595022201538  738339.4322272069
-0.12185122072696686 -0.2283668965101242 0.3357814848423004 -0.33792659640312195 -0.8138156533241272 3.1031248569488525  738339.4322273219
-0.121553935110569 -0.22848615050315857 0.33055245876312256 -0.3389285206794739 -0.8708975911140442 3.054513931274414  738339.4322274411
-0.12124380469322205 -0.2285993993282318 0.3252424895763397 -0.3342277705669403 -0.94424968957901 3.002825975418091  738339.432227555
-0.12091954797506332 -0.22870652377605438 0.31986725330352783 -0.3568667471408844 -1.0139364004135132 2.941693067550659  738339.4322276686
-0.12057961523532867 -0.2288072109222412 0.31445029377937317 -0.36298397183418274 -1.0734021663665771 2.904313564300537  738339.4322277833
-0.12022234499454498 -0.22890092432498932 0.30902257561683655 -0.31691497564315796 -1.1196025609970093 2.8424994945526123  738339.4322279065
-0.11984656006097794 -0.2289878875017166 0.3035975396633148 -0.3319454491138458 -1.115922212600708 2.802133560180664  738339.4322280112
-0.1242368221282959 -0.22743503749370575 0.29871684312820435 -0.29498088359832764 -1.1322863101959229 2.775320529937744  738339.4322281292
-0.12390536814928055 -0.22747987508773804 0.2932564914226532 -0.3340635597705841 -1.0969771146774292 2.7333881855010986  738339.4322282607
-0.12355634570121765 -0.22751890122890472 0.2877291738986969 -0.29263874888420105 -1.1192402839660645 2.6798739433288574  738339.4322283642
-0.12318990379571915 -0.22755207121372223 0.2821360230445862 -0.26730144023895264 -1.0790562629699707 2.6330552101135254  738339.4322284806
-0.12280584871768951 -0.22757986187934875 0.27648964524269104 -0.20702117681503296 -1.066946029663086 2.5832948684692383  738339.4322285923
-0.12280584871768951 -0.22757986187934875 0.27648964524269104 -0.20702117681503296 -1.066946029663086 2.5832948684692383  738339.4322287086
-0.12198517471551895 -0.2276216447353363 0.26509398221969604 -0.22120635211467743 -1.1303054094314575 2.480883836746216  738339.432228829
-0.12154793739318848 -0.22763590514659882 0.2593550980091095 -0.16422031819820404 -1.0299453735351562 2.4405384063720703  738339.4322289468
-0.12109270691871643 -0.227646142244339 0.25359615683555603 -0.089095339179039 -0.9740495085716248 2.4072799682617188  738339.4322290635
-0.12062068283557892 -0.22765351831912994 0.24782158434391022 -0.0802416279911995 -1.0513672828674316 2.3803346157073975  738339.432229179
-0.12013150751590729 -0.2276587337255478 0.2420409470796585 -0.07415372878313065 -1.0714499950408936 2.3442461490631104  738339.4322293077
-0.1249009221792221 -0.22578468918800354 0.23775215446949005 -0.052366938441991806 -0.9953206181526184 2.348519802093506  738339.4322294062
-0.12445825338363647 -0.2257380336523056 0.23204025626182556 0.019263094291090965 -0.9246795177459717 2.2975475788116455  738339.4322295162
-0.12399836629629135 -0.22569043934345245 0.2263796180486679 0.08873222768306732 -0.9163061380386353 2.2763333320617676  738339.432229636
-0.1235215961933136 -0.22564326226711273 0.22078755497932434 0.15089772641658783 -0.8979740738868713 2.224743604660034  738339.4322297478
-0.12302828580141068 -0.22559769451618195 0.2152562290430069 0.21792885661125183 -0.8641210794448853 2.1868252754211426  738339.432229864
-0.12251915037631989 -0.22555488348007202 0.20976726710796356 0.28188902139663696 -0.8841480016708374 2.116112232208252  738339.4322299806
-0.12199414521455765 -0.22551603615283966 0.2043265849351883 0.3196028470993042 -0.9143754243850708 2.0717713832855225  738339.432230095
-0.12145224958658218 -0.22548221051692963 0.19896633923053741 0.36311933398246765 -0.9176610708236694 2.0181374549865723  738339.4322302161
-0.1208929792046547 -0.22545424103736877 0.19369834661483765 0.4255451261997223 -0.8463829755783081 1.9659596681594849  738339.4322303326
-0.1208929792046547 -0.22545424103736877 0.19369834661483765 0.4255451261997223 -0.8463829755783081 1.9659596681594849  738339.4322304435
-0.1254475712776184 -0.22419339418411255 0.18498849868774414 0.3820352852344513 -0.8284498453140259 1.858325481414795  738339.4322305665
-0.12494019418954849 -0.2241513580083847 0.1799502670764923 0.3975256085395813 -0.7523296475410461 1.7963944673538208  738339.4322306734
-0.1244177520275116 -0.2241162657737732 0.1750166118144989 0.4190116226673126 -0.656670868396759 1.753592610359192  738339.4322307899
-0.12388205528259277 -0.22408846020698547 0.17017604410648346 0.37344491481781006 -0.6543296575546265 1.7018232345581055  738339.4322309055
-0.12333419173955917 -0.22406747937202454 0.1653997153043747 0.35229411721229553 -0.6720404028892517 1.657044529914856  738339.4322310216
-0.12277395278215408 -0.2240527868270874 0.1606936752796173 0.35178133845329285 -0.6754226088523865 1.6063730716705322  738339.432231145
-0.12220095843076706 -0.2240443229675293 0.15607599914073944 0.38628777861595154 -0.5883424282073975 1.5693933963775635  738339.4322312488
-0.12161622941493988 -0.22404241561889648 0.1515367478132248 0.4338811933994293 -0.5419577360153198 1.5385037660598755  738339.4322313757
-0.1210208535194397 -0.22404791414737701 0.14708174765110016 0.43992093205451965 -0.585942268371582 1.5065091848373413  738339.4322314764
-0.12041464447975159 -0.22406131029129028 0.14271731674671173 0.44533953070640564 -0.6606271862983704 1.488782525062561  738339.4322316033
-0.12041464447975159 -0.22406131029129028 0.14271731674671173 0.44533953070640564 -0.6606271862983704 1.488782525062561  738339.4322317244
-0.1255374252796173 -0.2234865128993988 0.13525702059268951 0.4340127408504486 -0.6169372200965881 1.447346568107605  738339.4322318328
-0.12500806152820587 -0.223502516746521 0.13113704323768616 0.41117390990257263 -0.6244603991508484 1.4350377321243286  738339.4322319506
-0.12446662783622742 -0.2235262542963028 0.12713085114955902 0.3313140273094177 -0.720020055770874 1.423557996749878  738339.4322320633
-0.1239122524857521 -0.2235564887523651 0.12321870774030685 0.25942063331604004 -0.8018815517425537 1.4136892557144165  738339.432232183
-0.12334334850311279 -0.22359180450439453 0.11940005421638489 0.2306324541568756 -0.800954282283783 1.3935596942901611  738339.4322322941
-0.12275896966457367 -0.2236313819885254 0.11569905281066895 0.22982032597064972 -0.7489491105079651 1.3893643617630005  738339.4322324108
-0.12215963751077652 -0.22367505729198456 0.11212366819381714 0.22327366471290588 -0.7388491630554199 1.374126672744751  738339.432232535
-0.12154586613178253 -0.22372274100780487 0.10867326706647873 0.21582819521427155 -0.7904619574546814 1.3765077590942383  738339.4322326386
-0.12091711163520813 -0.2237742841243744 0.10534864664077759 0.2656981647014618 -0.7857473492622375 1.3723046779632568  738339.4322327708
-0.1263272911310196 -0.2239304631948471 0.10252368450164795 0.3630101978778839 -0.6785961985588074 1.3541499376296997  738339.4322328724
-0.1257776916027069 -0.2239873707294464 0.09939324110746384 0.45049557089805603 -0.6359484195709229 1.3417819738388062  738339.4322329863
-0.12521590292453766 -0.2240515798330307 0.0963340699672699 0.5107958912849426 -0.6369462609291077 1.3327382802963257  738339.4322331022
-0.12464237958192825 -0.22412429749965668 0.09333149343729019 0.566342294216156 -0.6302386522293091 1.3168081045150757  738339.432233213
