% x y z r p yw  738318.7013218672
2.672381639480591 0.7365797162055969 0.0029620749410241842 -0.0668545514345169 0.06533748656511307 -0.016399353742599487  738318.7013220966
2.6769187450408936 0.7396032214164734 0.0029597750399261713 -0.06630376726388931 0.06685303151607513 -0.01803532801568508  738318.7013222211
2.681464672088623 0.7426328063011169 0.0029571743216365576 -0.06676739454269409 0.06759607791900635 -0.019432827830314636  738318.7013223316
2.686018943786621 0.7456682920455933 0.0029541344847530127 -0.06821221858263016 0.06982222199440002 -0.021283261477947235  738318.7013224452
2.6905815601348877 0.7487098574638367 0.002950001275166869 -0.06867920607328415 0.06826914846897125 -0.0202208049595356  738318.7013225688
2.6951522827148438 0.7517584562301636 0.0029437849298119545 -0.06768588721752167 0.06913067400455475 -0.01949785090982914  738318.7013226828
2.6997311115264893 0.7548145651817322 0.0029352258425205946 -0.06809864938259125 0.06850852817296982 -0.018935944885015488  738318.7013227913
2.704317808151245 0.7578774094581604 0.0029255554545670748 -0.06734359264373779 0.06839368492364883 -0.01875392720103264  738318.7013229155
2.7089130878448486 0.760945737361908 0.002915048273280263 -0.0680745467543602 0.06717898696660995 -0.018925929442048073  738318.7013230498
2.7135157585144043 0.7640189528465271 0.002903691027313471 -0.06867440044879913 0.06889747828245163 -0.0199434757232666  738318.701323137
2.7181243896484375 0.7670972943305969 0.002891944721341133 -0.06753578037023544 0.06962611526250839 -0.02046484686434269  738318.7013232558
2.7227396965026855 0.77018141746521 0.0028800873551517725 -0.06795994937419891 0.07020723074674606 -0.020746970549225807  738318.7013233651
2.727363348007202 0.7732711434364319 0.0028686304576694965 -0.06792975962162018 0.06971073150634766 -0.022169962525367737  738318.701323492
2.73199462890625 0.776365339756012 0.0028567337431013584 -0.06727157533168793 0.06886386126279831 -0.02178249880671501  738318.7013236019
2.7366340160369873 0.7794639468193054 0.0028430332895368338 -0.06706058233976364 0.06822091341018677 -0.021260064095258713  738318.7013237164
2.741281509399414 0.7825678586959839 0.0028288003522902727 -0.06700101494789124 0.0687938928604126 -0.020896615460515022  738318.7013238313
2.745936632156372 0.7856776118278503 0.0028154102619737387 -0.06714694201946259 0.06986808031797409 -0.021228063851594925  738318.7013239465
2.7506000995635986 0.7887935042381287 0.002802356146275997 -0.06780538707971573 0.06969571858644485 -0.021957695484161377  738318.7013240624
2.7552731037139893 0.7919163703918457 0.0027899257838726044 -0.06772839277982712 0.07064460963010788 -0.02287713810801506  738318.7013241816
2.759955644607544 0.7950465679168701 0.0027785415295511484 -0.0678117424249649 0.07283283770084381 -0.024437271058559418  738318.7013242999
2.7646467685699463 0.7981836199760437 0.0027672583237290382 -0.06927420198917389 0.07268629968166351 -0.024307820945978165  738318.701324413
2.769345998764038 0.8013272881507874 0.002755308523774147 -0.06950092315673828 0.07411590963602066 -0.025124697014689445  738318.7013245223
2.774054527282715 0.8044777512550354 0.0027431664057075977 -0.06933712214231491 0.07524919509887695 -0.025720562785863876  738318.7013246377
2.7787716388702393 0.8076351284980774 0.0027316214982420206 -0.06892414391040802 0.07473694533109665 -0.02556733973324299  738318.7013247543
2.7834970951080322 0.8107998967170715 0.0027209511026740074 -0.06915081292390823 0.0754215344786644 -0.02651110291481018  738318.7013248904
2.7882299423217773 0.8139726519584656 0.00271042762324214 -0.07022206485271454 0.07633815705776215 -0.02803693152964115  738318.7013249988
2.7929699420928955 0.8171536922454834 0.0026996771339327097 -0.07118555903434753 0.07504042983055115 -0.026324113830924034  738318.7013251067
2.7981925010681152 0.8206626772880554 0.0026886314153671265 -0.0715886726975441 0.07494258880615234 -0.025588776916265488  738318.701325226
2.8029487133026123 0.8238621354103088 0.0026793768629431725 -0.07291111350059509 0.07543310523033142 -0.027830615639686584  738318.701325334
2.8077125549316406 0.8270706534385681 0.0026702177710831165 -0.07370775938034058 0.0760660246014595 -0.027388999238610268  738318.701325461
2.812483310699463 0.8302876949310303 0.002661135047674179 -0.07293437421321869 0.07752326875925064 -0.02814009040594101  738318.7013255846
2.8172614574432373 0.8335118293762207 0.0026519533712416887 -0.07227525860071182 0.07828982174396515 -0.028714967891573906  738318.7013256896
2.822046995162964 0.8367418050765991 0.0026425549294799566 -0.0730757936835289 0.0771530419588089 -0.028404470533132553  738318.7013257935
2.826840400695801 0.8399782180786133 0.0026340687181800604 -0.07326025515794754 0.0774240642786026 -0.027800243347883224  738318.7013259162
2.831644058227539 0.8432207107543945 0.0026264179032295942 -0.07247231155633926 0.07846030592918396 -0.028592513874173164  738318.70132603
2.8364572525024414 0.8464692831039429 0.0026181484572589397 -0.07265026122331619 0.07899283617734909 -0.02806251123547554  738318.701326147
2.841277837753296 0.849724531173706 0.002607878530398011 -0.07508093118667603 0.07852133363485336 -0.02806003950536251  738318.7013262695
2.8461058139801025 0.8529863357543945 0.0025953922886401415 -0.07530041038990021 0.07760784029960632 -0.02782989665865898  738318.7013263715
2.850942611694336 0.8562539219856262 0.0025822913739830256 -0.0760997012257576 0.0784514918923378 -0.02819146402180195  738318.7013264885
2.8557891845703125 0.8595272302627563 0.002569453092291951 -0.07592858374118805 0.07836298644542694 -0.027707135304808617  738318.7013266044
2.8606443405151367 0.8628069758415222 0.002556856255978346 -0.07688906788825989 0.07851166278123856 -0.0263748150318861  738318.70132672
2.865506649017334 0.8660939931869507 0.002544871997088194 -0.07506879419088364 0.07807132601737976 -0.02668122760951519  738318.701326843
2.8703763484954834 0.8693881630897522 0.0025336507242172956 -0.0742524042725563 0.07930609583854675 -0.027347024530172348  738318.7013269631
2.875253677368164 0.8726890087127686 0.00252271955832839 -0.07516489177942276 0.0791461244225502 -0.026697713881731033  738318.7013270789
2.880138635635376 0.875995934009552 0.002512287115678191 -0.07483493536710739 0.07866121083498001 -0.02658713236451149  738318.7013271898
2.8850317001342773 0.8793088793754578 0.0025025219656527042 -0.07502830028533936 0.0790182575583458 -0.02484736032783985  738318.7013272982
2.8899340629577637 0.8826290369033813 0.0024927544873207808 -0.07475700974464417 0.07989927381277084 -0.024419469758868217  738318.701327418
2.8948450088500977 0.8859555125236511 0.0024827420711517334 -0.07477913796901703 0.08030180633068085 -0.023207180202007294  738318.7013275393
2.8997642993927 0.8892872929573059 0.0024730104487389326 -0.0755019262433052 0.07883674651384354 -0.023370854556560516  738318.7013276457
2.9046919345855713 0.8926252126693726 0.002463362645357847 -0.07576856762170792 0.07922663539648056 -0.023955946788191795  738318.7013277768
2.909627676010132 0.8959695100784302 0.002453481312841177 -0.07576993107795715 0.08000468462705612 -0.024258123710751534  738318.7013278692
2.914571762084961 0.8993207216262817 0.0024436386302113533 -0.07610171288251877 0.07981876283884048 -0.024452462792396545  738318.701327997
2.919524669647217 0.9026786684989929 0.0024339319206774235 -0.07624870538711548 0.07996031641960144 -0.0235776174813509  738318.7013281217
2.924485683441162 0.9060423374176025 0.002425014041364193 -0.07702376693487167 0.07980730384588242 -0.0236908458173275  738318.7013282365
2.9294545650482178 0.9094119668006897 0.002417611423879862 -0.07741065323352814 0.07967017590999603 -0.023770153522491455  738318.7013283472
2.9344305992126465 0.9127880930900574 0.0024115219712257385 -0.07782773673534393 0.07871340960264206 -0.024203550070524216  738318.7013284573
2.939412832260132 0.916170597076416 0.0024053449742496014 -0.07797575742006302 0.07777844369411469 -0.023395448923110962  738318.7013285774
2.944401264190674 0.9195601344108582 0.002397703705355525 -0.07737144827842712 0.07622350007295609 -0.024310192093253136  738318.7013286911
2.949397563934326 0.9229573011398315 0.002388431690633297 -0.07741059362888336 0.07649601250886917 -0.023519404232501984  738318.7013288119
2.9544031620025635 0.9263608455657959 0.0023769501131027937 -0.07737485319375992 0.07680554687976837 -0.024273836985230446  738318.7013289194
2.959418535232544 0.9297699332237244 0.0023634142708033323 -0.078597292304039 0.07702584564685822 -0.024953369051218033  738318.7013290419
0.023955324664711952 0.13710279762744904 0.03454208746552467 -0.41093048453330994 -0.20172077417373657 -45.21379470825195  738318.701329153
0.005908360704779625 0.14334702491760254 0.034652229398489 -0.41196882724761963 -0.20302024483680725 -45.25645446777344  738318.7013292806
-0.012116875499486923 0.14960461854934692 0.03476268798112869 -0.4121905267238617 -0.2037758082151413 -45.299686431884766  738318.701329384
-0.03011988289654255 0.15587414801120758 0.03487428277730942 -0.41399723291397095 -0.20503568649291992 -45.3432731628418  738318.7013294986
-0.04809985309839249 0.16215606033802032 0.03498680144548416 -0.41350287199020386 -0.2044488489627838 -45.389564514160156  738318.7013296186
-0.06605666875839233 0.16845135390758514 0.035100508481264114 -0.4147815406322479 -0.2034268081188202 -45.43427658081055  738318.7013297325
-0.08398979902267456 0.1747601181268692 0.03521595895290375 -0.41434451937675476 -0.20338740944862366 -45.477874755859375  738318.7013298476
-0.10189880430698395 0.1810818761587143 0.0353337861597538 -0.41509854793548584 -0.20329155027866364 -45.52365493774414  738318.7013299671
-0.11978400498628616 0.18741612136363983 0.03545307740569115 -0.41523119807243347 -0.20323355495929718 -45.569313049316406  738318.7013300892
1.500005841255188 1.709414732431469e-06 1.0288204066455364e-06 -0.0006027677445672452 0.0010768224019557238 0.0015751292230561376  738318.7013301932
1.5000234842300415 6.902149380039191e-06 2.427375875413418e-06 -0.002134951064363122 -3.252115493523888e-05 0.0019088195404037833  738318.70133031
1.500051736831665 1.6117039194796234e-05 1.9775470718741417e-06 -0.0018485288601368666 0.0005893466295674443 0.00195966730825603  738318.7013304263
1.5000895261764526 2.9455644835252315e-05 5.167094059288502e-07 -0.001673398190177977 -0.0014045443385839462 0.0022133090533316135  738318.7013305431
1.5001381635665894 4.6676323108840734e-05 -9.452342055737972e-07 -0.0009736140491440892 -0.00028199789812788367 0.0024518496356904507  738318.7013306611
1.5001976490020752 6.801666313549504e-05 -2.2823805920779705e-06 -0.0005117746768519282 3.6437973903957754e-05 0.0015876595862209797  738318.7013307698
1.5002665519714355 9.366038284497336e-05 -2.848799340426922e-06 -0.000144702207762748 0.0010109555441886187 0.00029608941986225545  738318.7013308873
1.5003527402877808 0.00012642766523640603 -3.2946118153631687e-06 -0.00024566258070990443 -0.00037606852129101753 0.00013314859825186431  738318.7013310064
1.5004411935806274 0.00015984679339453578 -4.55835834145546e-06 8.157154661603272e-05 0.0009401146089658141 0.0008480295073240995  738318.7013311055
1.5005385875701904 0.0001969572767848149 -6.717164069414139e-06 -0.0010072882287204266 0.000622713181655854 0.0009389995248056948  738318.7013312478
1.500644564628601 0.000238903914578259 -8.129049092531204e-06 -0.0015292023308575153 0.001279717544093728 0.0005667335935868323  738318.7013313604
0.04150962084531784 0.13119448721408844 0.034428685903549194 -0.7154309153556824 -0.36959943175315857 -64.49273681640625  738318.7013314691
0.04102427139878273 0.13151617348194122 0.034436192363500595 -0.7158239483833313 -0.36790257692337036 -64.55460357666016  738318.701331597
0.04056108742952347 0.13183271884918213 0.0344444140791893 -0.7164414525032043 -0.3661535978317261 -64.61670684814453  738318.701331696
0.040119718760252 0.13214555382728577 0.03445301204919815 -0.7169829607009888 -0.3658920228481293 -64.6782455444336  738318.7013318054
0.040119718760252 0.13214555382728577 0.03445301204919815 -0.7169829607009888 -0.3658920228481293 -64.6782455444336  738318.7013319321
0.03970053791999817 0.13245461881160736 0.03446115180850029 -0.7171739339828491 -0.3641626238822937 -64.74071502685547  738318.701332049
0.03930322080850601 0.13275933265686035 0.03446945548057556 -0.718387246131897 -0.3630376160144806 -64.80168151855469  738318.7013321574
0.03892807289958 0.1330590695142746 0.03447841852903366 -0.7189052700996399 -0.3629220128059387 -64.86363983154297  738318.701332275
0.038575462996959686 0.13335224986076355 0.034487511962652206 -0.7194594740867615 -0.36247169971466064 -64.92579650878906  738318.7013323905
0.04751079902052879 0.138630211353302 0.03470858186483383 -0.1013529822230339 1.900721549987793 87.41970825195312  738318.7013325356
0.04683225601911545 0.13859957456588745 0.034717872738838196 -0.09968434274196625 1.8997389078140259 87.34007263183594  738318.7013326274
0.04614483565092087 0.13854654133319855 0.03472766652703285 -0.09857918322086334 1.9004112482070923 87.2601089477539  738318.7013327383
0.045448508113622665 0.1384705752134323 0.03473806753754616 -0.09865280985832214 1.8975944519042969 87.18025970458984  738318.7013328548
0.04474323242902756 0.13837237656116486 0.034748341888189316 -0.09749017655849457 1.8964258432388306 87.10166931152344  738318.7013329616
0.044029708951711655 0.13825306296348572 0.0347585566341877 -0.0949494019150734 1.8960094451904297 87.02210235595703  738318.7013330751
0.04330911114811897 0.13811254501342773 0.03476890176534653 -0.09404058009386063 1.8948395252227783 86.94335174560547  738318.7013332037
0.04258158802986145 0.13795027136802673 0.034778933972120285 -0.09333451837301254 1.8940138816833496 86.86500549316406  738318.7013333213
0.0418468713760376 0.13776631653308868 0.034788284450769424 -0.09024051576852798 1.893487572669983 86.78575134277344  738318.701333424
0.04110417142510414 0.13756035268306732 0.034797996282577515 -0.08867939561605453 1.8908675909042358 86.70767974853516  738318.7013335526
0.04035278037190437 0.13733232021331787 0.03480891138315201 -0.08777450770139694 1.8904224634170532 86.6281509399414  738318.7013336633
0.03990129381418228 0.1326526403427124 0.03455827012658119 -1.6140321493148804 2.185373067855835 108.14906311035156  738318.7013337723
0.03909889981150627 0.13198092579841614 0.03454101085662842 -1.6116554737091064 2.185457229614258 108.05535888671875  738318.7013338845
0.03827306628227234 0.1312735676765442 0.03452213481068611 -1.6096338033676147 2.1858999729156494 107.962646484375  738318.701334013
0.03742370754480362 0.130531445145607 0.034501560032367706 -1.606569766998291 2.1862406730651855 107.86866760253906  738318.7013341192
0.036551181226968765 0.12975504994392395 0.034478798508644104 -1.6036162376403809 2.186795949935913 107.7766342163086  738318.7013342497
0.03565482422709465 0.12894368171691895 0.0344541072845459 -1.6018247604370117 2.187617063522339 107.68486022949219  738318.7013343632
0.03473520651459694 0.12809719145298004 0.03442797809839249 -1.5990456342697144 2.1875855922698975 107.59184265136719  738318.7013344793
0.033791933208703995 0.1272154599428177 0.03440121188759804 -1.5976754426956177 2.1873278617858887 107.49919128417969  738318.701334595
0.032824382185935974 0.12629829347133636 0.034375354647636414 -1.594692587852478 2.188370704650879 107.4074478149414  738318.701334834
0.031833235174417496 0.12534624338150024 0.03435083478689194 -1.5920010805130005 2.190869092941284 107.31306457519531  738318.7013349032
0.032872412353754044 0.12453269958496094 0.0341452918946743 -2.674717664718628 1.6941988468170166 118.05529022216797  738318.7013349495
0.031695492565631866 0.12330473959445953 0.034092988818883896 -2.673125982284546 1.6963800191879272 117.9570083618164  738318.701335041
0.03048020601272583 0.12203783541917801 0.03404095023870468 -2.6701712608337402 1.6977360248565674 117.8581314086914  738318.7013351693
0.029227739199995995 0.12073218077421188 0.03398837149143219 -2.6656126976013184 1.698269248008728 117.7606201171875  738318.7013352864
0.02793820947408676 0.11938652396202087 0.03393389657139778 -2.664724349975586 1.6984326839447021 117.66244506835938  738318.7013354023
0.02661150135099888 0.11800073832273483 0.03387712314724922 -2.6620748043060303 1.6994484663009644 117.56449127197266  738318.701335511
0.025247247889637947 0.11657606810331345 0.03381844982504845 -2.660062789916992 1.6998403072357178 117.46714782714844  738318.7013356221
0.023843662813305855 0.11511380970478058 0.03375690430402756 -2.657443046569824 1.7008551359176636 117.36914825439453  738318.7013357466
0.022399334236979485 0.1136145070195198 0.033692605793476105 -2.6555659770965576 1.7033591270446777 117.2708969116211  738318.7013358743
0.024106718599796295 0.11594851315021515 0.03359103202819824 -3.3593428134918213 0.9715498685836792 123.92245483398438  738318.7013359666
0.022393396124243736 0.11432377994060516 0.03350032866001129 -3.3568713665008545 0.9744358062744141 123.82058715820312  738318.7013360866
0.0206286683678627 0.11266067624092102 0.03340844064950943 -3.3541271686553955 0.9775043725967407 123.7181625366211  738318.7013361976
0.018811991438269615 0.11095985025167465 0.03331533819437027 -3.351997137069702 0.9811767935752869 123.61576080322266  738318.7013363198
0.016943087801337242 0.10922230035066605 0.033221349120140076 -3.3496296405792236 0.9842832684516907 123.51400756835938  738318.701336437
0.01502290554344654 0.10744764655828476 0.03312699496746063 -3.3460793495178223 0.9871952533721924 123.4127426147461  738318.7013365558
0.012852413579821587 0.10545255243778229 0.03302215039730072 -3.342989206314087 0.9913684129714966 123.31114959716797  738318.7013366735
0.010826129466295242 0.10360047966241837 0.032923903316259384 -3.3398611545562744 0.9965773820877075 123.21040344238281  738318.7013367852
0.008748908527195454 0.10171189159154892 0.03282160311937332 -3.336735248565674 0.9992051720619202 123.11029815673828  738318.7013369043
0.006621082313358784 0.09978567808866501 0.03271599858999252 -3.3350143432617188 1.0021709203720093 123.00923919677734  738318.7013370084
0.004443185403943062 0.097821906208992 0.03260786086320877 -3.333367347717285 1.0036811828613281 122.90764617919922  738318.7013371538
0.008775641210377216 0.10577134788036346 0.03282032161951065 -3.7505784034729004 0.0022950260899960995 127.90615844726562  738318.7013372668
0.00631274888291955 0.10394381731748581 0.0326894149184227 -3.7494893074035645 0.006194950547069311 127.80389404296875  738318.7013373794
0.0037861282471567392 0.10208640992641449 0.032557353377342224 -3.748509168624878 0.008996986784040928 127.7017593383789  738318.7013374836
0.0011948286555707455 0.10019881278276443 0.032423462718725204 -3.7470014095306396 0.011755965650081635 127.59814453125  738318.7013375909
-0.0014619913417845964 0.0982813611626625 0.032287970185279846 -3.7452468872070312 0.013347816653549671 127.49517059326172  738318.7013377089
-0.004184127785265446 0.0963352769613266 0.03215135633945465 -3.743048906326294 0.017174895852804184 127.39302062988281  738318.7013378199
-0.006970835849642754 0.09436016529798508 0.03201327845454216 -3.7408597469329834 0.022209977731108665 127.28909301757812  738318.7013379356
-0.009821174666285515 0.09235484153032303 0.031873006373643875 -3.739781618118286 0.025938216596841812 127.18628692626953  738318.701338049
-0.012735072523355484 0.09031946212053299 0.03173067793250084 -3.7382562160491943 0.03032304346561432 127.08333587646484  738318.7013381883
-0.004717021249234676 0.10189320892095566 0.032134730368852615 -3.895240545272827 -1.0028843879699707 130.72280883789062  738318.7013382806
-0.007855687290430069 0.10019008070230484 0.031968433409929276 -3.8952810764312744 -1.000064492225647 130.61927795410156  738318.7013384085
-0.011070827953517437 0.09846538305282593 0.03179788589477539 -3.8946380615234375 -0.99531090259552 130.51516723632812  738318.7013385233
-0.014361745677888393 0.09671985357999802 0.03162382170557976 -3.8932173252105713 -0.9900339245796204 130.40965270996094  738318.7013386405
-0.01772739179432392 0.09495364129543304 0.031448014080524445 -3.8914976119995117 -0.9867244958877563 130.30601501464844  738318.7013387452
-0.0211679395288229 0.0931672528386116 0.031270526349544525 -3.8900973796844482 -0.9834199547767639 130.20216369628906  738318.701338869
-0.02468305453658104 0.09136079251766205 0.031090203672647476 -3.890150785446167 -0.9781812429428101 130.0985107421875  738318.7013389793
-0.028272904455661774 0.08953345566987991 0.030907899141311646 -3.8905370235443115 -0.9729862213134766 129.99404907226562  738318.7013390991
-0.03193754330277443 0.08768598735332489 0.03072514943778515 -3.8894271850585938 -0.9695894718170166 129.88975524902344  738318.7013392148
-0.035676758736371994 0.0858200192451477 0.030541066080331802 -3.8883111476898193 -0.9652782678604126 129.7860107421875  738318.701339327
-0.03949100896716118 0.08393561840057373 0.030354274436831474 -3.8876078128814697 -0.9607170820236206 129.68228149414062  738318.7013394533
-0.02332906424999237 0.10012827068567276 0.031093502417206764 -3.8226990699768066 -2.035783290863037 132.6620635986328  738318.7013395551
-0.027188075706362724 0.09877556562423706 0.03088405728340149 -3.823284864425659 -2.0343024730682373 132.6620635986328  738318.7013396712
-0.031118841841816902 0.09740406274795532 0.0306731928139925 -3.818091869354248 -2.030297040939331 132.64401245117188  738318.7013397982
-0.035121601074934006 0.09601372480392456 0.030464883893728256 -3.814800500869751 -2.024707078933716 132.6811981201172  738318.7013399029
-0.039196472615003586 0.09460438787937164 0.030262554064393044 -3.810805320739746 -2.024724006652832 132.6201629638672  738318.7013400154
-0.04334304854273796 0.09317629039287567 0.03006117418408394 -3.7978103160858154 -2.0319857597351074 132.69454956054688  738318.7013401417
-0.047561049461364746 0.09172944724559784 0.029858438298106194 -3.7983832359313965 -2.01550555229187 132.62603759765625  738318.7013402495
-0.051850881427526474 0.09026391804218292 0.029661128297448158 -3.7736949920654297 -2.0295748710632324 132.689453125  738318.7013403751
-0.056212395429611206 0.08877965062856674 0.029470078647136688 -3.755032539367676 -2.0000123977661133 132.63809204101562  738318.7013405934
-0.06064571812748909 0.08727681636810303 0.029291728511452675 -3.715205192565918 -1.997398018836975 132.67120361328125  738318.7013406277
-0.03737808018922806 0.10465902090072632 0.030351370573043823 -3.4785172939300537 -3.0661299228668213 134.98870849609375  738318.7013407202
-0.04168808087706566 0.10378707945346832 0.030121011659502983 -3.415236234664917 -3.0526227951049805 135.0023193359375  738318.7013408245
-0.046072930097579956 0.10291057825088501 0.029839523136615753 -3.4005086421966553 -3.02170467376709 134.99464416503906  738318.7013409551
-0.05053532496094704 0.10202957689762115 0.02955000475049019 -3.339797019958496 -2.9746057987213135 134.9853515625  738318.701341067
-0.055076681077480316 0.10114392638206482 0.029282862320542336 -3.3098578453063965 -2.9506049156188965 134.99868774414062  738318.701341178
-0.05969309061765671 0.1002538874745369 0.02900036610662937 -3.2446482181549072 -2.9001145362854004 134.9718780517578  738318.7013412927
-0.06438286602497101 0.09935969114303589 0.028693053871393204 -3.193805456161499 -2.804687261581421 134.9822235107422  738318.7013413986
-0.06914665549993515 0.09846098721027374 0.028390903025865555 -3.0749237537384033 -2.747663974761963 135.0049591064453  738318.7013415265
-0.0739828422665596 0.09755783528089523 0.028099101036787033 -2.926863431930542 -2.6369781494140625 135.02581787109375  738318.7013416395
-0.07888976484537125 0.09665077179670334 0.02783222123980522 -2.7283952236175537 -2.5425329208374023 135.0255889892578  738318.7013417811
-0.048583902418613434 0.1133558601140976 0.02957513928413391 -2.0277092456817627 -3.4959590435028076 136.8671417236328  738318.7013418719
-0.05319423973560333 0.11316543072462082 0.029439395293593407 -1.7088569402694702 -3.3197813034057617 136.88385009765625  738318.7013419946
-0.05787472799420357 0.11299322545528412 0.029395828023552895 -1.389372706413269 -3.1808559894561768 136.87994384765625  738318.7013421075
-0.06261885166168213 0.11284160614013672 0.02944052591919899 -1.0329058170318604 -2.9366793632507324 136.89671325683594  738318.7013422166
-0.06741831451654434 0.11271201074123383 0.029546231031417847 -0.5949360728263855 -2.622966766357422 136.88731384277344  738318.7013423338
-0.07275061309337616 0.1125965341925621 0.029712259769439697 -0.03716101869940758 -2.202946662902832 136.86361694335938  738318.7013424524
-0.0776357427239418 0.11251853406429291 0.029921336099505424 0.4616672396659851 -1.7076414823532104 136.82611083984375  738318.701342569
-0.08254379034042358 0.11246787756681442 0.030197490006685257 0.9788070321083069 -1.086822748184204 136.735595703125  738318.7013426801
-0.0874609500169754 0.11244382709264755 0.030521299690008163 1.4913418292999268 -0.3501305878162384 136.6187744140625  738318.7013428854
-0.09237224608659744 0.11244465410709381 0.030888309702277184 2.0041377544403076 0.48331621289253235 136.4995880126953  738318.7013429406
-0.05399586632847786 0.12376151233911514 0.033511336892843246 3.035900354385376 0.73241126537323 137.90245056152344  738318.7013430273
-0.05816240608692169 0.12436196953058243 0.03397213667631149 3.5661375522613525 1.7501094341278076 137.7279815673828  738318.7013431523
-0.06227433308959007 0.12499071657657623 0.0344548262655735 4.084345817565918 2.8681883811950684 137.53065490722656  738318.7013432682
-0.06631167978048325 0.12564167380332947 0.034956105053424835 4.594470977783203 4.007833480834961 137.32765197753906  738318.7013433741
-0.07025538384914398 0.12630777060985565 0.03546123951673508 5.150830268859863 5.186694622039795 137.15098571777344  738318.7013434895
-0.07408402115106583 0.12698203325271606 0.03597341850399971 5.763026237487793 6.348110198974609 137.01817321777344  738318.7013436157
-0.0777767151594162 0.12765787541866302 0.036483339965343475 6.442808628082275 7.500078201293945 136.93377685546875  738318.7013437244
-0.08131344616413116 0.1283300220966339 0.036978527903556824 7.13750696182251 8.697758674621582 136.8634796142578  738318.7013438386
-0.08467118442058563 0.1289934366941452 0.03745769336819649 7.888949394226074 9.827665328979492 136.84091186523438  738318.7013439591
-0.08783428370952606 0.12964436411857605 0.03788504749536514 8.665263175964355 10.986833572387695 136.9108123779297  738318.7013440635
-0.04438174515962601 0.13836652040481567 0.0408862940967083 10.373563766479492 11.436901092529297 138.28109741210938  738318.7013441923
-0.04628906026482582 0.13965964317321777 0.04114839807152748 11.238166809082031 12.548334121704102 138.45651245117188  738318.7013443005
-0.04794611036777496 0.14095868170261383 0.04130210727453232 12.074675559997559 13.688394546508789 138.68209838867188  738318.7013444048
-0.049336377531290054 0.1422639638185501 0.04132707044482231 12.906410217285156 14.907809257507324 138.935302734375  738318.70134454
-0.05044178664684296 0.14357560873031616 0.041207943111658096 13.663030624389648 16.160511016845703 139.2278594970703  738318.7013446526
-0.05123617872595787 0.1448933333158493 0.04095042496919632 14.437716484069824 17.45586395263672 139.57470703125  738318.7013447626
-0.05169117823243141 0.14621680974960327 0.04056188836693764 15.279144287109375 18.844987869262695 139.97293090820312  738318.7013448767
-0.05177632346749306 0.14754652976989746 0.040049970149993896 16.143497467041016 20.32505989074707 140.42483520507812  738318.7013449926
-0.05146665498614311 0.1488836407661438 0.039403218775987625 16.98479461669922 21.857851028442383 140.97216796875  738318.7013452025
-0.05074431002140045 0.1502300351858139 0.03859691321849823 17.956096649169922 23.51590919494629 141.56002807617188  738318.7013452603
-0.008588259108364582 0.15409906208515167 0.04214756563305855 20.446224212646484 24.83677864074707 142.96827697753906  738318.701345341
-0.006161156110465527 0.15619656443595886 0.04097409546375275 21.759231567382812 26.976354598999023 143.6451873779297  738318.7013454575
-0.0032456882763653994 0.158347949385643 0.03956633433699608 23.161306381225586 29.22043228149414 144.39279174804688  738318.7013455789
0.00019076350145041943 0.16056349873542786 0.03790069743990898 24.731475830078125 31.685386657714844 145.19808959960938  738318.7013457005
0.004172918386757374 0.1628558486700058 0.03593967482447624 26.445438385009766 34.40339279174805 146.07933044433594  738318.7013458051
0.008735276758670807 0.16524232923984528 0.03365127369761467 28.318195343017578 37.37717819213867 147.05691528320312  738318.7013459344
0.01391480304300785 0.16774514317512512 0.03099963068962097 30.302160263061523 40.53090286254883 148.20919799804688  738318.7013460349
0.019739743322134018 0.1703912317752838 0.027937162667512894 31.966089248657227 43.81087112426758 150.06005859375  738318.7013461451
0.026224706321954727 0.1732156127691269 0.02440968155860901 32.86655807495117 47.28660583496094 153.666259765625  738318.7013462669
0.03339218348264694 0.1762791872024536 0.020372578874230385 31.560956954956055 50.69084167480469 160.7772216796875  738318.7013465061
0.04124245047569275 0.1796703189611435 0.0157774668186903 27.387248992919922 53.175682067871094 171.15725708007812  738318.7013465281
0.06280351430177689 0.17584259808063507 0.025510737672448158 24.14603042602539 52.66251754760742 -179.29368591308594  738318.7013466086
0.07180578261613846 0.18044732511043549 0.020261598750948906 17.43621826171875 52.85360336303711 -166.3457794189453  738318.7013467322
0.08137062191963196 0.18555720150470734 0.014423808082938194 10.63818359375 51.61222839355469 -153.74082946777344  738318.7013468411
0.09122719615697861 0.1910085827112198 0.007790316361933947 5.7896952629089355 51.323081970214844 -145.92665100097656  738318.7013469493
0.10104512423276901 0.19648557901382446 9.693857282400131e-05 3.0801687240600586 56.70656204223633 -147.59262084960938  738318.7013470805
0.11132396012544632 0.2022930383682251 -0.008206670172512531 1.6803876161575317 59.511817932128906 -151.2019500732422  738318.701347196
0.12273227423429489 0.20868943631649017 -0.01679423078894615 1.050175428390503 60.42988204956055 -155.669921875  738318.7013473142
0.13497242331504822 0.2154260277748108 -0.025883227586746216 2.432061195373535 59.8074951171875 -162.6230010986328  738318.7013474242
0.1476774364709854 0.22230206429958344 -0.03572773188352585 3.4479565620422363 60.1743049621582 -170.91259765625  738318.7013475581
0.16082914173603058 0.20970940589904785 -0.009997084736824036 0.7982802391052246 60.470924377441406 -173.56710815429688  738318.7013476454
0.17415840923786163 0.21719008684158325 -0.020362846553325653 -0.23013179004192352 62.310707092285156 177.57858276367188  738318.7013477762
0.1881919652223587 0.2246725857257843 -0.03141743689775467 -1.955177664756775 64.51515197753906 168.5648956298828  738318.701347885
0.2030688375234604 0.23202058672904968 -0.04311187192797661 -3.6896283626556396 66.82080078125 159.01669311523438  738318.7013479949
0.22046709060668945 0.23975232243537903 -0.0567014217376709 -5.033637523651123 69.29462432861328 147.62179565429688  738318.701348114
0.23725074529647827 0.24626962840557098 -0.069722019135952 -5.9356303215026855 71.51763916015625 136.70677185058594  738318.7013482297
0.25484761595726013 0.25214090943336487 -0.08339638262987137 -6.920494079589844 73.75115966796875 125.56884002685547  738318.7013483497
0.2731405198574066 0.25723469257354736 -0.09774252772331238 -7.61273717880249 75.61532592773438 113.80681610107422  738318.701348471
0.29198893904685974 0.26143524050712585 -0.11278106272220612 -10.576559066772461 76.83102416992188 104.73204040527344  738318.7013485857
0.3111756145954132 0.2649306356906891 -0.12859249114990234 -21.394760131835938 79.04840087890625 105.47489929199219  738318.7013487247
0.2976275086402893 0.22474734485149384 -0.08251143246889114 -24.281309127807617 82.01718139648438 104.86166381835938  738318.7013488178
0.3160954415798187 0.22574105858802795 -0.09899118542671204 -29.614896774291992 79.12214660644531 115.75916290283203  738318.7013489421
0.3346664607524872 0.22598770260810852 -0.11629407107830048 -40.35869216918945 75.07569122314453 131.62008666992188  738318.7013490504
0.3534294664859772 0.2259763479232788 -0.13455840945243835 -48.00064468383789 71.96702575683594 142.9019012451172  738318.7013491569
0.3723571002483368 0.2256806641817093 -0.15377995371818542 -56.0485725402832 69.85260772705078 154.05001831054688  738318.7013492845
0.3914734125137329 0.22496391832828522 -0.1739414781332016 -65.69580078125 68.52603149414062 166.75729370117188  738318.7013493817
0.41081419587135315 0.22380483150482178 -0.19508574903011322 -77.38846588134766 67.69285583496094 -178.34295654296875  738318.7013495087
0.4303972125053406 0.22230786085128784 -0.21730053424835205 -91.77460479736328 66.92886352539062 -161.07933044433594  738318.7013496148
0.4501696527004242 0.22071005403995514 -0.24068160355091095 -109.26332092285156 67.2549819946289 -143.0107421875  738318.7013498285
0.4699897766113281 0.21911388635635376 -0.26524874567985535 -129.32351684570312 69.07828521728516 -125.09729766845703  738318.7013498864
0.4289811849594116 0.18949724733829498 -0.187952920794487 -150.0957794189453 70.12934875488281 -105.33578491210938  738318.7013499632
0.4477645754814148 0.18747630715370178 -0.2133001685142517 -162.85928344726562 66.30530548095703 -92.3504638671875  738318.7013500752
0.46653100848197937 0.18555159866809845 -0.2397480309009552 -172.47390747070312 58.14714050292969 -81.62635040283203  738318.701350207
0.48541459441185 0.18351204693317413 -0.26769962906837463 -179.240478515625 48.107757568359375 -75.09097290039062  738318.7013503369
0.504422664642334 0.18116439878940582 -0.2975444793701172 175.80032348632812 36.607269287109375 -71.52569580078125  738318.7013504307
0.523480236530304 0.17848454415798187 -0.3296184241771698 171.71826171875 23.788747787475586 -69.68701934814453  738318.7013505445
0.5424805879592896 0.17553026974201202 -0.3642750084400177 168.06959533691406 9.614100456237793 -68.9487533569336  738318.7013506659
0.561271607875824 0.17245113849639893 -0.40192824602127075 164.27845764160156 -5.699637413024902 -69.51002502441406  738318.701350779
0.5797306299209595 0.1694617122411728 -0.4426003396511078 162.203369140625 -21.537582397460938 -69.60968017578125  738318.701350887
0.5984511971473694 0.16648009419441223 -0.48514509201049805 170.95730590820312 -29.503427505493164 -68.2076644897461  738318.7013511029
0.6176943778991699 0.1630500704050064 -0.5278739929199219 177.68759155273438 -32.917510986328125 -70.63955688476562  738318.7013511638
0.509799599647522 0.12894465029239655 -0.36437100172042847 -178.23062133789062 -27.81646728515625 -68.6753158569336  738318.7013512411
0.5267615914344788 0.12550322711467743 -0.40232619643211365 -169.84512329101562 -26.47758674621582 -63.33527374267578  738318.7013513619
0.5442244410514832 0.12389121949672699 -0.4403668940067291 -164.4131317138672 -23.824310302734375 -60.767295837402344  738318.7013514658
0.5616227984428406 0.12299519777297974 -0.47922760248184204 -160.18824768066406 -20.055830001831055 -59.531166076660156  738318.7013515782
0.579094409942627 0.12225015461444855 -0.5194105505943298 -155.9898681640625 -16.107723236083984 -58.934906005859375  738318.7013516985
0.5967572331428528 0.12157061696052551 -0.5609874129295349 -152.21498107910156 -11.75823974609375 -59.19015121459961  738318.7013518166
0.6146648526191711 0.12087429314851761 -0.6039007306098938 -148.8603515625 -6.790435791015625 -59.90781784057617  738318.7013519272
0.6328794956207275 0.12003786116838455 -0.6480944156646729 -145.84573364257812 -1.1018255949020386 -60.91531753540039  738318.7013520462
0.6514874696731567 0.11911401152610779 -0.6935117244720459 -142.8746337890625 5.018880844116211 -62.48958969116211  738318.7013521978
0.5548880696296692 0.1164969950914383 -0.4613119065761566 -135.47921752929688 13.892448425292969 -65.77496337890625  738318.701352278
0.5733925104141235 0.11610820889472961 -0.5012753009796143 -131.82554626464844 20.458511352539062 -69.1607437133789  738318.701352394
0.5925264954566956 0.11584994941949844 -0.5413087010383606 -129.77899169921875 26.56248664855957 -72.60054779052734  738318.7013525087
0.6119604706764221 0.11580068618059158 -0.5802335739135742 -134.4925994873047 29.360761642456055 -72.54305267333984  738318.7013526245
0.6325573921203613 0.11587090790271759 -0.6172606348991394 -139.66859436035156 31.246795654296875 -72.08631134033203  738318.7013527402
0.6544411182403564 0.11568398028612137 -0.6534301042556763 -146.50772094726562 31.85732650756836 -69.96642303466797  738318.7013528623
0.6766754388809204 0.11527524143457413 -0.690045952796936 -154.54403686523438 31.899137496948242 -67.52416229248047  738318.7013529707
0.6989758014678955 0.1147550418972969 -0.7278071045875549 -162.40927124023438 31.938434600830078 -65.53913116455078  738318.7013530903
0.721394419670105 0.11407145857810974 -0.7667139768600464 -170.0660858154297 31.3513240814209 -63.61861038208008  738318.7013532474
0.6106425523757935 0.11820448189973831 -0.5190203785896301 -175.22195434570312 30.418241500854492 -60.01597595214844  738318.7013533184
0.6301745772361755 0.11785750091075897 -0.5522882342338562 177.55099487304688 27.186342239379883 -58.572303771972656  738318.7013534321
0.6498002409934998 0.11687307804822922 -0.5857591032981873 171.88897705078125 22.096324920654297 -58.24189376831055  738318.701353549
0.6684234738349915 0.1149100512266159 -0.6188783645629883 170.5978546142578 15.286481857299805 -57.969642639160156  738318.7013536544
0.6863864660263062 0.11129658669233322 -0.6544990539550781 173.70364379882812 8.053790092468262 -57.7921142578125  738318.7013537799
0.7007915377616882 0.106914222240448 -0.6868863105773926 178.0327911376953 2.2379956245422363 -57.789634704589844  738318.701353896
0.7144170999526978 0.10243164002895355 -0.7196991443634033 -177.3835906982422 -2.0019853115081787 -56.975494384765625  738318.7013540018
0.7276039123535156 0.09887523204088211 -0.7524785399436951 -174.1169891357422 -3.4864587783813477 -56.0362663269043  738318.701354126
0.740236222743988 0.09697776287794113 -0.7847812175750732 -172.6542510986328 -2.819498062133789 -55.790958404541016  738318.7013542419
0.7525128722190857 0.096567302942276 -0.8170810341835022 -171.86827087402344 -1.843435287475586 -55.71750259399414  738318.701354365
0.7647005915641785 0.09672088921070099 -0.8500077128410339 -171.67552185058594 -0.6060936450958252 -55.80750274658203  738318.7013545095
0.6178732514381409 0.10722646117210388 -0.5435982942581177 -168.8707733154297 3.5323610305786133 -53.22987365722656  738318.7013545911
0.6255922317504883 0.10792901366949081 -0.5705223083496094 -169.01458740234375 4.832026481628418 -53.3684196472168  738318.7013547072
0.6333410739898682 0.10863373428583145 -0.5982438921928406 -169.23951721191406 6.361686706542969 -53.500553131103516  738318.7013548212
0.6411597728729248 0.10950210690498352 -0.6263383626937866 -169.9091033935547 9.006442070007324 -53.51163101196289  738318.7013549506
0.6489652395248413 0.11087054014205933 -0.6543325185775757 -171.24984741210938 12.606391906738281 -53.426513671875  738318.7013550493
0.6565666794776917 0.11302920430898666 -0.6818351149559021 -173.64329528808594 16.40951156616211 -53.47071075439453  738318.701355165
0.6639578342437744 0.11571740359067917 -0.7083998918533325 -176.017333984375 18.88079071044922 -53.5966796875  738318.7013552841
0.6711597442626953 0.11814677715301514 -0.7337154746055603 -177.15391540527344 19.444904327392578 -53.78724670410156  738318.701355401
0.6780411601066589 0.11980541050434113 -0.758251428604126 -177.87454223632812 18.406579971313477 -53.664798736572266  738318.7013555092
0.6846325397491455 0.12089035660028458 -0.7829840779304504 -178.34860229492188 16.83808708190918 -53.418453216552734  738318.7013556765
0.5542532801628113 0.12084952741861343 -0.5015615820884705 -176.86647033691406 18.00358009338379 -49.738304138183594  738318.7013557499
0.5561239123344421 0.12200897932052612 -0.5214880108833313 -176.58187866210938 16.59573745727539 -49.699363708496094  738318.7013558636
0.5577869415283203 0.12323864549398422 -0.5420796871185303 -176.2362518310547 15.41552734375 -49.61221694946289  738318.701355986
0.5590012669563293 0.12469153106212616 -0.5629112720489502 -175.77589416503906 14.7294282913208 -49.46550369262695  738318.7013561015
0.5595325827598572 0.1265532225370407 -0.5834865570068359 -175.2479248046875 14.816819190979004 -49.29096603393555  738318.7013562119
0.5593220591545105 0.12896846234798431 -0.6035085916519165 -174.89645385742188 15.5599365234375 -49.223243713378906  738318.7013563319
0.5585775971412659 0.13194116950035095 -0.6231250166893005 -174.88507080078125 16.765464782714844 -49.322017669677734  738318.7013564458
0.5575938820838928 0.1352730691432953 -0.6427615880966187 -175.10153198242188 18.206098556518555 -49.48020935058594  738318.7013565562
0.5565100312232971 0.13873647153377533 -0.6627199649810791 -175.50894165039062 19.472150802612305 -49.613243103027344  738318.7013566635
0.5553207397460938 0.1422095000743866 -0.6830017566680908 -175.8601837158203 19.99683952331543 -49.70216751098633  738318.7013567782
0.4564475417137146 0.13048234581947327 -0.4428146183490753 -174.14004516601562 23.532760620117188 -45.207435607910156  738318.7013568965
0.4506479501724243 0.1330985128879547 -0.45826295018196106 -174.23574829101562 23.09987449645996 -45.10763931274414  738318.7013570194
0.44447630643844604 0.1357082575559616 -0.47357362508773804 -174.2373046875 22.287281036376953 -44.89511489868164  738318.701357146
0.43788281083106995 0.13850964605808258 -0.48884955048561096 -174.22518920898438 21.438079833984375 -44.73594284057617  738318.701357256
0.4308847188949585 0.14160673320293427 -0.5042021870613098 -174.37635803222656 20.863990783691406 -44.704505920410156  738318.7013573663
0.42350244522094727 0.14501696825027466 -0.5196941494941711 -174.64727783203125 20.690692901611328 -44.7059440612793  738318.7013574778
0.41570597887039185 0.14870552718639374 -0.5353400707244873 -174.94924926757812 20.90572738647461 -44.68833541870117  738318.7013575975
0.4074348509311676 0.15261414647102356 -0.5511205196380615 -175.13299560546875 21.32707405090332 -44.68406677246094  738318.7013577151
0.39868906140327454 0.15668345987796783 -0.566993772983551 -175.10513305664062 21.939865112304688 -44.71797180175781  738318.7013578226
0.38952115178108215 0.1608867049217224 -0.5829324126243591 -175.002685546875 22.612972259521484 -44.76909637451172  738318.7013579903
0.33027055859565735 0.1343865841627121 -0.38917797803878784 -173.11260986328125 27.437532424926758 -39.04900360107422  738318.7013580629
0.31670477986335754 0.1372998207807541 -0.4021669924259186 -173.1541290283203 27.499330520629883 -39.020416259765625  738318.7013581819
0.3028113842010498 0.1403532177209854 -0.4151773154735565 -173.378662109375 27.44952392578125 -38.96609878540039  738318.7013582856
0.28853973746299744 0.1435668170452118 -0.4282281994819641 -173.66079711914062 27.156320571899414 -38.90385437011719  738318.7013584089
0.27381259202957153 0.14696064591407776 -0.441362589597702 -173.9031982421875 26.799535751342773 -38.8336067199707  738318.7013585242
0.25858941674232483 0.15051956474781036 -0.45460399985313416 -174.09486389160156 26.663658142089844 -38.77462387084961  738318.7013586427
0.24284717440605164 0.1542554497718811 -0.4679799973964691 -174.17738342285156 26.705488204956055 -38.74164581298828  738318.7013587557
0.22658295929431915 0.15819913148880005 -0.4815112054347992 -174.19395446777344 26.861066818237305 -38.73713302612305  738318.7013588721
0.2098313570022583 0.16235236823558807 -0.4951803684234619 -174.23672485351562 27.152240753173828 -38.74379348754883  738318.7013591654
0.19263270497322083 0.1667030304670334 -0.5089508891105652 -174.3152313232422 27.449565887451172 -38.74508285522461  738318.7013591884
0.1750049591064453 0.17123863101005554 -0.5227950811386108 -174.42974853515625 27.582138061523438 -38.73529815673828  738318.701359223
0.16192057728767395 0.1291084736585617 -0.36790844798088074 -173.85260009765625 32.9181022644043 -31.04205322265625  738318.7013593274
0.1405855417251587 0.13139621913433075 -0.38030993938446045 -174.0183563232422 32.80853271484375 -30.979110717773438  738318.7013594508
0.11650745570659637 0.13408918678760529 -0.39411887526512146 -174.1837921142578 32.61540603637695 -30.910614013671875  738318.7013595676
0.0940350890159607 0.1367175132036209 -0.40684425830841064 -174.33082580566406 32.51142501831055 -30.858020782470703  738318.701359688
0.07098749279975891 0.13952794671058655 -0.41973406076431274 -174.4629669189453 32.54718780517578 -30.82512664794922  738318.7013597912
0.04735305905342102 0.142526313662529 -0.43278768658638 -174.5717315673828 32.66628646850586 -30.804462432861328  738318.7013599174
0.0231423769146204 0.145707368850708 -0.44600164890289307 -174.6641387939453 32.831932067871094 -30.784809112548828  738318.7013600313
-0.0016141105443239212 0.14905740320682526 -0.45936617255210876 -174.75961303710938 32.992034912109375 -30.761886596679688  738318.7013601401
-0.026892315596342087 0.1525721251964569 -0.472870409488678 -174.86085510253906 33.062374114990234 -30.73688507080078  738318.7013602732
0.017330262809991837 0.09744691103696823 -0.35121938586235046 -176.00274658203125 39.315303802490234 -19.94362449645996  738318.7013603905
-0.01070268265902996 0.09740343689918518 -0.36467909812927246 -176.17526245117188 39.2331428527832 -19.878061294555664  738318.7013604832
-0.039378270506858826 0.09749350696802139 -0.37833932042121887 -176.35215759277344 39.150299072265625 -19.81409454345703  738318.7013605979
-0.06871553510427475 0.09771908074617386 -0.3922194540500641 -176.50753784179688 39.11283874511719 -19.76441192626953  738318.7013607229
-0.09871901571750641 0.0980774387717247 -0.40632936358451843 -176.64076232910156 39.1580696105957 -19.720701217651367  738318.7013608293
-0.12938439846038818 0.09856796264648438 -0.42066964507102966 -176.75234985351562 39.25922775268555 -19.678428649902344  738318.7013609459
-0.16070331633090973 0.09919346123933792 -0.4352298974990845 -176.8589324951172 39.3613166809082 -19.63566780090332  738318.7013610612
-0.19266080856323242 0.09995730221271515 -0.4499931335449219 -176.97474670410156 39.43299102783203 -19.592958450317383  738318.7013611834
-0.22524404525756836 0.10086331516504288 -0.46494993567466736 -177.1156768798828 39.4504280090332 -19.546083450317383  738318.7013612933
-0.2584518492221832 0.10191330313682556 -0.4801028072834015 -177.27615356445312 39.40967559814453 -19.490100860595703  738318.701361457
-0.15668773651123047 0.0313248410820961 -0.38152867555618286 178.05007934570312 46.028377532958984 -3.71187162399292  738318.7013615257
-0.19159018993377686 0.027054019272327423 -0.39798086881637573 177.88876342773438 45.9813346862793 -3.6484243869781494  738318.7013616402
-0.22724610567092896 0.022833945229649544 -0.41473129391670227 177.74417114257812 45.97798156738281 -3.5879695415496826  738318.7013617539
-0.26365840435028076 0.018666885793209076 -0.43178388476371765 177.60528564453125 46.01981735229492 -3.5227224826812744  738318.70136188
-0.30082035064697266 0.014557864516973495 -0.44913509488105774 177.46209716796875 46.08491516113281 -3.451582193374634  738318.7013619875
-0.33872225880622864 0.010512745007872581 -0.46677619218826294 177.31654357910156 46.133277893066406 -3.3866679668426514  738318.7013621122
-0.3773559033870697 0.0065346150659024715 -0.4846966862678528 177.16583251953125 46.14490509033203 -3.3250021934509277  738318.7013622283
-0.41671741008758545 0.0026229838840663433 -0.502890944480896 177.00669860839844 46.11836242675781 -3.2597358226776123  738318.7013623347
-0.45681020617485046 -0.0012218733318150043 -0.5213638544082642 176.84841918945312 46.067832946777344 -3.1962506771087646  738318.7013624507
-0.4976423382759094 -0.004997505806386471 -0.5401250720024109 176.691650390625 46.02595138549805 -3.1356115341186523  738318.7013627266
-0.5392211675643921 -0.008701357990503311 -0.5591822862625122 176.537109375 46.015907287597656 -3.0726771354675293  738318.7013627955
-0.5815504789352417 -0.012331606820225716 -0.5785386562347412 176.38653564453125 46.038909912109375 -3.006195068359375  738318.7013628302
-0.3981834948062897 -0.11601157486438751 -0.4897691011428833 164.8035125732422 51.67558288574219 22.427560806274414  738318.7013629226
-0.44021618366241455 -0.12830056250095367 -0.5118235945701599 164.6389617919922 51.683563232421875 22.5173282623291  738318.7013630384
-0.4830637574195862 -0.14066268503665924 -0.5342520475387573 164.482177734375 51.670772552490234 22.59337615966797  738318.7013631449
-0.5267243385314941 -0.15309232473373413 -0.5570520758628845 164.32859802246094 51.62739562988281 22.65871238708496  738318.7013632696
-0.5711988210678101 -0.1655876338481903 -0.5802253484725952 164.16700744628906 51.56926345825195 22.723054885864258  738318.7013633846
-0.6164911985397339 -0.17815010249614716 -0.6037776470184326 164.0087127685547 51.51288604736328 22.78452491760254  738318.7013634997
-0.6626059412956238 -0.19078153371810913 -0.6277139782905579 163.85369873046875 51.471534729003906 22.848655700683594  738318.701363605
-0.7095463871955872 -0.20348238945007324 -0.6520364284515381 163.69650268554688 51.45427703857422 22.924665451049805  738318.7013637688
-0.4861522614955902 -0.3271302878856659 -0.5796489715576172 143.20521545410156 51.467132568359375 61.29610824584961  738318.7013638393
-0.5297475457191467 -0.35399097204208374 -0.6082572937011719 143.07122802734375 51.42414855957031 61.35905075073242  738318.7013639552
-0.5741773247718811 -0.3811424970626831 -0.6373350024223328 142.94302368164062 51.37205505371094 61.40777587890625  738318.7013640743
-0.6194416284561157 -0.40858182311058044 -0.666879415512085 142.8239288330078 51.30403137207031 61.43754196166992  738318.7013641958
-0.6655417680740356 -0.4363081157207489 -0.6968913674354553 142.71246337890625 51.220699310302734 61.4552116394043  738318.7013643002
-0.7124800682067871 -0.46432262659072876 -0.7273739576339722 142.6051483154297 51.1360969543457 61.469242095947266  738318.7013644171
-0.7602589130401611 -0.49262794852256775 -0.7583303451538086 142.4931182861328 51.06260299682617 61.493324279785156  738318.7013645216
-0.8088789582252502 -0.5212254524230957 -0.7897627949714661 142.36962890625 51.002845764160156 61.534507751464844  738318.7013646498
-0.8583400845527649 -0.5501137971878052 -0.8216714859008789 142.24058532714844 50.952667236328125 61.58837890625  738318.7013647815
-0.5678194761276245 -0.8262602090835571 -0.7945853471755981 122.23963928222656 35.492374420166016 112.56719970703125  738318.7013648858
-0.5980919003486633 -0.8859885931015015 -0.8309099674224854 122.1869125366211 35.40778732299805 112.54341888427734  738318.7013650021
-0.6290293335914612 -0.9463593363761902 -0.8677413463592529 122.14221954345703 35.31564712524414 112.50350952148438  738318.7013651102
-0.6606329083442688 -1.007370948791504 -0.9050796031951904 122.1006088256836 35.21826934814453 112.45514678955078  738318.7013652313
-0.6929032802581787 -1.0690244436264038 -0.9429256916046143 122.0595703125 35.11872863769531 112.40482330322266  738318.7013653424
-0.7258409261703491 -1.1313210725784302 -0.9812812209129333 122.01512145996094 35.02442169189453 112.36177825927734  738318.7013654584
-0.7594451308250427 -1.1942607164382935 -1.0201472043991089 121.96509552001953 34.93766403198242 112.33190155029297  738318.7013655758
-0.7937158346176147 -1.257842779159546 -1.0595245361328125 121.91116333007812 34.8554801940918 112.31237030029297  738318.7013656901
-0.8286562561988831 -1.3220652341842651 -1.0994130373001099 121.85974884033203 34.77340316772461 112.29289245605469  738318.7013658074
-0.8642705082893372 -1.3869245052337646 -1.139810562133789 121.80887603759766 34.687625885009766 112.2665786743164  738318.7013659229
-0.9005605578422546 -1.4524177312850952 -1.1807160377502441 121.76202392578125 34.59652328491211 112.2289047241211  738318.7013660611
1.5 0.0 0.0 0.0 0.0 0.0  738318.701366154
1.4999890327453613 1.1917161828023382e-05 -0.0009936772985383868 -0.0020728339441120625 0.012564258649945259 -0.0006450839573517442  738318.7013662687
1.4999560117721558 4.774169792653993e-05 -0.003974410239607096 -0.0030400732066482306 0.02116248942911625 -0.0008633804973214865  738318.7013663864
1.499900221824646 0.00010714683594414964 -0.008941585198044777 -0.002935517579317093 0.02041361667215824 -0.00017314485739916563  738318.7013664996
1.499821662902832 0.0001898369228001684 -0.015895621851086617 0.0006494479603134096 0.013257177546620369 -0.0012001587310805917  738318.7013666175
1.499721884727478 0.00029564357828348875 -0.02483755722641945 0.0023538977839052677 0.004450940527021885 -0.0018900169525295496  738318.7013667334
1.4996023178100586 0.00042400899110361934 -0.03576643764972687 0.004214609041810036 -0.0016097339102998376 -0.002978855511173606  738318.7013668476
1.4994641542434692 0.0005751342978328466 -0.048681117594242096 0.0041024349629879 -0.0004235046508256346 -0.0031274601351469755  738318.7013669644
1.4993077516555786 0.000749527127481997 -0.06358202546834946 0.0022172564640641212 0.008566715754568577 -0.003915989305824041  738318.701367197
1.4991310834884644 0.0009483883623033762 -0.08046993613243103 -0.0005913597997277975 0.01832117699086666 -0.004021925386041403  738318.7013672327
1.5 0.0 0.0 0.0 0.0 0.0  738318.7013673111
1.499988079071045 1.2178831639175769e-05 -0.0009928515646606684 3.2435338653158396e-05 -0.001236496027559042 -0.0017206467455253005  738318.701367426
1.4999529123306274 4.954550604452379e-05 -0.0039715152233839035 0.0006065134657546878 -0.007983854040503502 -0.0005052146152593195  738318.701367543
1.499896764755249 0.00011245593486819416 -0.008937056176364422 0.001347702112980187 -0.016310682520270348 -0.0002505186712369323  738318.7013676566
1.4998221397399902 0.00019907517707906663 -0.015890169888734818 0.003031462896615267 -0.01979154907166958 -0.000565828348044306  738318.7013677856
1.4997293949127197 0.0003078018198721111 -0.024830598384141922 0.0018766990397125483 -0.018054701387882233 0.0005357947666198015  738318.7013678906
1.499617099761963 0.0004392464179545641 -0.03575874865055084 0.0017510807374492288 -0.011983877047896385 7.023147190921009e-05  738318.7013680157
1.499483585357666 0.0005943890428170562 -0.0486748032271862 0.0015263073146343231 -0.005030027125030756 -0.0005399435176514089  738318.7013681189
1.4993289709091187 0.0007731739897280931 -0.06357858330011368 7.2941038524732e-05 -0.00010295838001184165 -0.0026205768808722496  738318.7013682297
1.499152660369873 0.0009755464270710945 -0.08046957850456238 0.0001276553957723081 -0.0011503661517053843 -0.0034027821384370327  738318.7013683469
1.5 0.0 0.0 0.0 0.0 0.0  738318.7013688767
1.499989628791809 1.107580101233907e-05 -0.0009927952196449041 0.0014274765271693468 -0.0044473386369645596 -0.0003155618906021118  738318.701369027
1.4999587535858154 4.4344116759020835e-05 -0.003971903584897518 0.001443903660401702 -0.0071987612172961235 -0.00111166771966964  738318.7013690845
1.4999076128005981 0.00010009977995650843 -0.008938081562519073 0.0012273412430658937 -0.005787774920463562 -0.0020849707070738077  738318.7013691887
1.4998359680175781 0.00017825307440944016 -0.015890518203377724 0.0005490494077093899 -0.00038987616426311433 -0.0023206747137010098  738318.701369327
1.4997434616088867 0.0002788437996059656 -0.024828968569636345 -0.0007325253100134432 0.005423796363174915 -0.00373458000831306  738318.7013694082
1.499629020690918 0.00040274631464853883 -0.035754624754190445 -0.002122629201039672 0.00939267873764038 -0.004403738304972649  738318.701369516
1.4994916915893555 0.0005501708365045488 -0.04866786673665047 -0.0019424899946898222 0.008851776830852032 -0.003507624613121152  738318.7013696313
1.4993313550949097 0.0007207377348095179 -0.06356747448444366 -0.0017682835459709167 0.006172469351440668 -0.004296064842492342  738318.7013698276
1.4991481304168701 0.0009143917704932392 -0.08045310527086258 -0.001589923514984548 0.002131375716999173 -0.005190779455006123  738318.7013700701
1.5 0.0 0.0 0.0 0.0 0.0  738318.7013704509
1.4999899864196777 1.0973041753459256e-05 -0.0009929700754582882 -2.7077288905275054e-05 0.0009454410756006837 0.0005801891093142331  738318.7013708203
1.4999603033065796 4.3853287934325635e-05 -0.0039734081365168095 0.0004304548492655158 0.004877950996160507 0.00039721259963698685  738318.7013709011
1.4999103546142578 9.936335845850408e-05 -0.008942455053329468 -0.00018788341549225152 0.008684984408318996 0.0006503924960270524  738318.7013709935
1.4998390674591064 0.0001792862603906542 -0.0158986859023571 -0.0009094182169064879 0.01077127456665039 0.0008974345400929451  738318.7013711436
1.4997456073760986 0.0002845793205779046 -0.02484159730374813 -0.0011479374952614307 0.010058941319584846 0.0012186645762994885  738318.7013713744
1.4996293783187866 0.0004144638078287244 -0.03577183187007904 -0.0008501893025822937 0.00836374331265688 0.0022950470447540283  738318.7013714436
1.4994916915893555 0.0005679709720425308 -0.04868923872709274 -0.0002931737690232694 0.006188082043081522 0.0021138491574674845  738318.7013715475
1.4993332624435425 0.0007440238259732723 -0.0635930523276329 -0.0006605972885154188 0.005709223449230194 0.0014280301984399557  738318.7013716514
1.4991543292999268 0.0009421237045899034 -0.08048313111066818 -0.0013980444055050611 0.006353349890559912 0.000354596326360479  738318.7013716976
1.4989548921585083 0.0011627123458310962 -0.09935946762561798 -0.002976582618430257 0.009328022599220276 0.0005053782369941473  738318.7013717553
1.4987339973449707 0.0014056296786293387 -0.12022040039300919 -0.003408487420529127 0.010823903605341911 0.00045901263365522027  738318.7013719977
1.5 0.0 0.0 0.0 0.0 0.0  738318.7013722978
1.4999874830245972 1.0493363333807793e-05 -0.0009937018621712923 -0.00010595246567390859 -0.0006285313284024596 -0.00028923104400746524  738318.7013724709
1.4999500513076782 4.175957656116225e-05 -0.003975131548941135 -0.0007793193217366934 -0.0034618359059095383 0.0002816235937643796  738318.7013725287
1.4998893737792969 9.319511445937678e-05 -0.008943716064095497 0.001023998367600143 -0.005351059604436159 9.954393317457289e-05  738318.7013727251
1.499807357788086 0.00016526386025361717 -0.015898369252681732 7.71338673075661e-05 -0.006754025351256132 -0.00016511142894160002  738318.7013729673
1.4997044801712036 0.00025908034876920283 -0.024840258061885834 -0.0011900942772626877 -0.006839982699602842 0.000389633554732427  738318.7013730019
1.4995802640914917 0.0003748944727703929 -0.03577043116092682 -0.0014485323335975409 -0.005030466243624687 0.0002588581701274961  738318.7013730828
1.4994345903396606 0.0005129977944307029 -0.04868878424167633 -0.0020167184993624687 -0.0017516793450340629 -0.0005378103815019131  738318.7013732212
1.4992679357528687 0.0006741216639056802 -0.06359509378671646 -0.0014546472812071443 -0.0010834330460056663 -0.0015346839791163802  738318.7013733021
1.4999885559082031 1.1126187928311992e-05 -0.0009941854514181614 0.002418058691546321 -0.00154596078209579 0.0008373493328690529  738318.7013735906
1.4999538660049438 4.53971661045216e-05 -0.003975928295403719 0.00382011360488832 -0.003789750626310706 0.002868580399081111  738318.7013739024
1.4998964071273804 0.00010406068759039044 -0.008944071829319 0.005636620335280895 -0.0033626582007855177 0.0019385676132515073  738318.7013740985
1.4998176097869873 0.00018702454690355808 -0.0158991701900959 0.005777095444500446 -0.002131078625097871 0.0011425841366872191  738318.7013742025
1.4997178316116333 0.0002927750174421817 -0.02484232559800148 0.0062651620246469975 -0.000859656895045191 0.0010608279844745994  738318.7013743526
1.499596357345581 0.00042150996159762144 -0.03577284514904022 0.006592874880880117 0.00024051369109656662 0.0014924297574907541  738318.7013745141
1.4994534254074097 0.0005748984985984862 -0.04868999123573303 0.007048989180475473 0.0015232078731060028 0.0009619408519938588  738318.7013747336
1.4992880821228027 0.0007524759275838733 -0.06359517574310303 0.00760758388787508 0.0041004871018230915 -0.0002300852065673098  738318.7013749413
1.499098539352417 0.0009522456093691289 -0.08048885315656662 0.007083885371685028 0.004787421319633722 -0.00018247216939926147  738318.7013750798
1.4988857507705688 0.0011740815825760365 -0.09936907142400742 0.007249502465128899 0.004472129046916962 0.00023915845667943358  738318.7013752875
1.4999891519546509 1.1874174560944084e-05 -0.0009930969681590796 0.0019199707312509418 -0.0004213183419778943 -0.0007452902500517666  738318.7013755195
1.49995756149292 4.714872193289921e-05 -0.003973335027694702 0.0009991636034101248 -0.0008827174897305667 -0.0014391109580174088  738318.7013757388
1.499906063079834 0.00010580010712146759 -0.008942374028265476 0.001222305465489626 -6.104297881392995e-06 -0.0013392326654866338  738318.7013758312
1.4998334646224976 0.00018831240595318377 -0.015900012105703354 0.0017548707546666265 0.0024992062244564295 -0.0013534108875319362  738318.7013759812
1.4997388124465942 0.0002942839346360415 -0.024844985455274582 0.0010067191906273365 0.004648983012884855 -0.0016213684575632215  738318.7013761433
1.4996225833892822 0.00042365380795672536 -0.0357779935002327 0.0011891736648976803 0.00639050267636776 -0.002581777051091194  738318.701376351
1.499484896659851 0.0005770128918811679 -0.04869908466935158 0.0016351458616554737 0.006917146034538746 -0.00279273116029799  738318.7013764549
1.4993259906768799 0.0007540732040069997 -0.06360737234354019 0.0020417808555066586 0.006622576154768467 -0.003411834826692939  738318.7013767789
1.4991458654403687 0.0009543378837406635 -0.08050358295440674 0.0015510281082242727 0.006361473351716995 -0.003136605955660343  738318.7013768831
1.4999895095825195 1.1501103472255636e-05 -0.0009930097730830312 -0.000351985014276579 0.0016331126680597663 -0.0009608098189346492  738318.7013771601
1.499957799911499 4.605023059411906e-05 -0.003972608596086502 -0.0017113202484324574 0.003094144631177187 -0.0019343621097505093  738318.7013774716
1.4999051094055176 0.00010352415119996294 -0.008939787745475769 -0.0011166194453835487 0.003959122579544783 -0.0025301931891590357  738318.7013774831
1.499832034111023 0.00018380169058218598 -0.015893982723355293 -0.0016061339993029833 0.005107023287564516 -0.0027916990220546722  738318.7013776565
1.4997384548187256 0.00028636405477300286 -0.024833988398313522 -0.0013242731802165508 0.004889112897217274 -0.0030012137722223997  738318.7013779333
1.499623417854309 0.0004112764145247638 -0.03575989231467247 -0.0007997624925337732 0.005636383779346943 -0.0015618293546140194  738318.70137813
1.4994866847991943 0.0005590340588241816 -0.04867208003997803 -0.000945602310821414 0.005960369482636452 -0.0017811841098591685  738318.7013784129
1.4993292093276978 0.0007301454897969961 -0.06357120722532272 -0.0002735390153247863 0.006168825086206198 -0.002582062501460314  738318.7013785398
1.499151587486267 0.0009253223543055356 -0.08045782148838043 -0.00032068550353869796 0.006309045013040304 -0.00411600898951292  738318.7013786553
1.4989523887634277 0.0011431468883529305 -0.0993322804570198 -0.0008307236712425947 0.0059498269110918045 -0.003154977224767208  738318.7013787823
1.4987305402755737 0.0013818073784932494 -0.12019605189561844 -0.002030450152233243 0.007046406157314777 -0.003094700863584876  738318.701378967
1.5 0.0 0.0 0.0 0.0 0.0  738318.7013792555
1.4999889135360718 1.1076943337684497e-05 -0.0009930487722158432 -0.0011871582828462124 0.0004757711722049862 0.0018228227272629738  738318.7013796252
1.4999547004699707 4.33780878665857e-05 -0.003973015118390322 -1.4044990166439675e-05 0.001251484383828938 0.0015435433015227318  738318.7013799135
1.499896764755249 9.676456829765812e-05 -0.008940130472183228 0.0005092309438623488 0.0020827020052820444 0.0012649644631892443  738318.7013799951
1.499815821647644 0.00017204417963512242 -0.01589280553162098 0.0007741174194961786 0.004194480367004871 0.00034110178239643574  738318.7013800871
1.499712347984314 0.000269399635726586 -0.02483023703098297 -0.0003126138763036579 0.004426543600857258 0.000554738799110055  738318.7013802603
1.4995872974395752 0.0003895559930242598 -0.035753604024648666 -0.0006183969671837986 0.006982302293181419 0.00024700589710846543  738318.7013804452
1.4994418621063232 0.0005332911387085915 -0.04866432398557663 -0.0027969866059720516 0.008911432698369026 -0.0014329769182950258  738318.7013805492
1.4992759227752686 0.0006995859439484775 -0.06356294453144073 -0.004284321796149015 0.011503019370138645 -0.0022713630460202694  738318.701380653
1.499089002609253 0.0008872168837115169 -0.08044980466365814 -0.00476881256327033 0.01110693160444498 -0.0025600360240787268  738318.7013808258
1.4988582134246826 0.0011191748781129718 -0.10132116079330444 -0.004971267655491829 0.012719698250293732 -0.004391947295516729  738318.7013809644
1.4986255168914795 0.0013548026327043772 -0.12238170206546783 -0.0035870380233973265 0.012194503098726273 -0.005414252169430256  738318.7013811953
1.4983710050582886 0.001614158507436514 -0.14542900025844574 -0.0020369261037558317 0.012805304490029812 -0.0067406389862298965  738318.7013815531
1.49998939037323 1.0352969184168614e-05 -0.0009936215355992317 -0.0029019794892519712 0.0019648971501737833 -0.000666920910589397  738318.701381946
1.4999573230743408 4.1858475015033036e-05 -0.003974291030317545 -0.004139968194067478 0.0030442418064922094 -0.0014611616497859359  738318.7013820034
1.4999032020568848 9.551658149575815e-05 -0.008942099288105965 -0.0051918067038059235 0.0032923545222729445 -0.0007393832202069461  738318.7013820958
1.499826431274414 0.0001713169040158391 -0.015897328034043312 -0.004781397525221109 0.003486734814941883 -0.001397826592437923  738318.7013821653
1.4997272491455078 0.0002691025729291141 -0.02484048530459404 -0.004501919727772474 -0.001158628729172051 -0.0016333198873326182  738318.7013822341
1.5 0.0 0.0 0.0 0.0 0.0  738318.701382465
1.4999582767486572 4.050473216921091e-05 -0.00397198973223567 0.003493609605357051 0.024262527003884315 0.001170808682218194  738318.7013826959
1.4999103546142578 9.290945308748633e-05 -0.008938007988035679 0.0018724814290180802 0.01911511830985546 -0.0015449614729732275  738318.7013828113
1.499842643737793 0.00016869438695721328 -0.015892554074525833 -0.001742578111588955 0.01513612736016512 -0.0008621123852208257  738318.7013829268
1.4997518062591553 0.0002666176587808877 -0.024835333228111267 0.0017028599977493286 0.021663757041096687 0.0009259713697247207  738318.7013830191
1.499642014503479 0.0003871701774187386 -0.03576444834470749 -0.0004172802437096834 0.01270333956927061 0.0011002556420862675  738318.7013831346
1.4995120763778687 0.0005316465976648033 -0.04867931082844734 0.0006271674646995962 0.007891874760389328 -8.497997623635456e-05  738318.7013832269
1.499358892440796 0.00070039345882833 -0.06358110159635544 0.004605812486261129 0.01355766225606203 0.0013419195311143994  738318.7013834186
1.499185562133789 0.0008932206546887755 -0.08047141134738922 0.0027420136611908674 0.012666771188378334 0.0030274977907538414  738318.7013836034
1.498991847038269 0.0011080635013058782 -0.0993511751294136 0.00039024383295327425 0.012991984374821186 0.003598961280658841  738318.701383638
1.4987739324569702 0.0013438040623441339 -0.12021976709365845 -0.0012264684773981571 0.020119113847613335 0.0020102811977267265  738318.7013840192
1.5 0.0 0.0 0.0 0.0 0.0  738318.7013846076
1.4999885559082031 1.1941258890146855e-05 -0.0009938618168234825 0.0011947875609621406 -0.0057327961549162865 0.0011239942396059632  738318.7013848732
1.4999533891677856 4.7692628868389875e-05 -0.003976030740886927 0.0016057771863415837 -0.010328956879675388 0.001637133420445025  738318.7013852657
1.4998960494995117 0.00010624215065035969 -0.008947056718170643 0.001662452588789165 -0.013158351182937622 0.00023385426902677864  738318.7013854849
1.4998188018798828 0.00018637976609170437 -0.01590537838637829 0.0013751003425568342 -0.013932060450315475 0.0013159271329641342  738318.7013856123
1.4997204542160034 0.0002878625818993896 -0.02484877221286297 0.00046546731027774513 -0.007816704921424389 0.0012536462163552642  738318.7013857051
1.4995983839035034 0.0004100886872038245 -0.03577793017029762 -0.0008089530165307224 -0.0026604104787111282 0.0009286513668484986  738318.7013857976
1.4994510412216187 0.0005524137523025274 -0.048695191740989685 -0.0003498033620417118 0.0031829727813601494 -0.0007300912984646857  738318.7013859246
1.4992785453796387 0.0007160597597248852 -0.06360195577144623 -0.0011594482930377126 0.0022217435762286186 -0.0012088377261534333  738318.7013860284
1.4990811347961426 0.0009027674095705152 -0.08049680292606354 -0.00010133712930837646 -0.0031646231655031443 -0.0014098540414124727  738318.7013861553
1.4988600015640259 0.0011132401414215565 -0.09937667101621628 0.0012071190867573023 -0.004879181273281574 -0.0008582196896895766  738318.7013865367
1.4999909400939941 1.1480814464448486e-05 -0.0009927332866936922 0.00024796355864964426 -0.003703346010297537 -0.0011992728104814887  738318.7013867325
1.4999632835388184 4.6043704060139135e-05 -0.00397251732647419 0.0002577640989329666 -0.006977613549679518 -0.00020106841111555696  738318.7013868768
1.4999160766601562 0.00010333934187656268 -0.008941125124692917 -0.00010131555609405041 -0.0025356558617204428 -0.00024126229982357472  738318.7013869345
1.4998472929000854 0.00018258829368278384 -0.015897562727332115 -8.798461931291968e-05 0.005741335917264223 -0.00042645851499401033  738318.7013870156
1.4997466802597046 0.00028404631302691996 -0.024839458987116814 -0.006657271180301905 0.03469647839665413 0.0004665704909712076  738318.7013871999
1.4996209144592285 0.0004049498529639095 -0.03576652705669403 -0.0028026504442095757 0.037053585052490234 -0.004594768863171339  738318.7013873269
1.4994863271713257 0.0005505498265847564 -0.04868238419294357 -0.021668195724487305 -0.045647457242012024 -0.006506140343844891  738318.7013875578
1.4993220567703247 0.0007221545092761517 -0.06358804553747177 -0.006439623888581991 -0.010995620861649513 0.003838486038148403  738318.7013876733
1.5 0.0 0.0 0.0 0.0 0.0  738318.7013882503
1.4999876022338867 3.65244886779692e-05 -0.003966541960835457 -0.03939298912882805 -0.07656517624855042 -0.023400921374559402  738318.7013883543
1.4999456405639648 7.631884363945574e-05 -0.00892500951886177 -0.03044363297522068 -0.043994661420583725 -0.015416428446769714  738318.7013887698
1.4998699426651 0.00013597820361610502 -0.015870708972215652 -0.04561406373977661 -0.012412247247993946 -0.0072584510780870914  738318.7013889314
1.4997798204421997 0.00022120910580269992 -0.024806320667266846 -0.05801583081483841 -0.053703635931015015 -0.018348168581724167  738318.7013889891
1.4996623992919922 0.0003308248706161976 -0.0357283316552639 -0.04504856839776039 -0.050213005393743515 -0.022799942642450333  738318.7013890471
1.4995121955871582 0.00046510351239703596 -0.048634059727191925 -0.03518398106098175 -0.03514709323644638 -0.015010582283139229  738318.7013892913
1.49934720993042 0.0006207785336300731 -0.06352385878562927 -0.02819163352251053 -0.07093147188425064 -0.014443447813391685  738318.7013896148
1.4991607666015625 0.0007960928487591445 -0.08040006458759308 -0.034574586898088455 -0.0639931857585907 -0.017575334757566452  738318.7013896375
1.4989467859268188 0.000991110224276781 -0.09926628321409225 -0.04172547534108162 -0.033366184681653976 -0.020244896411895752  738318.7013898457
1.4987173080444336 0.0012073005782440305 -0.12012267857789993 -0.04807869717478752 -0.0450754389166832 -0.021061331033706665  738318.7013900881
1.4984655380249023 0.0014471079921349883 -0.14296512305736542 -0.05031709372997284 -0.03979162126779556 -0.016843732446432114  738318.7013902267
1.4999862909317017 1.3420467439573258e-05 -0.0012012629304081202 0.015884319320321083 0.015172170475125313 0.0008233689586631954  738318.7013906703
1.4999538660049438 5.037191658630036e-05 -0.00438077375292778 0.014914915896952152 -0.007234923541545868 -0.00398458493873477  738318.7013908438
1.4998966455459595 0.00010846650548046455 -0.009551419876515865 0.013145536184310913 -0.01974693313241005 -0.0024831495247781277  738318.7013910281
1.4998106956481934 0.00018560228636488318 -0.016712497919797897 0.017021402716636658 -0.009663758799433708 0.001792075578123331  738318.7013911897
1.4997074604034424 0.00028502210625447333 -0.025860417634248734 0.007494827266782522 -0.018693145364522934 -0.0015295888297259808  738318.7013914898
1.499587059020996 0.00040814437670633197 -0.03699236735701561 0.006148916203528643 -0.01621028408408165 -0.0063031758181750774  738318.7013917323
1.4994415044784546 0.0005561221623793244 -0.05011017248034477 0.010128922760486603 0.004355692304670811 -0.002036148216575384  738318.7013918939
1.4992743730545044 0.0007291062502190471 -0.06521555036306381 0.009155291132628918 0.00016505907115060836 0.0004500164941418916  738318.7013919516
1.4990843534469604 0.0009241030202247202 -0.08230794966220856 0.009211460128426552 -0.007071700878441334 -0.0020474654156714678  738318.7013920555
1.4990843534469604 0.0009241030202247202 -0.08230794966220856 0.009211460128426552 -0.007071700878441334 -0.0020474654156714678  738318.7013923903
1.4999923706054688 1.192811851069564e-05 -0.0009920221054926515 0.00028166311676613986 -0.010712823830544949 -0.0007766603375785053  738318.7013925172
1.4999659061431885 4.715531395049766e-05 -0.003968928009271622 0.002162222983315587 -0.018255384638905525 0.001919041620567441  738318.7013926511
1.499916434288025 0.00010321098670829087 -0.00893251784145832 0.007884801365435123 -0.006653212942183018 0.001725763431750238  738318.7013927434
1.4998468160629272 0.00017812568694353104 -0.01588290184736252 0.003759985091164708 -0.003969492390751839 -0.001829747692681849  738318.7013928472
1.4997574090957642 0.0002731778658926487 -0.024819564074277878 -0.005047230049967766 -0.002519971923902631 -0.002451258013024926  738318.7013928819
1.4996438026428223 0.00039175909478217363 -0.03574386239051819 -0.006161518860608339 0.008729107677936554 -0.0006451138760894537  738318.7013932052
1.4995074272155762 0.0005355273024179041 -0.04865646734833717 0.009070181287825108 0.006825629621744156 -0.0013243277790024877  738318.7013932628
1.4993486404418945 0.0007029772386886179 -0.06355513632297516 0.017161337658762932 -0.002742634853348136 -0.0032466519623994827  738318.7013933436
1.4991648197174072 0.0008886833675205708 -0.0804370641708374 0.017227869480848312 -0.007912757806479931 -0.0008954740478657186  738318.701393459
1.4989594221115112 0.0010924271773546934 -0.09930341690778732 0.0016960441134870052 -0.01338405441492796 0.0017577894032001495  738318.7013935861
1.4987353086471558 0.0013204372953623533 -0.12015854567289352 -0.01073353923857212 -0.010900122113525867 -0.0014910936588421464  738318.7013937184
1.4999899864196777 1.4913917766534723e-05 -0.0009946655482053757 0.011707698926329613 0.015865497291088104 -0.0010393146658316255  738318.7013937761
1.4999605417251587 5.756285827374086e-05 -0.003976100590080023 0.023502280935645103 0.02414770796895027 -0.0010781290475279093  738318.7013940298
1.499909520149231 0.00012171210255473852 -0.00894028227776289 0.030067168176174164 0.02095889300107956 0.0002483893185853958  738318.701394157
1.4998337030410767 0.00020331326231826097 -0.015888458117842674 0.021252159029245377 0.015871303156018257 0.0006974430289119482  738318.7013943299
1.4997345209121704 0.00030551161034964025 -0.02482706680893898 0.008808234706521034 0.009232266806066036 0.0007048343541100621  738318.7013944688
1.4996153116226196 0.000433740351581946 -0.03575899451971054 0.0081260297447443 0.00381314754486084 -0.0011436515487730503  738318.701394688
1.4994755983352661 0.0005900159012526274 -0.04867914691567421 0.016391322016716003 0.010056710802018642 0.00035707702045328915  738318.7013949647
1.4993153810501099 0.0007711385260336101 -0.06358153373003006 0.02378772385418415 0.016267472878098488 -0.0004337520804256201  738318.7013949647
1.4999891519546509 8.625597729405854e-06 -0.0009950930252671242 -0.005345514975488186 0.0010529623832553625 -0.0007764612673781812  738318.7013954149
1.4999557733535767 3.5299817682243884e-05 -0.003982387948781252 -0.013103649020195007 0.0031990890856832266 -3.865126200253144e-05  738318.7013955534
1.4998996257781982 8.286910451715812e-05 -0.008963409811258316 -0.015933610498905182 0.0022086715325713158 0.0003775546792894602  738318.7013956344
1.4998204708099365 0.00015452195657417178 -0.0159328393638134 -0.016314400359988213 -0.0016229620669037104 -0.0010344719048589468  738318.7013958077
1.4997180700302124 0.00025013339472934604 -0.024883130565285683 -0.009980013594031334 -0.003952008672058582 -0.0016567602287977934  738318.7013960036
1.499592900276184 0.0003675936022773385 -0.035813577473163605 -0.006985037587583065 -0.004108768422156572 -0.001802827580831945  738318.7013961229
1.4994457960128784 0.0005054408684372902 -0.04873079061508179 -0.008122838102281094 -0.004688062705099583 -0.001809607376344502  738318.7013961807
1.4992755651474 0.00066354003502056 -0.06363976001739502 -0.011185448616743088 -0.0011302472557872534 -0.0017634191317483783  738318.7013964351
1.4990813732147217 0.000843315792735666 -0.08053842186927795 -0.014495874755084515 0.0020768246613442898 -0.003280308097600937  738318.7013965389
1.4988640546798706 0.001046326127834618 -0.09942136704921722 -0.016147885471582413 0.0033652379643172026 -0.004956674296408892  738318.7013967348
1.5 0.0 0.0 0.0 0.0 0.0  738318.7013969083
1.4999579191207886 4.598719169734977e-05 -0.0039780400693416595 0.0049927025102078915 -0.0009955791756510735 0.0014657180290669203  738318.7013973249
1.4999055862426758 0.00010321677837055176 -0.008950971066951752 0.006878789514303207 -0.002925419481471181 -0.0015074362745508552  738318.7013975212
1.4998323917388916 0.00018287991406396031 -0.01591220125555992 0.005607627332210541 -0.0026079523377120495 -0.0019771333318203688  738318.7013979487
1.4997379779815674 0.0002858329680748284 -0.024858297780156136 0.0012447411427274346 -0.0022973024751991034 -0.001536747207865119  738318.7013980985
1.4996224641799927 0.0004124161205254495 -0.03578842058777809 -0.00030294377938844264 -0.0021449571941047907 0.0010717674158513546  738318.7013982253
1.4994845390319824 0.0005632282118313015 -0.048704687505960464 0.0007986769778653979 0.0009530870011076331 0.000276270235190168  738318.7013983061
1.4993232488632202 0.000737827445846051 -0.06360863894224167 0.003974298480898142 0.0030877881217747927 0.0006566695519722998  738318.7013983984
1.499140977859497 0.0009341199765913188 -0.08049972355365753 0.007066378835588694 -0.003276056842878461 0.0009324700222350657  738318.7013984385
1.498939871788025 0.001151926931925118 -0.09937678277492523 0.005729997530579567 -0.009168681688606739 0.005072412546724081  738318.7013985774
1.498693585395813 0.0014219540171325207 -0.12243575602769852 -0.015261396765708923 0.010087691247463226 0.0015497116837650537  738318.7013989699
1.4984452724456787 0.001700658816844225 -0.14548355340957642 -0.025347715243697166 0.02657063491642475 -0.01756354235112667  738318.7013991661
1.4999805688858032 1.0650980584614445e-05 -0.000992001499980688 0.04189768806099892 0.0027990303933620453 -0.005877471994608641  738318.7013996015
1.4999221563339233 4.337752761784941e-05 -0.0039695510640740395 0.07211511582136154 -0.006936315912753344 -0.002040187595412135  738318.7013998093
1.49982488155365 8.629045623820275e-05 -0.008935211226344109 0.08921418339014053 -0.03507746011018753 -0.010559914633631706  738318.7013999132
1.4996907711029053 0.00013577209028881043 -0.01589278131723404 0.07444970309734344 -0.0543176531791687 -0.04882802069187164  738318.7014000632
1.4995427131652832 0.00022166440612636507 -0.024845492094755173 -0.03166724741458893 -0.11660724878311157 -0.08459608256816864  738318.701400271
1.4993923902511597 0.0003516842843964696 -0.035786036401987076 0.0168604739010334 -0.1414402574300766 -0.0903247818350792  738318.7014003057
1.499221682548523 0.0005189180374145508 -0.048706330358982086 0.13424016535282135 -0.06016036868095398 -0.0770680159330368  738318.7014004214
1.4990301132202148 0.0007186989532783628 -0.06360851228237152 0.10879294574260712 -0.011339969001710415 -0.10254868865013123  738318.7014006521
1.4990301132202148 0.0007186989532783628 -0.06360851228237152 0.10879294574260712 -0.011339969001710415 -0.10254868865013123  738318.7014008714
1.4988150596618652 0.0009293046314269304 -0.08049768954515457 0.07698743790388107 -0.018680976703763008 -0.15654906630516052  738318.7014013331
1.5 0.0 0.0 0.0 0.0 0.0  738318.7014014603
1.4999959468841553 9.206837603414897e-06 -0.0009936036076396704 0.04572446271777153 -0.03933658078312874 0.012846474535763264  738318.7014020259
1.4999831914901733 2.6229987270198762e-05 -0.003970157355070114 0.1536291241645813 -0.11781889200210571 0.020771265029907227  738318.7014020955
1.4999535083770752 4.193353379378095e-05 -0.008928900584578514 0.13248780369758606 -0.12615440785884857 0.02252243645489216  738318.7014022337
1.49991774559021 5.0117163482354954e-05 -0.015877943485975266 0.06863359361886978 -0.11284348368644714 0.01364906970411539  738318.7014025799
1.4998831748962402 6.6453154431656e-05 -0.02482285350561142 0.021636417135596275 -0.06951894611120224 0.018936550244688988  738318.7014026146
1.4998284578323364 0.00012144695210736245 -0.0357576385140419 0.0006955713615752757 0.0336613804101944 0.03413141146302223  738318.7014028224
1.4997457265853882 0.00021783255215268582 -0.0486702062189579 0.05190807208418846 0.07477318495512009 0.02422826923429966  738318.7014030648
1.5 0.0 0.0 0.0 0.0 0.0  738318.7014032617
1.4999809265136719 -1.4107312154010287e-06 -0.0009996478911489248 0.016442719846963882 -0.054181214421987534 0.014363464899361134  738318.7014036658
1.4999324083328247 1.7855328451332753e-06 -0.003999428823590279 0.01401977427303791 -0.11119630187749863 0.024795379489660263  738318.7014037927
1.4998756647109985 2.451653745083604e-05 -0.008995553478598595 -0.020624816417694092 -0.15309424698352814 0.018729226663708687  738318.7014039886
1.4998183250427246 7.182388071669266e-05 -0.01597621664404869 -0.010160422883927822 -0.12451543658971786 0.00972216296941042  738318.701404081
1.4997557401657104 0.000145315018016845 -0.024933818727731705 0.00299352640286088 -0.057167407125234604 0.0196604635566473  738318.7014041387
1.4996793270111084 0.00024114780535455793 -0.03587329760193825 -0.0003380349080543965 -0.01071434561163187 0.03005453571677208  738318.7014041853
1.4995704889297485 0.0003475697885733098 -0.04880504310131073 0.000876228732522577 0.019060149788856506 0.030687708407640457  738318.7014044173
1.499419927597046 0.00046412466326728463 -0.06373440474271774 -0.008627538569271564 0.012564532458782196 0.03526017442345619  738318.7014046708
1.499235987663269 0.0006019797874614596 -0.08065512031316757 -0.04242752119898796 -0.04260546341538429 0.05065594241023064  738318.7014047636
1.4990226030349731 0.0007728263735771179 -0.09955692291259766 -0.05092978477478027 -0.07388947904109955 0.05298639088869095  738318.7014048902
1.4987865686416626 0.000979183823801577 -0.12043647468090057 -0.012450327165424824 -0.06583680957555771 0.032862529158592224  738318.7014049594
1.4985404014587402 0.0012126971269026399 -0.14329831302165985 0.021439235657453537 -0.06350148469209671 0.0234982930123806  738318.7014051676
1.4982801675796509 0.0014580973656848073 -0.16815021634101868 0.02189379557967186 -0.05479084327816963 0.04037541523575783  738318.701405375
1.5 0.0 0.0 0.0 0.0 0.0  738318.7014055025
1.499989628791809 1.3997889254824258e-05 -0.0009924061596393585 -0.035056643187999725 0.00814888346940279 -0.02007327228784561  738318.7014057799
1.4999560117721558 5.8394347433932126e-05 -0.003968114033341408 -0.04129519686102867 0.004775132983922958 -0.030779318884015083  738318.7014058834
1.4998924732208252 0.0001376477157464251 -0.008925867266952991 -0.011522089131176472 0.0023399293422698975 -0.015122214332222939  738318.7014060797
1.4997997283935547 0.00024609765387140214 -0.015867754817008972 0.015852374956011772 -0.012904800474643707 -0.006522046867758036  738318.7014062648
1.4996823072433472 0.00037130824057385325 -0.024797994643449783 0.02064368687570095 -0.03519851341843605 -0.019152618944644928  738318.7014065529
1.5 0.0 0.0 0.0 0.0 0.0  738318.7014067608
1.4999957084655762 1.3016626326134428e-05 -0.0009927400387823582 -0.012502762489020824 0.007304022088646889 0.018167391419410706  738318.7014070954
1.499976396560669 5.633327964460477e-05 -0.003963243681937456 -0.01034929882735014 0.027926376089453697 0.03339068219065666  738318.7014071535
1.4999096393585205 0.00017180934082716703 -0.008837496861815453 0.40077224373817444 0.28450942039489746 0.2062116265296936  738318.7014072575
1.499816656112671 0.0004031996941193938 -0.015602046623826027 0.7081792950630188 0.40853792428970337 0.37252897024154663  738318.7014074306
1.4997397661209106 0.0006872782832942903 -0.0243774875998497 0.9924193024635315 0.3597906529903412 0.353293776512146  738318.7014074995
1.4996521472930908 0.0009475966216996312 -0.035257767885923386 1.1867127418518066 0.35209333896636963 0.26732316613197327  738318.7014075918
1.499552845954895 0.0011626183986663818 -0.04822869971394539 1.1843069791793823 0.5598893165588379 0.18937571346759796  738318.7014076957
1.4994986057281494 0.0013274644734337926 -0.06320305168628693 1.023471713066101 0.8684083819389343 0.12956276535987854  738318.7014078323
1.4994844198226929 0.0014343902003020048 -0.08012925088405609 0.6941393613815308 1.1217585802078247 0.09578954428434372  738318.701408017
1.5 0.0 0.0 0.0 0.0 0.0  738318.7014083173
1.4997538328170776 1.4957969142415095e-05 -0.004162503406405449 -0.7186784744262695 -0.13312138617038727 -0.1825556606054306  738318.7014084328
1.4994466304779053 -5.510039954970125e-06 -0.00904463604092598 -1.0168226957321167 -0.6814628839492798 -0.17770102620124817  738318.7014086057
1.4989815950393677 1.380474441248225e-05 -0.01587933488190174 -1.2771375179290771 -1.1528825759887695 -0.1418161392211914  738318.7014088539
1.4984127283096313 5.507442983798683e-05 -0.024847764521837234 -1.4185818433761597 -1.3180848360061646 -0.07163452357053757  738318.7014091308
1.4978504180908203 4.518730565905571e-05 -0.035934966057538986 -1.6861014366149902 -1.5308263301849365 0.12574118375778198  738318.7014092117
1.4972543716430664 -4.076118057128042e-05 -0.0489770732820034 -2.1459338665008545 -1.751360297203064 0.3855223059654236  738318.7014092463
1.4965521097183228 -0.00014669913798570633 -0.06390649080276489 -2.5003697872161865 -2.060394525527954 0.5726950764656067  738318.7014093621
1.4957748651504517 -0.0001900115021271631 -0.08079743385314941 -2.6760942935943604 -2.466783285140991 0.6909928917884827  738318.7014094656
1.4949581623077393 -0.00013966632832307369 -0.09970766305923462 -2.736309051513672 -2.863955497741699 0.8081011176109314  738318.7014095696
1.5 0.0 0.0 0.0 0.0 0.0  738318.7014100123
1.5000182390213013 7.238809484988451e-05 -0.000990497530438006 0.187433123588562 -0.22493690252304077 0.11349475383758545  738318.7014101393
1.5000951290130615 0.00030550212250091136 -0.003970746416598558 0.4895155131816864 -0.3443908393383026 0.18808363378047943  738318.7014102779
1.500264048576355 0.0006853723898530006 -0.008932158350944519 0.8826099038124084 -0.29979103803634644 0.140717551112175  738318.7014104857
1.500457763671875 0.00114231719635427 -0.015841787680983543 1.225170612335205 -0.225901797413826 -0.0020064639393240213  738318.701410705
1.5006004571914673 0.001629210077226162 -0.02471647597849369 1.428679347038269 -0.3352462351322174 -0.2042616456747055  738318.7014108204
1.5007182359695435 0.0021572753321379423 -0.035606250166893005 1.5928728580474854 -0.6089861989021301 -0.4018402397632599  738318.7014110051
1.500844955444336 0.002757298294454813 -0.048517193645238876 1.8005040884017944 -0.6999050378799438 -0.5638561248779297  738318.7014111554
1.5010045766830444 0.003429585136473179 -0.06342726945877075 2.0285675525665283 -0.6626080870628357 -0.6879512667655945  738318.7014113892
1.5011980533599854 0.00414624996483326 -0.08034514635801315 2.218395709991455 -0.6527136564254761 -0.7509636282920837  738318.7014115046
1.5013941526412964 0.004898183047771454 -0.0992962047457695 2.3621349334716797 -0.6246413588523865 -0.8068662881851196  738318.7014118856
1.5000137090682983 8.68182996782707e-06 -0.000990584958344698 0.1184849813580513 0.023051880300045013 -0.05919462442398071  738318.701412013
1.5000505447387695 4.465890015126206e-05 -0.003954065032303333 0.2380700409412384 0.06514237821102142 -0.10292163491249084  738318.7014122087
1.5000953674316406 0.00011717308370862156 -0.008887015283107758 0.39641591906547546 0.10929049551486969 -0.1323399394750595  738318.701412336
1.5001347064971924 0.0002334587916266173 -0.015810655429959297 0.5969848036766052 0.05653519928455353 -0.18153920769691467  738318.7014124742
1.5001671314239502 0.00039491619099862874 -0.024744968861341476 0.8223128318786621 -0.07758548855781555 -0.22839908301830292  738318.7014127285
1.5002036094665527 0.0005965803866274655 -0.0356740802526474 1.0657459497451782 -0.22079354524612427 -0.27535203099250793  738318.7014128898
1.5002715587615967 0.0008083054563030601 -0.048549965023994446 1.3134119510650635 -0.36418402194976807 -0.31779932975769043  738318.701412936
1.5004231929779053 0.0009514568373560905 -0.06333080679178238 1.4413087368011475 -0.44260287284851074 -0.22763869166374207  738318.7014131206
1.5006978511810303 0.0009514192352071404 -0.080022893846035 1.2165037393569946 -0.27500778436660767 -0.028844594955444336  738318.7014132361
1.5010795593261719 0.0007863121572881937 -0.09868510067462921 0.6465760469436646 0.14396530389785767 0.12185749411582947  738318.7014133667
1.501512885093689 0.0005151611985638738 -0.11938129365444183 -0.03496555611491203 0.5324373841285706 0.1442229151725769  738318.7014134706
1.5 0.0 0.0 0.0 0.0 0.0  738318.7014137822
1.4999792575836182 0.00012979848543182015 -0.0010109117720276117 -0.03473438322544098 0.09635300934314728 0.1108371913433075  738318.7014140593
1.4999417066574097 0.00048186007188633084 -0.004041698761284351 0.12607179582118988 0.2250480204820633 0.14692498743534088  738318.7014144752
1.4999125003814697 0.0009657215559855103 -0.009077467024326324 0.33417919278144836 0.3424334228038788 0.058741044253110886  738318.7014147545
1.4998931884765625 0.0014942728448659182 -0.016096757724881172 0.502688467502594 0.4424695670604706 -0.08993350714445114  738318.7014147775
1.4998950958251953 0.0020383461378514767 -0.025091946125030518 0.6747692823410034 0.5638626217842102 -0.19313544034957886  738318.7014149738
1.499937653541565 0.002602977678179741 -0.03606877103447914 0.8426530957221985 0.7527725100517273 -0.23047183454036713  738318.70141517
1.5000340938568115 0.003173434641212225 -0.0490214079618454 0.9836039543151855 0.991925060749054 -0.20052270591259003  738318.7014152611
1.5 0.0 0.0 0.0 0.0 0.0  738318.7014156422
1.4999464750289917 -4.523836832959205e-05 -0.0010229412000626326 -0.21017786860466003 0.10886666178703308 0.11948437243700027  738318.7014160708
1.4998122453689575 -0.00016793633403722197 -0.0040912926197052 -0.5048514604568481 0.08086428791284561 0.17768250405788422  738318.7014161978
1.4996368885040283 -0.0003098806191701442 -0.00917707197368145 -0.7904329895973206 0.04962240159511566 0.11407268047332764  738318.7014163824
1.4994707107543945 -0.0003934273845516145 -0.01621265336871147 -0.8925193548202515 0.12572850286960602 0.06727238744497299  738318.7014164864
1.4993515014648438 -0.0003641973016783595 -0.025166969746351242 -0.819226861000061 0.3589383661746979 0.0637129545211792  738318.7014166251
1.499269723892212 -0.0002466132282279432 -0.036090172827243805 -0.6017160415649414 0.7220045328140259 0.022296207025647163  738318.7014167518
1.4992003440856934 -0.00010479873162694275 -0.049023550003767014 -0.4486877918243408 1.0782102346420288 -0.029658837243914604  738318.7014168791
1.499144434928894 2.376567863393575e-05 -0.06393242627382278 -0.4379289746284485 1.3084019422531128 -0.07207424938678741  738318.7014170671
1.499075174331665 0.00013652285269927233 -0.08079501986503601 -0.40082186460494995 1.5138447284698486 -0.11145265400409698  738318.7014172749
1.4989171028137207 0.0003025130135938525 -0.10162698477506638 -0.19608116149902344 1.7211419343948364 -0.19016222655773163  738318.7014175062
1.5 0.0 0.0 0.0 0.0 0.0  738318.7014175523
1.4999359846115112 0.00011986472236458212 -0.004054541699588299 0.9437177777290344 -0.08578948676586151 -0.03533962741494179  738318.7014178752
1.4998539686203003 0.0003190838033333421 -0.009110120125114918 1.4243812561035156 -0.12280276417732239 -0.07763122767210007  738318.7014181414
1.4997270107269287 0.0005380103830248117 -0.01614701747894287 1.8453577756881714 -0.18258024752140045 -0.18539825081825256  738318.7014182104
1.4994986057281494 0.000742217293009162 -0.025113116949796677 2.019134998321533 -0.4493946135044098 -0.40697595477104187  738318.7014183954
1.4991114139556885 0.0009239347418770194 -0.036022741347551346 1.9136927127838135 -0.9040266871452332 -0.9242417216300964  738318.7014185566
1.49861741065979 0.0010965265100821853 -0.04895579069852829 1.6642028093338013 -1.2812145948410034 -1.8465850353240967  738318.701418776
1.4981212615966797 0.0012696702033281326 -0.06393727660179138 1.106034278869629 -1.2774996757507324 -3.045193910598755  738318.7014188222
1.4976524114608765 0.001403378788381815 -0.08093582838773727 0.3881663382053375 -0.8443775177001953 -4.349600315093994  738318.70141903
1.4971446990966797 0.0014151980867609382 -0.09994454681873322 -0.18997687101364136 -0.5273786187171936 -5.56373929977417  738318.7014191919
1.4965823888778687 0.0013500088825821877 -0.12096340954303741 -0.738197386264801 -0.7877746224403381 -6.464941501617432  738318.7014195147
1.500011920928955 0.0004506854456849396 -0.008932184427976608 0.2980464994907379 0.7690912485122681 -0.20914635062217712  738318.7014196995
1.4997518062591553 0.0006998121971264482 -0.015985410660505295 0.19820715487003326 1.1489927768707275 -0.9036506414413452  738318.701419861
1.4993014335632324 0.0009654646273702383 -0.02523379772901535 -0.05909918248653412 1.4276032447814941 -2.0134437084198  738318.7014199534
1.4986804723739624 0.001212557079270482 -0.03669463470578194 -0.3648918569087982 1.6688965559005737 -3.3517560958862305  738318.7014200689
1.4970930814743042 0.0014100914122536778 -0.06610919535160065 0.06973820924758911 2.6856794357299805 -6.2349042892456055  738318.7014202999
1.4950575828552246 0.0016225597355514765 -0.10418872535228729 1.4827269315719604 3.9134740829467773 -9.11219596862793  738318.7014204266
nan nan nan 2.065786838531494 4.37217378616333 -10.70125961303711  738318.7014205542
nan nan nan 2.6490819454193115 4.711925506591797 -18.263301849365234  738318.7014208431
nan nan nan 2.4368157386779785 4.529350280761719 -20.577024459838867  738318.7014209586
nan nan nan 2.012960910797119 4.029022693634033 -22.75617790222168  738318.7014211433
nan nan nan 0.6485382914543152 2.4304399490356445 -27.264066696166992  738318.7014212352
nan nan nan -0.06175804138183594 1.433456540107727 -29.332300186157227  738318.7014213508
nan nan nan -2.3287909030914307 -1.5028899908065796 -33.828880310058594  738318.7014215935
nan nan nan -2.61331844329834 -1.6495048999786377 -34.50115203857422  738318.7014217437
nan nan nan -3.0890676975250244 -0.07770881056785583 -34.60252380371094  738318.7014219632
nan nan nan -3.280012369155884 1.489575743675232 -34.300148010253906  738318.7014222861
nan nan nan -3.045535087585449 3.5024335384368896 -33.883880615234375  738318.7014223784
nan nan nan -2.316856861114502 5.830556392669678 -33.40424728393555  738318.7014226093
nan nan nan -1.2750014066696167 8.053640365600586 -32.9006462097168  738318.7014227364
nan nan nan -0.4288756251335144 9.811470985412598 -32.475093841552734  738318.7014229111
nan nan nan -0.08997315168380737 10.746010780334473 -33.69790267944336  738318.7014231883
nan nan nan -0.4963190257549286 9.36723804473877 -34.747188568115234  738318.7014232924
nan nan nan -1.1488479375839233 7.475433349609375 -35.792388916015625  738318.7014233962
nan nan nan -1.7133134603500366 5.471625804901123 -36.74957275390625  738318.7014235922
nan nan nan -2.1237130165100098 3.8356661796569824 -37.62984085083008  738318.7014237884
nan nan nan -2.0061540603637695 2.856855869293213 -38.495689392089844  738318.7014239616
nan nan nan -1.2273105382919312 2.8796029090881348 -39.16469192504883  738318.7014241578
nan nan nan 1.426347017288208 6.8264875411987305 -42.160274505615234  738318.701424262
nan nan nan 2.064788579940796 8.329596519470215 -42.978660583496094  738318.7014244929
nan nan nan 2.6770968437194824 9.42132568359375 -43.01643753051758  738318.701424585
nan nan nan 2.951589345932007 10.05663013458252 -42.802303314208984  738318.7014246199
nan nan nan 3.0838935375213623 8.297456741333008 -43.90058898925781  738318.7014249197
nan nan nan 2.689422369003296 4.50483512878418 -45.081520080566406  738318.7014251951
nan nan nan 2.526304006576538 1.3154011964797974 -45.619049072265625  738318.7014253912
nan nan nan 2.5930418968200684 0.5676745772361755 -45.76821517944336  738318.7014255067
nan nan nan 2.805000066757202 0.42918676137924194 -45.93526077270508  738318.7014257719
nan nan nan 3.12408447265625 0.7359215617179871 -46.11772918701172  738318.7014259913
nan nan nan 3.4279136657714844 1.2131743431091309 -46.31074523925781  738318.7014260143
nan nan nan 3.617588996887207 1.6588995456695557 -46.40281677246094  738318.7014263144
nan nan nan 3.722597599029541 1.9014524221420288 -46.32672119140625  738318.7014264184
nan nan nan 3.6075665950775146 1.9973437786102295 -46.186363220214844  738318.7014266608
nan nan nan 3.339062213897705 2.1142356395721436 -46.04524612426758  738318.701426915
nan nan nan 3.0275418758392334 2.749159574508667 -45.90230941772461  738318.7014270994