% x y z qx qy qz qw  738339.4113372267
2.4315500259399414 -0.4160025715827942 -0.07100039720535278 -0.07252305746078491 0.05639892444014549 -0.041541967540979385  738339.4113374647
2.435140371322632 -0.41753432154655457 -0.07132573425769806 -0.07275070995092392 0.057394642382860184 -0.04231295734643936  738339.4113375789
2.4387364387512207 -0.419067919254303 -0.07165205478668213 -0.07362198829650879 0.05632409825921059 -0.04189588129520416  738339.4113376937
2.44233775138855 -0.42060330510139465 -0.07198072224855423 -0.07356921583414078 0.056727513670921326 -0.042344313114881516  738339.4113378075
2.4459452629089355 -0.4221409559249878 -0.07231204956769943 -0.0730600580573082 0.057666197419166565 -0.043124400079250336  738339.4113379343
2.4495596885681152 -0.4236806333065033 -0.0726453959941864 -0.07204145193099976 0.058469682931900024 -0.04307308420538902  738339.4113380432
2.4531807899475098 -0.42522281408309937 -0.07297969609498978 -0.07197702676057816 0.05795624107122421 -0.042958956211805344  738339.41133816
2.456808090209961 -0.4267684817314148 -0.07331415265798569 -0.07170084118843079 0.05823099985718727 -0.04354814812541008  738339.4113382743
2.4604415893554688 -0.42831698060035706 -0.07364832609891891 -0.07223881036043167 0.05847018584609032 -0.043428484350442886  738339.4113383932
2.464081287384033 -0.42986786365509033 -0.07398223876953125 -0.07168151438236237 0.05878270044922829 -0.04352141544222832  738339.411338504
2.4677271842956543 -0.43142169713974 -0.0743163526058197 -0.07064177095890045 0.059805020689964294 -0.04464229568839073  738339.4113386194
2.471378803253174 -0.4329780340194702 -0.07465094327926636 -0.0701073482632637 0.0598902702331543 -0.0443727932870388  738339.4113387367
2.475036859512329 -0.43453606963157654 -0.07498595118522644 -0.07036373019218445 0.06058334931731224 -0.04545341432094574  738339.411338851
2.4787025451660156 -0.436095654964447 -0.0753207579255104 -0.07100514322519302 0.06109734624624252 -0.045186009258031845  738339.4113389701
2.4823760986328125 -0.43765687942504883 -0.07565487176179886 -0.0708264708518982 0.06141611188650131 -0.04470537602901459  738339.4113390859
2.4860565662384033 -0.43921932578086853 -0.07598794251680374 -0.07115516066551208 0.06251934915781021 -0.0444774255156517  738339.4113391988
2.4897429943084717 -0.44078314304351807 -0.07632088661193848 -0.07066222280263901 0.06307292729616165 -0.0459890216588974  738339.4113393041
2.4934346675872803 -0.4423491954803467 -0.07665429264307022 -0.07170391827821732 0.06342106312513351 -0.0453949049115181  738339.4113394298
2.4971325397491455 -0.4439184367656708 -0.0769881084561348 -0.07108357548713684 0.06398500502109528 -0.04509193077683449  738339.4113395461
2.5008373260498047 -0.4454914331436157 -0.0773218423128128 -0.07201031595468521 0.06280390918254852 -0.04389452189207077  738339.4113396648
2.5045485496520996 -0.44706788659095764 -0.07765476405620575 -0.07118299603462219 0.06209512799978256 -0.0439562052488327  738339.4113397683
2.508265495300293 -0.44864752888679504 -0.07798730581998825 -0.07148191332817078 0.06325586885213852 -0.045493368059396744  738339.4113398846
2.511988401412964 -0.4502304792404175 -0.07831915467977524 -0.07119055092334747 0.062278855592012405 -0.044186968356370926  738339.4113400002
2.515718460083008 -0.45181575417518616 -0.07864990830421448 -0.07139385491609573 0.06136011332273483 -0.043903663754463196  738339.411340133
2.519455909729004 -0.4534025490283966 -0.07898109406232834 -0.07122951000928879 0.06311503052711487 -0.04482504725456238  738339.4113402468
2.523200750350952 -0.4549919664859772 -0.07931459695100784 -0.07124507427215576 0.06308004260063171 -0.04430320858955383  738339.4113403548
2.526952028274536 -0.45658496022224426 -0.07964987307786942 -0.07036346942186356 0.06412601470947266 -0.04542092978954315  738339.4113404652
2.5307090282440186 -0.45818156003952026 -0.07998636364936829 -0.07088624686002731 0.06417187303304672 -0.045364901423454285  738339.4113405811
2.5344715118408203 -0.459781289100647 -0.08032523095607758 -0.07209217548370361 0.06318653374910355 -0.04559977352619171  738339.4113407014
2.5382399559020996 -0.4613826870918274 -0.0806666761636734 -0.07260779291391373 0.06322822719812393 -0.04372264817357063  738339.4113408104
2.5420145988464355 -0.4629853069782257 -0.08100959658622742 -0.0732925608754158 0.06357520818710327 -0.042870812118053436  738339.4113409262
2.5457961559295654 -0.464590460062027 -0.08135294169187546 -0.07420561462640762 0.06421308219432831 -0.043152667582035065  738339.4113410416
2.5495846271514893 -0.46619912981987 -0.08169648796319962 -0.07503071427345276 0.06485698372125626 -0.04393919184803963  738339.4113411574
2.5533804893493652 -0.46781039237976074 -0.08203963190317154 -0.07448114454746246 0.06475185602903366 -0.043828677386045456  738339.4113412853
2.5571844577789307 -0.4694238305091858 -0.0823819562792778 -0.0748610645532608 0.06342361867427826 -0.043184828013181686  738339.4113414049
2.5609962940216064 -0.47104108333587646 -0.08272439241409302 -0.07530036568641663 0.06159065291285515 -0.0428432859480381  738339.4113415037
2.564814329147339 -0.47266197204589844 -0.08306807279586792 -0.07642389833927155 0.061816804111003876 -0.041444066911935806  738339.4113416305
2.5686378479003906 -0.47428467869758606 -0.08341295272111893 -0.07646821439266205 0.0626869723200798 -0.04250745475292206  738339.4113417452
2.5724682807922363 -0.4759087860584259 -0.08375847339630127 -0.07738562673330307 0.061268895864486694 -0.042423807084560394  738339.4113418582
2.5763065814971924 -0.47753506898880005 -0.08410514891147614 -0.077814482152462 0.06070300191640854 -0.04013216122984886  738339.4113419856
2.5801517963409424 -0.47916439175605774 -0.08445281535387039 -0.07767782360315323 0.0610671229660511 -0.04085749387741089  738339.4113420892
2.5840020179748535 -0.4807969033718109 -0.08480110764503479 -0.07891920953989029 0.06108614057302475 -0.04072640463709831  738339.411342207
2.587857961654663 -0.48243293166160583 -0.08514981716871262 -0.07911647856235504 0.060522548854351044 -0.04085417464375496  738339.4113423212
2.591721534729004 -0.4840717911720276 -0.08549804985523224 -0.07863749563694 0.06120183318853378 -0.04081094637513161  738339.4113424383
2.595980405807495 -0.48587566614151 -0.0858820453286171 -0.07938473671674728 0.06252895295619965 -0.041271697729825974  738339.4113425537
2.5998592376708984 -0.4875156879425049 -0.08623349666595459 -0.07998441159725189 0.06339279562234879 -0.042284343391656876  738339.4113426692
2.6037425994873047 -0.48915693163871765 -0.08658681064844131 -0.08037317544221878 0.06431929022073746 -0.04180613532662392  738339.4113427781
2.6076302528381348 -0.490800142288208 -0.08694126456975937 -0.07863160222768784 0.06474457681179047 -0.040752217173576355  738339.4113429032
2.6115245819091797 -0.4924450218677521 -0.08729617297649384 -0.07744160294532776 0.0663084164261818 -0.04199554771184921  738339.4113430135
2.6154255867004395 -0.4940924644470215 -0.0876510888338089 -0.07833858579397202 0.06580781191587448 -0.04211984947323799  738339.4113431269
2.6193325519561768 -0.49574288725852966 -0.08800594508647919 -0.07943637669086456 0.06584155559539795 -0.04262694716453552  738339.4113432452
2.623246192932129 -0.4973953068256378 -0.08836057037115097 -0.07957637310028076 0.0659465566277504 -0.04337040334939957  738339.411343361
2.627166748046875 -0.49904972314834595 -0.08871503174304962 -0.0791173055768013 0.06682849675416946 -0.042306046932935715  738339.4113434778
2.631093978881836 -0.500706672668457 -0.08906986564397812 -0.07995712012052536 0.06644465029239655 -0.04077581688761711  738339.4113435933
2.6350278854370117 -0.5023655295372009 -0.08942510932683945 -0.08027775585651398 0.06660927832126617 -0.040053464472293854  738339.4113437041
2.6389689445495605 -0.5040261149406433 -0.08977999538183212 -0.08149007707834244 0.06646084785461426 -0.03935351222753525  738339.4113438315
2.6429169178009033 -0.5056896805763245 -0.09013405442237854 -0.08161932975053787 0.0650089830160141 -0.03879339620471001  738339.4113439356
2.646871566772461 -0.5073572397232056 -0.0904884785413742 -0.08209576457738876 0.06451465934515 -0.03770332410931587  738339.4113440539
2.6508333683013916 -0.5090264678001404 -0.09084451198577881 -0.08055826276540756 0.06362098455429077 -0.03686021268367767  738339.4113441766
2.6548027992248535 -0.5106954574584961 -0.09120243042707443 -0.08127639442682266 0.0644015297293663 -0.03769950568675995  738339.411344292
2.658780097961426 -0.5123657584190369 -0.09156107902526855 -0.08169881999492645 0.06491164863109589 -0.037772223353385925  738339.4113444098
-0.27701443433761597 0.1316046118736267 0.020594079047441483 0.7412511706352234 1.6745822429656982 1.1939047574996948  738339.4113445136
-0.285548597574234 0.12311890721321106 0.01988581381738186 0.7394363284111023 1.6731853485107422 1.1931471824645996  738339.4113446292
-0.29410403966903687 0.11461732536554337 0.019176069647073746 0.7397072911262512 1.6726202964782715 1.19181227684021  738339.411344746
-0.30268171429634094 0.10609851032495499 0.018463782966136932 0.7387998104095459 1.6700408458709717 1.190514087677002  738339.411344859
-0.31128206849098206 0.09756318479776382 0.017749546095728874 0.7378668785095215 1.6691198348999023 1.1891041994094849  738339.4113449794
-0.3199042081832886 0.08901283890008926 0.01703503727912903 0.7367602586746216 1.6668386459350586 1.1875450611114502  738339.4113450905
-0.3285467028617859 0.08044800907373428 0.01631987653672695 0.7350105047225952 1.6659090518951416 1.1862322092056274  738339.4113452066
-0.33720868825912476 0.07186774909496307 0.015603931620717049 0.7351526618003845 1.6646010875701904 1.1846905946731567  738339.4113453211
-0.34589144587516785 0.0632719025015831 0.014886914752423763 0.7336404323577881 1.6634024381637573 1.1826012134552002  738339.4113454478
-0.3545970916748047 0.05466068536043167 0.014168578200042248 0.7346935868263245 1.661757469177246 1.1807962656021118  738339.4113455673
-0.2795794904232025 0.12946853041648865 0.01960787922143936 0.401756227016449 1.3339661359786987 1.265430212020874  738339.4113456835
-0.2815212309360504 0.12765556573867798 0.01925482042133808 0.40090876817703247 1.332038164138794 1.2641677856445312  738339.4113457873
-0.2834782898426056 0.12583188712596893 0.018901176750659943 0.4004867672920227 1.3313568830490112 1.2633315324783325  738339.4113459031
-0.2854492664337158 0.12399633228778839 0.018547525629401207 0.3999156355857849 1.3297934532165527 1.261795997619629  738339.41134603
-0.2874339520931244 0.12214823067188263 0.018193518742918968 0.3988425135612488 1.3287498950958252 1.2599200010299683  738339.411346132
-0.289433091878891 0.12028856575489044 0.01783851720392704 0.3975180983543396 1.3279073238372803 1.2587425708770752  738339.4113462482
-0.2914468050003052 0.11841794103384018 0.017482493072748184 0.3973102867603302 1.3288331031799316 1.2570643424987793  738339.4113463733
-0.2934756278991699 0.11653628945350647 0.017125878483057022 0.3960849940776825 1.3273934125900269 1.2566916942596436  738339.41134648
-0.29551970958709717 0.11464393138885498 0.016769228503108025 0.39610689878463745 1.3257606029510498 1.2552576065063477  738339.4113466066
-0.2975779175758362 0.11274112015962601 0.01641257479786873 0.39607444405555725 1.325666069984436 1.2535840272903442  738339.4113467124
-0.2751650810241699 0.1338639110326767 0.019473375752568245 0.4778907597064972 1.4279991388320923 1.2926667928695679  738339.4113468276
-0.27594926953315735 0.13317745923995972 0.019276876002550125 0.47647982835769653 1.4269028902053833 1.2903567552566528  738339.4113469477
-0.2767501473426819 0.1324804723262787 0.01907895691692829 0.4759315550327301 1.4258067607879639 1.2878330945968628  738339.4113470622
-0.27756690979003906 0.13177214562892914 0.018878573551774025 0.4750223457813263 1.4221709966659546 1.2866779565811157  738339.411347172
-0.27839916944503784 0.1310509294271469 0.018676571547985077 0.47364649176597595 1.4200361967086792 1.2871311902999878  738339.411347301
-0.27924707531929016 0.1303166002035141 0.01847449690103531 0.4728768765926361 1.4180893898010254 1.2858089208602905  738339.4113474066
-0.2801109850406647 0.12956932187080383 0.018273739144206047 0.4720429480075836 1.417975902557373 1.2833929061889648  738339.4113475197
-0.2809911370277405 0.12880882620811462 0.018074875697493553 0.47127214074134827 1.415174126625061 1.283616065979004  738339.411347634
-0.281886488199234 0.12803563475608826 0.017876217141747475 0.4696301817893982 1.4139430522918701 1.282784104347229  738339.4113477498
-0.28288814425468445 0.127172589302063 0.017656616866588593 0.4677083194255829 1.413023591041565 1.2803891897201538  738339.4113478638
-0.27436238527297974 0.13491903245449066 0.01965593919157982 0.5484195351600647 1.525287389755249 1.3082255125045776  738339.4113479785
-0.2749556601047516 0.13443449139595032 0.01954035460948944 0.5468540787696838 1.5253946781158447 1.3066223859786987  738339.4113481067
-0.2755677402019501 0.13393814861774445 0.019423792138695717 0.5464476346969604 1.5223299264907837 1.3060493469238281  738339.4113482123
-0.2761985957622528 0.13342902064323425 0.019307108595967293 0.5461552143096924 1.5207395553588867 1.3049403429031372  738339.4113483252
-0.27684658765792847 0.1329059898853302 0.019190460443496704 0.5448282957077026 1.5191302299499512 1.3028525114059448  738339.4113484456
-0.2775114178657532 0.13236860930919647 0.019072195515036583 0.5430158972740173 1.5154274702072144 1.3012868165969849  738339.4113485646
-0.2781943082809448 0.1318167746067047 0.018952153623104095 0.543048620223999 1.5143883228302002 1.2997123003005981  738339.4113486814
-0.27889516949653625 0.1312505602836609 0.018831685185432434 0.542364239692688 1.5139379501342773 1.2977010011672974  738339.4113487941
-0.2796131670475006 0.13067124783992767 0.01871044561266899 0.541191577911377 1.5116924047470093 1.2960201501846313  738339.4113489111
-0.2803489863872528 0.13007929921150208 0.018587889149785042 0.5407771468162537 1.5102965831756592 1.294660210609436  738339.4113490185
-0.2737469971179962 0.13562989234924316 0.020074035972356796 0.608546793460846 1.580116868019104 1.3092581033706665  738339.4113491438
-0.27429890632629395 0.13519339263439178 0.02000153250992298 0.6073253750801086 1.5800317525863647 1.3065940141677856  738339.4113492479
-0.274869441986084 0.1347431093454361 0.01992788165807724 0.6063982844352722 1.5796266794204712 1.306370496749878  738339.4113493637
-0.27545785903930664 0.13427884876728058 0.019853627309203148 0.6047929525375366 1.5777963399887085 1.3049757480621338  738339.4113494906
-0.2760641276836395 0.13380098342895508 0.019778860732913017 0.6027236580848694 1.575508713722229 1.3032628297805786  738339.4113496022
-0.276689738035202 0.13330969214439392 0.019703667610883713 0.6022773385047913 1.5732753276824951 1.3026067018508911  738339.4113497172
-0.277334600687027 0.1328042894601822 0.019628401845693588 0.6008427143096924 1.5703762769699097 1.3009752035140991  738339.4113498334
-0.27799737453460693 0.13228479027748108 0.0195525661110878 0.5998849868774414 1.5688685178756714 1.298929214477539  738339.411349959
-0.2786783277988434 0.13175037503242493 0.01947607472538948 0.599297046661377 1.5673930644989014 1.2970134019851685  738339.4113500676
-0.27937912940979004 0.13120096921920776 0.019399994984269142 0.5983390212059021 1.5668509006500244 1.296520471572876  738339.4113501831
-0.2746028006076813 0.13510259985923767 0.02029828540980816 0.6487139463424683 1.6233866214752197 1.3106865882873535  738339.4113502955
-0.27521300315856934 0.1346302330493927 0.020251348614692688 0.6479933261871338 1.6237590312957764 1.3104065656661987  738339.4113504172
-0.27584338188171387 0.13414280116558075 0.020204367116093636 0.6453712582588196 1.6214748620986938 1.3096988201141357  738339.4113505298
-0.2764938473701477 0.13364005088806152 0.020156685262918472 0.6453839540481567 1.6206870079040527 1.3075733184814453  738339.4113506449
-0.27716490626335144 0.1331232786178589 0.020108385011553764 0.6436452865600586 1.6189196109771729 1.3066529035568237  738339.411350757
-0.27785632014274597 0.13259172439575195 0.020059319213032722 0.6437820196151733 1.6185871362686157 1.303861141204834  738339.4113508756
-0.27856796979904175 0.1320444792509079 0.020009612664580345 0.6431276202201843 1.6173763275146484 1.3015953302383423  738339.4113509911
-0.27930036187171936 0.13148291409015656 0.01995966024696827 0.642066240310669 1.616675853729248 1.3002086877822876  738339.4113511054
-0.28005266189575195 0.1309070736169815 0.019909843802452087 0.6408248543739319 1.6154612302780151 1.2984528541564941  738339.4113512255
-0.28082403540611267 0.13031624257564545 0.01985929161310196 0.6385409832000732 1.6129554510116577 1.297163724899292  738339.411351332
-0.2816145420074463 0.12971028685569763 0.019807059317827225 0.6369515657424927 1.6112791299819946 1.2964560985565186  738339.4113514468
-0.27628520131111145 0.1339406818151474 0.02046642079949379 0.6742029786109924 1.6612763404846191 1.306501030921936  738339.4113515674
-0.2769947052001953 0.1334003508090973 0.0204304251819849 0.6731181740760803 1.6588882207870483 1.3061797618865967  738339.4113516891
-0.27772602438926697 0.13284368813037872 0.02039467915892601 0.6726752519607544 1.6559836864471436 1.3045521974563599  738339.4113518047
-0.27847743034362793 0.13227109611034393 0.020358413457870483 0.6726194620132446 1.6552025079727173 1.3039101362228394  738339.4113519092
-0.2792486846446991 0.1316830813884735 0.020320968702435493 0.6718518137931824 1.6533960103988647 1.303436040878296  738339.4113520229
-0.2800407409667969 0.1310797929763794 0.020283790305256844 0.6712838411331177 1.6508269309997559 1.302308201789856  738339.4113521418
-0.28085458278656006 0.13046033680438995 0.020247729495167732 0.6694341897964478 1.6498315334320068 1.3003374338150024  738339.4113522685
-0.28168994188308716 0.12982402741909027 0.02021283470094204 0.6692274808883667 1.6496707201004028 1.29951810836792  738339.4113523718
-0.28254517912864685 0.12917055189609528 0.020177865400910378 0.6684495806694031 1.6475828886032104 1.2973822355270386  738339.4113525085
-0.2776564359664917 0.13297075033187866 0.020607896149158478 0.7012766599655151 1.6870192289352417 1.304845929145813  738339.4113526155
-0.2784455120563507 0.13236327469348907 0.020578984171152115 0.7006617784500122 1.6853363513946533 1.3032909631729126  738339.4113527178
-0.27925580739974976 0.1317405253648758 0.020547622814774513 0.6997619271278381 1.6829532384872437 1.301778793334961  738339.4113528435
-0.28008726239204407 0.1311022937297821 0.02051418274641037 0.6995725631713867 1.6822288036346436 1.3002655506134033  738339.4113529465
-0.2809393107891083 0.13044655323028564 0.02048061601817608 0.7002032399177551 1.6797186136245728 1.2989180088043213  738339.4113530649
-0.28181174397468567 0.1297731250524521 0.02044745534658432 0.7004843354225159 1.677564024925232 1.2980653047561646  738339.4113531784
-0.28270483016967773 0.1290827840566635 0.020414570346474648 0.6977178454399109 1.674866795539856 1.2977170944213867  738339.4113533086
-0.2836190462112427 0.12837567925453186 0.020381122827529907 0.6978768110275269 1.673543930053711 1.2953910827636719  738339.4113534217
-0.28455397486686707 0.12765219807624817 0.020345941185951233 0.6966939568519592 1.6716820001602173 1.2938505411148071  738339.4113535332
-0.28550899028778076 0.12691284716129303 0.020308664068579674 0.6955661177635193 1.6706079244613647 1.2926530838012695  738339.4113536435
-0.28648436069488525 0.12615662813186646 0.020269429311156273 0.6948550939559937 1.6693964004516602 1.2923657894134521  738339.4113537848
-0.2804124653339386 0.13083262741565704 0.020639387890696526 0.7218230962753296 1.6978049278259277 1.2988436222076416  738339.4113538747
-0.28130805492401123 0.13013476133346558 0.020606158301234245 0.7210947275161743 1.6961015462875366 1.2974843978881836  738339.4113540053
-0.28222545981407166 0.12942074239253998 0.020572340115904808 0.7203994393348694 1.6951892375946045 1.2968541383743286  738339.4113541129
-0.2831636965274811 0.1286899447441101 0.020538920536637306 0.7195195555686951 1.6940799951553345 1.2953414916992188  738339.411354229
-0.28412243723869324 0.12794260680675507 0.020506080240011215 0.7191959619522095 1.6916204690933228 1.295322299003601  738339.4113543477
-0.28510281443595886 0.12717972695827484 0.020473098382353783 0.7195584177970886 1.6905730962753296 1.2923858165740967  738339.4113544672
-0.28610602021217346 0.12640130519866943 0.020440110936760902 0.7180094122886658 1.6885606050491333 1.2915385961532593  738339.4113545814
-0.28713178634643555 0.12560714781284332 0.020407669246196747 0.7178455591201782 1.686387538909912 1.289783239364624  738339.411354697
-0.28817859292030334 0.12479731440544128 0.020375950261950493 0.716726541519165 1.6836683750152588 1.2877672910690308  738339.4113548382
-0.2822147607803345 0.1294272094964981 0.020675024017691612 0.7308074831962585 1.7002449035644531 1.3010371923446655  738339.4113549193
-0.28318825364112854 0.1286771446466446 0.02064988575875759 0.7316245436668396 1.699845552444458 1.3009666204452515  738339.4113550354
-0.2841905951499939 0.12791389226913452 0.020625688135623932 0.7330734729766846 1.699663758277893 1.2965319156646729  738339.4113551485
-0.2852218747138977 0.12713739275932312 0.020605003461241722 0.735390841960907 1.6936460733413696 1.2992689609527588  738339.4113552667
-0.2862820029258728 0.126347616314888 0.020587455481290817 0.7153887748718262 1.6918787956237793 1.3062825202941895  738339.4113553822
-0.2873707413673401 0.12554478645324707 0.02056695520877838 0.7197509407997131 1.688963532447815 1.2944401502609253  738339.411355499
-0.2884881794452667 0.12472901493310928 0.020547062158584595 0.7055897116661072 1.6679142713546753 1.301642894744873  738339.4113556255
-0.2896342873573303 0.12390028685331345 0.020534774288535118 0.7121370434761047 1.6567020416259766 1.3059375286102295  738339.4113557283
-0.2908087968826294 0.12305866181850433 0.020530356094241142 0.6792103052139282 1.6423543691635132 1.2932204008102417  738339.4113558431
-0.2920113503932953 0.12220446765422821 0.02052808739244938 0.6723245978355408 1.632749080657959 1.300742506980896  738339.4113559616
-0.29324108362197876 0.12133831530809402 0.020505322143435478 0.6614459753036499 1.6168636083602905 1.2969765663146973  738339.4113560846
-0.2858336269855499 0.12697724997997284 0.020797858014702797 0.6715691089630127 1.6285805702209473 1.3215107917785645  738339.4113561981
-0.28697460889816284 0.12619280815124512 0.020808979868888855 0.6579906940460205 1.592634916305542 1.3250489234924316  738339.4113563057
-0.28814318776130676 0.12539620697498322 0.020830785855650902 0.6285898685455322 1.5952166318893433 1.3170913457870483  738339.4113564214
-0.2893388867378235 0.12458793818950653 0.020855316892266273 0.6194542050361633 1.5455858707427979 1.3134455680847168  738339.4113565388
-0.29056140780448914 0.12376829981803894 0.02088591270148754 0.600315511226654 1.5208905935287476 1.3163928985595703  738339.4113566552
-0.2918098270893097 0.1229376569390297 0.0209125317633152 0.5945048928260803 1.4685654640197754 1.3184300661087036  738339.4113567752
-0.2930833101272583 0.12209632247686386 0.020927662029862404 0.5514745712280273 1.489510178565979 1.3216407299041748  738339.4113568983
-0.294381707906723 0.1212446540594101 0.02093609981238842 0.5323748588562012 1.4743547439575195 1.3259438276290894  738339.4113570021
-0.2957051992416382 0.12038315087556839 0.020941728726029396 0.5297693610191345 1.45162832736969 1.3018016815185547  738339.4113571355
-0.28766417503356934 0.1263410598039627 0.02121592126786709 0.48843955993652344 1.3432886600494385 1.3512005805969238  738339.4113572399
-0.2888507544994354 0.12559661269187927 0.02125588431954384 0.4738948345184326 1.3219270706176758 1.359348177909851  738339.4113573565
-0.2901822626590729 0.12476751953363419 0.021306730806827545 0.4656367003917694 1.2843660116195679 1.341691493988037  738339.4113574652
-0.29141584038734436 0.12400485575199127 0.02134733274579048 0.42755624651908875 1.2550227642059326 1.3395148515701294  738339.4113575809
-0.29267066717147827 0.12323414534330368 0.021373601630330086 0.41587623953819275 1.2723904848098755 1.3441659212112427  738339.411357708
-0.29394665360450745 0.12245581299066544 0.02138664945960045 0.42250290513038635 1.2695894241333008 1.3338299989700317  738339.4113578104
-0.29524412751197815 0.12166982889175415 0.021395176649093628 0.38775700330734253 1.2842884063720703 1.3570783138275146  738339.4113579261
-0.29656341671943665 0.12087634950876236 0.021408945322036743 0.40039339661598206 1.2725580930709839 1.3357105255126953  738339.411358041
-0.2979046404361725 0.12007555365562439 0.021431297063827515 0.40845170617103577 1.2406256198883057 1.3512521982192993  738339.41135816
-0.28983810544013977 0.1257731169462204 0.0216201338917017 0.25244489312171936 1.098587155342102 1.3590856790542603  738339.4113582757
-0.2911625802516937 0.12501637637615204 0.021668702363967896 0.2502467930316925 1.0484278202056885 1.3734383583068848  738339.4113583894
-0.29238590598106384 0.12432342767715454 0.02171654999256134 0.17235086858272552 1.014391541481018 1.361125111579895  738339.4113585044
-0.293626606464386 0.1236264780163765 0.02175222523510456 0.16379238665103912 0.94907546043396 1.3531789779663086  738339.4113586205
-0.2948838770389557 0.12292628735303879 0.0217776857316494 0.12249312549829483 0.9026646018028259 1.3398760557174683  738339.4113587383
-0.2961569130420685 0.12222328037023544 0.02180134877562523 0.12008844316005707 0.8624776601791382 1.3358895778656006  738339.4113588654
-0.2974449694156647 0.1215178519487381 0.021822243928909302 0.06820099800825119 0.853895366191864 1.3407450914382935  738339.411358979
-0.29874759912490845 0.12081047147512436 0.02183736488223076 0.06028464064002037 0.776827871799469 1.359641432762146  738339.4113590827
-0.30006399750709534 0.1201016753911972 0.02184038981795311 0.08053717762231827 0.7563959360122681 1.3494848012924194  738339.4113592039
-0.30006399750709534 0.1201016753911972 0.02184038981795311 0.08053717762231827 0.7563959360122681 1.3494848012924194  738339.4113593193
-0.3013932406902313 0.11939140409231186 0.021823473274707794 0.14902570843696594 0.6886307597160339 1.338060736656189  738339.4113594275
-0.29197198152542114 0.12552902102470398 0.021964076906442642 0.06951535493135452 0.5935815572738647 1.3598583936691284  738339.4113595557
-0.2931404113769531 0.12493561208248138 0.021961655467748642 0.0883726105093956 0.5759376883506775 1.395704984664917  738339.4113596637
-0.2943189740180969 0.12434056401252747 0.02197680063545704 -0.005035941023379564 0.5498631000518799 1.4171277284622192  738339.4113597777
-0.29550716280937195 0.12374454736709595 0.021991662681102753 -0.03343447297811508 0.4590528905391693 1.4216145277023315  738339.4113598943
-0.29670411348342896 0.12314865738153458 0.022022461518645287 -0.0675995722413063 0.39045146107673645 1.396791696548462  738339.4113600078
-0.29790839552879333 0.12255346775054932 0.022060004994273186 -0.0795881524682045 0.2747359275817871 1.4029308557510376  738339.4113601268
-0.2991184592247009 0.12195941805839539 0.022109970450401306 -0.16111645102500916 0.2111738622188568 1.39156973361969  738339.4113602411
-0.3003328740596771 0.121367447078228 0.022198259830474854 -0.17323867976665497 0.1080297976732254 1.3844655752182007  738339.411360359
-0.30155009031295776 0.12077835202217102 0.022312108427286148 -0.2859303653240204 -0.006709388457238674 1.3757859468460083  738339.4113604783
-0.3027682602405548 0.1201932355761528 0.022440029308199883 -0.27680641412734985 -0.14294984936714172 1.3596245050430298  738339.4113605974
-0.2933303713798523 0.12586219608783722 0.022687800228595734 -0.3244730830192566 -0.2568742334842682 1.3438682556152344  738339.4113607055
-0.294386088848114 0.12538368999958038 0.02282729558646679 -0.37318155169487 -0.5088855028152466 1.3296767473220825  738339.4113608213
-0.2954351603984833 0.12491148710250854 0.022992141544818878 -0.41559791564941406 -0.6783897876739502 1.335390329360962  738339.4113609346
-0.29647400975227356 0.12444639950990677 0.023172101005911827 -0.4356558620929718 -0.9235838651657104 1.3271178007125854  738339.411361062
-0.2974993884563446 0.12398887425661087 0.023347157984972 -0.5827822685241699 -1.2154937982559204 1.319059133529663  738339.4113611759
-0.2985062599182129 0.12354069948196411 0.02354373224079609 -0.6079208254814148 -1.4552805423736572 1.3252558708190918  738339.4113612835
-0.2994897961616516 0.12310352921485901 0.02376401238143444 -0.6909376978874207 -1.7463942766189575 1.3389756679534912  738339.4113613992
-0.3004459738731384 0.12267821282148361 0.023991789668798447 -0.867129385471344 -2.071575403213501 1.3666634559631348  738339.4113615154
-0.30136892199516296 0.12226742506027222 0.024243243038654327 -0.914604663848877 -2.3802971839904785 1.4007970094680786  738339.4113616312
-0.3022531270980835 0.12187323719263077 0.024516891688108444 -1.0608636140823364 -2.7097582817077637 1.4237724542617798  738339.4113617466
-0.29393094778060913 0.12727737426757812 0.02512979693710804 -1.3047127723693848 -3.3605785369873047 1.459019660949707  738339.4113618629
-0.29393094778060913 0.12727737426757812 0.02512979693710804 -1.3047127723693848 -3.3605785369873047 1.459019660949707  738339.4113619777
-0.2945712208747864 0.1270485669374466 0.02544138953089714 -1.4073562622070312 -3.8203303813934326 1.5186094045639038  738339.411362104
-0.2951493263244629 0.12684521079063416 0.025772102177143097 -1.612894058227539 -4.336293697357178 1.5719507932662964  738339.4113622109
-0.2956560552120209 0.12667061388492584 0.026129325851798058 -1.7780075073242188 -4.787569522857666 1.6613637208938599  738339.4113624084
-0.29608482122421265 0.12652771174907684 0.026492442935705185 -1.9964838027954102 -5.224338531494141 1.761601209640503  738339.4113624552
-0.2964293956756592 0.12641970813274384 0.02684805728495121 -2.2403945922851562 -5.609220027923584 1.8800263404846191  738339.411362579
-0.2966840863227844 0.1263504922389984 0.027184266597032547 -2.5116519927978516 -6.028858661651611 2.055814027786255  738339.4113626925
-0.2968433201313019 0.1263245791196823 0.027492929250001907 -2.7917659282684326 -6.404477596282959 2.253742218017578  738339.4113629957
-0.2969002425670624 0.12634748220443726 0.027778180316090584 -3.056898593902588 -6.790489196777344 2.485549211502075  738339.4113634843
-0.29684770107269287 0.12642516195774078 0.02804962731897831 -3.381122589111328 -7.231899738311768 2.6929545402526855  738339.411363519
-0.28766417503356934 0.1310468167066574 0.02892240509390831 -4.059164524078369 -7.921175003051758 3.01690936088562  738339.4113635545
-0.28766417503356934 0.1310468167066574 0.02892240509390831 -4.059164524078369 -7.921175003051758 3.01690936088562  738339.4113635777
-0.2871919572353363 0.13136222958564758 0.02924323081970215 -4.387176036834717 -8.393927574157715 3.2875900268554688  738339.4113635998
-0.28657880425453186 0.13176223635673523 0.02959611266851425 -4.640130043029785 -8.739704132080078 3.5150134563446045  738339.411363623
-0.28581899404525757 0.13225243985652924 0.029975514858961105 -4.640772819519043 -8.810962677001953 3.773460626602173  738339.4113636464
-0.2838455140590668 0.13351450860500336 0.03086281754076481 -3.902873992919922 -7.987236499786377 4.2328267097473145  738339.4113637169
-0.2826389968395233 0.13427871465682983 0.03139125555753708 -3.176290273666382 -7.226104259490967 4.494495391845703  738339.4113638313
-0.2812984585762024 0.13511861860752106 0.031992506235837936 -2.375068187713623 -6.351361274719238 4.710068225860596  738339.4113639476
-0.2798364758491516 0.1360199749469757 0.03268353268504143 -1.5223369598388672 -5.415441989898682 4.936120986938477  738339.4113640635
-0.27826911211013794 0.1369660347700119 0.03346505016088486 -0.7698221206665039 -4.468106269836426 5.137119293212891  738339.4113641871
-0.2641954720020294 0.14624448120594025 0.035390835255384445 -0.8181209564208984 -4.185174942016602 5.350854396820068  738339.4113642814
-0.2620127499103546 0.14766135811805725 0.036346279084682465 -0.24494902789592743 -3.2593657970428467 5.500521659851074  738339.4113644089
-0.2620127499103546 0.14766135811805725 0.036346279084682465 -0.24494902789592743 -3.2593657970428467 5.500521659851074  738339.4113645245
-0.2574586272239685 0.15053273737430573 0.038614243268966675 0.4424263536930084 -1.3768259286880493 5.795642375946045  738339.4113646405
-0.2574586272239685 0.15053273737430573 0.038614243268966675 0.4424263536930084 -1.3768259286880493 5.795642375946045  738339.4113647562
-0.2551220655441284 0.15196867287158966 0.03991830721497536 0.5989515781402588 -0.6960654258728027 5.901219844818115  738339.411364871
-0.25276610255241394 0.1533965766429901 0.041318606585264206 0.6760727763175964 -0.2828828990459442 5.993851184844971  738339.4113649824
-0.2504003047943115 0.15481339395046234 0.04281335324048996 0.5974552631378174 -0.016925247386097908 6.054192066192627  738339.4113651012
-0.2480308711528778 0.15621858835220337 0.04441419988870621 0.48064374923706055 0.109679214656353 6.102278709411621  738339.4113652097
-0.24324360489845276 0.15565279126167297 0.04765541851520538 0.43627065420150757 0.13887889683246613 6.150486469268799  738339.4113653322
-0.24079279601573944 0.15697340667247772 0.04953472316265106 0.41270768642425537 0.3227306604385376 6.170342922210693  738339.4113654519
-0.23834599554538727 0.15828534960746765 0.05154659226536751 0.46106523275375366 0.5441663861274719 6.1937127113342285  738339.4113655579
-0.23590686917304993 0.1595880389213562 0.05366313084959984 0.6032108068466187 0.7967820167541504 6.169575214385986  738339.4113656761
-0.23347939550876617 0.16087932884693146 0.05586427450180054 0.7550581693649292 1.0701227188110352 6.155520915985107  738339.4113657916
-0.23106834292411804 0.16215580701828003 0.05815941095352173 0.9452738165855408 1.3371020555496216 6.118799686431885  738339.4113659037
-0.22867822647094727 0.1634138524532318 0.06053853780031204 1.193992257118225 1.6702467203140259 6.084633827209473  738339.4113660192
-0.22631369531154633 0.16464923322200775 0.06298481673002243 1.4260882139205933 2.080883502960205 6.016890048980713  738339.4113661458
-0.22398097813129425 0.16585706174373627 0.0654924213886261 1.7077364921569824 2.5479211807250977 5.96543550491333  738339.4113662574
-0.2216874659061432 0.16703194379806519 0.06805890053510666 1.983585000038147 3.0725481510162354 5.890753746032715  738339.4113663755
-0.21944203972816467 0.16816766560077667 0.07069069147109985 2.269334316253662 3.5991196632385254 5.827497959136963  738339.4113665
-0.21672236919403076 0.16786710917949677 0.0751013457775116 2.473496675491333 3.858491897583008 5.815757751464844  738339.4113666046
-0.2144942730665207 0.16893669962882996 0.0778915211558342 2.718722343444824 4.328784465789795 5.753905773162842  738339.411366718
-0.2123355120420456 0.16995182633399963 0.08073531091213226 2.882735252380371 4.659184455871582 5.674312114715576  738339.4113668285
-0.21025311946868896 0.1709081083536148 0.08363492041826248 2.936707019805908 4.927529335021973 5.617251873016357  738339.4113669525
-0.20825327932834625 0.17180250585079193 0.0866016149520874 2.9699597358703613 5.183789253234863 5.550177097320557  738339.4113670718
-0.20634135603904724 0.17263348400592804 0.08964139968156815 2.9447197914123535 5.45533561706543 5.496414661407471  738339.4113671883
-0.20452262461185455 0.1734004020690918 0.09275823831558228 2.880772590637207 5.720844745635986 5.433120250701904  738339.4113673005
-0.2028013914823532 0.17410430312156677 0.09594288468360901 2.757927894592285 5.991774559020996 5.394430160522461  738339.4113674017
-0.20118124783039093 0.17474737763404846 0.09918063133955002 2.5781166553497314 6.194833755493164 5.341139316558838  738339.4113675276
-0.2020096778869629 0.17131608724594116 0.10442354530096054 2.5342555046081543 6.223706245422363 5.38006591796875  738339.4113676455
-0.20058809220790863 0.17171955108642578 0.1078048124909401 2.3577303886413574 6.30068302154541 5.34395170211792  738339.4113677666
-0.19927829504013062 0.1720670759677887 0.11126568913459778 2.2364745140075684 6.340083122253418 5.327702522277832  738339.4113678744
-0.198081374168396 0.17236138880252838 0.11480417847633362 2.1658129692077637 6.451099872589111 5.285874843597412  738339.4113679857
-0.1960245966911316 0.17279882729053497 0.12203909456729889 2.2838239669799805 6.612941741943359 5.201877117156982  738339.4113681082
-0.1960245966911316 0.17279882729053497 0.12203909456729889 2.2838239669799805 6.612941741943359 5.201877117156982  738339.4113682231
-0.19442301988601685 0.17303135991096497 0.12945117056369781 2.4588098526000977 6.666133880615234 5.093347549438477  738339.4113683345
-0.19442301988601685 0.17303135991096497 0.12945117056369781 2.4588098526000977 6.666133880615234 5.093347549438477  738339.4113684584
-0.19328182935714722 0.173048198223114 0.13703517615795135 2.5237479209899902 6.617030143737793 4.9798502922058105  738339.4113685644
-0.19328182935714722 0.173048198223114 0.13703517615795135 2.5237479209899902 6.617030143737793 4.9798502922058105  738339.4113686908
-0.19749398529529572 0.16983121633529663 0.1448313593864441 2.5711143016815186 6.5578389167785645 4.954187393188477  738339.4113687951
-0.19729745388031006 0.16961273550987244 0.14881661534309387 2.5135750770568848 6.460590839385986 4.86464786529541  738339.4113689091
-0.19721439480781555 0.1693384349346161 0.15285399556159973 2.3744759559631348 6.341327667236328 4.786898136138916  738339.4113690333
-0.19724935293197632 0.1689760833978653 0.15733042359352112 2.1821041107177734 6.176582336425781 4.6610188484191895  738339.4113691526
-0.19739365577697754 0.16859513521194458 0.16143038868904114 1.982567310333252 5.99281644821167 4.568605899810791  738339.4113693227
-0.19764363765716553 0.16816848516464233 0.1655728667974472 1.808992624282837 5.817834854125977 4.43449592590332  738339.4113693967
-0.1979944407939911 0.16770082712173462 0.16973769664764404 1.6693041324615479 5.71321964263916 4.327270984649658  738339.4113695006
-0.19844403862953186 0.16719511151313782 0.17392556369304657 1.5485188961029053 5.563124179840088 4.181023120880127  738339.4113696261
-0.19899281859397888 0.16665329039096832 0.17816203832626343 1.4823201894760132 5.355895042419434 4.046385765075684  738339.4113697244
-0.1996370255947113 0.16607768833637238 0.18244007229804993 1.344125509262085 5.165566444396973 3.930553436279297  738339.4113698421
-0.2065180093050003 0.16257396340370178 0.1879751980304718 1.3429166078567505 5.005220890045166 3.866960048675537  738339.411369956
-0.20748227834701538 0.1618395894765854 0.19235002994537354 1.2141157388687134 4.815176486968994 3.749955892562866  738339.4113700751
-0.2085312455892563 0.16107727587223053 0.19674980640411377 1.1571062803268433 4.624344348907471 3.6059939861297607  738339.4113701851
-0.20966072380542755 0.16028937697410583 0.20116153359413147 1.0438035726547241 4.450721740722656 3.480360746383667  738339.4113703002
-0.21086826920509338 0.15947754681110382 0.20559276640415192 0.9254245162010193 4.242486476898193 3.3428587913513184  738339.411370422
-0.21215210855007172 0.15864385664463043 0.21006321907043457 0.7743463516235352 4.058433532714844 3.2082860469818115  738339.4113705392
-0.21350832283496857 0.15779124200344086 0.21456438302993774 0.6167415976524353 3.8434245586395264 3.1279845237731934  738339.4113706547
-0.21493278443813324 0.1569228321313858 0.21908444166183472 0.4683288037776947 3.6043760776519775 3.011199951171875  738339.4113707697
-0.21642261743545532 0.15604150295257568 0.22363829612731934 0.3375175893306732 3.3829586505889893 2.930485725402832  738339.4113708978
-0.21797311305999756 0.1551501303911209 0.2282138615846634 0.26208382844924927 3.1569511890411377 2.8361198902130127  738339.4113710591
-0.22556467354297638 0.15283434092998505 0.2340531349182129 0.2176850438117981 3.0450589656829834 2.819819211959839  738339.4113711108
-0.22738173604011536 0.1518768072128296 0.23867951333522797 0.12967897951602936 2.743831157684326 2.7578728199005127  738339.4113712402
-0.2292489856481552 0.15091389417648315 0.2433229237794876 0.04474538192152977 2.4153568744659424 2.707141637802124  738339.4113713485
-0.23116077482700348 0.1499474048614502 0.24797756969928741 -0.04184286296367645 2.089040994644165 2.679619789123535  738339.4113714593
-0.23311097919940948 0.14897911250591278 0.25262898206710815 -0.08504737913608551 1.7506171464920044 2.654021978378296  738339.4113715804
-0.23509405553340912 0.14801037311553955 0.2572770416736603 -0.13285574316978455 1.4611612558364868 2.6508703231811523  738339.4113716779
-0.2371048778295517 0.14704224467277527 0.2619324326515198 -0.1625092476606369 1.1648072004318237 2.630133867263794  738339.4113718146
-0.23913836479187012 0.14607562124729156 0.26659145951271057 -0.22013568878173828 0.898831307888031 2.6518945693969727  738339.4113719277
-0.24118956923484802 0.14511141180992126 0.27124351263046265 -0.27879759669303894 0.6023916602134705 2.6538846492767334  738339.4113720378
-0.24325355887413025 0.1441507339477539 0.27586597204208374 -0.36524298787117004 0.3170478343963623 2.676598310470581  738339.4113721555
-0.24532552063465118 0.14319483935832977 0.28044039011001587 -0.41722333431243896 0.048843514174222946 2.707327365875244  738339.4113722788
-0.2528570592403412 0.14246399700641632 0.2879492938518524 -0.44298893213272095 -0.07549718767404556 2.745845079421997  738339.4113723856
-0.2550716996192932 0.14152845740318298 0.2924988865852356 -0.4631294310092926 -0.2792311906814575 2.7856523990631104  738339.4113725012
-0.25728392601013184 0.1406005322933197 0.2970173954963684 -0.45887887477874756 -0.5099456310272217 2.8181040287017822  738339.4113726153
-0.259490042924881 0.1396806240081787 0.30151253938674927 -0.478549599647522 -0.7523177862167358 2.866182565689087  738339.4113727298
-0.26168617606163025 0.1387690156698227 0.30598175525665283 -0.5223389267921448 -1.038341999053955 2.9034335613250732  738339.4113728526
-0.2638678252696991 0.1378665417432785 0.3104335069656372 -0.5678874254226685 -1.315625548362732 2.945335626602173  738339.4113729618
-0.26603034138679504 0.13697418570518494 0.31486448645591736 -0.5242334008216858 -1.5878907442092896 2.978907585144043  738339.4113730772
-0.26816943287849426 0.1360921561717987 0.31926557421684265 -0.49411171674728394 -1.819928765296936 3.034804344177246  738339.4113731933
-0.2702808976173401 0.13522008061408997 0.32363590598106384 -0.42755642533302307 -2.044987916946411 3.0857388973236084  738339.4113733184
-0.2754272222518921 0.13691473007202148 0.3285083472728729 -0.5043375492095947 -2.1281869411468506 3.094712018966675  738339.4113734235
-0.27757933735847473 0.13615261018276215 0.33279818296432495 -0.4465995728969574 -2.3117716312408447 3.1487514972686768  738339.4113735401
-0.27969634532928467 0.13540016114711761 0.33702966570854187 -0.42302292585372925 -2.4714932441711426 3.178220510482788  738339.4113736547
-0.2817756235599518 0.13465683162212372 0.34119901061058044 -0.3848962187767029 -2.636795997619629 3.224745035171509  738339.4113737696
-0.28381478786468506 0.1339222639799118 0.3453004062175751 -0.4126843810081482 -2.7970285415649414 3.2637524604797363  738339.4113738856
-0.28581178188323975 0.1331963837146759 0.349323034286499 -0.4225430190563202 -2.98125958442688 3.3037707805633545  738339.4113740027
-0.28776460886001587 0.13247954845428467 0.3532545864582062 -0.4749467372894287 -3.1335060596466064 3.347574234008789  738339.4113741253
-0.2896706759929657 0.13177236914634705 0.3570944666862488 -0.5271732211112976 -3.3263912200927734 3.3792295455932617  738339.4113742268
-0.2915273904800415 0.13107582926750183 0.36084258556365967 -0.6445512771606445 -3.444674015045166 3.422419786453247  738339.4113743574
-0.29333245754241943 0.13039131462574005 0.36449700593948364 -0.6707713007926941 -3.5837535858154297 3.4507687091827393  738339.4113744693
-0.2958112061023712 0.13250429928302765 0.3690212666988373 -0.843607485294342 -3.6456525325775146 3.5030713081359863  738339.411374585
-0.2975239157676697 0.1319241225719452 0.37250766158103943 -0.8886869549751282 -3.7545275688171387 3.5354983806610107  738339.4113746966
-0.2991786599159241 0.13136135041713715 0.37592607736587524 -0.9694370627403259 -3.859605312347412 3.561706066131592  738339.4113748124
-0.3007734417915344 0.13081718981266022 0.3792819380760193 -0.9997527599334717 -3.9285876750946045 3.633852958679199  738339.4113749407
-0.3023073673248291 0.1302926391363144 0.3825688362121582 -0.996853768825531 -3.9655072689056396 3.6439645290374756  738339.4113750664
-0.3037797510623932 0.12978792190551758 0.3857834041118622 -0.9750227928161621 -4.000736713409424 3.7217092514038086  738339.4113751854
-0.3051897883415222 0.12930311262607574 0.38892990350723267 -0.9422166347503662 -4.083148956298828 3.734971284866333  738339.4113752759
-0.30653682351112366 0.12883774936199188 0.3920045793056488 -0.9047601222991943 -4.1736226081848145 3.792229652404785  738339.4113753984
-0.30782008171081543 0.12839128077030182 0.3949989676475525 -0.8589855432510376 -4.268222808837891 3.8325624465942383  738339.4113755091
-0.3090384304523468 0.1279631108045578 0.3979083299636841 -0.8072952032089233 -4.362434387207031 3.8789193630218506  738339.4113756226
-0.3085464835166931 0.13244451582431793 0.4014643430709839 -0.9131869673728943 -4.462342739105225 3.93015456199646  738339.4113757375
-0.30959808826446533 0.13219593465328217 0.40421226620674133 -0.8643829822540283 -4.525658130645752 3.960340738296509  738339.4113758552
-0.31058090925216675 0.13196609914302826 0.40686994791030884 -0.8304580450057983 -4.560408592224121 4.020195007324219  738339.4113759802
-0.3114936947822571 0.13175460696220398 0.4094427227973938 -0.7703119516372681 -4.562513828277588 4.07182502746582  738339.4113760856
-0.3123359978199005 0.13156084716320038 0.41193148493766785 -0.7230098247528076 -4.5247907638549805 4.105908393859863  738339.4113762091
-0.31310808658599854 0.1313839554786682 0.4143351912498474 -0.65419602394104 -4.465095043182373 4.140246391296387  738339.4113763148
-0.31381064653396606 0.13122303783893585 0.41665375232696533 -0.6050727963447571 -4.372848987579346 4.178466320037842  738339.4113764557
-0.31444501876831055 0.13107706606388092 0.4188838005065918 -0.5140525698661804 -4.294175624847412 4.212672233581543  738339.4113765602
-0.31501197814941406 0.13094504177570343 0.42103224992752075 -0.47466331720352173 -4.168458461761475 4.244829177856445  738339.4113766705
-0.3155118525028229 0.13082599639892578 0.42311498522758484 -0.40000274777412415 -4.0470075607299805 4.272530555725098  738339.4113767842
-0.31266099214553833 0.1355568766593933 0.42611727118492126 -0.4919133484363556 -3.9792368412017822 4.321605682373047  738339.4113768943
-0.312938928604126 0.13559262454509735 0.4281242787837982 -0.4148348271846771 -3.810948133468628 4.337985992431641  738339.4113770175
-0.3131538927555084 0.13564065098762512 0.4300847351551056 -0.37394076585769653 -3.6605913639068604 4.372211933135986  738339.4113771307
-0.3133082687854767 0.13569983839988708 0.4320007264614105 -0.31828218698501587 -3.5145087242126465 4.375777721405029  738339.4113772429
-0.3134043514728546 0.13576921820640564 0.43387365341186523 -0.26265019178390503 -3.3721985816955566 4.414294242858887  738339.4113773581
-0.31344401836395264 0.13584782183170319 0.43571048974990845 -0.21318471431732178 -3.242859125137329 4.405663967132568  738339.4113774725
-0.31342965364456177 0.13593453168869019 0.4375082552433014 -0.1590830683708191 -3.118678092956543 4.432969093322754  738339.4113775911
-0.3133643567562103 0.1360282599925995 0.43924644589424133 -0.07444576174020767 -3.002805709838867 4.442417144775391  738339.4113777067
-0.3132495582103729 0.13612782955169678 0.4409331977367401 -0.01824541576206684 -2.9043610095977783 4.429497241973877  738339.4113778259
-0.31308597326278687 0.13623197376728058 0.4425869286060333 0.06250707805156708 -2.7830615043640137 4.426386833190918  738339.411377939
-0.3128757178783417 0.13633941113948822 0.4442003667354584 0.133906289935112 -2.6537158489227295 4.405998229980469  738339.4113780612
-0.3082256317138672 0.14163875579833984 0.44693776965141296 0.13010908663272858 -2.632110357284546 4.413970470428467  738339.4113781651
-0.3078172206878662 0.14187048375606537 0.4484787881374359 0.1719527691602707 -2.520812511444092 4.366292953491211  738339.411378294
-0.30736619234085083 0.14210297167301178 0.44998326897621155 0.2157352864742279 -2.4210574626922607 4.3525776863098145  738339.4113783975
-0.3068740665912628 0.14233539998531342 0.45145517587661743 0.2744918763637543 -2.3209874629974365 4.291097164154053  738339.411378515
-0.3063429594039917 0.1425667405128479 0.4528811573982239 0.36308276653289795 -2.1781508922576904 4.258883476257324  738339.4113786261
-0.30577537417411804 0.14279577136039734 0.4542435109615326 0.45395034551620483 -2.0043249130249023 4.205628395080566  738339.4113787358
-0.3051738440990448 0.1430208384990692 0.45553913712501526 0.6038219332695007 -1.824325680732727 4.154735565185547  738339.4113788526
-0.3045409619808197 0.1432398557662964 0.4567696452140808 0.7289825677871704 -1.607043981552124 4.096377372741699  738339.4113789814
-0.30387964844703674 0.1434503197669983 0.45793747901916504 0.9037015438079834 -1.4225002527236938 4.034073352813721  738339.4113791069
-0.2982557415962219 0.14860530197620392 0.4608502984046936 0.9495736360549927 -1.2800196409225464 3.955933094024658  738339.4113792046
-0.2974282503128052 0.14889615774154663 0.4619564712047577 1.0845584869384766 -1.1008117198944092 3.890446424484253  738339.4113793175
-0.2965801954269409 0.14917196333408356 0.4630124270915985 1.1136733293533325 -0.9021059274673462 3.7811217308044434  738339.4113794327
-0.29571452736854553 0.14943097531795502 0.46402087807655334 1.2056397199630737 -0.7568539977073669 3.704962968826294  738339.4113795524
-0.294834166765213 0.1496722400188446 0.4649740755558014 1.2364001274108887 -0.6043344736099243 3.6020426750183105  738339.4113796711
-0.2939414083957672 0.14989450573921204 0.46587294340133667 1.2804046869277954 -0.4457330107688904 3.5106279850006104  738339.4113797841
-0.29303884506225586 0.1500970721244812 0.4667145907878876 1.342437505722046 -0.3097556531429291 3.4147157669067383  738339.4113799011
-0.29212889075279236 0.150279238820076 0.4674874246120453 1.3636248111724854 -0.14925679564476013 3.322175979614258  738339.4113800147
-0.29121387004852295 0.15044014155864716 0.468190997838974 1.3854304552078247 -0.028114818036556244 3.2241151332855225  738339.4113801386
-0.2902960777282715 0.1505793333053589 0.4688247740268707 1.3912354707717896 0.10351656377315521 3.128793716430664  738339.4113802406
-0.2893775403499603 0.15069623291492462 0.46939775347709656 1.3791570663452148 0.2403729110956192 3.0120108127593994  738339.4113803561
-0.2828902006149292 0.15507300198078156 0.47177043557167053 1.4205825328826904 0.30779629945755005 2.95732045173645  738339.411380483
-0.28185099363327026 0.15520800650119781 0.4722796082496643 1.4435292482376099 0.4852892756462097 2.843557834625244  738339.4113805855
-0.28081661462783813 0.1553204357624054 0.4727018475532532 1.5011464357376099 0.6689887046813965 2.726393461227417  738339.4113807179
-0.27978986501693726 0.15540958940982819 0.4730367660522461 1.5668376684188843 0.874518871307373 2.614272117614746  738339.4113808261
-0.2787739634513855 0.15547403693199158 0.4732978641986847 1.6490364074707031 1.0717194080352783 2.4953196048736572  738339.4113809444
-0.27777212858200073 0.1555124670267105 0.47348594665527344 1.7306694984436035 1.2793545722961426 2.3867013454437256  738339.4113810568
-0.2767874002456665 0.15552368760108948 0.47359418869018555 1.7963485717773438 1.4390476942062378 2.283240795135498  738339.4113811727
-0.27582257986068726 0.1555066704750061 0.473615825176239 1.8604836463928223 1.609480619430542 2.153987169265747  738339.4113812842
-0.27488043904304504 0.15546005964279175 0.47355917096138 1.8764981031417847 1.7300479412078857 2.0597870349884033  738339.4113814065
-0.26853808760643005 0.15926864743232727 0.47517314553260803 1.908935546875 1.6793584823608398 1.990789771080017  738339.4113815214
-0.267505407333374 0.15922653675079346 0.4749996066093445 1.929842472076416 1.7574872970581055 1.9010831117630005  738339.4113816386
-0.26649853587150574 0.1591535210609436 0.4747423529624939 1.930190920829773 1.85528564453125 1.7834700345993042  738339.4113817556
-0.26551857590675354 0.15904977917671204 0.47439107298851013 1.9571812152862549 1.9722185134887695 1.6900066137313843  738339.4113818601
-0.2645667791366577 0.15891553461551666 0.4739342927932739 1.9843382835388184 2.1245484352111816 1.5952945947647095  738339.411381982
-0.26364508271217346 0.1587504893541336 0.47336840629577637 2.018254518508911 2.2828705310821533 1.4824488162994385  738339.4113820905
-0.2627559304237366 0.15855412185192108 0.4726956784725189 2.0331075191497803 2.4315342903137207 1.3981417417526245  738339.4113822076
-0.2619020640850067 0.15832573175430298 0.4719233810901642 2.0367300510406494 2.583287477493286 1.300817847251892  738339.4113823365
-0.26108628511428833 0.15806478261947632 0.4710618257522583 2.0102741718292236 2.7195518016815186 1.2173436880111694  738339.4113824387
-0.2603110373020172 0.15777136385440826 0.47011277079582214 1.9580209255218506 2.8260631561279297 1.1312875747680664  738339.4113825645
-0.2595774233341217 0.1574466973543167 0.46905791759490967 1.9102287292480469 2.9103589057922363 1.0577244758605957  738339.4113826889
-0.2536240220069885 0.1596461981534958 0.46984073519706726 1.9708384275436401 2.9384396076202393 0.9850745797157288  738339.4113827905
-0.25286686420440674 0.1592707335948944 0.4685908555984497 1.948301911354065 3.088094472885132 0.9200325012207031  738339.4113828983
-0.2521546483039856 0.15886478126049042 0.4672281742095947 1.9552476406097412 3.2227783203125 0.8586238622665405  738339.4113830188
-0.25148946046829224 0.1584285944700241 0.46575024724006653 1.946610689163208 3.344144582748413 0.791303277015686  738339.4113831418
-0.2508731186389923 0.15796230733394623 0.4641541540622711 1.9298158884048462 3.4240193367004395 0.7503678202629089  738339.4113832574
-0.25030776858329773 0.15746581554412842 0.46244797110557556 1.8534878492355347 3.48065447807312 0.6885033249855042  738339.4113833727
-0.24979449808597565 0.15693975985050201 0.4606316387653351 1.7818926572799683 3.4704220294952393 0.6165319085121155  738339.4113834873
-0.24933317303657532 0.15638570487499237 0.4586939513683319 1.6705191135406494 3.468590259552002 0.5811976790428162  738339.4113835966
-0.24892373383045197 0.15580494701862335 0.4566352367401123 1.6591180562973022 3.449650764465332 0.5302157998085022  738339.4113837156
-0.24442820250988007 0.15688617527484894 0.45715829730033875 1.76968252658844 3.529066562652588 0.4943394064903259  738339.4113838316
-0.2440587878227234 0.1562301218509674 0.45491823554039 1.7520619630813599 3.5423319339752197 0.4386947453022003  738339.4113839464
-0.24374254047870636 0.15554705262184143 0.45256099104881287 1.720363974571228 3.529750347137451 0.400071382522583  738339.4113840598
-0.24347975850105286 0.1548372060060501 0.4500904679298401 1.6506712436676025 3.5145387649536133 0.3658420741558075  738339.4113841777
-0.24327073991298676 0.15410108864307404 0.44751471281051636 1.5836848020553589 3.4404354095458984 0.3417242467403412  738339.4113842974
-0.2431153655052185 0.15333957970142365 0.4448409378528595 1.453091025352478 3.415863275527954 0.31515586376190186  738339.4113844129
-0.24301303923130035 0.15255402028560638 0.4420732855796814 1.360365629196167 3.3607044219970703 0.2705783247947693  738339.4113845325
-0.24296312034130096 0.15174631774425507 0.43920984864234924 1.2440900802612305 3.336912155151367 0.2545631229877472  738339.4113846358
-0.24296464025974274 0.1509181559085846 0.4362454116344452 1.1687394380569458 3.295384407043457 0.2204294502735138  738339.4113847532
-0.2430162876844406 0.1500714272260666 0.4331649839878082 1.0706300735473633 3.2913057804107666 0.18951280415058136  738339.4113848781
-0.23871327936649323 0.15059642493724823 0.43262702226638794 1.1303527355194092 3.320105791091919 0.14316919445991516  738339.4113849886
-0.2388027012348175 0.14969143271446228 0.4293723702430725 1.050331473350525 3.3018369674682617 0.11394056677818298  738339.4113851032
-0.23894299566745758 0.14876945316791534 0.42601603269577026 0.9357573986053467 3.286564588546753 0.08335784822702408  738339.4113852187
-0.23915575444698334 0.14773739874362946 0.42220625281333923 0.8459030389785767 3.300640821456909 0.046103592962026596  738339.4113853317
-0.2394023835659027 0.14678452908992767 0.41863808035850525 0.7668006420135498 3.308105707168579 0.01760965771973133  738339.4113854506
-0.23970013856887817 0.1458190381526947 0.4149746894836426 0.6824361681938171 3.2743539810180664 -0.013522828929126263  738339.4113855709
-0.24004919826984406 0.14484216272830963 0.41122138500213623 0.585395336151123 3.199589252471924 -0.06453201919794083  738339.4113856842
-0.24044880270957947 0.14385533332824707 0.4073787033557892 0.49005115032196045 3.1183838844299316 -0.06905823945999146  738339.4113858019
-0.24089756608009338 0.1428600698709488 0.4034431576728821 0.3786509931087494 3.0109171867370605 -0.10733318328857422  738339.4113859127
-0.24139387905597687 0.14185801148414612 0.39941129088401794 0.25449472665786743 2.888739585876465 -0.14384934306144714  738339.4113860334
-0.23698948323726654 0.14210915565490723 0.397991418838501 0.2806369960308075 2.839104175567627 -0.20420977473258972  738339.4113861489
-0.23751984536647797 0.14107879996299744 0.39382338523864746 0.1811947524547577 2.729733943939209 -0.24977095425128937  738339.4113862581
-0.23809385299682617 0.14004488289356232 0.38956785202026367 0.11435596644878387 2.628446340560913 -0.28299087285995483  738339.411386374
-0.2387099415063858 0.1390087753534317 0.385227233171463 0.03497268259525299 2.530834197998047 -0.32061630487442017  738339.4113864818
-0.23936636745929718 0.13797162473201752 0.3807976245880127 -0.05956306681036949 2.4531147480010986 -0.36321377754211426  738339.4113866126
-0.2400618940591812 0.1369347870349884 0.3762827217578888 -0.1454697698354721 2.3757104873657227 -0.42074480652809143  738339.4113867123
-0.2407955527305603 0.13589973747730255 0.3716890215873718 -0.2156873196363449 2.3116931915283203 -0.45921415090560913  738339.4113868406
-0.24156618118286133 0.13486774265766144 0.36701613664627075 -0.27470168471336365 2.2454888820648193 -0.5100805163383484  738339.4113869601
-0.24237273633480072 0.13383986055850983 0.36226359009742737 -0.34898144006729126 2.1665585041046143 -0.563225507736206  738339.4113870692
-0.24321390688419342 0.1328171044588089 0.35742709040641785 -0.42817172408103943 2.091660261154175 -0.6253132224082947  738339.4113871842
-0.2386588305234909 0.13300541043281555 0.35450518131256104 -0.4357312023639679 2.0780177116394043 -0.695856511592865  738339.4113872915
-0.2394990175962448 0.1319909244775772 0.3495284616947174 -0.5256601572036743 2.007150411605835 -0.7620497345924377  738339.4113874204
-0.24037106335163116 0.13098423182964325 0.34446415305137634 -0.6129151582717896 1.9611949920654297 -0.8446075916290283  738339.4113875354
-0.24127408862113953 0.12998679280281067 0.33931490778923035 -0.7036257386207581 1.9130891561508179 -0.9225935339927673  738339.4113876447
-0.24220749735832214 0.12900009751319885 0.3340866267681122 -0.8121857643127441 1.8605073690414429 -1.019345998764038  738339.411387758
-0.24317069351673126 0.1280258446931839 0.328786164522171 -0.9183399081230164 1.813490629196167 -1.1054260730743408  738339.4113878898
-0.24416296184062958 0.12706585228443146 0.3234182894229889 -1.0248146057128906 1.7900605201721191 -1.194588541984558  738339.4113879937
-0.24518363177776337 0.12612184882164001 0.3179825246334076 -1.1261874437332153 1.7499263286590576 -1.3013529777526855  738339.4113881103
-0.24623247981071472 0.12519575655460358 0.3124898374080658 -1.2110737562179565 1.694309115409851 -1.411879539489746  738339.4113882312
-0.24730907380580902 0.12428946048021317 0.30695444345474243 -1.2954583168029785 1.6158958673477173 -1.5226402282714844  738339.4113883408
-0.24209535121917725 0.12451458722352982 0.3032225966453552 -1.3003530502319336 1.5735169649124146 -1.626420497894287  738339.4113884583
-0.24313953518867493 0.12365196645259857 0.2976519465446472 -1.3816955089569092 1.4653785228729248 -1.7524157762527466  738339.4113885735
-0.2442082017660141 0.12281227111816406 0.2920480966567993 -1.449663758277893 1.353001356124878 -1.895492672920227  738339.4113886771
-0.24529951810836792 0.12199683487415314 0.2864149212837219 -1.5351721048355103 1.2247679233551025 -2.0450425148010254  738339.4113888065
-0.2464115470647812 0.12120715528726578 0.2807609438896179 -1.6287250518798828 1.0958176851272583 -2.1968770027160645  738339.4113889096
-0.2475421279668808 0.1204449012875557 0.275093138217926 -1.71355140209198 0.9677783250808716 -2.352954387664795  738339.4113890314
-0.24868924915790558 0.11971215158700943 0.2694312632083893 -1.832197666168213 0.8322657346725464 -2.5088844299316406  738339.4113891459
-0.24985052645206451 0.11901085823774338 0.2637825608253479 -1.9256620407104492 0.7045127749443054 -2.677680492401123  738339.4113892681
-0.2510235011577606 0.11834265291690826 0.2581433653831482 -2.015120506286621 0.6499040722846985 -2.824089288711548  738339.411389374
-0.252206414937973 0.11770909279584885 0.2525137960910797 -2.0131020545959473 0.6422680020332336 -2.9790267944335938  738339.4113895003
-0.2469673454761505 0.1181991696357727 0.24642536044120789 -2.0068421363830566 0.708358108997345 -3.112924098968506  738339.4113896192
-0.2480822652578354 0.11765106767416 0.2408263236284256 -1.9850786924362183 0.6829009652137756 -3.2589471340179443  738339.4113897277
-0.2492072731256485 0.11713841557502747 0.23524518311023712 -1.991504430770874 0.6186655759811401 -3.384199857711792  738339.4113898465
-0.25034159421920776 0.11666148900985718 0.2296942174434662 -1.9767190217971802 0.46364590525627136 -3.525486946105957  738339.4113899611
-0.25148314237594604 0.1162199154496193 0.22416841983795166 -1.9534649848937988 0.3409518599510193 -3.643434524536133  738339.411390079
-0.25262942910194397 0.11581283062696457 0.21865630149841309 -1.8485163450241089 0.3024815618991852 -3.774787187576294  738339.4113901946
-0.2537791132926941 0.11543930321931839 0.21316634118556976 -1.737267255783081 0.2989594042301178 -3.882436513900757  738339.4113903103
-0.2549319863319397 0.11509795486927032 0.2077162116765976 -1.623870611190796 0.301437646150589 -3.991184949874878  738339.4113904288
-0.25608810782432556 0.11478687822818756 0.2023097723722458 -1.550757646560669 0.3208911716938019 -4.076741695404053  738339.4113905294
-0.2573639154434204 0.11447767913341522 0.19640956819057465 -1.4890694618225098 0.28250980377197266 -4.181498050689697  738339.4113906436
-0.2585272490978241 0.11422526836395264 0.19108478724956512 -1.453521728515625 0.24343545734882355 -4.261023998260498  738339.4113907848
-0.2514154613018036 0.11589750647544861 0.18785952031612396 -1.5551199913024902 0.1641547977924347 -4.308584690093994  738339.4113908951
-0.2524319291114807 0.11576445400714874 0.1826721876859665 -1.5510716438293457 0.13192348182201385 -4.388125419616699  738339.4113910008
-0.25344884395599365 0.11565998941659927 0.1775539368391037 -1.554409384727478 0.08794843405485153 -4.449459552764893  738339.4113911083
-0.2544654905796051 0.11558467894792557 0.1725274622440338 -1.5417920351028442 0.07417536526918411 -4.500144958496094  738339.4113912361
-0.2554813325405121 0.11553850769996643 0.16759808361530304 -1.5207188129425049 0.06966058909893036 -4.545602798461914  738339.4113913473
-0.25649622082710266 0.11552096903324127 0.16275948286056519 -1.483283281326294 0.04684393107891083 -4.594377040863037  738339.4113914701
-0.25750991702079773 0.11553124338388443 0.1580030769109726 -1.4333330392837524 -0.0022588735446333885 -4.627535343170166  738339.4113915715
-0.25852179527282715 0.11556819081306458 0.1533183753490448 -1.3810884952545166 -0.08164311945438385 -4.667015075683594  738339.4113916876
-0.2595306932926178 0.11563087999820709 0.1487097442150116 -1.31095290184021 -0.13636966049671173 -4.709117889404297  738339.4113918201
-0.2531760036945343 0.11678246408700943 0.143331840634346 -1.2842146158218384 -0.16822142899036407 -4.753066062927246  738339.4113919265
-0.25405365228652954 0.11693406105041504 0.138896182179451 -1.1709002256393433 -0.19269442558288574 -4.787814140319824  738339.4113920487
-0.25492608547210693 0.11710774153470993 0.13453392684459686 -1.0759527683258057 -0.23667407035827637 -4.812524318695068  738339.4113921553
-0.2557927668094635 0.11730170994997025 0.1302526295185089 -0.9975194334983826 -0.2785751521587372 -4.850005149841309  738339.4113922686
-0.25665292143821716 0.11751452088356018 0.12606589496135712 -0.91181480884552 -0.29662296175956726 -4.865635871887207  738339.4113923857
-0.25750619173049927 0.11774450540542603 0.12196801602840424 -0.8312072157859802 -0.2593329846858978 -4.88883113861084  738339.4113924992
-0.25835302472114563 0.11798999458551407 0.11794853955507278 -0.7499961256980896 -0.2013084590435028 -4.9026618003845215  738339.4113926172
-0.2591944634914398 0.1182495579123497 0.11400523036718369 -0.7059853076934814 -0.16975337266921997 -4.926397800445557  738339.4113927301
-0.2600313425064087 0.1185222715139389 0.11014798283576965 -0.6453118324279785 -0.16897094249725342 -4.95387077331543  738339.4113928502
-0.26086392998695374 0.11880730837583542 0.10639052838087082 -0.6216534972190857 -0.15089957416057587 -4.963658809661865  738339.4113929634
-0.2616925537586212 0.11910389363765717 0.10272767394781113 -0.6085107326507568 -0.15363192558288574 -4.987854957580566  738339.4113936583
-0.26251742243766785 0.11941143125295639 0.0991324931383133 -0.5734438896179199 -0.13547393679618835 -5.003543853759766  738339.4113937046
