1.5122376680374146 -0.0006486355559900403 0.014026794582605362 -0.1412404179573059 -0.6607200503349304 -0.03160921856760979  738290.7514726851
1.5120468139648438 -0.0006424982566386461 0.01398793701082468 -0.14071105420589447 -0.6548700332641602 -0.031094640493392944  738290.7514728005
1.5129348039627075 -0.00208610063418746 0.013959232717752457 -0.07515743374824524 -0.6967831254005432 -0.03119725175201893  738290.7514729166
1.5123875141143799 -0.00081994867650792 0.013941370882093906 -0.13666075468063354 -0.6716840863227844 -0.031397730112075806  738290.7514730315
1.5131200551986694 -0.0008159123826771975 0.01433312427252531 -0.1368248164653778 -0.7049136757850647 -0.031019344925880432  738290.751473147
1.5133068561553955 -0.0019417988369241357 0.014321114867925644 -0.0866733118891716 -0.7116695046424866 -0.03183606266975403  738290.7514732624
1.5127429962158203 -0.0008128170156851411 0.014324281364679337 -0.13960058987140656 -0.6859772801399231 -0.03237563371658325  738290.7514733777
1.512926697731018 -0.001197385136038065 0.014317741617560387 -0.12318798899650574 -0.6940900683403015 -0.03188413009047508  738290.7514735049
1.5131117105484009 -0.0012014927342534065 0.013394498266279697 -0.12380245327949524 -0.702411413192749 -0.030808500945568085  738290.7514736085
1.5123199224472046 -0.0015979683957993984 0.013339902274310589 -0.10697770863771439 -0.6665188074111938 -0.031653378158807755  738290.751473724
1.511911153793335 -0.0010058281477540731 0.013284345157444477 -0.13458944857120514 -0.6497721076011658 -0.030403124168515205  738290.7514738401
1.512703776359558 -0.0006067523499950767 0.013233836740255356 -0.15158970654010773 -0.686656653881073 -0.031052103266119957  738290.7514739549
1.5129029750823975 -0.001417749677784741 0.013180905021727085 -0.11619265377521515 -0.6950526833534241 -0.030943449586629868  738290.7514740708
1.5114580392837524 -0.00121498538646847 0.013055088929831982 -0.12615951895713806 -0.6316559314727783 -0.029845036566257477  738290.7514741857
1.5116510391235352 -0.0010055105667561293 0.013001416809856892 -0.136688694357872 -0.6434447169303894 -0.030009660869836807  738290.7514743019
1.5120564699172974 -0.0010063035879284143 0.012944748625159264 -0.13729174435138702 -0.6648491621017456 -0.029681909829378128  738290.7514744174
1.5124760866165161 -0.0005827496061101556 0.012892350554466248 -0.15564456582069397 -0.6848200559616089 -0.029129041358828545  738290.7514745329
1.512044072151184 -0.0007949892897158861 0.012902299873530865 -0.14597992599010468 -0.6673964858055115 -0.02792399562895298  738290.7514746484
1.5113857984542847 -0.0007922664517536759 0.01284845732152462 -0.1460423767566681 -0.6398635506629944 -0.027859710156917572  738290.7514747637
1.512028694152832 -0.0007902733632363379 0.01280424278229475 -0.14558616280555725 -0.6684386730194092 -0.028053773567080498  738290.7514748792
1.511983036994934 -0.0007826928049325943 0.012756411917507648 -0.1461750715970993 -0.6683819890022278 -0.028294064104557037  738290.7514750062
1.5119359493255615 -0.000774633081164211 0.012710165232419968 -0.14569731056690216 -0.6691064834594727 -0.029605425894260406  738290.7514751566
1.5126968622207642 -0.00290450407192111 0.012381264939904213 -0.059587981551885605 -0.7008352279663086 -0.029150791466236115  738290.7514752382
1.511814832687378 -0.002580564469099045 0.012332556769251823 -0.07714088261127472 -0.664125382900238 -0.029480505734682083  738290.7514753414
1.5119786262512207 -0.0022480313200503588 0.01228183414787054 -0.09344768524169922 -0.6717172265052795 -0.02940209209918976  738290.7514754799
1.5125072002410889 -0.0022668384481221437 0.012226796709001064 -0.09441594034433365 -0.6937568187713623 -0.0287020206451416  738290.7514755722
1.5136138200759888 -0.0020982513669878244 0.013716191984713078 -0.10304542630910873 -0.7379721403121948 -0.030068399384617805  738290.7514756877
1.5134392976760864 -0.002294753212481737 0.013747358694672585 -0.09575791656970978 -0.7271541357040405 -0.03168214112520218  738290.7514758031
1.5119441747665405 -0.002682503778487444 0.013789329677820206 -0.0824347585439682 -0.664543092250824 -0.031212082132697105  738290.7514759302
1.5125046968460083 -0.0023228926584124565 0.01383128110319376 -0.10019125789403915 -0.6904771327972412 -0.030793486163020134  738290.7514760455
1.5117415189743042 -0.0021401240956038237 0.014695641584694386 -0.11111079901456833 -0.6588365435600281 -0.02956675924360752  738290.7514761494
1.5132865905761719 -0.0031236137729138136 0.014782910235226154 -0.0715935230255127 -0.7247450351715088 -0.02961122617125511  738290.751476311
1.512702226638794 -0.002353754360228777 0.01487894356250763 -0.10666365921497345 -0.6984031200408936 -0.028904322534799576  738290.7514763918
1.5132936239242554 -0.002360277809202671 0.014962323009967804 -0.10882285237312317 -0.7224207520484924 -0.028678765520453453  738290.7514765073
1.513301134109497 -0.00216534361243248 0.015047704800963402 -0.11851353943347931 -0.7229124307632446 -0.027864499017596245  738290.7514766227
1.512874960899353 -0.0021680742502212524 0.013057750649750233 -0.11869922280311584 -0.7047500610351562 -0.027961688116192818  738290.7514767381
1.511846661567688 -0.002585336100310087 0.013028249144554138 -0.10178367048501968 -0.663054883480072 -0.026770206168293953  738290.751476842
1.512663722038269 -0.002384873805567622 0.013005967251956463 -0.11228618025779724 -0.6980395913124084 -0.027423344552516937  738290.751476969
1.5126473903656006 -0.002421922981739044 0.012976736761629581 -0.11210694164037704 -0.6974483132362366 -0.027141796424984932  738290.751477096
1.513070821762085 -0.0023361588828265667 0.012947292998433113 -0.1175258681178093 -0.7150945067405701 -0.02731671929359436  738290.7514771883
1.5122984647750854 -0.0033220204059034586 0.013751518912613392 -0.07927656918764114 -0.6836682558059692 -0.025683358311653137  738290.7514773037
1.5134682655334473 -0.0025545188691467047 0.013776181265711784 -0.11253180354833603 -0.7303813099861145 -0.026365749537944794  738290.7514774307
1.512467622756958 -0.002560547087341547 0.013796352781355381 -0.11341069638729095 -0.6880328059196472 -0.024828752502799034  738290.7514775462
1.5134620666503906 -0.0027682827785611153 0.013812168501317501 -0.10647953301668167 -0.7285861372947693 -0.024870723485946655  738290.7514776628
1.5134575366973877 -0.0021645689848810434 0.013111366890370846 -0.13309195637702942 -0.7263938188552856 -0.024097999557852745  738290.7514777904
1.512425184249878 -0.002164940582588315 0.013093135319650173 -0.133821040391922 -0.6818994879722595 -0.024797294288873672  738290.7514778937
1.513253092765808 -0.002171529224142432 0.01307325717061758 -0.13239352405071259 -0.7162307500839233 -0.024122461676597595  738290.7514780092
1.5128356218338013 -0.0021719203796237707 0.013052436523139477 -0.13325048983097076 -0.6977778673171997 -0.02460107021033764  738290.751478113
1.513676643371582 -0.0021712379530072212 0.01301661878824234 -0.13497889041900635 -0.7290136814117432 -0.026823386549949646  738290.75147824
% x y z qx qy qz qw  738290.7514782632
1.511976957321167 -0.00281529501080513 0.012999420054256916 -0.1079181432723999 -0.657646656036377 -0.026659900322556496  738290.7514783555
1.5123969316482544 -0.0021736386697739363 0.012978339567780495 -0.13639692962169647 -0.6746511459350586 -0.027195408940315247  738290.7514784709
1.5134837627410889 -0.002397757489234209 0.012954631820321083 -0.12697091698646545 -0.7197819352149963 -0.028003156185150146  738290.7514785863
1.5119624137878418 -0.0026188530027866364 0.012935946695506573 -0.11863337457180023 -0.6579064726829529 -0.02789483591914177  738290.7514787018
1.5135048627853394 -0.003501672064885497 0.013739888556301594 -0.08546265214681625 -0.7203453779220581 -0.02820124663412571  738290.7514788173
1.5119590759277344 -0.003510920563712716 0.013763483613729477 -0.0874568447470665 -0.6575756669044495 -0.02763441950082779  738290.751478921
1.5121749639511108 -0.0026270088274031878 0.013791088946163654 -0.12541921436786652 -0.6659573316574097 -0.028833115473389626  738290.7514790482
1.5130696296691895 -0.002406076295301318 0.013815689831972122 -0.13456495106220245 -0.7010298371315002 -0.02832469530403614  738290.7514791635
1.5119456052780151 -0.0017294737044721842 0.014696210622787476 -0.16161222755908966 -0.6549352407455444 -0.02846250683069229  738290.751479279
1.5121726989746094 -0.0021842271089553833 0.014767155982553959 -0.1426927149295807 -0.6653943657875061 -0.028697868809103966  738290.7514793944
0.028435183688998222 -0.058160450309515 0.014728562906384468 -0.2061266154050827 -0.5210682153701782 -0.14472848176956177  738290.7514795214
0.0283635426312685 -0.05813495069742203 0.014790722168982029 -0.2259979248046875 -0.5215263962745667 -0.14492687582969666  738290.7514796252
0.028294000774621964 -0.05817010626196861 0.01485765166580677 -0.20579802989959717 -0.5223391056060791 -0.14575691521167755  738290.7514797407
0.028196221217513084 -0.058140385895967484 0.013795774430036545 -0.2124016284942627 -0.5188823938369751 -0.14435090124607086  738290.7514798677
0.028042510151863098 -0.058130666613578796 0.013798926956951618 -0.2123536765575409 -0.5076537132263184 -0.1442740559577942  738290.7514799723
0.027955343946814537 -0.05817095562815666 0.013806252740323544 -0.20479556918144226 -0.5108482241630554 -0.14386698603630066  738290.751480077
0.028165379539132118 -0.05805535614490509 0.013826712965965271 -0.2174682319164276 -0.5459016561508179 -0.1455715000629425  738290.7514801922
0.027859875932335854 -0.05803726613521576 0.014289269223809242 -0.21668614447116852 -0.5202056169509888 -0.14522022008895874  738290.7514803192
0.02794298157095909 -0.05870161950588226 0.01433185487985611 -0.15650559961795807 -0.5366984605789185 -0.14445817470550537  738290.7514804346
0.028314383700489998 -0.05816428363323212 0.014386806637048721 -0.20477890968322754 -0.5723162293434143 -0.14427196979522705  738290.7514805385
0.027739251032471657 -0.05787977948784828 0.014424283988773823 -0.22581516206264496 -0.5301623344421387 -0.1451103687286377  738290.7514806886
0.02810586802661419 -0.05800238624215126 0.01436893455684185 -0.2716176211833954 -0.4529096484184265 -0.16208751499652863  738290.7514807809
0.027925245463848114 -0.05791241675615311 0.01385324727743864 -0.27710893750190735 -0.4438339173793793 -0.16131500899791718  738290.7514809208
0.02813352830708027 -0.05794898793101311 0.013862231746315956 -0.2700154781341553 -0.4660062789916992 -0.16090735793113708  738290.7514810131
0.02762177400290966 -0.05784331262111664 0.013857409358024597 -0.27405956387519836 -0.4348965287208557 -0.15987208485603333  738290.7514811285
0.027496637776494026 -0.057793959975242615 0.013859804719686508 -0.27512359619140625 -0.4348406493663788 -0.16005098819732666  738290.751481244
0.027539653703570366 -0.05764540284872055 0.013919767923653126 -0.2794874310493469 -0.44323453307151794 -0.1601220816373825  738290.7514813606
0.02746530808508396 -0.05788539722561836 0.013930188491940498 -0.2628008723258972 -0.44427600502967834 -0.16010500490665436  738290.7514814764
0.027599574998021126 -0.05756582319736481 0.01393836084753275 -0.2768310606479645 -0.45815956592559814 -0.15863797068595886  738290.7514815916
0.027008185163140297 -0.057634055614471436 0.01393717061728239 -0.2710826098918915 -0.4318676292896271 -0.15904222428798676  738290.7514817072
0.027713915333151817 -0.057731837034225464 0.013871190138161182 -0.3085416257381439 -0.3980712890625 -0.17041999101638794  738290.7514818456
0.027603985741734505 -0.057663071900606155 0.01472015306353569 -0.30937179923057556 -0.39851105213165283 -0.16932429373264313  738290.751481938
0.027353279292583466 -0.05761673301458359 0.014767070300877094 -0.308197021484375 -0.39144644141197205 -0.16977722942829132  738290.751482065
0.026987258344888687 -0.05775781720876694 0.014814365655183792 -0.297725111246109 -0.38126328587532043 -0.16958996653556824  738290.7514821688
0.0268868301063776 -0.05832909047603607 0.014876346103847027 -0.26994436979293823 -0.38554418087005615 -0.16916035115718842  738290.7514823073
0.026900699362158775 -0.057478804141283035 0.01456473395228386 -0.30721724033355713 -0.3925769627094269 -0.16909535229206085  738290.7514824113
0.026701729744672775 -0.05777835100889206 0.014597941190004349 -0.29195988178253174 -0.39009538292884827 -0.16880100965499878  738290.7514825268
0.02721269056200981 -0.05728083476424217 0.014642184600234032 -0.3098270893096924 -0.4166887700557709 -0.16924670338630676  738290.7514826306
0.026778308674693108 -0.057237833738327026 0.01466582901775837 -0.30745622515678406 -0.4032496213912964 -0.16949912905693054  738290.7514827466
0.027100814506411552 -0.05720026418566704 0.014707845635712147 -0.3055918514728546 -0.4207167625427246 -0.16874903440475464  738290.7514828615
0.026982439681887627 -0.057123057544231415 0.014449280686676502 -0.3045472204685211 -0.41935989260673523 -0.16869309544563293  738290.7514829653
0.026324326172471046 -0.0575653612613678 0.014363076537847519 -0.3197169303894043 -0.33473601937294006 -0.1762940138578415  738290.7514830923
0.026812361553311348 -0.05752793326973915 0.014403687790036201 -0.3188469111919403 -0.36029449105262756 -0.17623405158519745  738290.7514832078
0.026500362902879715 -0.057381536811590195 0.014405247755348682 -0.3185199499130249 -0.35823363065719604 -0.17746418714523315  738290.7514833347
0.026855258271098137 -0.05746200308203697 0.013869217596948147 -0.3115728199481964 -0.37516939640045166 -0.17714738845825195  738290.7514834501
0.02670602686703205 -0.057397790253162384 0.01384530495852232 -0.3116206228733063 -0.37507638335227966 -0.17677412927150726  738290.751483554
0.02682952582836151 -0.058392468839883804 0.013839086517691612 -0.2754618227481842 -0.3831004798412323 -0.17640168964862823  738290.7514836699
0.026685690507292747 -0.058401331305503845 0.013815556652843952 -0.2753954827785492 -0.3828674852848053 -0.17595674097537994  738290.7514837849
0.026340430602431297 -0.057434868067502975 0.013793781399726868 -0.30737006664276123 -0.37640678882598877 -0.1770906150341034  738290.7514839004
0.026501737534999847 -0.057405680418014526 0.01345816534012556 -0.30576610565185547 -0.3888002932071686 -0.17523571848869324  738290.7514840157
0.025910137221217155 -0.05737404525279999 0.0134102338925004 -0.30468669533729553 -0.37441983819007874 -0.17440082132816315  738290.7514841427
0.026430761441588402 -0.058262214064598083 0.013332277536392212 -0.31241485476493835 -0.3332366645336151 -0.17926648259162903  738290.7514842466
0.025999179109930992 -0.05727413296699524 0.013283598236739635 -0.34371596574783325 -0.32452866435050964 -0.1797146201133728  738290.7514843621
0.025992712005972862 -0.05722489953041077 0.0143266087397933 -0.3411177098751068 -0.3312007188796997 -0.1781555563211441  738290.7514844774
0.026241203770041466 -0.05754103139042854 0.014361175708472729 -0.32858651876449585 -0.343508780002594 -0.1780489832162857  738290.751484616
0.026149757206439972 -0.05763423815369606 0.014380287379026413 -0.32860755920410156 -0.34370914101600647 -0.1778208464384079  738290.7514847083
0.025798935443162918 -0.05760909244418144 0.014390785247087479 -0.3282855153083801 -0.3422646224498749 -0.17780902981758118  738290.7514848238
0.025033315643668175 -0.0574488528072834 0.014384173788130283 -0.33124253153800964 -0.32631224393844604 -0.1774454116821289  738290.7514849391
0.02408764325082302 -0.05700242891907692 0.014219071716070175 -0.34256675839424133 -0.30413585901260376 -0.17743510007858276  738290.7514850546
0.02511315979063511 -0.057690076529979706 0.01429454330354929 -0.3190329074859619 -0.3426423668861389 -0.1772734373807907  738290.7514851701
0.02472512610256672 -0.057670172303915024 0.014300025999546051 -0.3197830617427826 -0.34242144227027893 -0.17509149014949799  738290.7514853085
0.025806132704019547 -0.057302411645650864 0.014242440462112427 -0.3570610582828522 -0.31684499979019165 -0.18364283442497253  738290.7514854125
0.026095818728208542 -0.05726875737309456 0.013776197098195553 -0.35470715165138245 -0.33038026094436646 -0.18353037536144257  738290.7514855408
0.025349153205752373 -0.057226620614528656 0.013745689764618874 -0.35422375798225403 -0.31467366218566895 -0.18314872682094574  738290.7514856318
0.025110580027103424 -0.057051852345466614 0.013723673298954964 -0.35301637649536133 -0.3130289614200592 -0.1826145350933075  738290.7514857592
0.025719791650772095 -0.05715424567461014 0.013735398650169373 -0.34796059131622314 -0.33457809686660767 -0.18164464831352234  738290.7514858627
0.025058159604668617 -0.057262688875198364 0.013703356496989727 -0.34294965863227844 -0.3219781219959259 -0.18238438665866852  738290.7514859781
0.025415126234292984 -0.05707346647977829 0.014605743810534477 -0.34578564763069153 -0.33619511127471924 -0.181971937417984  738290.7514860937
0.025339823216199875 -0.058130696415901184 0.01464803609997034 -0.3157420754432678 -0.3403606414794922 -0.18214353919029236  738290.7514862205
0.0252691637724638 -0.05684377998113632 0.014675811864435673 -0.34865230321884155 -0.3427135646343231 -0.1826486587524414  738290.7514863248
0.02505377121269703 -0.056735776364803314 0.014704547822475433 -0.3483709394931793 -0.34366241097450256 -0.18249616026878357  738290.7514864517
0.02472364529967308 -0.057045258581638336 0.013964635320007801 -0.3636474013328552 -0.28598105907440186 -0.18748025596141815  738290.7514865557
0.024467477574944496 -0.05694916099309921 0.01394843403249979 -0.36151519417762756 -0.2852718234062195 -0.18696419894695282  738290.751486671
0.024202754721045494 -0.056850165128707886 0.013932225294411182 -0.3614017367362976 -0.28341779112815857 -0.18756228685379028  738290.7514867985
0.02544388361275196 -0.05718012526631355 0.013989338651299477 -0.35084810853004456 -0.321537047624588 -0.18676599860191345  738290.751486914
0.02583259344100952 -0.05726301670074463 0.013992705382406712 -0.347562700510025 -0.33400487899780273 -0.1866113692522049  738290.751487018
0.02513209916651249 -0.0571090504527092 0.013175367377698421 -0.35023391246795654 -0.319356769323349 -0.1867142915725708  738290.7514871333
0.025158938020467758 -0.058118704706430435 0.013135211542248726 -0.32120952010154724 -0.3235144317150116 -0.18534834682941437  738290.7514872488
0.024938996881246567 -0.05689556151628494 0.013083819299936295 -0.3515729010105133 -0.3226272165775299 -0.18577994406223297  738290.7514873763
0.024737520143389702 -0.05680365487933159 0.013027647510170937 -0.35043081641197205 -0.32231172919273376 -0.1844220757484436  738290.7514874914
0.02613168954849243 -0.058719076216220856 0.012998792342841625 -0.32344797253608704 -0.31795835494995117 -0.18571624159812927  738290.7514876296
0.02598397620022297 -0.0587361715734005 0.012944371439516544 -0.32411375641822815 -0.3178253471851349 -0.18568256497383118  738290.751487722
0.0261138416826725 -0.05831081420183182 0.012899385765194893 -0.3351205289363861 -0.32460594177246094 -0.18568718433380127  738290.7514878374
0.02558560110628605 -0.0583014190196991 0.012840143404901028 -0.3336637020111084 -0.3137080669403076 -0.18520307540893555  738290.7514879532
0.025412889197468758 -0.058282770216464996 0.01278640702366829 -0.3340599834918976 -0.31566697359085083 -0.18383152782917023  738290.7514880799
0.026000427082180977 -0.05828195437788963 0.014048216864466667 -0.33330217003822327 -0.33641695976257324 -0.1831381916999817  738290.7514881956
0.025684161111712456 -0.058269064873456955 0.014064482413232327 -0.3326784074306488 -0.33391711115837097 -0.18422098457813263  738290.7514882992
0.025843290612101555 -0.05813515558838844 0.0140894316136837 -0.33533716201782227 -0.3417077362537384 -0.18480688333511353  738290.7514884033
0.02525738626718521 -0.058750007301568985 0.014101811684668064 -0.3171465992927551 -0.328781396150589 -0.18472746014595032  738290.7514885301
0.02609199844300747 -0.05810141935944557 0.01368924044072628 -0.3355158865451813 -0.35631582140922546 -0.18419550359249115  738290.7514886339
0.025488832965493202 -0.05821817368268967 0.013676119036972523 -0.32999858260154724 -0.34394755959510803 -0.1834419071674347  738290.751488784
0.026116229593753815 -0.05803433060646057 0.013608276844024658 -0.35633349418640137 -0.3161039650440216 -0.18464699387550354  738290.7514888648
0.025914857164025307 -0.0581287257373333 0.013597022742033005 -0.3570340573787689 -0.31686919927597046 -0.18350796401500702  738290.7514889918
0.025750501081347466 -0.05808277055621147 0.01358560286462307 -0.3560910224914551 -0.3167217969894409 -0.18217851221561432  738290.7514891075
0.026892097666859627 -0.05811841040849686 0.014966321177780628 -0.3536790907382965 -0.3511807322502136 -0.1815871000289917  738290.7514892342
0.02633236162364483 -0.05809158459305763 0.015021048486232758 -0.35306525230407715 -0.3388393819332123 -0.18149374425411224  738290.75148935
0.026925796642899513 -0.05793871358036995 0.015090256929397583 -0.35506463050842285 -0.3575151860713959 -0.181711807847023  738290.7514894537
0.02593669295310974 -0.057906828820705414 0.015141145326197147 -0.3539782464504242 -0.33556798100471497 -0.18157875537872314  738290.7514895573
0.026149580255150795 -0.05788823589682579 0.014331449754536152 -0.35329940915107727 -0.34374192357063293 -0.18291394412517548  738290.7514896728
0.026085149496793747 -0.05858483538031578 0.01435239426791668 -0.3323143422603607 -0.3454490303993225 -0.1820225864648819  738290.7514897998
0.0252828449010849 -0.058424148708581924 0.01435505785048008 -0.3361333906650543 -0.32699617743492126 -0.1821746677160263  738290.7514899153
0.02674432098865509 -0.05806231126189232 0.014313801191747189 -0.3687540888786316 -0.32505089044570923 -0.1830815225839615  738290.7514900422
0.026148131117224693 -0.05803465098142624 0.014316589571535587 -0.3680451810359955 -0.3128868043422699 -0.18211671710014343  738290.7514901578
0.026489902287721634 -0.058003585785627365 0.015002629719674587 -0.36784499883651733 -0.3256911337375641 -0.18271256983280182  738290.7514902615
0.02571406401693821 -0.05797366052865982 0.01503949798643589 -0.36674410104751587 -0.30866488814353943 -0.183684304356575  738290.7514903772
0.026527035981416702 -0.05809979885816574 0.015114197507500648 -0.3622085154056549 -0.33358439803123474 -0.1834435760974884  738290.7514905386
0.025570951402187347 -0.05777608975768089 0.015143637545406818 -0.3687048852443695 -0.3119678497314453 -0.18284563720226288  738290.7514906082
0.026432154700160027 -0.05791398137807846 0.014350255019962788 -0.3637887239456177 -0.3385260999202728 -0.18210366368293762  738290.7514907353
0.02542485110461712 -0.05773007497191429 0.014339464716613293 -0.3666248321533203 -0.3157315254211426 -0.18188484013080597  738290.7514908387
0.026004847139120102 -0.05754390358924866 0.014359935186803341 -0.37003093957901 -0.3338124454021454 -0.18033839762210846  738290.7514909544
0.02584490180015564 -0.05746165290474892 0.014362063258886337 -0.36821311712265015 -0.3337884843349457 -0.180206760764122  738290.7514910699
0.02686663530766964 -0.05899687856435776 0.014312492683529854 -0.3470836877822876 -0.3171159625053406 -0.18370568752288818  738290.7514911966
0.026243727654218674 -0.05843081697821617 0.014181948266923428 -0.36003708839416504 -0.30259647965431213 -0.18393604457378387  738290.7514913004
0.026316938921809196 -0.058412838727235794 0.014176645316183567 -0.35924845933914185 -0.3080954849720001 -0.18382012844085693  738290.7514914274
0.025806020945310593 -0.058393292129039764 0.014158874750137329 -0.3584830164909363 -0.2985858619213104 -0.18300502002239227  738290.7514915315
0.026190048083662987 -0.05822319909930229 0.014164379797875881 -0.3622302711009979 -0.3116334080696106 -0.1825093924999237  738290.7514916467
0.02597239427268505 -0.05819579213857651 0.01448608934879303 -0.3629310131072998 -0.31239238381385803 -0.18267349898815155  738290.7514917621
0.026067182421684265 -0.05817314237356186 0.014499449171125889 -0.36241641640663147 -0.3180080056190491 -0.1819429099559784  738290.7514918778
0.02584625966846943 -0.058314092457294464 0.014508184045553207 -0.36175158619880676 -0.31818926334381104 -0.1817970722913742  738290.7514920046
0.025955116376280785 -0.058124106377363205 0.014522137120366096 -0.3652278780937195 -0.32571157813072205 -0.18088099360466003  738290.7514921088
0.02538744919002056 -0.05827071890234947 0.014524896629154682 -0.3596809506416321 -0.3155480921268463 -0.1808076798915863  738290.7514922472
0.025511303916573524 -0.05815334990620613 0.014250657521188259 -0.37561875581741333 -0.2731243669986725 -0.18664608895778656  738290.7514923393
0.026360394433140755 -0.05823997035622597 0.014278173446655273 -0.37164950370788574 -0.30002737045288086 -0.18547500669956207  738290.7514924665
0.025698427110910416 -0.05850619822740555 0.01426931843161583 -0.36396336555480957 -0.28734299540519714 -0.18572627007961273  738290.7514925705
0.026229573413729668 -0.058181773871183395 0.014284555800259113 -0.3698040246963501 -0.3032471835613251 -0.18561118841171265  738290.7514926973
0.02584947645664215 -0.05815071612596512 0.014564357697963715 -0.3691590428352356 -0.3028438985347748 -0.1859271079301834  738290.751492801
0.02566438354551792 -0.058077048510313034 0.014581302180886269 -0.3702234625816345 -0.3054272532463074 -0.18392597138881683  738290.7514929395
0.02746760845184326 -0.05788705497980118 0.014643717557191849 -0.37293288111686707 -0.35194575786590576 -0.18317174911499023  738290.7514930434
0.02680255100131035 -0.057846929877996445 0.014664340764284134 -0.3724554777145386 -0.33792218565940857 -0.18326622247695923  738290.7514931473
0.026594268158078194 -0.05781159922480583 0.014688237570226192 -0.3720315396785736 -0.33838027715682983 -0.18240100145339966  738290.7514932628
0.027031932026147842 -0.05777931213378906 0.014847282320261002 -0.3692988157272339 -0.3509771525859833 -0.18266651034355164  738290.7514934129
0.026652177795767784 -0.059066206216812134 0.01479827519506216 -0.3561162054538727 -0.3007068634033203 -0.18614214658737183  738290.7514935052
0.027036484330892563 -0.057723794132471085 0.014836455695331097 -0.38633376359939575 -0.3126928210258484 -0.18689441680908203  738290.7514936094
0.02690722979605198 -0.05762040615081787 0.014867372810840607 -0.3865881562232971 -0.31249216198921204 -0.1865670531988144  738290.7514937248
0.026771672070026398 -0.057516831904649734 0.014539319090545177 -0.3854164183139801 -0.3125673532485962 -0.18650248646736145  738290.7514938515
0.026626383885741234 -0.057406287640333176 0.014548590406775475 -0.385979026556015 -0.3110598921775818 -0.1869976967573166  738290.7514939556
0.025750132277607918 -0.058136288076639175 0.014558650553226471 -0.365963876247406 -0.2939296364784241 -0.1864825338125229  738290.7514940826
0.02647663652896881 -0.058458112180233 0.014601140283048153 -0.3555414080619812 -0.3153805136680603 -0.18710286915302277  738290.7514942209
0.026393190026283264 -0.058791279792785645 0.014615538530051708 -0.3464175760746002 -0.3169448971748352 -0.18679678440093994  738290.7514943132
0.026316065341234207 -0.058523692190647125 0.014377142302691936 -0.3515576422214508 -0.3192768692970276 -0.18625544011592865  738290.7514944403
0.025715917348861694 -0.0582391694188118 0.01436588540673256 -0.35591402649879456 -0.3082869350910187 -0.1852189153432846  738290.7514945441
0.026154153048992157 -0.05817239731550217 0.01428182516247034 -0.37559694051742554 -0.28110629320144653 -0.1885841339826584  738290.7514946483
0.02532942034304142 -0.058011166751384735 0.014255110174417496 -0.3765820264816284 -0.26434946060180664 -0.18805882334709167  738290.7514947751
0.02557630091905594 -0.05783940106630325 0.01455671340227127 -0.37907037138938904 -0.27512359619140625 -0.18860292434692383  738290.7514949135
0.02624206803739071 -0.058182377368211746 0.014602371491491795 -0.36782222986221313 -0.2959645688533783 -0.18870465457439423  738290.751495029
0.026030533015727997 -0.05774803087115288 0.014610120095312595 -0.3761761486530304 -0.29586470127105713 -0.18825648725032806  738290.7514951098
0.025266554206609726 -0.057838622480630875 0.014608009718358517 -0.3716233968734741 -0.2824155390262604 -0.1875741332769394  738290.7514952713
0.025866609066724777 -0.05765693634748459 0.014653204008936882 -0.37468650937080383 -0.30342909693717957 -0.18640686571598053  738290.7514953525
0.0257892869412899 -0.057761434465646744 0.014400284737348557 -0.37407708168029785 -0.30358582735061646 -0.18551257252693176  738290.7514954675
0.02497934363782406 -0.05771663412451744 0.014384321868419647 -0.37250831723213196 -0.2870001792907715 -0.18558748066425323  738290.7514955833
0.025190390646457672 -0.0576813779771328 0.014397603459656239 -0.36997687816619873 -0.29817697405815125 -0.18459558486938477  738290.7514956987
0.025452151894569397 -0.05753326043486595 0.014289218001067638 -0.38734370470046997 -0.2655397057533264 -0.18890036642551422  738290.7514958141
0.024793392047286034 -0.057477109134197235 0.014941513538360596 -0.3855501711368561 -0.25417211651802063 -0.18884660303592682  738290.7514959296
0.024545423686504364 -0.05736682191491127 0.014967355877161026 -0.38507896661758423 -0.2516217529773712 -0.18952810764312744  738290.7514960449
0.02678467519581318 -0.058058302849531174 0.015106544829905033 -0.3642209768295288 -0.31259211897850037 -0.18884585797786713  738290.7514961602
0.026162154972553253 -0.058024268597364426 0.015131378546357155 -0.36301189661026 -0.29959940910339355 -0.188421830534935  738290.751496264
0.026096077635884285 -0.05784522369503975 0.015161607414484024 -0.36340782046318054 -0.2994838356971741 -0.1871127486228943  738290.751496391
0.025877630338072777 -0.05781031399965286 0.015536591410636902 -0.3616084158420563 -0.29798078536987305 -0.187879741191864  738290.7514965067
0.02611665241420269 -0.05777804180979729 0.015591543167829514 -0.36163821816444397 -0.309246301651001 -0.186089426279068  738290.7514966221
0.026211760938167572 -0.0577472485601902 0.015643775463104248 -0.36091944575309753 -0.31588760018348694 -0.1853291243314743  738290.7514967374
0.025513986125588417 -0.0575573705136776 0.01567802019417286 -0.36310824751853943 -0.3022421598434448 -0.18496574461460114  738290.751496853
0.026758072897791862 -0.05772234871983528 0.01420949399471283 -0.37815746665000916 -0.2988506853580475 -0.1877051591873169  738290.7514969682
0.02537383697926998 -0.05827329680323601 0.014166674576699734 -0.3617691993713379 -0.2684786021709442 -0.18860794603824615  738290.751497072
0.02543659321963787 -0.057500146329402924 0.014137827791273594 -0.3789518475532532 -0.27505555748939514 -0.18846075236797333  738290.7514971995
0.025227000936865807 -0.05740547925233841 0.014105023816227913 -0.37942349910736084 -0.274365097284317 -0.188154935836792  738290.7514973144
0.025211423635482788 -0.058425843715667725 0.01409914530813694 -0.352428674697876 -0.27766838669776917 -0.18891943991184235  738290.7514974184
0.026495492085814476 -0.05886691063642502 0.014474992640316486 -0.33994078636169434 -0.3135603368282318 -0.18954923748970032  738290.7514975454
0.02643892914056778 -0.05854819342494011 0.014464426785707474 -0.3467165529727936 -0.3146836459636688 -0.1890736222267151  738290.7514976838
0.025913076475262642 -0.058054495602846146 0.01444514561444521 -0.35868942737579346 -0.30563756823539734 -0.19032111763954163  738290.7514977762
0.024714574217796326 -0.057538293302059174 0.01440624799579382 -0.3693298101425171 -0.2805076241493225 -0.18959324061870575  738290.7514978916
0.024633921682834625 -0.0585026890039444 0.01424845214933157 -0.34368884563446045 -0.2830808162689209 -0.18921680748462677  738290.7514980071
0.026152512058615685 -0.05840812996029854 0.01419074647128582 -0.3638136088848114 -0.28737568855285645 -0.1876591295003891  738290.751498123
0.026235539466142654 -0.05853978544473648 0.014176159165799618 -0.3596356213092804 -0.29390063881874084 -0.18729771673679352  738290.751498238
0.02617393247783184 -0.05836765468120575 0.014156471937894821 -0.3602117896080017 -0.2937569320201874 -0.18771593272686005  738290.7514983533
0.025615768507122993 -0.05802537873387337 0.014121994376182556 -0.36627495288848877 -0.2837851643562317 -0.18760386109352112  738290.7514984809
0.025215933099389076 -0.0576685294508934 0.014458606019616127 -0.3729405403137207 -0.27923011779785156 -0.18688857555389404  738290.7514985843
0.025282934308052063 -0.05769473686814308 0.01446603611111641 -0.3706350028514862 -0.28605160117149353 -0.18457958102226257  738290.7514987113
0.025075804442167282 -0.057608190923929214 0.014462629333138466 -0.3699842095375061 -0.2848825454711914 -0.18372738361358643  738290.7514988382
0.02448599971830845 -0.05757765844464302 0.014448032714426517 -0.3674057424068451 -0.2752701938152313 -0.18433350324630737  738290.7514989421
0.02495657280087471 -0.0575593076646328 0.013876098208129406 -0.3651513159275055 -0.2902801036834717 -0.18416529893875122  738290.7514990575
0.02544257417321205 -0.05753657594323158 0.013857194222509861 -0.36361977458000183 -0.30583980679512024 -0.18391729891300201  738290.7514991729
0.02551216073334217 -0.058355994522571564 0.013755153864622116 -0.35908401012420654 -0.26073986291885376 -0.18716329336166382  738290.7514993
0.025280244648456573 -0.05751396715641022 0.013711022213101387 -0.3770376443862915 -0.2593422830104828 -0.18700973689556122  738290.7514993928
0.02505716122686863 -0.057402852922677994 0.015392657369375229 -0.3764122724533081 -0.25943267345428467 -0.18716788291931152  738290.7514995198
0.026988402009010315 -0.05851467698812485 0.015519814565777779 -0.35054653882980347 -0.3064226806163788 -0.1866692751646042  738290.7514996353
0.026784349232912064 -0.058334413915872574 0.015583492815494537 -0.35080915689468384 -0.30563706159591675 -0.18591272830963135  738290.7514997507
0.025911888107657433 -0.05814396217465401 0.01563745178282261 -0.353877991437912 -0.28960493206977844 -0.1859487146139145  738290.7514998546
0.026526328176259995 -0.05913880094885826 0.01572563126683235 -0.3296968340873718 -0.3067292273044586 -0.18648071587085724  738290.7514999815
0.0264862310141325 -0.057921554893255234 0.01549193449318409 -0.356068879365921 -0.3072206377983093 -0.18695789575576782  738290.7515000853
0.02555878274142742 -0.05789469927549362 0.015525858849287033 -0.35415732860565186 -0.2899553179740906 -0.18704165518283844  738290.7515002124
0.02621307596564293 -0.05787069350481033 0.015590835362672806 -0.3520958721637726 -0.30728739500045776 -0.1867816150188446  738290.7515003278
0.026847321540117264 -0.05784546211361885 0.015504244714975357 -0.3711353838443756 -0.2806835472583771 -0.1905559003353119  738290.7515004432
0.02614620141685009 -0.057810571044683456 0.015535477548837662 -0.3707616627216339 -0.268941730260849 -0.18847477436065674  738290.7515005472
0.02642594650387764 -0.05845193192362785 0.014533045701682568 -0.3560347855091095 -0.2797991931438446 -0.18841859698295593  738290.7515006742
0.02620454877614975 -0.057757746428251266 0.01451218780130148 -0.3695019781589508 -0.278781533241272 -0.18814030289649963  738290.751500778
0.025458648800849915 -0.05790254846215248 0.01448608934879303 -0.3646239638328552 -0.2660335302352905 -0.18879365921020508  738290.7515008935
0.025922300294041634 -0.05788054317235947 0.01449012104421854 -0.3634672462940216 -0.28048062324523926 -0.18891233205795288  738290.7515010319
0.026406174525618553 -0.057866450399160385 0.013885262422263622 -0.3612481653690338 -0.2942531108856201 -0.18872109055519104  738290.7515011359
0.025634024292230606 -0.057844243943691254 0.013827282935380936 -0.359016090631485 -0.2809435725212097 -0.18783359229564667  738290.7515012514
0.02521323412656784 -0.05781804025173187 0.013772573322057724 -0.3592788577079773 -0.2816328704357147 -0.18796637654304504  738290.7515013667
0.025542806833982468 -0.057797856628894806 0.013739305548369884 -0.3576961159706116 -0.29548367857933044 -0.18778327107429504  738290.7515014822
0.02642485871911049 -0.05843006446957588 0.014945222064852715 -0.3606111407279968 -0.2736567258834839 -0.1905697137117386  738290.7515015976
0.02535586804151535 -0.057732127606868744 0.014944110065698624 -0.3740217387676239 -0.2547248303890228 -0.19059917330741882  738290.7515017132
0.025128459557890892 -0.057640381157398224 0.0149602722376585 -0.37468576431274414 -0.25359833240509033 -0.1902548372745514  738290.7515018284
0.02746656909584999 -0.05878685042262077 0.015076971612870693 -0.34804660081863403 -0.30960074067115784 -0.1890183389186859  738290.7515019324
0.026756837964057922 -0.058098286390304565 0.01509208045899868 -0.3619173765182495 -0.2954573333263397 -0.18853332102298737  738290.7515020593
0.025857366621494293 -0.05858132243156433 0.015071983449161053 -0.34905025362968445 -0.27938777208328247 -0.18778587877750397  738290.7515021631
0.026668112725019455 -0.05839594081044197 0.015111848711967468 -0.35176628828048706 -0.30161672830581665 -0.18822599947452545  738290.7515023017
0.026445498690009117 -0.058022238314151764 0.01512926071882248 -0.35956335067749023 -0.299712210893631 -0.1877318024635315  738290.7515024056
0.026757026091217995 -0.05800365284085274 0.015158353373408318 -0.35740983486175537 -0.3101678490638733 -0.1878606677055359  738290.751502521
0.027263669297099113 -0.05853667110204697 0.014739066362380981 -0.34333914518356323 -0.3246318995952606 -0.18733838200569153  738290.7515026365
0.02649051882326603 -0.0579468309879303 0.014633191749453545 -0.373081773519516 -0.2690008282661438 -0.18889911472797394  738290.7515027518
0.02642727456986904 -0.05808104947209358 0.014627941884100437 -0.3732024133205414 -0.2689533531665802 -0.18844172358512878  738290.7515028673
0.026701239868998528 -0.05805658921599388 0.014630263671278954 -0.3722131848335266 -0.27886277437210083 -0.18935176730155945  738290.7515029828
0.026471499353647232 -0.05939744412899017 0.014638612978160381 -0.3423234522342682 -0.2778664827346802 -0.18912668526172638  738290.7515030866
0.0257208663970232 -0.05869921296834946 0.01395504456013441 -0.3571404814720154 -0.2635572850704193 -0.18893469870090485  738290.7515032137
0.026190999895334244 -0.05850617587566376 0.013929789885878563 -0.3600831627845764 -0.27848371863365173 -0.18783687055110931  738290.751503329
0.025774793699383736 -0.05812707915902138 0.013882506638765335 -0.36713141202926636 -0.2723660171031952 -0.18876194953918457  738290.751503456
0.02589983306825161 -0.05792132019996643 0.013851061463356018 -0.36996087431907654 -0.27945631742477417 -0.18988525867462158  738290.7515035946
0.02570539154112339 -0.05785021185874939 0.012284121476113796 -0.36982443928718567 -0.27809444069862366 -0.18863049149513245  738290.7515036754
0.02574724517762661 -0.05801383778452873 0.012168562971055508 -0.3632732331752777 -0.2833828926086426 -0.18922874331474304  738290.7515038024
0.026138460263609886 -0.05797649174928665 0.012027265504002571 -0.3777971565723419 -0.268782377243042 -0.19027778506278992  738290.7515039063
0.026536544784903526 -0.05794597789645195 0.01192096434533596 -0.37621378898620605 -0.2803475856781006 -0.19010253250598907  738290.7515040216
0.026144227012991905 -0.058561377227306366 0.011805756017565727 -0.3609812259674072 -0.27546948194503784 -0.18952791392803192  738290.7515041372
0.02604583650827408 -0.05769426375627518 0.012551724910736084 -0.3776831030845642 -0.2776796221733093 -0.18962572515010834  738290.7515042641
0.02546846866607666 -0.05851241573691368 0.012484988197684288 -0.3577926754951477 -0.2702445387840271 -0.1889389604330063  738290.7515043679
0.02557305432856083 -0.057623546570539474 0.012418873608112335 -0.3752983510494232 -0.2776593267917633 -0.18838395178318024  738290.7515044834
0.025862837210297585 -0.05759644880890846 0.01236574724316597 -0.37226250767707825 -0.2893722653388977 -0.1880875676870346  738290.7515046104
0.025615235790610313 -0.0575595460832119 0.012942110188305378 -0.37257128953933716 -0.28776392340660095 -0.18928222358226776  738290.7515047604
0.025739410892128944 -0.05753174051642418 0.0129158403724432 -0.3704419732093811 -0.29510441422462463 -0.18926134705543518  738290.7515048413
0.025533178821206093 -0.05742735043168068 0.012881794944405556 -0.3702254891395569 -0.29428067803382874 -0.1895475536584854  738290.7515049566
0.027396894991397858 -0.05859443545341492 0.012869291938841343 -0.35741499066352844 -0.2985745668411255 -0.1909484714269638  738290.7515050605
0.026246681809425354 -0.0584111362695694 0.012825519777834415 -0.36022281646728516 -0.27650508284568787 -0.18966057896614075  738290.7515051875
0.02712942846119404 -0.05821859464049339 0.013718780130147934 -0.36200737953186035 -0.29833588004112244 -0.18933498859405518  738290.7515052913
0.02642013132572174 -0.05949549376964569 0.013747009448707104 -0.3323065936565399 -0.28526216745376587 -0.18984653055667877  738290.7515054183
0.026196127757430077 -0.05815604701638222 0.013773738406598568 -0.3617342412471771 -0.2847130298614502 -0.19065816700458527  738290.7515055223
0.02630401961505413 -0.05813055858016014 0.013806619681417942 -0.3593391478061676 -0.289826899766922 -0.19029131531715393  738290.7515056492
0.026111392304301262 -0.05804135650396347 0.014718392863869667 -0.35860201716423035 -0.2896975576877594 -0.190680131316185  738290.7515057646
0.027069592848420143 -0.05982170253992081 0.014832139015197754 -0.31772443652153015 -0.3152797520160675 -0.19037924706935883  738290.7515058685
0.026351414620876312 -0.05897589027881622 0.014902405440807343 -0.3371738791465759 -0.3025708794593811 -0.19037804007530212  738290.751505984
0.027669114992022514 -0.059312500059604645 0.0150107741355896 -0.3279704451560974 -0.3363141417503357 -0.18993772566318512  738290.7515061109
0.02736598439514637 -0.0593099370598793 0.014974821358919144 -0.2576209008693695 -0.13222555816173553 -0.31559908390045166  738290.7515062264
0.027758410200476646 -0.05905381217598915 0.013809459283947945 -0.26375728845596313 -0.1408720165491104 -0.3156049847602844  738290.7515063417
0.026561705395579338 -0.05889657884836197 0.013795790262520313 -0.265878826379776 -0.11706100404262543 -0.31496548652648926  738290.7515064457
0.02850748971104622 -0.05903566628694534 0.013875358738005161 -0.26236119866371155 -0.16804540157318115 -0.3140747845172882  738290.7515065611
0.026969291269779205 -0.05887087434530258 0.013866858556866646 -0.26506802439689636 -0.1326349973678589 -0.3138294816017151  738290.7515066765
0.026898575946688652 -0.05871395766735077 0.013162677176296711 -0.26506802439689636 -0.1326349973678589 -0.3138294816017151  738290.7515067919
0.026824060827493668 -0.05885358899831772 0.013134514912962914 -0.26429638266563416 -0.13147582113742828 -0.3138694763183594  738290.7515069074
0.026533035561442375 -0.058641817420721054 0.013074235990643501 -0.2634463310241699 -0.1280745267868042 -0.31479519605636597  738290.7515070344
0.02731609158217907 -0.059313684701919556 0.013104632496833801 -0.2471105009317398 -0.14729490876197815 -0.31473878026008606  738290.7515071498
0.02742813155055046 -0.058981213718652725 0.013081633485853672 -0.2548854351043701 -0.15400929749011993 -0.3151823878288269  738290.7515072653
0.025928443297743797 -0.058917030692100525 0.013746150769293308 -0.2876507043838501 -0.11584996432065964 -0.294479101896286  738290.7515073806
0.025928443297743797 -0.058917030692100525 0.013746150769293308 -0.2876507043838501 -0.11584996432065964 -0.294479101896286  738290.7515074845
0.02884937822818756 -0.058973606675863266 0.013889459893107414 -0.285274863243103 -0.1904212236404419 -0.29452940821647644  738290.7515076116
0.02778804861009121 -0.05852038785815239 0.013893851079046726 -0.2948299050331116 -0.1679108738899231 -0.2939288914203644  738290.7515077154
0.027266016229987144 -0.05834334343671799 0.01468876376748085 -0.2969188392162323 -0.1592833250761032 -0.2932182550430298  738290.7515078423
0.027797609567642212 -0.059849273413419724 0.014777952805161476 -0.25895100831985474 -0.17668744921684265 -0.29390111565589905  738290.7515079578
0.027583055198192596 -0.058613549917936325 0.014842908829450607 -0.2882898151874542 -0.17521096765995026 -0.29339364171028137  738290.7515080732
0.027042845264077187 -0.058434564620256424 0.01489277370274067 -0.29099133610725403 -0.16394667327404022 -0.2935204803943634  738290.7515081887
0.028438864275813103 -0.058583665639162064 0.015007800422608852 -0.2863575220108032 -0.20418603718280792 -0.2909318208694458  738290.7515083045
0.027410708367824554 -0.05906282365322113 0.014246535487473011 -0.27399682998657227 -0.18156220018863678 -0.2909499704837799  738290.7515084314
0.02729349210858345 -0.05849581956863403 0.01420966163277626 -0.22937166690826416 -0.009951701387763023 -0.39829182624816895  738290.7515085354
0.02689901553094387 -0.058773696422576904 0.014223790727555752 -0.22125248610973358 -0.005921496544033289 -0.39833101630210876  738290.7515086508
0.027260586619377136 -0.05861378833651543 0.01426781713962555 -0.22364434599876404 -0.021893128752708435 -0.3971390724182129  738290.7515087547
0.027016524225473404 -0.05857476592063904 0.014177946373820305 -0.2235235869884491 -0.022125648334622383 -0.39698657393455505  738290.75150887
0.027378004044294357 -0.061019983142614365 0.014219586737453938 -0.163581982254982 -0.03597540780901909 -0.39554068446159363  738290.751508997
0.028058724477887154 -0.06029217690229416 0.01427548099309206 -0.18435539305210114 -0.05808022990822792 -0.3946191072463989  738290.7515091125
0.02752496674656868 -0.05968815088272095 0.014287734404206276 -0.2009367048740387 -0.05232365429401398 -0.3943493962287903  738290.7515092279
0.026647508144378662 -0.06016680970788002 0.014275367371737957 -0.19028857350349426 -0.037816859781742096 -0.39380544424057007  738290.7515093434
0.02712910808622837 -0.05987725034356117 0.014630649238824844 -0.1988161951303482 -0.06203737109899521 -0.3941359221935272  738290.7515094472
0.027122635394334793 -0.06052106246352196 0.014628077857196331 -0.18298056721687317 -0.061975665390491486 -0.39412081241607666  738290.7515095858
0.026456503197550774 -0.059794627130031586 0.014611826278269291 -0.1552264392375946 0.09387773275375366 -0.47774091362953186  738290.7515096901
0.02679654024541378 -0.05977799370884895 0.01463004108518362 -0.15566959977149963 0.08594934642314911 -0.47773265838623047  738290.751509817
0.027017422020435333 -0.05981845036149025 0.014850855804979801 -0.15684910118579865 0.06652019917964935 -0.4762815535068512  738290.7515099093
0.02640686370432377 -0.061045028269290924 0.014825896359980106 -0.1279323846101761 0.08065938949584961 -0.476322203874588  738290.7515100368
0.025983106344938278 -0.05964745208621025 0.014933398924767971 -0.16454340517520905 0.07562582939863205 -0.4752207398414612  738290.7515101521
0.026367805898189545 -0.05964144691824913 0.014952687546610832 -0.16475211083889008 0.06651079654693604 -0.4752146005630493  738290.7515102791
0.027068005874753 -0.06015259400010109 0.015051904134452343 -0.15367920696735382 0.0408853143453598 -0.4736725687980652  738290.751510383
0.026122648268938065 -0.06118050590157509 0.015430751256644726 -0.13009609282016754 0.05688720941543579 -0.473686546087265  738290.7515104983
0.02604084461927414 -0.059817444533109665 0.015520701184868813 -0.1651683896780014 0.049779314547777176 -0.4711856544017792  738290.7515106138
0.025773901492357254 -0.0598190575838089 0.015587270259857178 -0.16568246483802795 0.050070539116859436 -0.4714527130126953  738290.7515107293
0.02664956822991371 -0.059583403170108795 0.015589147806167603 -0.12626542150974274 0.16153834760189056 -0.5415723323822021  738290.7515108562
0.026544855907559395 -0.06006098911166191 0.015039217658340931 -0.11520999670028687 0.15703843533992767 -0.5409035086631775  738290.7515109717
0.02563105896115303 -0.06022702902555466 0.01504417136311531 -0.11397211998701096 0.16984274983406067 -0.5411351323127747  738290.7515110872
0.025902235880494118 -0.05976227670907974 0.015155711211264133 -0.1290837526321411 0.1548490971326828 -0.5412673354148865  738290.7515112025
0.025902235880494118 -0.05976227670907974 0.015155711211264133 -0.1290837526321411 0.1548490971326828 -0.5412673354148865  738290.751511318
0.026160046458244324 -0.05994236469268799 0.014390939846634865 -0.12413730472326279 0.14125098288059235 -0.5413660407066345  738290.7515114334
0.02519548311829567 -0.05976784601807594 0.014349695295095444 -0.12959039211273193 0.15507842600345612 -0.5397098660469055  738290.7515115489
0.02563774585723877 -0.059597089886665344 0.014367411844432354 -0.13399018347263336 0.1365271657705307 -0.5382885932922363  738290.7515116644
0.02536143735051155 -0.059597477316856384 0.014350533485412598 -0.1349262297153473 0.13618752360343933 -0.5370270609855652  738290.7515117682
0.025089222937822342 -0.05977904796600342 0.014333278872072697 -0.13457441329956055 0.13601063191890717 -0.5366741418838501  738290.7515118952
0.025376103818416595 -0.05931001156568527 0.014114364981651306 -0.19451653957366943 0.0932249054312706 -0.4680560231208801  738290.751511999
0.02541443333029747 -0.05996187403798103 0.014097144827246666 -0.17922857403755188 0.08375820517539978 -0.46821823716163635  738290.7515121144
0.02530772052705288 -0.05963725969195366 0.014072805643081665 -0.18767049908638 0.07783832401037216 -0.4689529836177826  738290.7515122414
0.025205152109265327 -0.05929834768176079 0.014049115590751171 -0.19451826810836792 0.07271131873130798 -0.4688816964626312  738290.7515123453
0.025443660095334053 -0.059293609112501144 0.014046725817024708 -0.19513973593711853 0.05862964689731598 -0.4679079055786133  738290.7515124723
0.025331715121865273 -0.059465132653713226 0.014801986515522003 -0.19518151879310608 0.060195814818143845 -0.4661482870578766  738290.7515125761
0.02470526471734047 -0.059280794113874435 0.014799325726926327 -0.1986490935087204 0.06715890765190125 -0.4654379189014435  738290.7515126916
0.024247340857982635 -0.05927111208438873 0.014804229140281677 -0.19877037405967712 0.06853867322206497 -0.46627259254455566  738290.7515128186
0.02452256716787815 -0.05945402383804321 0.01485154777765274 -0.19351863861083984 0.05317003279924393 -0.466182142496109  738290.7515129341
0.02464905194938183 -0.0594572089612484 0.013738987036049366 -0.19229653477668762 0.042603883892297745 -0.4662865400314331  738290.7515130495
0.024625517427921295 -0.0594128780066967 0.013641683384776115 -0.1486496478319168 0.18116073310375214 -0.5340147614479065  738290.7515131533
0.02433275245130062 -0.05972370505332947 0.01358847040683031 -0.14138399064540863 0.17854587733745575 -0.5344323515892029  738290.7515132803
0.024505864828824997 -0.059415340423583984 0.01356409676373005 -0.14808893203735352 0.16530773043632507 -0.5337810516357422  738290.7515133958
0.02550225704908371 -0.05974699556827545 0.013594431802630424 -0.140310138463974 0.1354842185974121 -0.5332998633384705  738290.7515135112
0.02407512255012989 -0.0594073049724102 0.013661888428032398 -0.14845792949199677 0.1601826697587967 -0.5327251553535461  738290.7515136267
0.02376992627978325 -0.06023861840367317 0.013618397526443005 -0.1289004236459732 0.1571347564458847 -0.5327372550964355  738290.7515137305
0.023992549628019333 -0.05956975370645523 0.013611060567200184 -0.14501532912254333 0.14211933314800262 -0.5315605998039246  738290.7515138575
0.024213556200265884 -0.059575457125902176 0.0136004239320755 -0.14455123245716095 0.13062384724617004 -0.5308381915092468  738290.7515139735
0.023244060575962067 -0.05957444757223129 0.012922285124659538 -0.1433275192975998 0.14615896344184875 -0.5325466394424438  738290.7515141004
0.024030612781643867 -0.05957332253456116 0.012896671891212463 -0.1471821516752243 0.11716284602880478 -0.5294501185417175  738290.7515142389
0.024563074111938477 -0.05950276181101799 0.012820754200220108 -0.10753051936626434 0.2267734706401825 -0.5877150297164917  738290.7515143087
0.024293912574648857 -0.06078547239303589 0.012754232622683048 -0.08091718703508377 0.22571852803230286 -0.5803812742233276  738290.7515144241
0.0241288710385561 -0.05966072902083397 0.009838002733886242 -0.11377648264169693 0.22153347730636597 -0.5929905772209167  738290.7515145511
0.023492304608225822 -0.06048965081572533 0.009600325487554073 -0.09245532006025314 0.23050667345523834 -0.6016207337379456  738290.751514655
0.023734699934720993 -0.06084023416042328 0.009394331835210323 -0.08691737055778503 0.21253161132335663 -0.5947467684745789  738290.7515147704
0.023313334211707115 -0.05999162048101425 0.009168079122900963 -0.10944511741399765 0.21305017173290253 -0.6053109765052795  738290.7515148858
0.02319387160241604 -0.06013292819261551 0.008953467942774296 -0.11997012048959732 0.20776036381721497 -0.6197986602783203  738290.7515150243
0.02421877160668373 -0.06102586165070534 0.005739177111536264 -0.09687081724405289 0.18870052695274353 -0.6841465830802917  738290.7515151167
0.023534908890724182 -0.06107486039400101 0.005349970422685146 -0.10817008465528488 0.19638022780418396 -0.7779775261878967  738290.7515152552
0.023457691073417664 -0.062024038285017014 0.0049722869880497456 -0.05431193858385086 0.13650716841220856 -0.8203558325767517  738290.7515153707
0.025297505781054497 -0.06345164775848389 0.0048696123994886875 0.006838036235421896 0.2186179906129837 -0.8488853573799133  738290.7515154745
0.02368328720331192 -0.06385146826505661 0.004670603666454554 0.022756749764084816 0.2650182545185089 -0.7553189992904663  738290.7515155784
0.023407798260450363 -0.06380053609609604 0.004393910523504019 -0.004870113451033831 0.23568497598171234 -0.6602073907852173  738290.751515717
0.023425759747624397 -0.06554871797561646 0.004082872532308102 0.0976150706410408 0.30874621868133545 -0.5478272438049316  738290.7515158093
0.02308753691613674 -0.06671958416700363 0.0036918409168720245 0.06264577805995941 0.1986643224954605 -0.46337607502937317  738290.7515159363
0.02289767377078533 -0.06675570458173752 0.0033950305078178644 -0.03564291447401047 0.22043336927890778 -0.3374441862106323  738290.7515160402
0.022556569427251816 -0.0670713260769844 0.004630956333130598 0.01927475444972515 0.05340214818716049 -0.21289174258708954  738290.7515161557
0.0201424527913332 -0.07010791450738907 0.004167479462921619 0.184715136885643 0.22164365649223328 -0.11407673358917236  738290.7515162828
0.01880234107375145 -0.07049382477998734 0.0037923716008663177 0.05537324398756027 0.27602627873420715 -0.04836505651473999  738290.7515163982
0.017427794635295868 -0.07072870433330536 0.0034264004789292812 0.10926153510808945 0.2997448742389679 0.02206294983625412  738290.7515165252
0.018920399248600006 -0.06928593665361404 0.003702444490045309 0.1968747228384018 0.5484381914138794 0.0848405510187149  738290.7515166411
0.018014557659626007 -0.06978125125169754 0.0033792261965572834 0.15358702838420868 0.4538026452064514 0.16358982026576996  738290.7515167444
0.01878609135746956 -0.07039818167686462 0.0031864673364907503 0.09006693214178085 0.39928483963012695 0.2365754097700119  738290.7515168599
0.018339060246944427 -0.07174819707870483 0.002893163589760661 0.1985941082239151 0.45781582593917847 0.28647032380104065  738290.7515169752
0.017859024927020073 -0.07222530245780945 0.002646369393914938 0.06824356317520142 0.4027702212333679 0.37794920802116394  738290.7515170907
0.017419395968317986 -0.07490145415067673 0.002533142687752843 0.05148898810148239 0.37574565410614014 0.4856858253479004  738290.7515172062
0.016580918803811073 -0.07586144655942917 0.002280902350321412 0.06721963733434677 0.3821645677089691 0.5930330753326416  738290.7515173216
0.015534264035522938 -0.07629448920488358 0.0020873185712844133 0.002469508908689022 0.4129014313220978 0.6937364339828491  738290.751517437
0.0153543995693326 -0.07606640458106995 0.002047784859314561 -0.22384530305862427 0.561713695526123 0.7792143225669861  738290.7515175524
0.01586128957569599 -0.07823212444782257 0.0015344745479524136 -0.5090621113777161 0.6975110173225403 0.81857830286026  738290.751517691
0.014457055367529392 -0.07705134153366089 0.0013690274208784103 -0.9312740564346313 0.6358314752578735 0.8870475888252258  738290.7515177833
0.013526616618037224 -0.0793490782380104 0.0010704455198720098 -1.1221880912780762 0.4533993899822235 0.9463487267494202  738290.7515178988
0.01285565085709095 -0.07989556342363358 0.0009246532572433352 -1.1676738262176514 0.1954764574766159 1.0434200763702393  738290.7515180144
0.013514827005565166 -0.08074578642845154 0.000874915742315352 -1.1890040636062622 -0.1020030602812767 1.1045958995819092  738290.7515181181
0.013492364436388016 -0.08101319521665573 0.0004748908104375005 -1.1742451190948486 -0.42762428522109985 1.1631227731704712  738290.7515182451
0.008052049204707146 -0.08302736282348633 -2.532158396206796e-05 -1.1034915447235107 -0.5742528438568115 1.2332408428192139  738290.7515183489
0.007236333563923836 -0.08427745848894119 -0.0002740453346632421 -1.0257749557495117 -0.6857913732528687 1.2869960069656372  738290.7515184759
0.006472542881965637 -0.08495865762233734 -0.00047943071695044637 -1.1314293146133423 -0.6624671816825867 1.3663644790649414  738290.7515185913
0.009221970103681087 -0.08586051315069199 -0.0002179823350161314 -1.2561759948730469 -0.620078980922699 1.4345624446868896  738290.7515187183
0.008993126451969147 -0.08663805574178696 -0.0004034966113977134 -1.4234851598739624 -0.3612329959869385 1.505555510520935  738290.7515188458
0.011329298838973045 -0.08334779739379883 -0.00018445472232997417 -1.5675668716430664 -0.24007219076156616 1.5955381393432617  738290.7515189837
0.011516495607793331 -0.08400147408246994 -0.0003118599997833371 -1.8742936849594116 -0.09411768615245819 1.6496418714523315  738290.751519053
0.012071868404746056 -0.08441100269556046 -0.00040381416329182684 -2.205907106399536 -0.0032503337133675814 1.6930588483810425  738290.75151918
0.011801576241850853 -0.08486003428697586 7.279060810105875e-05 -2.40375018119812 -0.017643369734287262 1.7299882173538208  738290.7515192841
0.01348462700843811 -0.08519089221954346 9.11984097911045e-05 -2.2818572521209717 -0.01493089646100998 1.7816481590270996  738290.7515193995
0.014237122610211372 -0.08387445658445358 0.00012450326175894588 -2.0773584842681885 -0.09425517916679382 1.8565644025802612  738290.751519538
0.01435301173478365 -0.08266177028417587 0.0001278989511774853 -1.7435669898986816 -0.22724665701389313 1.9201639890670776  738290.7515196303
0.01527176983654499 -0.08127343654632568 7.108984573278576e-05 -1.500555157661438 -0.45600250363349915 1.99116051197052  738290.7515197461
0.015486354939639568 -0.07933061569929123 1.9357557903276756e-05 -1.4210270643234253 -0.7026793360710144 2.0548179149627686  738290.7515198615
0.0160076767206192 -0.07807469367980957 -5.036488437326625e-05 -1.4693866968154907 -0.8211734890937805 2.136287212371826  738290.7515199885
0.018376663327217102 -0.07429617643356323 0.00025110453134402633 -1.5772792100906372 -0.7160133123397827 2.1430490016937256  738290.751520116
0.018004605546593666 -0.07328953593969345 0.00015314429765567183 -1.9062532186508179 -0.5041559934616089 2.2044055461883545  738290.7515202083
0.01766326278448105 -0.07237850874662399 2.1131712856004015e-05 -2.1677699089050293 -0.26072922348976135 2.2615957260131836  738290.7515203353
0.014870570972561836 -0.07068527489900589 -0.0001463948719901964 -2.380222797393799 -0.00372434058226645 2.3042049407958984  738290.7515204393
0.018485037609934807 -0.06776107102632523 -0.0004103739629499614 -2.511390209197998 0.02297276072204113 2.312255382537842  738290.7515205547
0.019108016043901443 -0.06673319637775421 -0.0005766708636656404 -2.466193914413452 -0.03678632155060768 2.3236122131347656  738290.7515206703
0.020433008670806885 -0.06534144282341003 -0.0005117799737490714 -2.144805908203125 -0.22895672917366028 2.3146700859069824  738290.7515207856
0.022500839084386826 -0.060350436717271805 -0.0011550025083124638 -1.72648286819458 -0.48055046796798706 2.2878689765930176  738290.7515209011
0.024894757196307182 -0.057368773967027664 -0.001672504236921668 -1.1178337335586548 -0.6222372055053711 2.2763829231262207  738290.7515210165
0.026881638914346695 -0.053247056901454926 -0.00245123659260571 -0.5771254301071167 -0.7636314630508423 2.2440853118896484  738290.751521155
0.028340505436062813 -0.05184488371014595 -0.0022204339038580656 -0.1913628876209259 -0.866720974445343 2.2612884044647217  738290.7515212474
0.029434898868203163 -0.04930943250656128 -0.0012986805522814393 0.31104084849357605 -0.9270922541618347 2.279878616333008  738290.7515213629
0.03243903070688248 -0.045919694006443024 -0.0019242962589487433 0.5401577353477478 -0.9680069088935852 2.3672378063201904  738290.7515214783
0.03360163792967796 -0.04471171274781227 -0.002049853093922138 0.37298962473869324 -0.9474474787712097 2.515195846557617  738290.7515215938
0.036390431225299835 -0.043446168303489685 -0.0023398208431899548 -0.08789805322885513 -0.969344437122345 2.658712148666382  738290.7515217091
0.03819303587079048 -0.0430535189807415 -0.001441665692254901 -0.525057852268219 -0.8830395936965942 2.7171857357025146  738290.7515218362
0.04061245173215866 -0.04490434378385544 -0.0011125784367322922 -0.7479531168937683 -0.7222117781639099 2.6893467903137207  738290.75152194
0.041320327669382095 -0.04523196071386337 -0.000761255738325417 -0.839889407157898 -0.5224983096122742 2.55070161819458  738290.7515220555
0.04190598428249359 -0.04549718648195267 -0.0003379702102392912 -0.7776690721511841 -0.25796744227409363 2.346842050552368  738290.7515221708
0.04367050155997276 -0.047090403735637665 0.00016974327445495874 -0.4874134361743927 0.023285873234272003 2.0720505714416504  738290.7515222863
0.04292643070220947 -0.04713578522205353 0.000563691952265799 -0.2232973724603653 0.29748839139938354 1.8340933322906494  738290.7515224017
0.040285877883434296 -0.05185846611857414 0.0019050135742872953 0.4503074586391449 0.6350899338722229 1.503090262413025  738290.7515225402
0.040253229439258575 -0.05224485695362091 0.0025134063325822353 1.062240481376648 0.9725372195243835 1.2109347581863403  738290.7515226327
0.03989153355360031 -0.05211600661277771 0.003134054597467184 1.6213817596435547 1.3673495054244995 0.9582778215408325  738290.751522748
0.0394357405602932 -0.053407374769449234 0.0023473103065043688 2.0792887210845947 1.8027435541152954 0.749476969242096  738290.7515228635
0.03756200894713402 -0.05357770994305611 0.002905895933508873 2.325181484222412 2.224025249481201 0.5967922806739807  738290.7515229904
0.039994120597839355 -0.05442587286233902 0.003422104986384511 2.4669933319091797 2.4874894618988037 0.49614855647087097  738290.7515231059
0.03885640203952789 -0.05386987701058388 0.003957590088248253 2.4892685413360596 2.686619520187378 0.4172693192958832  738290.7515232222
0.04244926571846008 -0.05413755029439926 0.004517767578363419 2.4134860038757324 2.744495391845703 0.3744969964027405  738290.7515233377
0.04178086295723915 -0.056902021169662476 0.003190187271684408 2.340233325958252 2.9342191219329834 0.32500317692756653  738290.751523453
0.038276657462120056 -0.0625215545296669 0.0036883880384266376 2.2174391746520996 3.3706347942352295 0.2616692781448364  738290.75152358
0.037296295166015625 -0.06317716836929321 0.004051409661769867 2.03808331489563 3.556236982345581 0.24588829278945923  738290.7515237186
0.034848764538764954 -0.06923922896385193 0.0036419229581952095 1.9853081703186035 3.6769936084747314 0.24427887797355652  738290.7515237995
0.03377969563007355 -0.0711793452501297 0.002267122268676758 1.8662368059158325 3.7632501125335693 0.25102391839027405  738290.7515239149
0.030565980821847916 -0.07724818587303162 0.001625328790396452 1.8344260454177856 3.8369686603546143 0.2629353106021881  738290.751524042
0.029844915494322777 -0.0794587954878807 0.0016860130708664656 1.6980966329574585 3.7605204582214355 0.2943544387817383  738290.7515241342
0.02822735905647278 -0.0832788497209549 0.0012880784925073385 1.5827481746673584 3.670194625854492 0.34551551938056946  738290.7515242611
0.027147814631462097 -0.08424719423055649 0.0015927809290587902 1.3832838535308838 3.551081657409668 0.3877871036529541  738290.751524365
0.02154664136469364 -0.09018316864967346 -8.37485131341964e-05 1.2749302387237549 3.4781439304351807 0.42673924565315247  738290.7515244919
0.01959834061563015 -0.09319362044334412 -0.00030620460165664554 1.0884689092636108 3.361604690551758 0.4925474226474762  738290.751524619
0.017736241221427917 -0.09313569217920303 -0.00013263143773656338 0.8675786852836609 3.467059850692749 0.4609013497829437  738290.7515247228
0.017542490735650063 -0.09407702088356018 0.0006874603568576276 0.48490673303604126 3.226907253265381 0.540188729763031  738290.7515248499
0.016789382323622704 -0.09346948564052582 0.0015421188436448574 0.009317634627223015 3.005897283554077 0.6405047178268433  738290.7515249538
0.01441089529544115 -0.09291434288024902 0.002131321234628558 -0.5281610488891602 2.8238887786865234 0.760626494884491  738290.7515250691
0.011860777623951435 -0.0941898375749588 0.0023798933252692223 -1.0156896114349365 2.52726411819458 0.8979122042655945  738290.7515251846
0.0099024698138237 -0.09379434585571289 0.003047719830647111 -1.576573371887207 2.207033157348633 1.0377751588821411  738290.7515252884
0.011765793897211552 -0.09438877552747726 0.004546349868178368 -2.0456631183624268 1.7764273881912231 1.18596613407135  738290.7515254155
0.009150885976850986 -0.09051679819822311 0.005178583785891533 -2.5275673866271973 1.4755223989486694 1.3295425176620483  738290.7515255308
0.0071080406196415424 -0.09148814529180527 0.00569359352812171 -2.686563730239868 1.2992838621139526 1.4790490865707397  738290.7515256463
0.009647689759731293 -0.09244485944509506 0.007095308043062687 -2.7121596336364746 1.1148213148117065 1.6241629123687744  738290.751525785
0.010179370641708374 -0.0910693034529686 0.0084491316229105 -2.7643754482269287 0.8420498967170715 1.7542308568954468  738290.7515258773
0.011049074120819569 -0.09036201238632202 0.01019218284636736 -2.565423011779785 0.6683212518692017 1.8664079904556274  738290.7515259928
0.01534981932491064 -0.08724731206893921 0.011707103811204433 -2.3356399536132812 0.4085615873336792 1.9817882776260376  738290.7515261081
0.012194056063890457 -0.08887533843517303 0.012363354675471783 -1.9841715097427368 0.21153846383094788 2.077190637588501  738290.7515262235
0.011352632194757462 -0.08990869671106339 0.013230487704277039 -1.6073517799377441 -0.04319141432642937 2.167551279067993  738290.7515263505
0.008494213223457336 -0.09105397760868073 0.013874429278075695 -1.2342381477355957 -0.19170860946178436 2.279458999633789  738290.7515264543
0.006878363899886608 -0.09205199033021927 0.01512829214334488 -0.9090309143066406 -0.3970226049423218 2.3725695610046387  738290.7515265588
0.00477281678467989 -0.09330254048109055 0.01590164192020893 -0.6730486750602722 -0.6079755425453186 2.4505960941314697  738290.7515266857
0.0037334898952394724 -0.0941692441701889 0.01679041050374508 -0.5388267040252686 -0.8264575600624084 2.5375046730041504  738290.7515268011
0.0016157480422407389 -0.09513651579618454 0.01753043383359909 -0.48797258734703064 -1.051697850227356 2.5928237438201904  738290.7515269282
0.0009381282143294811 -0.09427747875452042 0.019089244306087494 -0.5357120633125305 -0.9876583218574524 2.646454334259033  738290.751527032
-0.0016686818562448025 -0.0956963449716568 0.019817320629954338 -0.6351086497306824 -1.0449734926223755 2.7153632640838623  738290.7515271475
-0.0038900915533304214 -0.09683027863502502 0.020716281607747078 -0.7589613199234009 -1.1362797021865845 2.783583164215088  738290.7515272629
-0.004916335456073284 -0.09748198837041855 0.02170749567449093 -0.9893767237663269 -1.2035555839538574 2.8537099361419678  738290.7515273783
-0.006621220149099827 -0.0993022546172142 0.022541014477610588 -1.119183897972107 -1.1891484260559082 2.9353702068328857  738290.7515274937
-0.007616352289915085 -0.09967969357967377 0.02459181845188141 -1.2158135175704956 -1.1072759628295898 3.0204811096191406  738290.7515276092
-0.009371577762067318 -0.10120242089033127 0.025597361847758293 -1.3014105558395386 -0.9581271409988403 3.1302900314331055  738290.7515277246
-0.010101758874952793 -0.10135609656572342 0.026832569390535355 -1.4056285619735718 -0.9134074449539185 3.2255475521087646  738290.7515278399
-0.01119857095181942 -0.10404852032661438 0.027890101075172424 -1.4498255252838135 -0.8263462781906128 3.3260390758514404  738290.7515279554
-0.012192546389997005 -0.10424366593360901 0.03068157285451889 -1.4592922925949097 -0.723098635673523 3.4196341037750244  738290.7515280708
-0.010372381657361984 -0.10323759913444519 0.03224177658557892 -1.552545428276062 -0.9706611037254333 3.5987637042999268  738290.7515281865
-0.010933061130344868 -0.10396347939968109 0.03357858210802078 -1.6185188293457031 -0.9918462634086609 3.6620774269104004  738290.7515283019
-0.01189490221440792 -0.10507725924253464 0.03485964611172676 -1.6751240491867065 -0.9849855899810791 3.7362921237945557  738290.7515284173
-0.011940534226596355 -0.10605726391077042 0.03627545386552811 -1.6960290670394897 -0.9978174567222595 3.788008689880371  738290.7515285444
-0.012973307631909847 -0.10659471899271011 0.038683779537677765 -1.7684521675109863 -0.9790990352630615 3.829926013946533  738290.7515286483
-0.013401658274233341 -0.10685703158378601 0.04010212793946266 -1.8836990594863892 -1.0624440908432007 3.872954845428467  738290.7515287752
-0.014287861064076424 -0.10729413479566574 0.04144374653697014 -1.9782514572143555 -1.1226435899734497 3.91682505607605  738290.7515288792
-0.01331746019423008 -0.10272248089313507 0.043136972934007645 -2.065762758255005 -1.1591895818710327 3.955199718475342  738290.7515289945
-0.0118064284324646 -0.10421603173017502 0.04559358209371567 -2.01884126663208 -1.131801962852478 4.013243675231934  738290.75152911
-0.014232616871595383 -0.10936654359102249 0.04687229171395302 -1.9233521223068237 -1.073439598083496 4.067018985748291  738290.7515292255
-0.012626145035028458 -0.10772530734539032 0.04843173176050186 -1.9185361862182617 -1.1630417108535767 4.158177852630615  738290.7515293409
-0.013246247544884682 -0.1080426275730133 0.049733951687812805 -1.8023436069488525 -1.0148863792419434 4.206907749176025  738290.751529468
-0.011753399856388569 -0.10889662057161331 0.051152780652046204 -1.6359772682189941 -0.902764081954956 4.26008415222168  738290.7515295832
-0.011652173474431038 -0.10953618586063385 0.05317087098956108 -1.540279507637024 -0.849105179309845 4.305074214935303  738290.7515296872
-0.011665359139442444 -0.10991749167442322 0.05448466166853905 -1.5100542306900024 -0.8334052562713623 4.352459907531738  738290.7515298141
-0.012071219272911549 -0.11017009615898132 0.05576770380139351 -1.4677164554595947 -0.803176760673523 4.394363880157471  738290.751529918
-0.011702470481395721 -0.11038476228713989 0.057069331407547 -1.4124724864959717 -0.756034255027771 4.434130668640137  738290.7515300335
-0.012041707523167133 -0.11058548837900162 0.058184124529361725 -1.4214661121368408 -0.7057825326919556 4.486746311187744  738290.7515301489
-0.01074514351785183 -0.11111968755722046 0.05944734439253807 -1.4246498346328735 -0.6456889510154724 4.553096294403076  738290.7515302874
-0.01029637549072504 -0.1113186925649643 0.06068997085094452 -1.3881856203079224 -0.46955376863479614 4.6327104568481445  738290.7515304144
-0.008954867720603943 -0.10915005952119827 0.062144145369529724 -1.3614946603775024 -0.27936235070228577 4.759188652038574  738290.7515305068
-0.008435136638581753 -0.10931514203548431 0.06339126825332642 -1.3116281032562256 -0.0631588026881218 4.864482879638672  738290.7515306107
-0.008285983465611935 -0.10962285101413727 0.06523675471544266 -1.2784518003463745 0.12450995296239853 4.974510192871094  738290.7515307376
-0.00774068757891655 -0.10987850278615952 0.06647656112909317 -1.2670199871063232 0.35620635747909546 5.095829486846924  738290.751530853
-0.007837008684873581 -0.10992303490638733 0.06769388169050217 -1.2568974494934082 0.6104439496994019 5.225724220275879  738290.7515309583
-0.006887712050229311 -0.10974139720201492 0.06891724467277527 -1.3472566604614258 0.7706454992294312 5.351452350616455  738290.7515311199
-0.006885161157697439 -0.10952547192573547 0.06964827328920364 -1.4865028858184814 0.9555975198745728 5.479518890380859  738290.7515314086
-0.0066144270822405815 -0.10981027036905289 0.07079484313726425 -1.580348014831543 1.180282473564148 5.6042890548706055  738290.7515314779
-0.006945236120373011 -0.10990114510059357 0.07191979885101318 -1.614440679550171 1.4823403358459473 5.735105991363525  738290.751531524
-0.007111730054020882 -0.11012490093708038 0.07302161306142807 -1.6570786237716675 1.798305630683899 5.884622097015381  738290.7515315589
-0.0046312217600643635 -0.10797437280416489 0.07422558218240738 -1.6295686960220337 1.8227646350860596 6.026660919189453  738290.7515316509
-0.004342014901340008 -0.10780872404575348 0.07476893067359924 -1.651944875717163 2.0999534130096436 6.187055587768555  738290.7515317902
-0.004487547557801008 -0.10786629468202591 0.07574975490570068 -1.6914057731628418 2.306074619293213 6.366766452789307  738290.7515318942
-0.004608505871146917 -0.10769613832235336 0.07669074088335037 -1.8164253234863281 2.4557509422302246 6.541781902313232  738290.7515320211
-0.005463581532239914 -0.10808137059211731 0.07757461816072464 -1.8808811902999878 2.649122476577759 6.7139573097229  738290.7515321135
-0.005849928595125675 -0.1081598550081253 0.07508448511362076 -1.9661959409713745 2.863633394241333 6.905080795288086  738290.7515322289
-0.00438931118696928 -0.10772950202226639 0.07586800307035446 -1.981458306312561 3.0867395401000977 7.089321613311768  738290.7515323444
-0.004781252238899469 -0.10744551569223404 0.07649922370910645 -2.012622117996216 3.3613381385803223 7.289438724517822  738290.7515324829
-0.00514212716370821 -0.1073489561676979 0.07711181044578552 -2.060969352722168 3.608510732650757 7.499302387237549  738290.7515325752
-0.005895859096199274 -0.10711505264043808 0.07763920724391937 -2.07820463180542 3.9535927772521973 7.717055320739746  738290.7515327022
-0.004774249158799648 -0.10459381341934204 0.07639206200838089 -2.4790854454040527 4.209237575531006 8.082755088806152  738290.7515328176
-0.0049573685973882675 -0.1042516678571701 0.07683567702770233 -2.581202983856201 4.588840961456299 8.332113265991211  738290.7515329216
-0.005518447142094374 -0.10376665741205215 0.07719304412603378 -2.711890697479248 4.918742656707764 8.585196495056152  738290.7515330369
-0.006511720363050699 -0.10409209132194519 0.07753173261880875 -2.8194282054901123 5.27445650100708 8.85904312133789  738290.7515331524
-0.00712928082793951 -0.10368119180202484 0.07695846259593964 -3.020134687423706 5.584643840789795 9.200448036193848  738290.7515332678
-0.007819724269211292 -0.1036013588309288 0.07720083743333817 -3.202803611755371 5.722004413604736 9.517165184020996  738290.7515333948
-0.009129163809120655 -0.10326498001813889 0.07726642489433289 -3.42551589012146 5.889825820922852 9.834977149963379  738290.7515335103
-0.01018544752150774 -0.10269815474748611 0.07731939107179642 -3.6417768001556396 6.072924613952637 10.170622825622559  738290.7515336256
-0.010254100896418095 -0.10330675542354584 0.07779379934072495 -3.748460054397583 6.241462230682373 10.508158683776855  738290.7515337411
-0.011276877485215664 -0.10304010659456253 0.07769518345594406 -3.880842924118042 6.480187892913818 10.884095191955566  738290.7515338565
-0.010991640388965607 -0.10124161094427109 0.07803134620189667 -4.385217666625977 6.582795143127441 11.22626781463623  738290.751533972
-0.013073145411908627 -0.09975718706846237 0.07764335721731186 -4.5547943115234375 6.747702121734619 11.626484870910645  738290.7515340877
-0.012143701314926147 -0.10173915326595306 0.07894693315029144 -4.5693511962890625 6.814260959625244 12.004755020141602  738290.7515342032
-0.01333907712250948 -0.10147633403539658 0.07789678126573563 -4.629627704620361 6.927491664886475 12.417229652404785  738290.7515343186
-0.015257233753800392 -0.10075949132442474 0.07762926071882248 -4.721339225769043 6.966041088104248 12.81324577331543  738290.751534434
-0.01716131530702114 -0.10072582215070724 0.07743366807699203 -4.73725700378418 7.009500026702881 13.205071449279785  738290.7515345494
-0.019341735169291496 -0.09982801228761673 0.07701215147972107 -4.7686448097229 7.110479354858398 13.621230125427246  738290.751534665
-0.02182106487452984 -0.09918875247240067 0.07649162411689758 -4.863516807556152 7.190867900848389 14.033169746398926  738290.7515347804
-0.02443782053887844 -0.09844551980495453 0.07453013211488724 -4.954337120056152 7.325355052947998 14.462726593017578  738290.7515348957
-0.028328876942396164 -0.09808610379695892 0.07347572594881058 -5.0287251472473145 7.557158470153809 14.896881103515625  738290.7515350112
-0.029178112745285034 -0.09523961693048477 0.07334291189908981 -5.3428874015808105 7.746309280395508 15.352669715881348  738290.7515351383
-0.03259822353720665 -0.09474539011716843 0.07242850959300995 -5.358511447906494 8.174036979675293 15.828813552856445  738290.7515352421
-0.03491426259279251 -0.09442489594221115 0.07131554186344147 -5.408499240875244 8.605626106262207 16.30855369567871  738290.751535369
-0.039351485669612885 -0.09268593043088913 0.06980232894420624 -5.551339626312256 9.121341705322266 16.801122665405273  738290.7515354614
-0.04262947663664818 -0.09234756231307983 0.06912345439195633 -5.7390217781066895 9.694212913513184 17.3126220703125  738290.7515355884
-0.04683883488178253 -0.09168040752410889 0.06783824414014816 -5.955449104309082 10.405204772949219 17.842267990112305  738290.7515357038
-0.05049870163202286 -0.09121228754520416 0.06706520169973373 -6.216611385345459 11.196967124938965 18.39858627319336  738290.7515358077
-0.05489461496472359 -0.09084479510784149 0.06422560662031174 -6.499430179595947 12.093542098999023 18.975046157836914  738290.7515359347
-0.058816585689783096 -0.09054770320653915 0.06337399780750275 -6.724685192108154 13.058457374572754 19.575481414794922  738290.751536062
-0.06475355476140976 -0.08983860909938812 0.06094450503587723 -6.953726291656494 14.17900562286377 20.214426040649414  738290.751536166
-0.06838755309581757 -0.08592459559440613 0.06017906218767166 -7.90090799331665 15.424924850463867 20.952150344848633  738290.7515362813
-0.07513999193906784 -0.08451590687036514 0.05872808396816254 -8.289074897766113 16.733415603637695 21.699552536010742  738290.7515363968
-0.08096902817487717 -0.0834316536784172 0.05679704248905182 -8.827520370483398 18.09002685546875 22.51020622253418  738290.7515365122
-0.08764743059873581 -0.08251094073057175 0.05407646298408508 -9.421464920043945 19.524070739746094 23.39255142211914  738290.7515366276
-0.09425465762615204 -0.08144249022006989 0.051537416875362396 -10.074881553649902 21.07280921936035 24.376235961914062  738290.7515367431
-0.10149740427732468 -0.0806221067905426 0.0481502003967762 -10.784993171691895 22.699426651000977 25.431655883789062  738290.7515368585
-0.11135247349739075 -0.07910928875207901 0.05084497481584549 -11.483549118041992 24.34001350402832 26.562171936035156  738290.751536974
-0.1206127405166626 -0.0781058743596077 0.04597822576761246 -12.189203262329102 26.089595794677734 27.800264358520508  738290.7515370894
-0.12878632545471191 -0.07725217938423157 0.043161019682884216 -12.913009643554688 27.906843185424805 29.15941047668457  738290.7515372048
-0.1379559189081192 -0.07578574866056442 0.03829832375049591 -13.707132339477539 29.683454513549805 30.58915138244629  738290.7515373202
-0.14500397443771362 -0.06938479840755463 0.03649130091071129 -14.969366073608398 31.08603286743164 31.113569259643555  738290.7515374357
-0.15488243103027344 -0.06879422813653946 0.03272334486246109 -15.737902641296387 32.97602081298828 32.76289367675781  738290.751537551
-0.1658896952867508 -0.06678066402673721 0.026562970131635666 -16.508256912231445 34.86979675292969 34.52919006347656  738290.7515376784
-0.17630800604820251 -0.06690870970487595 0.02401786670088768 -17.239944458007812 36.76839065551758 36.37418746948242  738290.7515377823
-0.1881454586982727 -0.0650128722190857 0.015183048322796822 -18.047019958496094 38.79253387451172 38.42278289794922  738290.7515378977
-0.20865663886070251 -0.0628865510225296 0.017496051266789436 -18.84844970703125 40.85847854614258 40.59401321411133  738290.7515380131
-0.22278504073619843 -0.060491181910037994 0.00846986286342144 -19.74890899658203 42.849674224853516 42.90380096435547  738290.7515381286
-0.23605681955814362 -0.06174388527870178 0.005864073522388935 -19.144311904907227 44.52996826171875 44.4468879699707  738290.7515382441
-0.2503705322742462 -0.06470924615859985 0.008465352468192577 -12.738353729248047 45.70252990722656 42.566802978515625  738290.751538371
-0.2702931761741638 -0.07183200120925903 0.01994338631629944 -5.669138431549072 46.96044921875 39.7188606262207  738290.7515384865
-0.27929821610450745 -0.06076102331280708 0.018211819231510162 0.05244143307209015 48.330928802490234 34.979888916015625  738290.7515385903
-0.29447126388549805 -0.06439661234617233 0.01980731636285782 7.158243179321289 48.86003112792969 31.961889266967773  738290.7515387058
-0.3130965828895569 -0.0667368471622467 0.021135201677680016 8.76505184173584 50.25362777709961 32.78785705566406  738290.7515388211
-0.33149024844169617 -0.06952278316020966 0.02027346007525921 2.5152053833007812 53.04729080200195 39.76155090332031  738290.7515389482
-0.3559189736843109 -0.07103091478347778 0.021717503666877747 -3.8070766925811768 55.42547607421875 47.488746643066406  738290.7515390521
-0.3761773407459259 -0.07465824484825134 0.01886618137359619 -9.246644973754883 57.316261291503906 54.752315521240234  738290.751539179
-0.39660272002220154 -0.07931621372699738 0.017930148169398308 -9.10180377960205 58.93951416015625 57.45332336425781  738290.751539283
-0.416039377450943 -0.08688607811927795 0.018132565543055534 -8.323531150817871 60.66841506958008 58.977142333984375  738290.7515393985
-0.43744128942489624 -0.09900292754173279 0.03509511798620224 -7.188288688659668 62.110103607177734 60.0588264465332  738290.7515395485
-0.4605787992477417 -0.10530273616313934 0.03147318959236145 -6.589148998260498 63.2934455871582 61.34037399291992  738290.7515396408
-0.466183066368103 -0.10465053468942642 0.030263150110840797 -3.702159881591797 64.13798522949219 58.567405700683594  738290.7515397447
-0.48859313130378723 -0.11266110092401505 0.02809241972863674 -0.8464704751968384 63.52590560913086 57.248008728027344  738290.7515398717
-0.5110795497894287 -0.12144970148801804 0.026657817885279655 -0.15787261724472046 62.11156463623047 57.22705078125  738290.7515399872
-0.5331889986991882 -0.13096541166305542 0.03269920498132706 -1.8266328573226929 58.79041290283203 58.79508972167969  738290.7515401025
-0.5524760484695435 -0.14108960330486298 0.03469754010438919 -3.144084930419922 55.675537109375 60.2807731628418  738290.751540218
-0.5742666125297546 -0.14942944049835205 0.037586115300655365 -0.6906574368476868 53.41914749145508 58.59645080566406  738290.7515403334
-0.5910212993621826 -0.16124188899993896 0.04571855813264847 2.97165846824646 51.45880126953125 55.5360107421875  738290.7515404489
-0.6009504199028015 -0.1728144884109497 0.044459324330091476 5.061563014984131 49.73735046386719 53.705108642578125  738290.7515405642
-0.6208367347717285 -0.18140695989131927 0.04982365667819977 2.4680519104003906 48.52128219604492 55.0764045715332  738290.7515406797
-0.637641191482544 -0.19812624156475067 0.05372052639722824 3.0193498134613037 48.0417366027832 54.296592712402344  738290.7515407951
-0.6424131989479065 -0.20960718393325806 0.05901676043868065 3.36491322517395 49.31500244140625 53.61433029174805  738290.7515409221
-0.6632729172706604 -0.22703193128108978 0.06466185301542282 4.147090911865234 49.23154067993164 52.17998504638672  738290.7515410144
-0.6783940196037292 -0.23515105247497559 0.054371993988752365 4.570321083068848 49.31618118286133 51.08310317993164  738290.7515411415
-0.7052090167999268 -0.245541512966156 0.058807194232940674 4.869680881500244 49.15633773803711 49.959651947021484  738290.7515412569
-0.7329505681991577 -0.25709524750709534 0.06391778588294983 4.245072364807129 49.10856246948242 49.387481689453125  738290.7515413723
-0.7571601271629333 -0.2759155035018921 0.06909652054309845 4.634646892547607 50.15969467163086 48.063480377197266  738290.7515414763
-0.768164873123169 -0.2847803235054016 0.05953158065676689 5.432083606719971 51.64568328857422 46.1138916015625  738290.7515416031
-0.7939156889915466 -0.30146417021751404 0.06182458996772766 5.886640548706055 52.693641662597656 44.43680953979492  738290.7515417186
-0.819267213344574 -0.32104307413101196 0.06483146548271179 5.09788703918457 52.59761428833008 43.43817901611328  738290.751541834
-0.8490847945213318 -0.33745768666267395 0.0714205875992775 3.5297298431396484 52.08114242553711 42.901363372802734  738290.7515419379
-0.8447908163070679 -0.34076833724975586 0.07229041308164597 2.9167873859405518 53.263248443603516 41.71639633178711  738290.751542065
-0.8610419034957886 -0.3483848571777344 0.05919842794537544 4.137713432312012 53.19197082519531 38.63336944580078  738290.751542192
-0.8921487331390381 -0.36177122592926025 0.06737160682678223 3.7988390922546387 51.76533508300781 36.4876708984375  738290.7515423073
-0.9217150807380676 -0.37926653027534485 0.07767278701066971 3.253070592880249 50.541465759277344 34.65352249145508  738290.7515424112
-0.9523792862892151 -0.39771223068237305 0.09033633023500443 2.706955909729004 49.88145446777344 33.10093307495117  738290.7515425151
-0.9644069075584412 -0.40274500846862793 0.07678955793380737 3.0755093097686768 50.513484954833984 30.748334884643555  738290.7515426652
-0.9968824982643127 -0.4147113859653473 0.08169887959957123 3.2860629558563232 51.262168884277344 28.530582427978516  738290.7515427576
-1.0267311334609985 -0.43816840648651123 0.08178318291902542 3.0229945182800293 52.017913818359375 26.698078155517578  738290.7515428845
-1.0595892667770386 -0.4571378827095032 0.08542925119400024 1.809129238128662 52.159393310546875 25.600988388061523  738290.7515429885
-1.0916597843170166 -0.4819847643375397 0.09040437638759613 1.2923104763031006 52.11113739013672 23.915616989135742  738290.7515431038
-1.058119297027588 -0.4621335566043854 0.07360526919364929 -0.4300522208213806 52.81319808959961 23.206451416015625  738290.7515432197
-1.0913814306259155 -0.48294344544410706 0.06765636056661606 0.1388939917087555 52.76457595825195 20.628604888916016  738290.7515433347
-1.1271322965621948 -0.48201555013656616 0.10942786931991577 -1.5803759098052979 51.220062255859375 19.86163330078125  738290.7515434503
-1.1609212160110474 -0.5008434653282166 0.11607597768306732 -1.5318759679794312 50.66002655029297 17.781841278076172  738290.7515435655
-1.1713197231292725 -0.49166250228881836 0.09369543939828873 -1.1218013763427734 50.89081954956055 15.513111114501953  738290.751543681
-1.2043590545654297 -0.5060416460037231 0.10083498805761337 -1.9516897201538086 51.18186569213867 14.510421752929688  738290.7515437964
-1.2384588718414307 -0.525306224822998 0.1081901490688324 -1.9064141511917114 51.73532485961914 12.894651412963867  738290.7515439119
-1.2742453813552856 -0.5408244729042053 0.1136707291007042 -2.0818076133728027 52.3633918762207 11.512537002563477  738290.7515440274
-1.3109914064407349 -0.5567923784255981 0.12060508877038956 -3.462249279022217 52.11653137207031 11.038514137268066  738290.7515441427
-1.3136749267578125 -0.5364800095558167 0.09804129600524902 -4.3301239013671875 51.991329193115234 10.24813175201416  738290.7515442929
-1.3144174814224243 -0.5548426508903503 0.10075470805168152 -5.412890911102295 52.158626556396484 9.796727180480957  738290.7515443736
-1.3515946865081787 -0.5686860084533691 0.11213305592536926 -4.689781665802002 52.040443420410156 7.815951347351074  738290.7515444891
-1.38947594165802 -0.5820175409317017 0.1197071224451065 -5.68453311920166 51.32981491088867 6.898717403411865  738290.7515446044
-1.3962730169296265 -0.573625385761261 0.09582117944955826 -5.670749664306641 51.55403137207031 5.352055549621582  738290.7515447199
-1.433078646659851 -0.5884398818016052 0.10088731348514557 -4.953763008117676 51.84677505493164 3.2365193367004395  738290.7515448353
-1.4707812070846558 -0.5973990559577942 0.11476694792509079 -5.701838970184326 51.396820068359375 2.172651767730713  738290.7515449508
-1.50954270362854 -0.6165798306465149 0.125590980052948 -6.145504951477051 50.89168930053711 0.9024217128753662  738290.7515450778
-1.5493428707122803 -0.6321797966957092 0.1296045035123825 -5.881018161773682 50.81480407714844 -0.8824982047080994  738290.7515451816
-1.545706868171692 -0.6150248050689697 0.10008814930915833 -5.144010543823242 51.49703598022461 -2.9484245777130127  738290.7515452971
-1.5829484462738037 -0.615948498249054 0.11323727667331696 -7.02570104598999 51.2480354309082 -2.959197759628296  738290.751545424
-1.56313955783844 -0.6500678658485413 0.1227654442191124 -8.285999298095703 50.80124282836914 -2.64150071144104  738290.751545528
-1.6026726961135864 -0.6602500677108765 0.1277850717306137 -7.857597827911377 51.24994659423828 -4.412156581878662  738290.7515456548
-1.605154275894165 -0.6507177948951721 0.09816954284906387 -7.12385892868042 51.826263427734375 -6.429071426391602  738290.7515457588
-1.6437597274780273 -0.6588711142539978 0.11063308268785477 -8.427828788757324 51.033382415771484 -7.009518623352051  738290.7515458742
-1.6829513311386108 -0.6668863892555237 0.11990533769130707 -9.007040977478027 50.55052947998047 -7.88859748840332  738290.7515459897
-1.7229928970336914 -0.6747068762779236 0.1267140805721283 -8.505905151367188 50.31439971923828 -9.524106979370117  738290.7515461051
-1.7640678882598877 -0.6814308166503906 0.13332372903823853 -8.151775360107422 50.09461212158203 -11.133334159851074  738290.751546232
-1.755223035812378 -0.6676242351531982 0.10037604719400406 -8.711424827575684 50.5212287902832 -11.905416488647461  738290.7515463475