1.4931210279464722 0.006460529286414385 0.011060690507292747 0.3379184305667877 -0.34805870056152344 -0.06396517902612686  738290.7267020855
1.4936994314193726 0.005897007416933775 0.011059393174946308 0.3641148507595062 -0.37088173627853394 -0.0631437748670578  738290.726702201
1.4927431344985962 0.005905298516154289 0.01104023214429617 0.3644936978816986 -0.3287121057510376 -0.06319283694028854  738290.7267023051
1.493908166885376 0.005909253377467394 0.011041852645576 0.3643200695514679 -0.3770263195037842 -0.06268218904733658  738290.7267024203
1.4927325248718262 0.005912936758249998 0.011052237823605537 0.3646949529647827 -0.3256101906299591 -0.06363719701766968  738290.7267025358
1.4927246570587158 0.0059301177971065044 0.011054468341171741 0.36395910382270813 -0.32566094398498535 -0.06274351477622986  738290.7267026511
1.49384343624115 0.0069930278696119785 0.01106034591794014 0.3207609951496124 -0.3717225193977356 -0.06228898838162422  738290.7267027781
1.4942282438278198 0.00552699388936162 0.011864140629768372 0.38648873567581177 -0.38467469811439514 -0.061678867787122726  738290.726702882
1.4942954778671265 0.005519899073988199 0.011908660642802715 0.38663968443870544 -0.38441386818885803 -0.062468454241752625  738290.726703009
1.4927656650543213 0.007293064147233963 0.011976081877946854 0.31084057688713074 -0.31615206599235535 -0.06309933215379715  738290.7267031245
1.492763638496399 0.00785434152930975 0.012016295455396175 0.2919769585132599 -0.3169862627983093 -0.06321993470191956  738290.7267032398
1.4925676584243774 0.007534701377153397 0.010838504880666733 0.3107510805130005 -0.30919238924980164 -0.06315066665410995  738290.7267033553
1.4938409328460693 0.006463056430220604 0.010843462310731411 0.3592228889465332 -0.3635593354701996 -0.0623687282204628  738290.7267034707
1.4933048486709595 0.006470973137766123 0.010833277367055416 0.35983407497406006 -0.33912166953086853 -0.06242956593632698  738290.726703586
1.493307113647461 0.007965423166751862 0.010816983878612518 0.2978271245956421 -0.3389814496040344 -0.062418874353170395  738290.7267037017
1.4925594329833984 0.007617894094437361 0.010812696069478989 0.3173786401748657 -0.3067847788333893 -0.06269042938947678  738290.7267038055
1.4925404787063599 0.007069111336022615 0.010073542594909668 0.34509527683258057 -0.30694779753685 -0.06255289167165756  738290.7267039324
1.4931089878082275 0.007464439142495394 0.010026417672634125 0.3296746611595154 -0.332888662815094 -0.062373679131269455  738290.7267040364
1.4927167892456055 0.00748242624104023 0.009979183785617352 0.3330273926258087 -0.31591737270355225 -0.062023501843214035  738290.7267041634
1.492518424987793 0.007500702980905771 0.009932219050824642 0.3344893753528595 -0.3087122142314911 -0.0625816285610199  738290.72670428
1.492518424987793 0.007119417190551758 0.01152755506336689 0.3534385561943054 -0.30771929025650024 -0.0627950057387352  738290.726704384
1.4925100803375244 0.008128699846565723 0.011567801237106323 0.3121900260448456 -0.309058278799057 -0.06260208040475845  738290.7267045109
1.493105411529541 0.008145765401422977 0.01161554828286171 0.31531769037246704 -0.33431077003479004 -0.06136925145983696  738290.7267046263
1.4928998947143555 0.008165835402905941 0.011661623604595661 0.3181857466697693 -0.3246244788169861 -0.062069933861494064  738290.7267047421
1.493303656578064 0.007571765221655369 0.01171522680670023 0.3461153507232666 -0.3425016403198242 -0.06225556880235672  738290.7267048572
1.493720531463623 0.006752219516783953 0.011877801269292831 0.38310137391090393 -0.3604830503463745 -0.06126752123236656  738290.7267049727
1.4931010007858276 0.00820591114461422 0.011937405914068222 0.32248252630233765 -0.33243197202682495 -0.06141936033964157  738290.7267050886
1.493520736694336 0.007589289918541908 0.011998290196061134 0.3529338836669922 -0.3498478829860687 -0.06110601872205734  738290.7267052035
1.4931031465530396 0.008233766071498394 0.01205163449048996 0.3276059627532959 -0.3315742015838623 -0.06179122254252434  738290.7267053189
1.492462396621704 0.00781993567943573 0.011669198982417583 0.3477761745452881 -0.3053615689277649 -0.06207576394081116  738290.7267054344
1.4924570322036743 0.008257399313151836 0.01169715728610754 0.33158546686172485 -0.30665940046310425 -0.06110076233744621  738290.7267055498
1.4935275316238403 0.0076194400899112225 0.01173643209040165 0.3609584867954254 -0.35506510734558105 -0.0610547699034214  738290.7267056652
1.4926586151123047 0.007842211984097958 0.011767640709877014 0.35378503799438477 -0.31806668639183044 -0.06139010936021805  738290.7267057807
1.4926265478134155 0.007894265465438366 0.011796549893915653 0.35422590374946594 -0.3182258605957031 -0.0630199983716011  738290.7267058962
1.4927034378051758 0.006576827261596918 0.010710214264690876 0.40969157218933105 -0.3249208331108093 -0.06279445439577103  738290.7267060117
1.4926964044570923 0.006976562552154064 0.010687953792512417 0.39320480823516846 -0.3259032070636749 -0.06314147263765335  738290.726706127
1.4924912452697754 0.00718191871419549 0.010665236040949821 0.38647082448005676 -0.319019615650177 -0.06331081688404083  738290.7267062425
1.4924551248550415 0.0071996175684034824 0.010643476620316505 0.3850299119949341 -0.3189540207386017 -0.06353543698787689  738290.7267063698
1.494065761566162 0.00792937446385622 0.011975946836173534 0.35571715235710144 -0.3845967650413513 -0.06365374475717545  738290.7267064736
1.493880271911621 0.007556045427918434 0.012033331207931042 0.37221190333366394 -0.37334442138671875 -0.06342210620641708  738290.7267065897
1.4940812587738037 0.007367333397269249 0.012086471542716026 0.38193947076797485 -0.37850284576416016 -0.06381029635667801  738290.7267067045
1.493497610092163 0.0071730101481080055 0.01214505359530449 0.3909268081188202 -0.35221365094184875 -0.06296166777610779  738290.72670682
1.4940965175628662 0.0075720264576375484 0.012197266332805157 0.37444761395454407 -0.37528055906295776 -0.061429496854543686  738290.7267069353
1.4932911396026611 0.006770155858248472 0.011368687264621258 0.40902450680732727 -0.3407873213291168 -0.06126277148723602  738290.7267070508
1.4938981533050537 0.007983235642313957 0.011384828947484493 0.35885459184646606 -0.3642398416996002 -0.06212286651134491  738290.7267071663
1.4934908151626587 0.007582218386232853 0.011400895193219185 0.3776005506515503 -0.3451671600341797 -0.06237495690584183  738290.7267072817
1.4932847023010254 0.007582983002066612 0.01141357235610485 0.3775045573711395 -0.33611032366752625 -0.06334993243217468  738290.7267073975
1.493908166885376 0.008004672825336456 0.011254583485424519 0.3607451915740967 -0.36051949858665466 -0.06307889521121979  738290.7267075129
1.493281364440918 0.007589025888592005 0.011263708584010601 0.378828763961792 -0.33426299691200256 -0.06374578177928925  738290.7267076283
% x y z qx qy qz qw  738290.7267076514
1.4932713508605957 0.0076063890010118484 0.01126999780535698 0.378608763217926 -0.33540475368499756 -0.06202821806073189  738290.7267077437
1.49447500705719 0.008350370451807976 0.01127820834517479 0.3483760356903076 -0.3850063681602478 -0.06182265281677246  738290.7267078592
1.49468994140625 0.007967934012413025 0.011288127861917019 0.3644408881664276 -0.3922342360019684 -0.05965420976281166  738290.7267079746
1.495694875717163 0.008571021258831024 0.010760745964944363 0.339561402797699 -0.4299933910369873 -0.062167298048734665  738290.72670809
1.4929412603378296 0.00858581718057394 0.010794388130307198 0.3377281129360199 -0.32134488224983215 -0.06011057645082474  738290.7267082054
1.4914594888687134 0.007738687098026276 0.010782265104353428 0.3846926987171173 -0.24267253279685974 -0.062050510197877884  738290.7267083209
1.4926848411560059 0.005340057425200939 0.010785317048430443 0.47655150294303894 -0.30508145689964294 -0.05676165595650673  738290.7267084364
1.4918991327285767 0.005258319899439812 0.010868523269891739 0.48571714758872986 -0.27376148104667664 -0.05939502641558647  738290.7267085518
1.4929354190826416 0.0054304650984704494 0.01087866723537445 0.46423500776290894 -0.3152908384799957 -0.05109482631087303  738290.7267086671
1.4918509721755981 0.006011889316141605 0.010884877294301987 0.44741758704185486 -0.2650783061981201 -0.07119028270244598  738290.7267087941
0.09862023591995239 -0.2781849205493927 0.010883337818086147 -0.2901446223258972 -0.6496188640594482 165.35018920898438  738290.7267089096
0.09881887584924698 -0.27834275364875793 0.010971876792609692 -0.21157099306583405 -0.650987446308136 165.30380249023438  738290.7267090135
0.09894242137670517 -0.27867552638053894 0.012192727997899055 -0.23334315419197083 -0.7530695796012878 165.05442810058594  738290.7267091289
0.09903791546821594 -0.27932408452033997 0.012230443768203259 -0.2803124487400055 -0.9078506827354431 164.6834259033203  738290.7267092444
0.09910416603088379 -0.27975183725357056 0.012335694395005703 -0.2956601679325104 -0.9260452389717102 164.29083251953125  738290.7267093713
0.09896638989448547 -0.28016915917396545 0.012454831041395664 -0.17705005407333374 -0.8950261473655701 163.83425903320312  738290.7267094867
0.09901164472103119 -0.28047478199005127 0.012437563389539719 -0.2130408138036728 -0.9395825266838074 163.3240203857422  738290.7267096022
0.09924156963825226 -0.28062865138053894 0.012603041715919971 -0.3054591715335846 -0.8133222460746765 162.6965789794922  738290.7267097177
0.09913624078035355 -0.2805004417896271 0.012811766006052494 -0.204029843211174 -0.8788293600082397 162.02008056640625  738290.7267098215
0.09927976876497269 -0.2805825173854828 0.0130279790610075 -0.11055559664964676 -0.5418341755867004 161.2830047607422  738290.7267099485
0.09928452223539352 -0.28083550930023193 0.013246070593595505 0.0027434241492301226 -0.5950478315353394 160.414306640625  738290.7267100523
0.09842976927757263 -0.2780873477458954 0.01299318391829729 0.32258233428001404 -0.135136678814888 133.6932830810547  738290.7267101794
0.09896054118871689 -0.27770933508872986 0.013145613484084606 0.4278428554534912 -0.14793236553668976 132.66477966308594  738290.7267102948
0.09880682826042175 -0.2768663465976715 0.013364487327635288 0.6024829745292664 -0.06512048840522766 131.5912628173828  738290.7267103987
0.09934036433696747 -0.2764996886253357 0.013633377850055695 0.39353039860725403 0.28388896584510803 130.73992919921875  738290.7267105257
0.09937461465597153 -0.2748921811580658 0.012511393055319786 0.4091436266899109 0.914994478225708 130.0052032470703  738290.726710641
0.09914841502904892 -0.273818701505661 0.01291372999548912 0.3866084814071655 1.4445327520370483 129.16845703125  738290.726710745
0.0992555245757103 -0.27218934893608093 0.01328098401427269 0.6117737889289856 1.9320166110992432 128.18653869628906  738290.7267108604
0.09980641305446625 -0.2713136672973633 0.013793439604341984 0.9309685826301575 2.3180992603302 127.14718627929688  738290.7267109874
0.10059233009815216 -0.2708696722984314 0.01441485621035099 1.3737657070159912 2.6722025871276855 126.12705993652344  738290.7267111029
0.10317528992891312 -0.2683589458465576 0.008626561611890793 2.1018078327178955 3.071451425552368 125.15665435791016  738290.7267112182
0.10472746938467026 -0.2683629095554352 0.00879763439297676 3.6332054138183594 4.132984161376953 115.98739624023438  738290.7267113337
0.10636772215366364 -0.2661680579185486 0.008584767580032349 4.4701433181762695 4.406094551086426 115.0670166015625  738290.7267114491
0.10867336392402649 -0.26440200209617615 0.008139237761497498 5.421347618103027 4.6139421463012695 114.10443115234375  738290.726711553
0.11002489179372787 -0.2623201608657837 0.0053141359239816666 6.397514343261719 4.614904403686523 113.05426025390625  738290.72671168
0.11200153082609177 -0.2578926682472229 0.004481083247810602 7.524250507354736 4.472937107086182 111.94325256347656  738290.7267117839
0.11461085081100464 -0.25491461157798767 0.003625430166721344 8.650426864624023 4.373086929321289 110.79039764404297  738290.7267119108
0.11715266108512878 -0.2518429756164551 0.002744087018072605 9.797727584838867 4.197370529174805 109.5759506225586  738290.7267120263
0.11956983804702759 -0.24866053462028503 0.0019078116165474057 10.986705780029297 3.9360077381134033 108.2535171508789  738290.7267121417
0.12335982918739319 -0.2453583925962448 0.0005921186530031264 12.230345726013184 3.5758321285247803 106.76469421386719  738290.7267122571
0.12729118764400482 -0.242044135928154 -0.0009932167595252395 13.563359260559082 3.18050217628479 105.08447265625  738290.7267123726
0.1310219168663025 -0.2483270764350891 -0.002339980797842145 15.727266311645508 3.309645414352417 98.5969009399414  738290.726712488
0.13647961616516113 -0.24532754719257355 -0.006103559862822294 16.84925651550293 2.532109260559082 96.75438690185547  738290.726712592
0.1419975608587265 -0.2432268112897873 -0.0027493960224092007 17.838716506958008 1.765843152999878 94.80058288574219  738290.7267127188
0.149561807513237 -0.2393007129430771 -0.008120447397232056 18.936025619506836 0.9547585844993591 92.72856140136719  738290.7267128342
0.1549505591392517 -0.23756395280361176 -0.009483533911406994 19.807188034057617 0.11960183829069138 90.57454681396484  738290.7267129497
0.16079175472259521 -0.2359675168991089 -0.011196374893188477 20.5537166595459 -0.7502145767211914 88.341064453125  738290.7267130652
0.16504345834255219 -0.23504957556724548 -0.008364497683942318 20.56563949584961 -0.9671929478645325 85.97408294677734  738290.7267131922
0.16925394535064697 -0.23717260360717773 0.0011690633837133646 20.202407836914062 -0.6197535395622253 83.50536346435547  738290.726713296
0.1712215095758438 -0.237071231007576 0.006733581889420748 19.72220802307129 -0.5473347306251526 81.04022979736328  738290.726713423
0.17550122737884521 -0.23679178953170776 0.009583701379597187 19.165237426757812 -0.5676141381263733 78.55184936523438  738290.7267135385
0.1750950813293457 -0.24655060470104218 0.009503917768597603 18.600170135498047 -0.10962124168872833 73.66456604003906  738290.7267136424
0.17460285127162933 -0.25421252846717834 0.019985221326351166 17.702043533325195 -0.09210135787725449 71.16380310058594  738290.7267137577
0.17932583391666412 -0.2549057900905609 0.022292109206318855 16.92205047607422 -0.5445969104766846 68.68978881835938  738290.7267138732
0.18435533344745636 -0.25308671593666077 0.024821989238262177 16.015165328979492 -1.3332599401474 66.216796875  738290.7267140002
0.18876080214977264 -0.2531096041202545 0.028672879561781883 14.858820915222168 -2.1865882873535156 63.77792739868164  738290.7267141041
0.1926736980676651 -0.25319525599479675 0.0340469665825367 13.321493148803711 -2.9164657592773438 61.3403205871582  738290.7267142195
0.1941947638988495 -0.2539057731628418 0.024185560643672943 11.654830932617188 -3.6554102897644043 58.92755126953125  738290.7267143464
0.19107359647750854 -0.25502994656562805 0.03426920622587204 9.57599925994873 -4.477061748504639 56.523014068603516  738290.7267144622
0.19430741667747498 -0.25260674953460693 0.03802875801920891 7.731639862060547 -5.6538920402526855 54.12286376953125  738290.7267145659
0.19730371236801147 -0.25218069553375244 0.04239081218838692 5.946257591247559 -6.897568225860596 51.70256042480469  738290.7267146813
0.19279377162456512 -0.25673434138298035 0.031055862084031105 4.510514736175537 -8.0087308883667 47.84884262084961  738290.7267147971
0.19826729595661163 -0.2575574219226837 0.032351069152355194 3.102696657180786 -9.444847106933594 45.389320373535156  738290.7267149125
0.20270244777202606 -0.2559909522533417 0.03434982895851135 1.7110800743103027 -10.896798133850098 42.85196304321289  738290.7267150279
0.20604582130908966 -0.255784273147583 0.038427844643592834 0.7428476810455322 -11.5936918258667 40.373695373535156  738290.7267151433
0.2110387235879898 -0.2562873065471649 0.04185979813337326 0.705244243144989 -11.315397262573242 38.12703323364258  738290.7267152705
0.20904207229614258 -0.2558884024620056 0.02870737388730049 0.9789133071899414 -11.268532752990723 35.923126220703125  738290.7267153758
0.2069690227508545 -0.25833699107170105 0.037097152322530746 1.1458758115768433 -11.320852279663086 33.713340759277344  738290.7267154915
0.2111441195011139 -0.2577264606952667 0.04014526307582855 1.4079692363739014 -11.672348976135254 31.47734832763672  738290.7267156066
0.21609212458133698 -0.2582693099975586 0.04339887946844101 1.6599700450897217 -12.021442413330078 29.28932762145996  738290.7267157221
0.20871064066886902 -0.25718632340431213 0.03324255347251892 1.6748701333999634 -12.52247142791748 27.098167419433594  738290.7267158492
0.22011741995811462 -0.2612200677394867 0.03463731333613396 1.4545170068740845 -12.970992088317871 23.827917098999023  738290.7267159531
0.2244338095188141 -0.2632434666156769 0.03873273357748985 1.1972684860229492 -13.834575653076172 21.75189208984375  738290.7267160685
0.2300603687763214 -0.2654407024383545 0.042081188410520554 0.6399794220924377 -14.811397552490234 19.691450119018555  738290.7267161839
0.23577064275741577 -0.2642330527305603 0.04475297033786774 -0.2333667129278183 -15.892842292785645 17.593353271484375  738290.7267163108
0.2334659993648529 -0.26427268981933594 0.035461775958538055 -1.3985739946365356 -16.829282760620117 15.537846565246582  738290.7267164148
0.23917929828166962 -0.2663739025592804 0.038577862083911896 -2.629005193710327 -17.744001388549805 13.470839500427246  738290.7267165302
0.24454763531684875 -0.2632605731487274 0.04115818068385124 -4.170530796051025 -18.54521369934082 11.36273193359375  738290.7267166456
0.24947884678840637 -0.26282939314842224 0.04596778005361557 -5.706011772155762 -19.093759536743164 9.292882919311523  738290.7267167611
0.25136297941207886 -0.2622651159763336 0.03918787091970444 -7.306545734405518 -19.50575065612793 7.242768287658691  738290.7267168881
0.24436771869659424 -0.2643655240535736 0.046026937663555145 -7.3292999267578125 -19.290754318237305 7.2565598487854  738290.7267170035
0.27246442437171936 -0.267598420381546 0.0546509325504303 -10.029520988464355 -19.930728912353516 2.2329790592193604  738290.7267171197
0.2788951098918915 -0.26755279302597046 0.059703197330236435 -11.364163398742676 -19.953983306884766 0.3586927354335785  738290.7267172347
0.28547894954681396 -0.26560670137405396 0.06448884308338165 -12.614727973937988 -19.899091720581055 -1.4603374004364014  738290.7267173501
0.2840951681137085 -0.2671244740486145 0.057495132088661194 -13.657357215881348 -19.614362716674805 -3.1398656368255615  738290.726717454
0.2921575605869293 -0.26538723707199097 0.05972892418503761 -14.545370101928711 -19.349082946777344 -4.757940292358398  738290.7267175695
0.291949063539505 -0.26790329813957214 0.07599908858537674 -15.080851554870605 -18.666404724121094 -6.1934494972229  738290.7267176964
0.29785284399986267 -0.2662590444087982 0.08228439092636108 -15.541037559509277 -18.072492599487305 -7.558242321014404  738290.7267178119
0.2967453896999359 -0.2666243612766266 0.07595887035131454 -15.778827667236328 -17.35735511779785 -8.789533615112305  738290.7267179157
0.30417490005493164 -0.2640095055103302 0.07922480255365372 -15.813592910766602 -16.582157135009766 -9.894742012023926  738290.7267180427
0.30944547057151794 -0.2602267563343048 0.08480194211006165 -15.637725830078125 -15.636555671691895 -10.847959518432617  738290.7267181698
0.34324967861175537 -0.26302197575569153 0.09344977140426636 -15.257294654846191 -15.236123085021973 -12.836092948913574  738290.7267182736
0.35063090920448303 -0.26244020462036133 0.10299107432365417 -14.505891799926758 -14.201379776000977 -13.5110445022583  738290.726718389
0.35004979372024536 -0.261493444442749 0.09101084619760513 -13.652957916259766 -13.079171180725098 -14.118969917297363  738290.7267185046
0.3563160300254822 -0.2599838972091675 0.09830952435731888 -12.657975196838379 -11.994776725769043 -14.557673454284668  738290.7267186315
0.36238643527030945 -0.2550913393497467 0.10485845059156418 -11.663202285766602 -10.872544288635254 -14.969525337219238  738290.7267187353
0.36940810084342957 -0.25110846757888794 0.11118391156196594 -10.59306812286377 -9.782857894897461 -15.315245628356934  738290.7267188508
0.3602183759212494 -0.2535904347896576 0.10060000419616699 -9.606353759765625 -8.577816009521484 -15.566267967224121  738290.7267189546
0.3657424747943878 -0.2536708414554596 0.10793817043304443 -8.565323829650879 -7.618990898132324 -15.814532279968262  738290.7267190701
0.37317755818367004 -0.25376391410827637 0.11365751922130585 -7.584854602813721 -6.846489429473877 -16.064796447753906  738290.726719197
0.37889546155929565 -0.25196346640586853 0.12030179798603058 -6.724669933319092 -6.187089920043945 -16.321735382080078  738290.726719324
0.4103359282016754 -0.26043352484703064 0.10575778037309647 -6.267685890197754 -6.371230602264404 -17.556577682495117  738290.726719428
0.4185119867324829 -0.2624450922012329 0.11046842485666275 -5.567729473114014 -6.1060471534729 -17.73772430419922  738290.7267195549
0.42263489961624146 -0.2592877745628357 0.11723519116640091 -5.034670829772949 -5.8362016677856445 -17.91944694519043  738290.7267196588
0.42994409799575806 -0.259069561958313 0.12231890857219696 -4.634007453918457 -5.735302925109863 -18.087539672851562  738290.7267197742
0.42433851957321167 -0.26093989610671997 0.1274513304233551 -4.538671016693115 -5.590733528137207 -18.077709197998047  738290.7267198897
0.4227147400379181 -0.26281484961509705 0.11349141597747803 -4.171087741851807 -5.192625045776367 -18.366470336914062  738290.7267200052
0.41866689920425415 -0.2648574709892273 0.11613769084215164 -4.094480514526367 -5.101354598999023 -18.35753059387207  738290.7267201322
0.42226698994636536 -0.2663896679878235 0.12197069823741913 -3.929638624191284 -4.810628414154053 -18.451229095458984  738290.726720236
0.42733415961265564 -0.26509949564933777 0.12666398286819458 -3.97621750831604 -4.594395160675049 -18.546058654785156  738290.7267203515
0.42418164014816284 -0.26748257875442505 0.11230793595314026 -4.061125755310059 -4.436066627502441 -18.62635040283203  738290.7267204673
0.47388753294944763 -0.26774492859840393 0.12995119392871857 -4.216622352600098 -4.68961763381958 -19.60285758972168  738290.7267205823
0.47936397790908813 -0.26731348037719727 0.13441719114780426 -4.2799859046936035 -4.587861061096191 -19.635684967041016  738290.7267206977
0.48478442430496216 -0.2665530741214752 0.1391284018754959 -4.426276206970215 -4.566339015960693 -19.64040184020996  738290.7267208131
0.49049755930900574 -0.263570100069046 0.14366398751735687 -4.546051502227783 -4.604412078857422 -19.659303665161133  738290.7267209286
0.4809555411338806 -0.2694156765937805 0.1261807531118393 -4.578708171844482 -4.534063816070557 -19.639419555664062  738290.726721044
0.48616456985473633 -0.2680325210094452 0.12965193390846252 -4.640196323394775 -4.603569030761719 -19.62666130065918  738290.7267211594
0.4903008043766022 -0.26723554730415344 0.13387566804885864 -4.703991889953613 -4.661355495452881 -19.592594146728516  738290.7267212749
0.4945339560508728 -0.26682084798812866 0.13833844661712646 -4.714655876159668 -4.769894123077393 -19.544466018676758  738290.7267213904
0.4886007010936737 -0.26898983120918274 0.12552620470523834 -4.740951061248779 -4.783453941345215 -19.488380432128906  738290.7267215059
0.4917396605014801 -0.26712775230407715 0.1290535032749176 -4.79067325592041 -4.845108985900879 -19.43110466003418  738290.7267216328
0.5803913474082947 -0.2600349485874176 0.13598786294460297 -5.379148960113525 -6.387571811676025 -19.840421676635742  738290.7267217371
0.5851895213127136 -0.25908905267715454 0.1410112977027893 -5.473278999328613 -6.412552833557129 -19.74882698059082  738290.726721853
0.5919395685195923 -0.2570478916168213 0.1448020339012146 -5.6508989334106445 -6.4754838943481445 -19.635875701904297  738290.7267219684
0.5886706113815308 -0.2554335594177246 0.13096196949481964 -5.821427822113037 -6.362276554107666 -19.51144027709961  738290.7267220838
0.5926011800765991 -0.25379180908203125 0.13520555198192596 -5.919381618499756 -6.160504341125488 -19.352863311767578  738290.7267221992
0.5982863306999207 -0.24919219315052032 0.13833659887313843 -6.072254180908203 -5.965424060821533 -19.19593048095703  738290.7267223151
0.6053799986839294 -0.24195271730422974 0.14011071622371674 -7.1094183921813965 -5.717653274536133 -16.909893035888672  738290.7267224531
0.6116297841072083 -0.23043422400951385 0.12834173440933228 -11.173497200012207 -8.036626815795898 -8.751562118530273  738290.7267225571