1.5127938985824585 0.00684404419735074 0.010746642015874386 -0.4557580053806305 -0.7985514998435974 0.05181318148970604  738290.7430959976
1.5111491680145264 0.006140448153018951 0.010837242007255554 -0.4228057563304901 -0.7313659191131592 0.051701150834560394  738290.743096113
1.5120841264724731 0.0061362069100141525 0.009653393179178238 -0.417235404253006 -0.7660052180290222 0.050808586180210114  738290.7430962285
1.5108985900878906 0.006846238858997822 0.009624176658689976 -0.43713536858558655 -0.7174609303474426 0.051188692450523376  738290.7430963443
1.5116140842437744 0.006140726152807474 0.009607232175767422 -0.40335148572921753 -0.7434282898902893 0.05082857236266136  738290.7430964595
1.5106619596481323 0.006141622085124254 0.009582075290381908 -0.39747849106788635 -0.705097496509552 0.05117897316813469  738290.743096575
1.5106664896011353 0.006270471960306168 0.010538949631154537 -0.39600691199302673 -0.7035959959030151 0.05060859024524689  738290.7430966909
1.5106785297393799 0.006409398280084133 0.010556405410170555 -0.3963252902030945 -0.7022061347961426 0.04977632313966751  738290.7430968056
1.5111225843429565 0.006200941279530525 0.010577118955552578 -0.38333576917648315 -0.7186484336853027 0.04977072775363922  738290.7430969211
1.5111358165740967 0.0063042971305549145 0.01059441827237606 -0.383459210395813 -0.719174861907959 0.05065527558326721  738290.743097048
1.510703444480896 0.006052643526345491 0.010618203319609165 -0.36928823590278625 -0.7006492614746094 0.04989461973309517  738290.743097152
1.5106937885284424 0.006141542457044125 0.010799367912113667 -0.37005138397216797 -0.6988169550895691 0.051066577434539795  738290.7430972675
1.5106780529022217 0.006228739395737648 0.010827211663126945 -0.3689344823360443 -0.699096143245697 0.05170363932847977  738290.7430973828
1.5143229961395264 0.0073013450019061565 0.010856048204004765 -0.405565470457077 -0.8381350040435791 0.052010517567396164  738290.7430974987
1.5136913061141968 0.006834774278104305 0.01092276256531477 -0.381879061460495 -0.8058657646179199 0.05175412446260452  738290.743097614
1.5130492448806763 0.006872095167636871 0.0109975915402174 -0.3790847957134247 -0.7748215198516846 0.051464635878801346  738290.7430977295
1.513423204421997 0.00690419040620327 0.011025537736713886 -0.3762305676937103 -0.7860870361328125 0.05224704369902611  738290.7430978449
1.5146982669830322 0.007290476001799107 0.011032497510313988 -0.3880075216293335 -0.8319409489631653 0.05184461548924446  738290.7430979608
1.5147433280944824 0.007501897867769003 0.011062610894441605 -0.3875391483306885 -0.8294354677200317 0.051173027604818344  738290.7430980759
1.514067530632019 0.006995237898081541 0.01112672034651041 -0.36244022846221924 -0.795424222946167 0.05338297411799431  738290.743098203
1.5142605304718018 0.007004959043115377 0.010260813869535923 -0.36224105954170227 -0.7948653697967529 0.0529756024479866  738290.7430983067
1.514845848083496 0.007210387382656336 0.010237655602395535 -0.36620116233825684 -0.8134351372718811 0.053784988820552826  738290.7430984337
1.5133920907974243 0.007232751231640577 0.010256907902657986 -0.363361120223999 -0.7469809055328369 0.05423362925648689  738290.7430985376
1.5135940313339233 0.007068396080285311 0.010243933647871017 -0.3526866137981415 -0.753552258014679 0.055139269679784775  738290.743098653
1.5132371187210083 0.007089152932167053 0.010536054149270058 -0.3491066098213196 -0.7354223728179932 0.056776877492666245  738290.7430987684
1.514786958694458 0.007491579279303551 0.01053070742636919 -0.364291250705719 -0.797188937664032 0.05598144233226776  738290.7430988839
1.514035701751709 0.0071210069581866264 0.010550364851951599 -0.34537777304649353 -0.761318027973175 0.05566856265068054  738290.7430989994
1.5149139165878296 0.007075068075209856 0.010541892610490322 -0.34331047534942627 -0.8001490831375122 0.05550927296280861  738290.7430991147
1.5138736963272095 0.007148702163249254 0.010570580139756203 -0.3401545584201813 -0.7461159825325012 0.05805298313498497  738290.7430992418
1.5143816471099854 0.0084157669916749 0.009542099200189114 -0.39652448892593384 -0.7693122029304504 0.05690896138548851  738290.7430993571
1.5138792991638184 0.0071543483063578606 0.009457351639866829 -0.33331525325775146 -0.7412518858909607 0.05802355334162712  738290.743099461
1.5138792991638184 0.0071543483063578606 0.009457351639866829 -0.33331525325775146 -0.7412518858909607 0.05802355334162712  738290.7430995764
1.5137970447540283 0.006695197429507971 0.009397145360708237 -0.31026962399482727 -0.734213650226593 0.05812634900212288  738290.7430997035
1.5129320621490479 0.006719531491398811 0.0107431560754776 -0.3095565140247345 -0.6922810077667236 0.05787763372063637  738290.7430998073
1.513298749923706 0.0070911794900894165 0.010762265883386135 -0.32469475269317627 -0.7092786431312561 0.05878337100148201  738290.7430999343
1.514418125152588 0.00710282614454627 0.010779086500406265 -0.32275018095970154 -0.7570327520370483 0.058508776128292084  738290.7431000383
1.5132977962493896 0.006919647101312876 0.010805832222104073 -0.31141912937164307 -0.7044081091880798 0.05937584489583969  738290.7431001652
1.5142396688461304 0.006927437148988247 0.010822671465575695 -0.31076928973197937 -0.7438703775405884 0.05918129161000252  738290.7431002806
1.513476848602295 0.007122544106096029 0.010507509112358093 -0.31780242919921875 -0.7076119184494019 0.05901568755507469  738290.743100396
1.513479471206665 0.006936823949217796 0.01050576101988554 -0.3079896867275238 -0.7065263986587524 0.058987490832805634  738290.7431005115
1.5140715837478638 0.006743608973920345 0.010505703277885914 -0.297756165266037 -0.7311446070671082 0.0591595284640789  738290.7431006269
1.513888955116272 0.006745443679392338 0.010507500730454922 -0.29788148403167725 -0.7213664650917053 0.06002548709511757  738290.7431007308
1.5153127908706665 0.007354900240898132 0.011459596455097198 -0.3229275047779083 -0.7797439098358154 0.059627506881952286  738290.7431008577
1.513352870941162 0.008547961711883545 0.011532122269272804 -0.37305396795272827 -0.6885796189308167 0.059969712048769  738290.7431009617
1.5133517980575562 0.007139476947486401 0.011601184494793415 -0.30733340978622437 -0.6867475509643555 0.06045655533671379  738290.7431010887
1.5141514539718628 0.006736500654369593 0.011655337177217007 -0.28882914781570435 -0.7205012440681458 0.059780266135931015  738290.743101204
1.51333487033844 0.006742445286363363 0.011709334328770638 -0.29046526551246643 -0.6825610995292664 0.059432681649923325  738290.7431013195
1.5133376121520996 0.007774504367262125 0.011858256533741951 -0.3358530104160309 -0.684038519859314 0.05773606523871422  738290.7431014349
% x y z qx qy qz qw  738290.7431015504
1.5139641761779785 0.006948013789951801 0.011920358054339886 -0.2988678216934204 -0.7112835049629211 0.05796326324343681  738290.7431015619
1.5145928859710693 0.007159561384469271 0.011974642053246498 -0.3081302344799042 -0.7356241941452026 0.05828002095222473  738290.7431018162
1.5133323669433594 0.0067400201223790646 0.012037761509418488 -0.2898327708244324 -0.6800510287284851 0.059368547052145004  738290.7431018967
1.5135142803192139 0.006734373979270458 0.01166771724820137 -0.2905144691467285 -0.6864849925041199 0.058310721069574356  738290.7431019548
1.515006184577942 0.007592963054776192 0.011693207547068596 -0.3273109793663025 -0.7460953593254089 0.05575564131140709  738290.7431020929
1.5143749713897705 0.0069532692432403564 0.011733082123100758 -0.29835692048072815 -0.7186195254325867 0.0576351135969162  738290.7431022429
1.5135204792022705 0.006739316042512655 0.011768987402319908 -0.29125091433525085 -0.6758074760437012 0.05285083130002022  738290.7431023238
1.5132721662521362 0.006739605218172073 0.011794577352702618 -0.2919692397117615 -0.6632456183433533 0.0498821958899498  738290.7431023702
1.5131745338439941 0.006669471971690655 0.009786728769540787 -0.28550249338150024 -0.6606828570365906 0.05355756729841232  738290.7431025445
1.5131745338439941 0.006669471971690655 0.009786728769540787 -0.28550249338150024 -0.6606828570365906 0.05355756729841232  738290.7431026137
1.5132156610488892 0.006686568260192871 0.009706777520477772 -0.2807869017124176 -0.6602773666381836 0.04588151350617409  738290.7431028099
0.2457638680934906 -0.2587161362171173 0.009665125049650669 -0.6250775456428528 -0.4056397080421448 6.355213165283203  738290.7431028791
0.24585121870040894 -0.258368581533432 0.009653243236243725 -0.6343119144439697 -0.42399460077285767 6.356869697570801  738290.7431029743
0.24585121870040894 -0.258368581533432 0.009653243236243725 -0.6343119144439697 -0.42399460077285767 6.356869697570801  738290.7431030899
0.24575267732143402 -0.258339524269104 0.009612672962248325 -0.5948502421379089 -0.39777708053588867 6.308563232421875  738290.7431032284
0.24572056531906128 -0.2582681477069855 0.00954420492053032 -0.5614991188049316 -0.4035034477710724 6.301751136779785  738290.7431033322
0.24574360251426697 -0.25822779536247253 0.009447718970477581 -0.599093496799469 -0.3718929886817932 6.32703161239624  738290.743103448
0.2459833323955536 -0.2580655813217163 0.009984521195292473 -0.6257215142250061 -0.3946163058280945 6.3302998542785645  738290.7431036098
0.245858296751976 -0.2580287456512451 0.009893089532852173 -0.5481873154640198 -0.4319673776626587 6.2345991134643555  738290.7431036907
0.24603784084320068 -0.2578991949558258 0.009804297238588333 -0.6253799796104431 -0.4769885241985321 6.189795970916748  738290.7431037829
0.24643614888191223 -0.25757676362991333 0.009697439149022102 -0.5991469621658325 -0.5918768048286438 6.163609504699707  738290.7431038521
0.24602010846138 -0.25778111815452576 0.009053426794707775 -0.7799564599990845 -0.5413306951522827 6.456964015960693  738290.7431039792
0.2463507056236267 -0.25752612948417664 0.00899098627269268 -0.8840353488922119 -0.6891489624977112 6.476875305175781  738290.7431040945
0.24610090255737305 -0.2574256360530853 0.00909416377544403 -0.9028877019882202 -0.9625372886657715 6.513237476348877  738290.74310421
0.24664123356342316 -0.2572117745876312 0.009209859184920788 -0.8355346918106079 -1.5094460248947144 6.550441265106201  738290.7431043946
0.24605275690555573 -0.25712063908576965 0.009597514756023884 -0.7899792194366455 -2.134445905685425 6.567420959472656  738290.7431048002
0.24640604853630066 -0.2569085955619812 0.008783893659710884 -0.8114469051361084 -2.9615652561187744 6.477873802185059  738290.7431048125
0.24703335762023926 -0.25688135623931885 0.009195646271109581 -0.9279091954231262 -3.8754725456237793 6.301942348480225  738290.7431048464
0.24858146905899048 -0.25621098279953003 0.009484651498496532 -1.2119945287704468 -4.868966102600098 6.146886348724365  738290.74310487
0.24989944696426392 -0.25479385256767273 0.00974848959594965 -1.6423704624176025 -5.97033166885376 5.973788738250732  738290.7431049156
0.2506884038448334 -0.2555431127548218 0.006557106971740723 -2.0484893321990967 -6.960846900939941 5.931451320648193  738290.7431050194
0.25440773367881775 -0.2528012990951538 0.005941417999565601 -2.7321386337280273 -8.215666770935059 5.911151885986328  738290.7431051811
0.25307103991508484 -0.2552134096622467 0.0060206688940525055 -2.74308705329895 -8.659564018249512 5.945796966552734  738290.7431052506
0.25543585419654846 -0.25409436225891113 0.005563453305512667 -3.511878490447998 -9.769027709960938 5.996084690093994  738290.7431053658
0.2572883665561676 -0.2532733082771301 0.004268673248589039 -4.3379740715026855 -10.83639144897461 6.074195861816406  738290.7431054813
0.2596859633922577 -0.25388163328170776 0.00463851448148489 -5.144770622253418 -11.909158706665039 6.148853778839111  738290.7431055972
0.26196399331092834 -0.25308817625045776 0.004738105461001396 -6.0418524742126465 -12.914238929748535 6.2040557861328125  738290.7431057123
0.26513707637786865 -0.25380241870880127 0.004891986958682537 -6.71490478515625 -13.93554401397705 6.297821044921875  738290.7431058506
0.2678203880786896 -0.2528202533721924 0.005198102444410324 -7.581996440887451 -15.041875839233398 6.38336181640625  738290.7431059431
0.2705921530723572 -0.2517574429512024 0.005838065408170223 -8.39931583404541 -16.149024963378906 6.365303993225098  738290.7431061853
0.2752779424190521 -0.2527933418750763 0.005436522886157036 -8.985712051391602 -17.2424373626709 6.363643646240234  738290.7431062316
0.27605897188186646 -0.25202876329421997 0.006138421129435301 -9.17212200164795 -18.328868865966797 6.54539155960083  738290.74310637
0.2796795070171356 -0.2506623864173889 0.0060177817940711975 -9.563475608825684 -19.234582901000977 6.477112293243408  738290.7431064392
0.283908486366272 -0.24961432814598083 0.01083068735897541 -9.82099437713623 -20.020505905151367 6.399028778076172  738290.743106556
0.28669974207878113 -0.24942906200885773 0.01329377107322216 -9.963493347167969 -20.542551040649414 6.331648826599121  738290.7431066356
0.29168009757995605 -0.2475241720676422 0.01271155197173357 -10.078152656555176 -20.87575340270996 6.24393892288208  738290.743106751
0.2964034378528595 -0.24567116796970367 0.012887668795883656 -10.048733711242676 -20.961990356445312 6.20074462890625  738290.7431068664
0.30039694905281067 -0.2442673295736313 0.01508418284356594 -9.87151050567627 -20.732242584228516 6.204387187957764  738290.7431069819
0.30367547273635864 -0.24193020164966583 0.019413087517023087 -9.629390716552734 -20.264366149902344 6.232904434204102  738290.7431071089
0.3077266216278076 -0.24089431762695312 0.022172870114445686 -9.312771797180176 -19.755544662475586 6.3052568435668945  738290.7431072127
0.3117143213748932 -0.23885388672351837 0.025164883583784103 -9.01527214050293 -19.22687530517578 6.333278179168701  738290.7431073282
0.3137635290622711 -0.23824909329414368 0.032635826617479324 -8.493523597717285 -18.930068969726562 6.608205318450928  738290.7431074441
0.3177696168422699 -0.23565666377544403 0.038001444190740585 -8.154459953308105 -18.487438201904297 6.603716850280762  738290.743107559
0.3221934735774994 -0.23574356734752655 0.035924337804317474 -7.85372257232666 -18.249126434326172 6.563265323638916  738290.7431076976
0.3252600133419037 -0.2316894680261612 0.04086099565029144 -7.752969264984131 -18.071678161621094 6.455420970916748  738290.7431077899
0.33040744066238403 -0.2298639863729477 0.04522678628563881 -7.644843578338623 -18.048786163330078 6.357847690582275  738290.7431079054
0.33346065878868103 -0.22726275026798248 0.053647495806217194 -7.647027969360352 -17.899127960205078 6.234375953674316  738290.7431080332
0.33193111419677734 -0.22831250727176666 0.046960871666669846 -7.654804229736328 -17.703136444091797 6.127556324005127  738290.7431081942
0.33675524592399597 -0.22617164254188538 0.050794728100299835 -7.724304676055908 -17.55678367614746 6.015222072601318  738290.7431082984
0.3408227264881134 -0.22372527420520782 0.05612215772271156 -7.7904953956604 -17.42172622680664 5.863696575164795  738290.7431083793
0.3464564085006714 -0.22149896621704102 0.06056320294737816 -7.735395431518555 -17.287172317504883 5.744430065155029  738290.7431084831
0.3583408296108246 -0.21530170738697052 0.06576523929834366 -7.6177778244018555 -17.52101707458496 5.782483100891113  738290.7431085991
0.35952186584472656 -0.21590656042099 0.05421622842550278 -7.321948051452637 -17.23871612548828 5.6973724365234375  738290.7431087141
0.3638128638267517 -0.2137499451637268 0.06101410835981369 -6.946506023406982 -16.817724227905273 5.600634574890137  738290.7431088295
0.3687148690223694 -0.21183225512504578 0.0682043507695198 -6.490288257598877 -16.313377380371094 5.544326305389404  738290.743108945
0.374195396900177 -0.21018502116203308 0.07589732110500336 -5.9548234939575195 -15.769092559814453 5.4816999435424805  738290.7431090605
0.3709159195423126 -0.21383367478847504 0.062134645879268646 -5.414536476135254 -15.148466110229492 5.43585729598999  738290.7431091758
0.3774982988834381 -0.2136998176574707 0.0657210424542427 -4.952286243438721 -14.66988468170166 5.403800964355469  738290.7431092913
0.3812703788280487 -0.2161320298910141 0.07357462495565414 -4.526188850402832 -14.138589859008789 5.366615295410156  738290.7431094069
0.3871724605560303 -0.21891219913959503 0.07983905076980591 -4.070557117462158 -13.70911979675293 5.319200038909912  738290.7431095344