1.3307565450668335 0.11993853747844696 0.020267734304070473 0.09295221418142319 0.14552715420722961 -0.09693416953086853  738290.6621533269
1.3307565450668335 0.11993853747844696 0.020267734304070473 0.09295221418142319 0.14552715420722961 -0.09693416953086853  738290.6621534079
1.3292570114135742 0.1214338019490242 0.02036035805940628 0.09238535910844803 0.1461724042892456 -0.09776192903518677  738290.662153524
1.3292570114135742 0.1214338019490242 0.02036035805940628 0.09238535910844803 0.1461724042892456 -0.09776192903518677  738290.6621536394
1.327743649482727 0.12304992228746414 0.02027967944741249 0.09171483665704727 0.14754243195056915 -0.09743420034646988  738290.6621537544
1.327743649482727 0.12304992228746414 0.02027967944741249 0.09171483665704727 0.14754243195056915 -0.09743420034646988  738290.6621538699
1.3262261152267456 0.12456255406141281 0.020351173356175423 0.09013260155916214 0.14902694523334503 -0.09871500730514526  738290.6621539968
1.3254649639129639 0.12532232701778412 0.02038746513426304 0.09067173302173615 0.14896275103092194 -0.0991709902882576  738290.6621541007
1.3246290683746338 0.12677644193172455 0.01943749003112316 0.09025253355503082 0.14915570616722107 -0.09927089512348175  738290.6621542162
1.3238681554794312 0.12754705548286438 0.019416386261582375 0.08977827429771423 0.1477392315864563 -0.09959887713193893  738290.6621543316
1.3231072425842285 0.1283196061849594 0.01939275860786438 0.08904733508825302 0.14941687881946564 -0.09956792742013931  738290.6621544469
1.322344422340393 0.1290934830904007 0.01936902105808258 0.08873409777879715 0.1497570425271988 -0.09961511939764023  738290.6621545856
1.321579098701477 0.12986905872821808 0.019346676766872406 0.0890604555606842 0.14907172322273254 -0.10010828822851181  738290.6621546894
1.3208706378936768 0.1301848292350769 0.020005593076348305 0.08746118098497391 0.14869347214698792 -0.10084414482116699  738290.6621548048
1.320103406906128 0.13096512854099274 0.020019786432385445 0.086324542760849 0.1484852433204651 -0.10189830511808395  738290.6621549088
1.3193353414535522 0.13174834847450256 0.020033234730362892 0.08639737218618393 0.1478091925382614 -0.10067570209503174  738290.6621550241
1.3193353414535522 0.13174834847450256 0.020033234730362892 0.08639737218618393 0.1478091925382614 -0.10067570209503174  738290.6621551396
1.318566918373108 0.1325320452451706 0.02004539780318737 0.08583583682775497 0.1467611938714981 -0.10143304616212845  738290.662155255
1.3177589178085327 0.13361859321594238 0.01962452568113804 0.08483462035655975 0.1461387425661087 -0.10284174978733063  738290.6621553705
1.3169904947280884 0.13440750539302826 0.019608862698078156 0.08433253318071365 0.14568275213241577 -0.10314951837062836  738290.662155486
1.3162212371826172 0.13519936800003052 0.01959252543747425 0.08537334203720093 0.1459071934223175 -0.10384640097618103  738290.6621556013
1.3154520988464355 0.13599321246147156 0.019576573744416237 0.08410492539405823 0.14538924396038055 -0.10358668863773346  738290.6621557168
1.3146955966949463 0.13666991889476776 0.019732391461730003 0.08359840512275696 0.145359605550766 -0.1039646789431572  738290.6621558322
1.313926339149475 0.13746897876262665 0.019724927842617035 0.08340200036764145 0.14465214312076569 -0.1036992073059082  738290.6621559592
1.3131563663482666 0.1382724940776825 0.0197160467505455 0.08393914997577667 0.1420779973268509 -0.10183259844779968  738290.6621560745
1.3123855590820312 0.13908036053180695 0.01970708556473255 0.08375241607427597 0.14278867840766907 -0.10316336154937744  738290.6621561785
1.3116135597229004 0.13989241421222687 0.019698595628142357 0.08294734358787537 0.14203742146492004 -0.10204439610242844  738290.6621562939
1.3107956647872925 0.14177283644676208 0.018192650750279427 0.08315771818161011 0.14146097004413605 -0.1018482893705368  738290.6621564094
1.3100212812423706 0.14259687066078186 0.0181010439991951 0.08192156255245209 0.14101482927799225 -0.10195676982402802  738290.6621565248
1.3092459440231323 0.143424391746521 0.01800919882953167 0.08196333795785904 0.14098487794399261 -0.10223094373941422  738290.6621566402
1.3084702491760254 0.14425669610500336 0.017917132005095482 0.08182062953710556 0.14093346893787384 -0.10260065644979477  738290.6621567557
1.3076945543289185 0.1450396329164505 0.01789248175919056 0.08159037679433823 0.14152014255523682 -0.10266250371932983  738290.6621568942
1.306918978691101 0.14587678015232086 0.01780388504266739 0.08069784194231033 0.14111776649951935 -0.10336343944072723  738290.6621569865
1.3061445951461792 0.14671622216701508 0.01771491952240467 0.08085934817790985 0.14112576842308044 -0.10429205745458603  738290.6621571019
1.3053703308105469 0.1475590020418167 0.017625126987695694 0.07964970916509628 0.140812486410141 -0.10266611725091934  738290.6621572289
1.3045945167541504 0.14840498566627502 0.017535096034407616 0.07896803319454193 0.14147944748401642 -0.10270936787128448  738290.6621573444
1.3037744760513306 0.14838455617427826 0.018469057977199554 0.07953949272632599 0.1433335244655609 -0.10331059247255325  738290.6621574598
1.302996277809143 0.14923182129859924 0.018434010446071625 0.07926607131958008 0.14311043918132782 -0.10341620445251465  738290.6621575753
1.3022167682647705 0.15008080005645752 0.018398847430944443 0.07784343510866165 0.14119020104408264 -0.1010296419262886  738290.6621576906
1.3014365434646606 0.15093180537223816 0.018363527953624725 0.07649000734090805 0.1415134072303772 -0.10153864324092865  738290.6621578176
1.3005856275558472 0.15089520812034607 0.01934976316988468 0.07488743960857391 0.14111199975013733 -0.10151638090610504  738290.66215791
1.299803614616394 0.1517474204301834 0.01936875656247139 0.07581757009029388 0.14137424528598785 -0.10163175314664841  738290.6621580485
1.2990208864212036 0.1526021808385849 0.019388141110539436 0.0753035768866539 0.14080560207366943 -0.09978675842285156  738290.6621581528
1.2982369661331177 0.15345844626426697 0.01940854825079441 0.07513859122991562 0.1418267786502838 -0.1015511304140091  738290.6621582694
1.2974507808685303 0.15431685745716095 0.01943030022084713 0.07506698369979858 0.14319626986980438 -0.10190068185329437  738290.6621583849
1.2966430187225342 0.15499244630336761 0.019670212641358376 0.07397294789552689 0.14290185272693634 -0.10189887881278992  738290.6621584888
1.2958513498306274 0.15585696697235107 0.019704079255461693 0.07309570163488388 0.14334353804588318 -0.10229993611574173  738290.6621586158
1.2949784994125366 0.15681174397468567 0.019741792231798172 0.07421324402093887 0.1430097371339798 -0.10208159685134888  738290.6621587196
1.2941834926605225 0.15768364071846008 0.01977652870118618 0.07351119816303253 0.14481283724308014 -0.10299637168645859  738290.6621588581
% x y z qx qy qz qw  738290.6621588697
1.2934589385986328 0.15948447585105896 0.018733752891421318 0.07470761984586716 0.14447276294231415 -0.10241550952196121  738290.6621589505
1.2926634550094604 0.16036857664585114 0.018709594383835793 0.07457305490970612 0.14461331069469452 -0.10163751989603043  738290.662159089
1.2918674945831299 0.16125573217868805 0.018684793263673782 0.07281726598739624 0.14440520107746124 -0.10243963450193405  738290.6621591814
1.2910699844360352 0.16214591264724731 0.01865878328680992 0.07303071767091751 0.14526063203811646 -0.1031651422381401  738290.6621593083
1.2902636528015137 0.16291455924510956 0.018768740817904472 0.07310130447149277 0.14666606485843658 -0.10348427295684814  738290.6621594123
1.289465308189392 0.16381385922431946 0.018747786059975624 0.07284046709537506 0.1466570794582367 -0.10416514426469803  738290.6621595392
1.2886677980422974 0.16471906006336212 0.018727049231529236 0.07304659485816956 0.14563322067260742 -0.10356289148330688  738290.6621596431
1.2878700494766235 0.16562899947166443 0.01870587281882763 0.07225864380598068 0.14508651196956635 -0.10375647991895676  738290.6621597701
1.287071704864502 0.16654232144355774 0.018682988360524178 0.07265447825193405 0.1454596370458603 -0.1042269840836525  738290.662159874
1.2862390279769897 0.1669313907623291 0.019187796860933304 0.07188428193330765 0.14540652930736542 -0.10433842986822128  738290.662160001
1.2854405641555786 0.1678469330072403 0.019192833453416824 0.07130759954452515 0.1445118635892868 -0.10432664304971695  738290.6621601164
nan nan nan 0.07063575834035873 0.1449047178030014 -0.10534636676311493  738290.6621602318
nan nan nan 0.07042926549911499 0.1443939507007599 -0.10653876513242722  738290.6621603472
nan nan nan 0.06924106925725937 0.14527525007724762 -0.10702278465032578  738290.6621604627
nan nan nan 0.0678158700466156 0.14619627594947815 -0.10645190626382828  738290.6621605781
nan nan nan 0.06751667708158493 0.14481110870838165 -0.10482709854841232  738290.6621606936
nan nan nan 0.06692221015691757 0.14570443332195282 -0.10518043488264084  738290.662160809
nan nan nan 0.06612689793109894 0.14413252472877502 -0.10440889000892639  738290.6621609244
nan nan nan 0.06658124178647995 0.14564935863018036 -0.10489340126514435  738290.6621610399
nan nan nan 0.06683903187513351 0.14497576653957367 -0.10427357256412506  738290.6621611553
nan nan nan 0.06686780601739883 0.1449718177318573 -0.10537470877170563  738290.6621612707
nan nan nan 0.0660996288061142 0.14535127580165863 -0.10506118088960648  738290.6621613861
nan nan nan 0.06700325757265091 0.14648433029651642 -0.10545559972524643  738290.6621615016
nan nan nan 0.06666801124811172 0.1463429480791092 -0.10651034861803055  738290.66216164
nan nan nan 0.06676167249679565 0.14570073783397675 -0.1057562455534935  738290.6621617324
nan nan nan 0.06634317338466644 0.14736321568489075 -0.10609015077352524  738290.6621618479
nan nan nan 0.06670761853456497 0.14763794839382172 -0.10479068011045456  738290.6621619633
nan nan nan 0.06503509730100632 0.1485872119665146 -0.10519392043352127  738290.6621620787
nan nan nan 0.06481608003377914 0.14921826124191284 -0.10628292709589005  738290.6621621941
nan nan nan 0.06479755789041519 0.14945092797279358 -0.10770855844020844  738290.6621623096
nan nan nan 0.06410910934209824 0.14888150990009308 -0.10884781926870346  738290.662162425
nan nan nan 0.06433595716953278 0.1495579034090042 -0.10980402678251266  738290.6621625405
nan nan nan 0.06439880281686783 0.14819379150867462 -0.10958606004714966  738290.662162656
nan nan nan 0.06305677443742752 0.1485237181186676 -0.1087622418999672  738290.662162806
nan nan nan 0.0623188279569149 0.14710091054439545 -0.10969875752925873  738290.6621628868
nan nan nan 0.06294692307710648 0.14714688062667847 -0.11099307239055634  738290.6621630022
nan nan nan 0.062009431421756744 0.14611747860908508 -0.11171798408031464  738290.6621631177
nan nan nan 0.06312917172908783 0.1462138444185257 -0.11263515055179596  738290.662163233
nan nan nan 0.06231842190027237 0.1457943320274353 -0.11291400343179703  738290.6621633485
nan nan nan 0.06226634234189987 0.14487971365451813 -0.11287844926118851  738290.6621634639
nan nan nan 0.06166968122124672 0.1461406946182251 -0.11153935641050339  738290.6621635909
nan nan nan 0.06196417286992073 0.14642508327960968 -0.11274440586566925  738290.6621636949
nan nan nan 0.061255600303411484 0.14742891490459442 -0.11288268864154816  738290.6621638102
nan nan nan 0.06037227809429169 0.14735770225524902 -0.11345082521438599  738290.6621639256
nan nan nan 0.06058483570814133 0.14882615208625793 -0.1139562577009201  738290.6621640526
nan nan nan 0.05969048663973808 0.14890551567077637 -0.11321888864040375  738290.6621641566
nan nan nan 0.05824655666947365 0.14839032292366028 -0.11430229246616364  738290.6621642719
nan nan nan 0.0583367757499218 0.14770078659057617 -0.11415978521108627  738290.6621643874
nan nan nan 0.05909556895494461 0.14796483516693115 -0.11435751616954803  738290.6621645029
nan nan nan 0.06035438925027847 0.14919522404670715 -0.11498565226793289  738290.6621646186
nan nan nan 0.05997133255004883 0.15164466202259064 -0.11585144698619843  738290.6621647456
nan nan nan 0.05986974760890007 0.1511637419462204 -0.11559762060642242  738290.6621648495
nan nan nan 0.05959254503250122 0.14912346005439758 -0.11619794368743896  738290.662164965
nan nan nan 0.060320671647787094 0.15050549805164337 -0.11595571786165237  738290.6621650921
nan nan nan 0.061141081154346466 0.1503968983888626 -0.11617645621299744  738290.6621651959
nan nan nan 0.06029651314020157 0.14974886178970337 -0.11512117832899094  738290.662165323
nan nan nan 0.05955967307090759 0.149428129196167 -0.11500325053930283  738290.6621654273
nan nan nan 0.06001754850149155 0.1494971513748169 -0.1155470609664917  738290.6621655427
nan nan nan 0.05972551926970482 0.14944195747375488 -0.11626991629600525  738290.6621656582
nan nan nan 0.05894909054040909 0.1495015174150467 -0.11522874981164932  738290.6621657852
nan nan nan 0.058593008667230606 0.15061426162719727 -0.11546240746974945  738290.6621659122
nan nan nan 0.05888236314058304 0.15138044953346252 -0.11649424582719803  738290.6621660045
nan nan nan 0.05774660408496857 0.15064993500709534 -0.11739055067300797  738290.6621661315
nan nan nan 0.05728951096534729 0.15019935369491577 -0.11727780848741531  738290.6621662469
nan nan nan 0.058350369334220886 0.15139247477054596 -0.11706987768411636  738290.6621663867
nan nan nan 0.058142755180597305 0.1500779092311859 -0.11658819019794464  738290.662166467
nan nan nan 0.05803298577666283 0.15080304443836212 -0.11788146942853928  738290.6621665824
nan nan nan 0.05782076343894005 0.14981096982955933 -0.11619147658348083  738290.6621666979
nan nan nan 0.05871473252773285 0.14867644011974335 -0.11680867522954941  738290.6621668248
nan nan nan 0.05886580049991608 0.14799319207668304 -0.11592087149620056  738290.6621669288
nan nan nan 0.058784205466508865 0.14759571850299835 -0.11407818645238876  738290.6621670673
nan nan nan 0.05806721746921539 0.1483217030763626 -0.11492399871349335  738290.6621671596
nan nan nan 0.05902332812547684 0.14847910404205322 -0.11438959091901779  738290.6621672866
nan nan nan 0.05846009403467178 0.14780235290527344 -0.11456749588251114  738290.6621673905
nan nan nan 0.05842733010649681 0.14851821959018707 -0.11614445596933365  738290.6621675526
nan nan nan 0.05894377455115318 0.14695210754871368 -0.11534299701452255  738290.6621676332
nan nan nan 0.05811908468604088 0.14642389118671417 -0.113813117146492  738290.6621677487
nan nan nan 0.057040147483348846 0.14712512493133545 -0.11394090205430984  738290.662167864
nan nan nan 0.05677114799618721 0.14711584150791168 -0.1128736063838005  738290.6621679795
nan nan nan 0.05701889097690582 0.14609763026237488 -0.11336467415094376  738290.6621680949
nan nan nan 0.05708642303943634 0.1469026505947113 -0.11316687613725662  738290.6621681988
nan nan nan 0.05685896798968315 0.14572440087795258 -0.11328986287117004  738290.6621683374
nan nan nan 0.05655955150723457 0.14521817862987518 -0.11342116445302963  738290.6621684412
nan nan nan 0.05542794242501259 0.14301413297653198 -0.11283598840236664  738290.6621685567
nan nan nan 0.05613525211811066 0.1428065448999405 -0.1135566383600235  738290.6621686721
nan nan nan 0.056299593299627304 0.1430111527442932 -0.1120898649096489  738290.662168776
nan nan nan 0.05516482889652252 0.142607182264328 -0.11351007968187332  738290.6621689029
nan nan nan 0.056033309549093246 0.14309780299663544 -0.11279299110174179  738290.6621690184
nan nan nan 0.056400611996650696 0.1437026560306549 -0.11317697167396545  738290.6621691338
nan nan nan 0.05638696253299713 0.14442595839500427 -0.11296235769987106  738290.6621692493
nan nan nan 0.056697603315114975 0.1429549902677536 -0.11300396919250488  738290.6621693647
nan nan nan 0.05736060440540314 0.143987238407135 -0.11292492598295212  738290.6621694686
nan nan nan 0.05597947537899017 0.14387147128582 -0.1133226752281189  738290.6621695955
nan nan nan 0.05520229414105415 0.14385484158992767 -0.11238142102956772  738290.662169711
nan nan nan 0.05462738126516342 0.14346104860305786 -0.1129532903432846  738290.6621698149
nan nan nan 0.05471894145011902 0.1442180871963501 -0.11357888579368591  738290.6621699418
nan nan nan 0.05533114820718765 0.14569838345050812 -0.11430875957012177  738290.6621700458
nan nan nan 0.0556626170873642 0.1447143852710724 -0.11479640007019043  738290.6621701727
nan nan nan 0.05531340092420578 0.1453666239976883 -0.11512288451194763  738290.6621702882
nan nan nan 0.055640533566474915 0.14586512744426727 -0.11444589495658875  738290.6621704036
nan nan nan 0.055127404630184174 0.14626102149486542 -0.11483100056648254  738290.6621705305
nan nan nan 0.05492323637008667 0.14783674478530884 -0.11567362397909164  738290.6621706345
nan nan nan 0.0559849813580513 0.1475563794374466 -0.11679214984178543  738290.6621707499
nan nan nan 0.05513555184006691 0.14819669723510742 -0.11764354258775711  738290.6621708653
nan nan nan 0.05422072857618332 0.14797140657901764 -0.11757577955722809  738290.6621709807
nan nan nan 0.05453970283269882 0.1489686667919159 -0.11716795712709427  738290.6621711192
nan nan nan 0.053507715463638306 0.14854934811592102 -0.11694250255823135  738290.6621712116
nan nan nan 0.053878508508205414 0.14919237792491913 -0.11734979599714279  738290.6621713386
nan nan nan 0.05387551710009575 0.14909876883029938 -0.11825839430093765  738290.6621714425
nan nan nan 0.053652770817279816 0.15045136213302612 -0.11770044267177582  738290.6621715579
nan nan nan 0.05455157905817032 0.15087564289569855 -0.11819934099912643  738290.6621716734
nan nan nan 0.053970228880643845 0.15103992819786072 -0.11791572719812393  738290.6621717887
nan nan nan 0.05381147563457489 0.15088039636611938 -0.11815782636404037  738290.6621719042
nan nan nan 0.05225064605474472 0.15321728587150574 -0.11856295168399811  738290.6621720196
nan nan nan 0.05195491760969162 0.15325205028057098 -0.11943572014570236  738290.6621721466
nan nan nan 0.05263257771730423 0.1539618968963623 -0.11922858655452728  738290.6621722863
nan nan nan 0.05289456993341446 0.15546081960201263 -0.11961857974529266  738290.6621723672
nan nan nan 0.05264975503087044 0.15537966787815094 -0.12027344852685928  738290.6621724826
nan nan nan 0.05293538421392441 0.15523934364318848 -0.12053365260362625  738290.6621725981
nan nan nan 0.0527004674077034 0.15518473088741302 -0.11917880177497864  738290.662172725
nan nan nan 0.05290553718805313 0.15427297353744507 -0.11868590861558914  738290.6621728404
nan nan nan 0.05229015275835991 0.15399058163166046 -0.11887268722057343  738290.6621729444
nan nan nan 0.05302080884575844 0.15393511950969696 -0.12020382285118103  738290.6621730599
nan nan nan 0.05341751500964165 0.15382148325443268 -0.12118597328662872  738290.6621731753
nan nan nan 0.05295443534851074 0.1528947800397873 -0.12169191241264343  738290.6621732907
nan nan nan 0.05250919982790947 0.15369269251823425 -0.12100865691900253  738290.6621734177
nan nan nan 0.05205286294221878 0.15288831293582916 -0.12043111771345139  738290.6621735219
nan nan nan 0.052351534366607666 0.15353259444236755 -0.12099544703960419  738290.6621736488
nan nan nan 0.052428800612688065 0.15501779317855835 -0.12155965715646744  738290.6621737528
nan nan nan 0.052248015999794006 0.15430401265621185 -0.12188645452260971  738290.6621738682
nan nan nan 0.051898837089538574 0.1529853790998459 -0.12172139436006546  738290.6621739952
nan nan nan 0.05221768841147423 0.15324151515960693 -0.12149986624717712  738290.662174099
nan nan nan 0.05188192054629326 0.15347538888454437 -0.1218189150094986  738290.6621742145
nan nan nan 0.052353061735630035 0.1517447978258133 -0.12105810642242432  738290.66217433
nan nan nan 0.05155409500002861 0.15069471299648285 -0.12083816528320312  738290.6621744453
nan nan nan 0.05121593549847603 0.14945721626281738 -0.11998572945594788  738290.6621745608
nan nan nan 0.05098097398877144 0.1495349109172821 -0.12034434825181961  738290.662174688
nan nan nan 0.05125272646546364 0.1489861011505127 -0.11985190957784653  738290.6621747918
nan nan nan 0.051501769572496414 0.14940299093723297 -0.12043017148971558  738290.6621749188
nan nan nan 0.05080663785338402 0.14760470390319824 -0.1193031370639801  738290.6621750343
nan nan nan 0.049293506890535355 0.14673709869384766 -0.11834027618169785  738290.6621751497
nan nan nan 0.0498180165886879 0.14717723429203033 -0.11802955716848373  738290.6621752653
nan nan nan 0.0487692728638649 0.14723847806453705 -0.11851684749126434  738290.6621753807
nan nan nan 0.049028147011995316 0.14734600484371185 -0.11833107471466064  738290.662175496
nan nan nan 0.04932096228003502 0.14666426181793213 -0.11745977401733398  738290.662175623
nan nan nan 0.05019374564290047 0.1474316120147705 -0.11734340339899063  738290.662175727
nan nan nan 0.05038689449429512 0.1491735577583313 -0.11739355325698853  738290.6621758654
nan nan nan 0.049952082335948944 0.14896336197853088 -0.11667532473802567  738290.6621759577
nan nan nan 0.04985302314162254 0.1477099508047104 -0.11718206852674484  738290.6621760732
nan nan nan 0.04930472373962402 0.147226482629776 -0.11697697639465332  738290.6621761885
nan nan nan 0.04832621291279793 0.14641055464744568 -0.11709602177143097  738290.662176304
nan nan nan 0.04900192841887474 0.1455986201763153 -0.11660531908273697  738290.6621764194
nan nan nan 0.04892604798078537 0.14552205801010132 -0.11667874455451965  738290.6621765349
nan nan nan 0.04850217327475548 0.1440652459859848 -0.11607123911380768  738290.6621766391
nan nan nan 0.048550140112638474 0.1450996845960617 -0.11463432759046555  738290.6621767661
nan nan nan 0.04975002631545067 0.14529454708099365 -0.11532461643218994  738290.6621768816
nan nan nan 0.04930688813328743 0.14482218027114868 -0.11519721895456314  738290.6621770316
nan nan nan 0.049143582582473755 0.1441401094198227 -0.11400642991065979  738290.6621771124
nan nan nan 0.04870324209332466 0.1435520052909851 -0.11398923397064209  738290.6621772286
nan nan nan 0.04780356585979462 0.14282597601413727 -0.11452315002679825  738290.6621773436
nan nan nan 0.046885911375284195 0.14330242574214935 -0.11544051766395569  738290.6621774591
nan nan nan 0.047487929463386536 0.1446160227060318 -0.11506477743387222  738290.662177563
nan nan nan 0.04745391756296158 0.14463406801223755 -0.11609669774770737  738290.6621776901
nan nan nan 0.04601567983627319 0.14363853633403778 -0.11781779676675797  738290.6621778054
nan nan nan 0.04538394883275032 0.14440906047821045 -0.11736907064914703  738290.662177921
nan nan nan 0.04534091055393219 0.14389656484127045 -0.11630675196647644  738290.6621780365
nan nan nan 0.04449199512600899 0.14455480873584747 -0.11815708875656128  738290.6621781519
nan nan nan 0.04497433826327324 0.14639528095722198 -0.11946440488100052  738290.6621782674
nan nan nan 0.04474516212940216 0.1480567306280136 -0.1196734607219696  738290.6621783827
nan nan nan 0.04488598182797432 0.149197518825531 -0.12017140537500381  738290.6621784986
nan nan nan 0.04472647234797478 0.14773139357566833 -0.12011289596557617  738290.6621786141
nan nan nan 0.04503970593214035 0.1481170356273651 -0.12045647948980331  738290.6621787294
nan nan nan 0.04453502222895622 0.14822323620319366 -0.12144255638122559  738290.6621788449
nan nan nan 0.044357847422361374 0.1478307992219925 -0.12052994221448898  738290.6621789604
nan nan nan 0.0436774380505085 0.14820273220539093 -0.12078932672739029  738290.6621790758
nan nan nan 0.0435795821249485 0.1482876092195511 -0.12206169217824936  738290.6621791911
nan nan nan 0.04381351172924042 0.14920639991760254 -0.12204928696155548  738290.6621793066
nan nan nan 0.0441080667078495 0.14909414947032928 -0.12378443032503128  738290.6621794221
nan nan nan 0.04216460511088371 0.15007013082504272 -0.12495964020490646  738290.6621795259
nan nan nan 0.04191024973988533 0.15226025879383087 -0.1257932484149933  738290.662179653
nan nan nan 0.041944798082113266 0.152007058262825 -0.12514759600162506  738290.6621797798
nan nan nan 0.04218361899256706 0.15286460518836975 -0.12514273822307587  738290.6621798838
nan nan nan 0.04128614813089371 0.15164092183113098 -0.12455428391695023  738290.6621799992
nan nan nan 0.041346967220306396 0.14954160153865814 -0.12437540292739868  738290.6621801031
nan nan nan 0.041203953325748444 0.14999191462993622 -0.12528492510318756  738290.66218023
nan nan nan 0.04109055548906326 0.15012520551681519 -0.12564487755298615  738290.6621803455
nan nan nan 0.04101509973406792 0.14877599477767944 -0.125886932015419  738290.6621804609
nan nan nan 0.04117719456553459 0.14805009961128235 -0.12466228753328323  738290.662180611
nan nan nan 0.039914969354867935 0.1479424685239792 -0.12533634901046753  738290.6621806917
nan nan nan 0.03876566141843796 0.14886295795440674 -0.12482262402772903  738290.6621808072
nan nan nan 0.0398896299302578 0.14930459856987 -0.12575563788414001  738290.6621809342
nan nan nan 0.03961183875799179 0.1481310874223709 -0.12426251918077469  738290.6621810381
nan nan nan 0.039504170417785645 0.14857006072998047 -0.1249912828207016  738290.6621811535
nan nan nan 0.039351288229227066 0.14723852276802063 -0.12466362118721008  738290.6621812689
nan nan nan 0.03919301554560661 0.1470097452402115 -0.12402841448783875  738290.6621813845
nan nan nan 0.0385776087641716 0.14748314023017883 -0.12328318506479263  738290.6621814999
nan nan nan 0.03923909366130829 0.1451157033443451 -0.12311360239982605  738290.6621816154
nan nan nan 0.03967437520623207 0.14445704221725464 -0.1225762590765953  738290.6621817539
nan nan nan 0.03883014991879463 0.14473290741443634 -0.12303850054740906  738290.6621818583
nan nan nan 0.038448724895715714 0.14242561161518097 -0.12221108376979828  738290.6621819626
nan nan nan 0.03827552869915962 0.1414070427417755 -0.12167488038539886  738290.6621820896
nan nan nan 0.03829534351825714 0.14157384634017944 -0.12129632383584976  738290.6621821937
nan nan nan 0.03851095587015152 0.14017459750175476 -0.12200415134429932  738290.662182309
nan nan nan 0.03937537595629692 0.13879071176052094 -0.12160162627696991  738290.6621824243
nan nan nan 0.03818008303642273 0.13908061385154724 -0.12023334950208664  738290.6621825398
nan nan nan 0.038479216396808624 0.13904640078544617 -0.12065519392490387  738290.6621826668
nan nan nan 0.038548462092876434 0.13784506916999817 -0.12130927294492722  738290.6621827823
nan nan nan 0.03813493996858597 0.13836270570755005 -0.12113448977470398  738290.6621828977
nan nan nan 0.039572544395923615 0.1371370404958725 -0.12074485421180725  738290.6621830015
nan nan nan 0.03965670242905617 0.13720877468585968 -0.12049879133701324  738290.6621831285
nan nan nan 0.03919438645243645 0.13768050074577332 -0.12082750350236893  738290.662183244
nan nan nan 0.03912758454680443 0.13847675919532776 -0.12138236314058304  738290.6621833594
nan nan nan 0.03917526826262474 0.14012105762958527 -0.12222134321928024  738290.6621834633
nan nan nan 0.03801386058330536 0.1403718888759613 -0.1211596354842186  738290.6621835787
nan nan nan 0.036314573138952255 0.13973413407802582 -0.12116797268390656  738290.6621837057
nan nan nan 0.0360708124935627 0.13992033898830414 -0.12188569456338882  738290.6621838211
nan nan nan 0.03489794209599495 0.14002369344234467 -0.12259183079004288  738290.662183925
nan nan nan 0.034120332449674606 0.14019955694675446 -0.12284058332443237  738290.662184052
nan nan nan 0.0337432362139225 0.13873440027236938 -0.12264856696128845  738290.6621841674
nan nan nan 0.03250941261649132 0.13885091245174408 -0.12179382890462875  738290.6621842829
nan nan nan 0.033030759543180466 0.13732415437698364 -0.12030581384897232  738290.6621844214
nan nan nan 0.031868211925029755 0.13730378448963165 -0.12084240466356277  738290.6621845138
nan nan nan 0.033270105719566345 0.13634784519672394 -0.12014707922935486  738290.6621846182
nan nan nan 0.03277278319001198 0.13710854947566986 -0.12094619870185852  738290.6621847452
nan nan nan 0.032462675124406815 0.13606034219264984 -0.11998036503791809  738290.6621848606
nan nan nan 0.031851839274168015 0.1357567459344864 -0.12088344246149063  738290.6621849759
nan nan nan 0.031576987355947495 0.13484619557857513 -0.12072224169969559  738290.6621850914
nan nan nan 0.03147957846522331 0.13707716763019562 -0.12128204852342606  738290.6621852075
nan nan nan 0.03196413069963455 0.13503387570381165 -0.12021463364362717  738290.662185346
nan nan nan 0.031823016703128815 0.135019451379776 -0.11980479210615158  738290.6621854383
nan nan nan 0.03026224859058857 0.1338454931974411 -0.12044413387775421  738290.6621855653
nan nan nan 0.03054104931652546 0.13467107713222504 -0.12069723010063171  738290.6621856692
nan nan nan 0.030233794823288918 0.1355341523885727 -0.11984355747699738  738290.6621857845
nan nan nan 0.03015194833278656 0.13620403409004211 -0.11968415975570679  738290.6621859
nan nan nan 0.030092978850007057 0.1373290866613388 -0.12014004588127136  738290.6621860039
nan nan nan 0.030564358457922935 0.13870257139205933 -0.11954942345619202  738290.6621861309
nan nan nan 0.030870474874973297 0.13845352828502655 -0.11889012157917023  738290.6621862464
nan nan nan 0.03010091558098793 0.13816826045513153 -0.11912629753351212  738290.6621863617
nan nan nan 0.030268454924225807 0.1381443291902542 -0.11996841430664062  738290.6621865119
nan nan nan 0.02984480932354927 0.13798017799854279 -0.11959958076477051  738290.6621865926
nan nan nan 0.03072812594473362 0.13835114240646362 -0.12037593126296997  738290.6621867197
nan nan nan 0.03148765489459038 0.1399705410003662 -0.11917267739772797  738290.6621868234
nan nan nan 0.032540205866098404 0.13965041935443878 -0.11880526691675186  738290.6621869389
nan nan nan 0.03271139785647392 0.1403164267539978 -0.11900234967470169  738290.6621870544
nan nan nan 0.03356245532631874 0.14079663157463074 -0.1196155995130539  738290.6621871698
nan nan nan 0.0327264778316021 0.14185036718845367 -0.12039536237716675  738290.6621872853
nan nan nan 0.03251451626420021 0.14140567183494568 -0.1210397258400917  738290.6621874007
nan nan nan 0.03354804962873459 0.1431836634874344 -0.12025564908981323  738290.6621875162
nan nan nan 0.03160018101334572 0.142329141497612 -0.12023238837718964  738290.6621876316
nan nan nan 0.031082337722182274 0.14149746298789978 -0.11989448219537735  738290.662187759
nan nan nan 0.03011408820748329 0.14063303172588348 -0.11935746669769287  738290.6621878744
nan nan nan 0.02986864559352398 0.14135779440402985 -0.11976204067468643  738290.6621879783
nan nan nan 0.02945234812796116 0.14127233624458313 -0.12038586288690567  738290.6621880938
nan nan nan 0.028423994779586792 0.14090244472026825 -0.12012607604265213  738290.6621882091
nan nan nan 0.028541868552565575 0.14009450376033783 -0.12006323039531708  738290.6621883361
nan nan nan 0.0294981449842453 0.14152614772319794 -0.12159699946641922  738290.6621884401
nan nan nan 0.02909555658698082 0.1426316350698471 -0.1232486367225647  738290.6621885555
nan nan nan 0.02819197066128254 0.14339269697666168 -0.12299570441246033  738290.6621886708
nan nan nan 0.02803737483918667 0.14266005158424377 -0.12285735458135605  738290.6621887863
nan nan nan 0.02795468643307686 0.14298483729362488 -0.1226220428943634  738290.6621889017
nan nan nan 0.026556307449936867 0.14278899133205414 -0.12178278714418411  738290.6621890288
nan nan nan 0.02695455215871334 0.14324338734149933 -0.1220480278134346  738290.6621891441
nan nan nan 0.026461085304617882 0.14352819323539734 -0.12199593335390091  738290.662189248
nan nan nan 0.026652293279767036 0.1437331885099411 -0.1214388757944107  738290.662189375
nan nan nan 0.026906315237283707 0.14515526592731476 -0.12137427181005478  738290.6621894789
nan nan nan 0.025394346565008163 0.14550085365772247 -0.12041317671537399  738290.6621896059
nan nan nan 0.025058288127183914 0.14466312527656555 -0.11990876495838165  738290.6621897212
nan nan nan 0.0241924449801445 0.14572399854660034 -0.1216154471039772  738290.6621898367
nan nan nan 0.022994617000222206 0.14610177278518677 -0.12148553878068924  738290.6621899406
nan nan nan 0.022258736193180084 0.14484713971614838 -0.1212615817785263  738290.6621900906
nan nan nan 0.021130582317709923 0.14383403956890106 -0.1206330880522728  738290.6621901946
nan nan nan 0.021457461640238762 0.14372345805168152 -0.12020198255777359  738290.6621902984
nan nan nan 0.021128909662365913 0.14362522959709167 -0.12060745805501938  738290.6621904139
nan nan nan 0.02127152867615223 0.14295950531959534 -0.12074458599090576  738290.6621905178
nan nan nan 0.020245695486664772 0.1432291567325592 -0.12001177668571472  738290.6621906448
nan nan nan 0.020354541018605232 0.14473837614059448 -0.12021134793758392  738290.6621907601
nan nan nan 0.02109859511256218 0.14558841288089752 -0.12063705176115036  738290.6621908756
nan nan nan 0.020299501717090607 0.14482180774211884 -0.12057321518659592  738290.6621910026
nan nan nan 0.02016424760222435 0.14486944675445557 -0.11984829604625702  738290.6621911065
nan nan nan 0.02043125405907631 0.1461997628211975 -0.11903601139783859  738290.6621912335
nan nan nan 0.02077358029782772 0.14569172263145447 -0.11926910281181335  738290.662191349
nan nan nan 0.0202680304646492 0.14696279168128967 -0.12088529765605927  738290.6621914412
nan nan nan 0.020355645567178726 0.14538656175136566 -0.12025917321443558  738290.6621915682
nan nan nan 0.020359300076961517 0.14639094471931458 -0.12103856354951859  738290.6621916837
nan nan nan 0.019327271729707718 0.144829660654068 -0.12087885290384293  738290.662191799
nan nan nan 0.019434047862887383 0.14426308870315552 -0.12115926295518875  738290.662191903
nan nan nan 0.018691377714276314 0.14262987673282623 -0.1192362979054451  738290.6621920415
nan nan nan 0.017843207344412804 0.14361871778964996 -0.12051659822463989  738290.6621921454
nan nan nan 0.016938792541623116 0.14354458451271057 -0.11980664730072021  738290.6621922608
nan nan nan 0.015789050608873367 0.1442202925682068 -0.12026325613260269  738290.6621923762
nan nan nan 0.014669661410152912 0.14483657479286194 -0.12040611356496811  738290.6621925032
nan nan nan 0.014172027818858624 0.14399568736553192 -0.120046466588974  738290.6621926072
nan nan nan 0.015213623642921448 0.14451469480991364 -0.12074517458677292  738290.6621927225
nan nan nan 0.0137909185141325 0.1447511613368988 -0.1208735853433609  738290.662192838
nan nan nan 0.01341291330754757 0.14509178698062897 -0.12112791836261749  738290.6621929534
nan nan nan 0.013206160627305508 0.14293783903121948 -0.11983276903629303  738290.6621930689
nan nan nan 0.012165688909590244 0.14368407428264618 -0.12013763189315796  738290.6621931844
nan nan nan 0.01117574144154787 0.1428939402103424 -0.11995837837457657  738290.6621932997
nan nan nan 0.01049446128308773 0.1438426971435547 -0.11940275877714157  738290.6621934152
nan nan nan 0.011017856188118458 0.14386947453022003 -0.1194823607802391  738290.6621935306
nan nan nan 0.011461840942502022 0.14451947808265686 -0.1199619248509407  738290.6621936691
nan nan nan 0.010832907631993294 0.14479176700115204 -0.12015147507190704  738290.6621937618
nan nan nan 0.01155184581875801 0.14535383880138397 -0.11870504915714264  738290.6621938773
nan nan nan 0.010980415157973766 0.14419680833816528 -0.11895579844713211  738290.6621939926
nan nan nan 0.01215803250670433 0.14327649772167206 -0.1190127432346344  738290.6621941081
nan nan nan 0.011960840784013271 0.14303001761436462 -0.12067440152168274  738290.6621942238
nan nan nan 0.010813402011990547 0.14192482829093933 -0.11962788552045822  738290.6621943393
nan nan nan 0.011107074096798897 0.14176493883132935 -0.11939540505409241  738290.6621944548
nan nan nan 0.011479463428258896 0.1428813487291336 -0.11957694590091705  738290.6621945703
nan nan nan 0.01093135867267847 0.14102590084075928 -0.11855338513851166  738290.6621946857
nan nan nan 0.010453363880515099 0.14157530665397644 -0.11886189132928848  738290.6621948362
nan nan nan 0.010149898938834667 0.14207600057125092 -0.119499571621418  738290.662194917
nan nan nan 0.009524809196591377 0.14269988238811493 -0.11895585060119629  738290.6621950323
nan nan nan 0.009309089742600918 0.14299951493740082 -0.11825685948133469  738290.6621951477
nan nan nan 0.009950025007128716 0.1424960345029831 -0.11801505833864212  738290.6621952632
nan nan nan 0.007705285679548979 0.14121782779693604 -0.11755532771348953  738290.6621953902
nan nan nan 0.0076638152822852135 0.1396474391222 -0.11631038039922714  738290.6621955056
nan nan nan 0.00746219651773572 0.13950084149837494 -0.11652419716119766  738290.6621956095
nan nan nan 0.008893053978681564 0.14032398164272308 -0.11737588793039322  738290.6621957249
nan nan nan 0.007471177726984024 0.1384049355983734 -0.11686350405216217  738290.6621958404
nan nan nan 0.006833572406321764 0.13771644234657288 -0.11601878702640533  738290.6621959904
nan nan nan 0.006586098577827215 0.1385732889175415 -0.11681155860424042  738290.6621960828
nan nan nan 0.006036306265741587 0.13925954699516296 -0.11665107309818268  738290.6621961982
nan nan nan 0.005833402741700411 0.13973309099674225 -0.11767219752073288  738290.6621963137
nan nan nan 0.00548859778791666 0.1394512951374054 -0.11707406491041183  738290.6621964176
nan nan nan 0.005586582701653242 0.1391054391860962 -0.11637966334819794  738290.662196533
nan nan nan 0.005811350420117378 0.13849730789661407 -0.11614111810922623  738290.6621966485
nan nan nan 0.0054533956572413445 0.1358180046081543 -0.11567574739456177  738290.6621967753
nan nan nan 0.004746217746287584 0.13472527265548706 -0.11577112972736359  738290.6621968908
nan nan nan 0.0035936518106609583 0.13382764160633087 -0.11629948019981384  738290.6621970063
nan nan nan 0.0034832048695534468 0.13443401455879211 -0.11588199436664581  738290.6621971333
nan nan nan 0.0029404181987047195 0.13448433578014374 -0.11716144531965256  738290.6621972374
nan nan nan 0.002678778488188982 0.13406327366828918 -0.1173894926905632  738290.6621973416
nan nan nan 0.0029610542114824057 0.13456586003303528 -0.11893989145755768  738290.662197457
nan nan nan 0.0023668042849749327 0.13562381267547607 -0.12009883671998978  738290.662197584
nan nan nan 0.0025601310189813375 0.13575339317321777 -0.12034071236848831  738290.6621976994
nan nan nan 0.0010343468748033047 0.13537771999835968 -0.12024101614952087  738290.6621978149
nan nan nan 0.0005118349217809737 0.13522978127002716 -0.1207544133067131  738290.6621979187
nan nan nan 0.0006922968314029276 0.13466204702854156 -0.12027791887521744  738290.6621980342
nan nan nan 0.0012072846293449402 0.13491873443126678 -0.12137209624052048  738290.6621981611
nan nan nan 0.0018850062042474747 0.1345638632774353 -0.12199033051729202  738290.6621982651
nan nan nan 0.0011144180316478014 0.13481710851192474 -0.12252575904130936  738290.662198392
nan nan nan 0.001809112960472703 0.13326196372509003 -0.12149522453546524  738290.6621985075
nan nan nan 0.0024614431895315647 0.13313248753547668 -0.12195822596549988  738290.6621986114
nan nan nan 0.001844119862653315 0.132426917552948 -0.12244776636362076  738290.6621987388
nan nan nan 0.001415498205460608 0.13091492652893066 -0.12102725356817245  738290.6621988546
nan nan nan 0.00040613097371533513 0.13062332570552826 -0.12128999829292297  738290.6621989703
nan nan nan 0.0009632462752051651 0.1325458288192749 -0.12150609493255615  738290.6621990857
nan nan nan 0.0007123148534446955 0.1331348419189453 -0.12215898185968399  738290.6621991895
nan nan nan 0.0011756493477150798 0.13405482470989227 -0.1224348396062851  738290.6621993165
nan nan nan 0.000451533094746992 0.1337990164756775 -0.12332504987716675  738290.6621994204
nan nan nan -0.0005224640481173992 0.13174307346343994 -0.12328298389911652  738290.6621995589
nan nan nan 0.0001365227362839505 0.13128677010536194 -0.12329806387424469  738290.6621996631
nan nan nan -0.00012191881978651509 0.13180196285247803 -0.12318544089794159  738290.6621997786
nan nan nan -8.497606904711574e-05 0.13233068585395813 -0.12323707342147827  738290.6621998826
nan nan nan -0.0012574770953506231 0.13138732314109802 -0.12310992181301117  738290.6621999979
nan nan nan -0.0016914058942347765 0.13251344859600067 -0.12363295257091522  738290.6622001249
nan nan nan -0.002887425711378455 0.13277935981750488 -0.12385324388742447  738290.6622002403
nan nan nan -0.0034065633080899715 0.1338927447795868 -0.12411126494407654  738290.6622003558
nan nan nan -0.0023441792000085115 0.13362133502960205 -0.1228584349155426  738290.6622004712
nan nan nan -0.0025985408574342728 0.1332978904247284 -0.12292636185884476  738290.6622005751
nan nan nan -0.003303694538772106 0.13251763582229614 -0.1210436299443245  738290.6622007138
nan nan nan -0.0035462307278066874 0.13135506212711334 -0.12109342962503433  738290.662200806
nan nan nan -0.0034350885543972254 0.13101613521575928 -0.1214883029460907  738290.6622009216
nan nan nan -0.003964020870625973 0.13135914504528046 -0.12214531749486923  738290.6622010483