1.5040403604507446 -0.007068032398819923 0.009996243752539158 -0.6415432691574097 -0.5640064477920532 -0.03941447287797928  738290.6640347103
1.5043805837631226 -0.0066018011420965195 0.00996369868516922 -0.6637647151947021 -0.576390266418457 -0.03989243134856224  738290.6640348256
1.5034875869750977 -0.00751625606790185 0.009960316121578217 -0.6164754629135132 -0.5267035961151123 -0.04051749408245087  738290.6640349526
1.5035039186477661 -0.006417321972548962 0.00993593130260706 -0.6700233817100525 -0.5246453285217285 -0.03987494856119156  738290.664035068
1.5044852495193481 -0.007691462058573961 0.009923456236720085 -0.6038408875465393 -0.5694552659988403 -0.03992189094424248  738290.6640351835
1.5020685195922852 -0.006371179595589638 0.01080082356929779 -0.6681031584739685 -0.4462135434150696 -0.03891367092728615  738290.6640352873
1.5037184953689575 -0.007019940763711929 0.010846121236681938 -0.6343051791191101 -0.5284193754196167 -0.03882531076669693  738290.6640354259
1.5037360191345215 -0.006336446851491928 0.010861225426197052 -0.6663339734077454 -0.5266863107681274 -0.038088127970695496  738290.6640355182
1.5028839111328125 -0.0063203563913702965 0.010884194634854794 -0.6637900471687317 -0.48168760538101196 -0.03771766647696495  738290.6640356337
1.502880334854126 -0.006267324090003967 0.010948178358376026 -0.6626728177070618 -0.48112842440605164 -0.038738928735256195  738290.6640357607
1.5058526992797852 -0.00634605810046196 0.010977758094668388 -0.6563310623168945 -0.6202013492584229 -0.039471205323934555  738290.6640358645
1.5050735473632812 -0.007164091803133488 0.011031584814190865 -0.6145890951156616 -0.5757315754890442 -0.03937755152583122  738290.6640359915
1.5051069259643555 -0.006994633935391903 0.011055813170969486 -0.6222836375236511 -0.5712088942527771 -0.041793517768383026  738290.6640361069
1.5061659812927246 -0.007696713320910931 0.010242410004138947 -0.5889343023300171 -0.6168861389160156 -0.041488777846097946  738290.6640362224
1.5044604539871216 -0.0063001299276947975 0.010268847458064556 -0.6544310450553894 -0.5302121639251709 -0.041259851306676865  738290.6640363378
1.5050103664398193 -0.006999579723924398 0.010252546519041061 -0.620086133480072 -0.5527051687240601 -0.04029219597578049  738290.6640364532
1.5055755376815796 -0.006280837114900351 0.010226375423371792 -0.6514862179756165 -0.575003445148468 -0.03915054351091385  738290.6640365804
1.504500150680542 -0.006268315948545933 0.010225077159702778 -0.6498568058013916 -0.5204489231109619 -0.039323512464761734  738290.6640366726
1.5045570135116577 -0.006212023086845875 0.01131588313728571 -0.6493105888366699 -0.5212903022766113 -0.03939767926931381  738290.6640367996
1.5045987367630005 -0.006169693544507027 0.011353574693202972 -0.6485149264335632 -0.5203083157539368 -0.03984208032488823  738290.6640369034
1.5085092782974243 -0.008165963925421238 0.01139028649777174 -0.5585834383964539 -0.6923366189002991 -0.03873768448829651  738290.6640370305
1.508166790008545 -0.008198095485568047 0.011467045173048973 -0.560890793800354 -0.6619023084640503 -0.039712630212306976  738290.6640371458
1.508400797843933 -0.007915838621556759 0.010930327698588371 -0.5768648386001587 -0.6612227559089661 -0.04013985022902489  738290.6640372613
1.507349967956543 -0.00793230626732111 0.01098442543298006 -0.5784829258918762 -0.6028115749359131 -0.039286404848098755  738290.6640373766
1.5078961849212646 -0.007619266398251057 0.01099206693470478 -0.5951462388038635 -0.6203685998916626 -0.03830507770180702  738290.6640374921
1.5082908868789673 -0.007962734438478947 0.010996508412063122 -0.5813441276550293 -0.6286892890930176 -0.03798463195562363  738290.664037608
1.5083569288253784 -0.008148733526468277 0.011011971160769463 -0.5754989385604858 -0.6233440041542053 -0.0379357673227787  738290.6640377233
1.5080488920211792 -0.007666522637009621 0.00977393426001072 -0.5992638468742371 -0.6012076735496521 -0.03780682012438774  738290.6640378502
1.50892972946167 -0.00814603827893734 0.00975437369197607 -0.576416015625 -0.6432602405548096 -0.037679821252822876  738290.6640379542
1.5081623792648315 -0.0081661157310009 0.009730543941259384 -0.5770988464355469 -0.5955653190612793 -0.03824969381093979  738290.664038058
1.5076967477798462 -0.007669646758586168 0.009696357883512974 -0.6019127368927002 -0.5657390356063843 -0.03835095465183258  738290.664038185
1.5084519386291504 -0.008182045072317123 0.010926739312708378 -0.5778816342353821 -0.5940096378326416 -0.038473017513751984  738290.6640382889
1.5076186656951904 -0.007666972931474447 0.010964374989271164 -0.6038102507591248 -0.5472009778022766 -0.038769979029893875  738290.6640384159
1.5085424184799194 -0.008028894662857056 0.01097224559634924 -0.5879968404769897 -0.5859130024909973 -0.038328856229782104  738290.6640385312
1.508762240409851 -0.008401473984122276 0.010982059873640537 -0.5724514126777649 -0.5896356105804443 -0.03769278526306152  738290.6640386352
1.5093501806259155 -0.009151605889201164 0.010978186503052711 -0.540170431137085 -0.6090903282165527 -0.03802059590816498  738290.6640387621
1.5088220834732056 -0.008253563195466995 0.010212870314717293 -0.5860505700111389 -0.5772940516471863 -0.03690672665834427  738290.6640388776
1.5094152688980103 -0.008456016890704632 0.010176019743084908 -0.5787819027900696 -0.5984179973602295 -0.03614606708288193  738290.6640390046
1.5081275701522827 -0.008469280786812305 0.010173875838518143 -0.5785021185874939 -0.5307534337043762 -0.035820089280605316  738290.6640391084
1.5087190866470337 -0.008289963006973267 0.010142683051526546 -0.5889022350311279 -0.5545766353607178 -0.03505692258477211  738290.6640392239
1.5079638957977295 -0.0077146971598267555 0.010076683014631271 -0.6170172691345215 -0.5141634345054626 -0.03505201265215874  738290.6640393508
1.5077780485153198 -0.007714998908340931 0.010044379159808159 -0.616945207118988 -0.5020155310630798 -0.03435175120830536  738290.6640394663
1.5091685056686401 -0.00830506905913353 0.010011796839535236 -0.5901042222976685 -0.561009407043457 -0.03515234217047691  738290.6640395705
1.5085959434509277 -0.008312530815601349 0.009987561963498592 -0.5917717814445496 -0.5305554866790771 -0.034281887114048004  738290.6640396859
1.5090184211730957 -0.008317498490214348 0.009950627572834492 -0.5925411581993103 -0.5453376173973083 -0.033743515610694885  738290.6640398012
1.5080018043518066 -0.0077143097296357155 0.009158480912446976 -0.6213284730911255 -0.49756723642349243 -0.03381837159395218  738290.6640399167
1.509659767150879 -0.008334176614880562 0.009084445424377918 -0.594436526298523 -0.5684524774551392 -0.03339400887489319  738290.6640400321
1.5088467597961426 -0.009172085672616959 0.009021899662911892 -0.5597969889640808 -0.5269841551780701 -0.03382120281457901  738290.6640401591
1.5086530447006226 -0.007726447191089392 0.008969897404313087 -0.6239824891090393 -0.5144526362419128 -0.03482823818922043  738290.6640402629
% x y z qx qy qz qw  738290.6640402976
1.5093070268630981 -0.007933623157441616 0.009319813922047615 -0.6153481602668762 -0.5398023128509521 -0.03434452787041664  738290.6640403903
1.5078399181365967 -0.00835708063095808 0.009286768734455109 -0.5985594391822815 -0.47477293014526367 -0.03316694498062134  738290.6640404941
1.5084766149520874 -0.008365869522094727 0.009244086220860481 -0.5999132394790649 -0.5001974701881409 -0.03333422914147377  738290.6640406096
1.5089147090911865 -0.007725290022790432 0.009199163876473904 -0.6271404027938843 -0.5141468048095703 -0.03480628877878189  738290.6640407261
1.509791612625122 -0.009031249210238457 0.009152224287390709 -0.5718678832054138 -0.5475081205368042 -0.03517758846282959  738290.6640408416
1.5078486204147339 -0.007953607477247715 0.00908706896007061 -0.6192013621330261 -0.46227335929870605 -0.0347273163497448  738290.6640409686
1.5078421831130981 -0.007965329103171825 0.009039406664669514 -0.6182838678359985 -0.46202966570854187 -0.03482082113623619  738290.6640410726
1.50948166847229 -0.008734909817576408 0.008999509736895561 -0.5868843197822571 -0.5293369293212891 -0.036054279655218124  738290.6640411881
1.5095597505569458 -0.008786977268755436 0.008951607160270214 -0.5868323445320129 -0.5296524167060852 -0.03464342653751373  738290.6640413393
1.5094006061553955 -0.00943677593022585 0.00931952241808176 -0.5618131160736084 -0.5196260809898376 -0.034071195870637894  738290.6640414202
1.5094163417816162 -0.008308649063110352 0.009304852224886417 -0.6101264357566833 -0.5176697969436646 -0.034703467041254044  738290.6640415471
-0.025481335818767548 -0.5063430070877075 0.009270240552723408 -0.6220320463180542 -0.6905577778816223 6.495574474334717  738290.6640416511
-0.025352755561470985 -0.5063719749450684 0.009242530912160873 -0.6215119957923889 -0.6899200081825256 6.489291667938232  738290.6640417664
-0.02521926537156105 -0.5063568353652954 0.009211750701069832 -0.6425559520721436 -0.6623840928077698 6.475340366363525  738290.6640418819
-0.02525637485086918 -0.5063592791557312 0.009130943566560745 -0.6433819532394409 -0.6541845202445984 6.475339889526367  738290.6640419973
-0.02506333775818348 -0.5063607692718506 0.009074728935956955 -0.6430056095123291 -0.6528930068016052 6.460627555847168  738290.6640421128
-0.024888698011636734 -0.5064717531204224 0.009068072773516178 -0.6238351464271545 -0.6745497584342957 6.460810661315918  738290.6640422283
-0.02485128864645958 -0.5064758062362671 0.009029422886669636 -0.6305818557739258 -0.6539314985275269 6.447352886199951  738290.6640423551
-0.024792063981294632 -0.506644606590271 0.009393214248120785 -0.6121422052383423 -0.657096803188324 6.447546005249023  738290.6640424591
-0.02427283115684986 -0.5062101483345032 0.009374869987368584 -0.6481964588165283 -0.6872739195823669 6.433082103729248  738290.6640425746
-0.024622218683362007 -0.5062522292137146 0.009392110630869865 -0.6491141319274902 -0.6574832201004028 6.433095455169678  738290.6640427015
-0.024762272834777832 -0.5065667033195496 0.00937433261424303 -0.6396086812019348 -0.7880916595458984 6.753108501434326  738290.6640428168
-0.024919727817177773 -0.5062457919120789 0.009404837153851986 -0.683018147945404 -0.760856568813324 6.7466044425964355  738290.6640429323
-0.0249193012714386 -0.5055378079414368 0.01001471932977438 -0.7431347370147705 -0.7591298222541809 6.739799976348877  738290.6640430478
-0.025539910420775414 -0.5057674646377563 0.010087786242365837 -0.720373809337616 -0.6987259387969971 6.734555244445801  738290.6640431632
-0.025872759521007538 -0.5061047077178955 0.010132644325494766 -0.6919434666633606 -0.6712114810943604 6.728627681732178  738290.6640432787
-0.025934403762221336 -0.5060685276985168 0.01016595121473074 -0.6924699544906616 -0.6721780896186829 6.722538948059082  738290.6640433825
-0.025028182193636894 -0.5053184032440186 0.01089845784008503 -0.726538360118866 -0.7378724217414856 6.716521263122559  738290.6640435096
-0.025474268943071365 -0.5056496858596802 0.010995195247232914 -0.7036441564559937 -0.7029193043708801 6.709292411804199  738290.6640436249
-0.024944432079792023 -0.5052556991577148 0.01106276921927929 -0.716999888420105 -0.7321556806564331 6.701218605041504  738290.6640437404
-0.02487679198384285 -0.5054901838302612 0.011149014346301556 -0.6985723972320557 -0.7284746766090393 6.695593357086182  738290.6640438559
-0.02480502426624298 -0.5056654214859009 0.01113065518438816 -0.7249097228050232 -0.8044613599777222 6.848060607910156  738290.6640439712
-0.025420814752578735 -0.5050029158592224 0.010735098272562027 -0.7636250853538513 -0.7683870196342468 6.841187953948975  738290.6640440752
-0.025077156722545624 -0.5056028366088867 0.010819542221724987 -0.7207553386688232 -0.7785269021987915 6.834383487701416  738290.6640442021
-0.025083482265472412 -0.5052026510238647 0.010862748138606548 -0.7368332147598267 -0.7768629193305969 6.827831268310547  738290.664044306
-0.02493356727063656 -0.5053105354309082 0.010917926207184792 -0.7254840135574341 -0.7792516946792603 6.820813179016113  738290.6640444214
-0.024472687393426895 -0.5054173469543457 0.010210482403635979 -0.7132126688957214 -0.7976290583610535 6.813789367675781  738290.6640445484
-0.022697987034916878 -0.5043011903762817 0.010158716700971127 -0.748257577419281 -0.8745801448822021 6.805014133453369  738290.6640446523
-0.022561972960829735 -0.5051249265670776 0.010211450979113579 -0.7065317630767822 -0.8626251220703125 6.798811435699463  738290.6640447793
-0.022684210911393166 -0.5049906373023987 0.010243687778711319 -0.709700345993042 -0.8459962606430054 6.790942668914795  738290.6640449063
-0.02079562284052372 -0.505107045173645 0.010151332244277 -0.6910277009010315 -0.9084078669548035 6.784406661987305  738290.6640450102
-0.02236490696668625 -0.505020260810852 0.0097136739641428 -0.7341742515563965 -0.9037192463874817 6.887216091156006  738290.6640451256
-0.02215774916112423 -0.5051483511924744 0.009704417549073696 -0.7247485518455505 -0.8991961479187012 6.882150173187256  738290.664045241
-0.022011781111359596 -0.5048830509185791 0.009691224433481693 -0.7309167981147766 -0.894334614276886 6.875227928161621  738290.6640453564
-0.021715886890888214 -0.5047687888145447 0.009671660140156746 -0.7294654846191406 -0.893119215965271 6.868424415588379  738290.6640454603
-0.02192646451294422 -0.5050840973854065 0.009439956396818161 -0.7157882452011108 -0.8716757297515869 6.861433029174805  738290.6640455873
-0.02111588604748249 -0.50484299659729 0.009384481236338615 -0.7164711952209473 -0.891260027885437 6.855416774749756  738290.664045703
-0.02130265161395073 -0.5048320889472961 0.0093844598159194 -0.7140211462974548 -0.8724362254142761 6.84813117980957  738290.6640458069
-0.021022453904151917 -0.5047369599342346 0.009354916401207447 -0.7137133479118347 -0.8710978627204895 6.842251777648926  738290.6640459338
-0.021054450422525406 -0.5048034191131592 0.009347869083285332 -0.7094706296920776 -0.8599818348884583 6.836273193359375  738290.6640460723
-0.023950058966875076 -0.5050143003463745 0.008522122167050838 -0.7124155163764954 -0.7544496655464172 6.829830169677734  738290.6640461766
-0.023431289941072464 -0.505098283290863 0.008463897742331028 -0.7374088764190674 -0.8305310606956482 6.905645370483398  738290.6640462814
-0.023094281554222107 -0.5054517388343811 0.008404344320297241 -0.7213135361671448 -0.8353838324546814 6.898433685302734  738290.6640463967
-0.023111309856176376 -0.5055510401725769 0.00834818184375763 -0.7161253094673157 -0.8280584216117859 6.891139984130859  738290.6640465122
-0.023077407851815224 -0.5050538778305054 0.008948277682065964 -0.7304283976554871 -0.8266775012016296 6.884307861328125  738290.6640466161
-0.024534299969673157 -0.50458824634552 0.008944940753281116 -0.748762309551239 -0.7773004770278931 6.877552509307861  738290.6640467315
-0.02305680699646473 -0.5049987435340881 0.008942678570747375 -0.7255972623825073 -0.8193026781082153 6.8716278076171875  738290.6640468586
-0.022031350061297417 -0.505244791507721 0.00890689343214035 -0.7115843892097473 -0.8446747064590454 6.865353584289551  738290.6640469739
-0.021364226937294006 -0.5052713751792908 0.010041625238955021 -0.7062252163887024 -0.8570278882980347 6.8580546379089355  738290.6640470779
-0.023299509659409523 -0.504784345626831 0.010147074237465858 -0.7263726592063904 -0.7933647632598877 6.851383686065674  738290.6640472048
-0.02203819341957569 -0.5051868557929993 0.010183211416006088 -0.7076836228370667 -0.826508104801178 6.844070911407471  738290.6640473201
-0.021854743361473083 -0.5053635835647583 0.010149349458515644 -0.7227858304977417 -0.8731524348258972 6.9097580909729  738290.6640474356
-0.022353457286953926 -0.5054066181182861 0.010221011005342007 -0.7211402654647827 -0.8506823778152466 6.902822494506836  738290.6640475511
-0.02349145896732807 -0.5048815608024597 0.010184933431446552 -0.7408210635185242 -0.8141810297966003 6.894144058227539  738290.6640476666
-0.02305004559457302 -0.5047932863235474 0.010210998356342316 -0.7397196888923645 -0.823070228099823 6.8864030838012695  738290.664047782
-0.021823206916451454 -0.5053008198738098 0.010231797583401203 -0.7178149819374084 -0.8516054749488831 6.879291534423828  738290.6640478974
-0.0215460155159235 -0.505681574344635 0.010263397358357906 -0.7041187882423401 -0.85060054063797 6.873088836669922  738290.6640480128
-0.021318184211850166 -0.5056542754173279 0.010182228870689869 -0.7041285037994385 -0.8496642112731934 6.864789009094238  738290.6640481283
-0.024069130420684814 -0.5047690868377686 0.010294162668287754 -0.7362935543060303 -0.7691113948822021 6.857370376586914  738290.6640482438
-0.02345634438097477 -0.5045075416564941 0.010322925634682178 -0.7376310229301453 -0.786361038684845 6.850656986236572  738290.6640483591
-0.021608587354421616 -0.5048906207084656 0.010348472744226456 -0.717366099357605 -0.8318977952003479 6.843525409698486  738290.6640484746
-0.022176265716552734 -0.5049086809158325 0.01031983457505703 -0.746284544467926 -0.8573436141014099 6.908515930175781  738290.66404859
-0.021731389686465263 -0.5056626200675964 0.009823931381106377 -0.7228533625602722 -0.8602460026741028 6.9025559425354  738290.6640487055
-0.022633720189332962 -0.5046201944351196 0.009851733222603798 -0.7517155408859253 -0.8325122594833374 6.894961833953857  738290.6640488211
-0.021997861564159393 -0.5045057535171509 0.009839623235166073 -0.749106764793396 -0.8459842205047607 6.886902332305908  738290.6640489363
-0.02198435179889202 -0.5052305459976196 0.009859913028776646 -0.7286630272865295 -0.8390427827835083 6.880544185638428  738290.6640490518
-0.021626267582178116 -0.5050116181373596 0.010286922566592693 -0.7288569808006287 -0.8389503955841064 6.873956680297852  738290.6640491673
-0.02430233545601368 -0.504838764667511 0.010376758873462677 -0.7398096323013306 -0.7649519443511963 6.866231918334961  738290.6640492827
-0.02342386730015278 -0.5038837194442749 0.010393263772130013 -0.759244441986084 -0.7873716354370117 6.857879161834717  738290.6640493982
-0.02373333089053631 -0.5038799047470093 0.010423553176224232 -0.7562365531921387 -0.7769068479537964 6.85037899017334  738290.6640495135
-0.02361622452735901 -0.5046842694282532 0.010471797548234463 -0.7326164841651917 -0.7743375301361084 6.844396591186523  738290.6640496405
-0.02361357770860195 -0.5041049718856812 0.010248176753520966 -0.7693880200386047 -0.817880392074585 6.903438568115234  738290.6640497445
-0.02432539127767086 -0.5041429400444031 0.010270717553794384 -0.7678460478782654 -0.7965738773345947 6.896427631378174  738290.6640498714
-0.023404687643051147 -0.5039858222007751 0.010279343463480473 -0.764568030834198 -0.8168781995773315 6.889780044555664  738290.6640499869
-0.023841137066483498 -0.5039975047111511 0.010301919654011726 -0.7626614570617676 -0.8019577264785767 6.881816864013672  738290.6640500907
-0.022216856479644775 -0.5037623643875122 0.010295422747731209 -0.7601023316383362 -0.8401968479156494 6.8759684562683105  738290.6640502062
-0.023051077499985695 -0.5031593441963196 0.010602099820971489 -0.7737811207771301 -0.8165524005889893 6.867948532104492  738290.6640503217
-0.021265622228384018 -0.503574013710022 0.010616449639201164 -0.7552103400230408 -0.8543411493301392 6.861446857452393  738290.664050437
-0.02106500416994095 -0.5034422278404236 0.010640864260494709 -0.7560619115829468 -0.8541862368583679 6.853762149810791  738290.6640505525
-0.02085946500301361 -0.5033085346221924 0.01066549401730299 -0.7561500072479248 -0.8532675504684448 6.846868515014648  738290.6640506794
-0.022333433851599693 -0.5026242136955261 0.011249923147261143 -0.7739425897598267 -0.8130072951316833 6.839934825897217  738290.6640508064
-0.023049581795930862 -0.5033646821975708 0.011251836083829403 -0.7820143103599548 -0.8338777422904968 6.896996021270752  738290.6640509104
-0.022464053705334663 -0.5033618211746216 0.01129917148500681 -0.7760533690452576 -0.8448262214660645 6.8907976150512695  738290.6640510141
-0.02224837988615036 -0.5034127235412598 0.011349853128194809 -0.7764824628829956 -0.8447603583335876 6.884329319000244  738290.6640511296
-0.022096829488873482 -0.5032796859741211 0.011397061869502068 -0.776731550693512 -0.8437793850898743 6.877174377441406  738290.6640512566
-0.02362464927136898 -0.5033236742019653 0.011722155846655369 -0.7765040993690491 -0.8011376857757568 6.8707122802734375  738290.664051372
-0.02319052629172802 -0.5032197833061218 0.011785025708377361 -0.7743115425109863 -0.8088557124137878 6.862800121307373  738290.6640514759
-0.023631397634744644 -0.5026605725288391 0.011845436878502369 -0.7852532267570496 -0.7944252490997314 6.8551483154296875  738290.6640515913
-0.022169291973114014 -0.5037201642990112 0.011939549818634987 -0.7507336139678955 -0.824644148349762 6.848203659057617  738290.6640517182
-0.023223021999001503 -0.5032421946525574 0.011223549023270607 -0.7637589573860168 -0.7956510186195374 6.840512275695801  738290.6640518337
-0.02356632985174656 -0.5026338696479797 0.0112415486946702 -0.7766795754432678 -0.7858569622039795 6.834338665008545  738290.6640519839
-0.023625804111361504 -0.5041166543960571 0.011215749196708202 -0.7638630270957947 -0.8252198696136475 6.8918375968933105  738290.6640520646
-0.023605698719620705 -0.5028502941131592 0.01121591217815876 -0.7930422425270081 -0.8244785666465759 6.892670631408691  738290.6640521685
-0.022963793948292732 -0.5031228065490723 0.011240470223128796 -0.7810055017471313 -0.8360564708709717 6.895753860473633  738290.6640522955
-0.02310861460864544 -0.5026525259017944 0.011160610243678093 -0.792141318321228 -0.8317986726760864 6.89394474029541  738290.6640524109
-0.02217170037329197 -0.5037936568260193 0.011199555359780788 -0.7535666823387146 -0.8438020944595337 6.8955559730529785  738290.6640525264
-0.022285213693976402 -0.5024200677871704 0.011193811893463135 -0.7864923477172852 -0.8477405905723572 6.899407863616943  738290.6640526418
-0.023581968620419502 -0.5025087594985962 0.011274711228907108 -0.7833414673805237 -0.8074643611907959 6.902083873748779  738290.6640527572
-0.023465299978852272 -0.5022954940795898 0.011177836917340755 -0.7942519187927246 -0.816542387008667 6.899251461029053  738290.6640528727
-0.023334208875894547 -0.5020645260810852 0.011188589036464691 -0.7805210947990417 -0.7997324466705322 6.8896026611328125  738290.6640529882
-0.02151581645011902 -0.5047204494476318 0.011268224567174911 -0.710092306137085 -0.8431116342544556 6.90859317779541  738290.664053092
-0.021967334672808647 -0.5046277046203613 0.011193186044692993 -0.7210776805877686 -0.8536332249641418 6.964742183685303  738290.6640532189
-0.02254408970475197 -0.5042942762374878 0.011518582701683044 -0.7192760109901428 -0.8209296464920044 6.983123779296875  738290.6640533344
-0.02278665266931057 -0.5042052268981934 0.011550338007509708 -0.6671620011329651 -0.7594487071037292 7.0064826011657715  738290.66405345
-0.021619440987706184 -0.5039563775062561 0.01156002376228571 -0.5995802283287048 -0.7119653820991516 7.037132263183594  738290.6640535654
-0.021395748481154442 -0.5028056502342224 0.011603388004004955 -0.5762771964073181 -0.669196367263794 7.095195293426514  738290.6640536807
-0.021412182599306107 -0.5026312470436096 0.011710338294506073 -0.5417155027389526 -0.6023706197738647 7.095468044281006  738290.6640537962
-0.02145029604434967 -0.5032939314842224 0.013502322137355804 -0.4287199079990387 -0.5010946393013 7.066439151763916  738290.6640539116
-0.021438339725136757 -0.5032801628112793 0.013644888065755367 -0.450683057308197 -0.5269450545310974 7.07292366027832  738290.6640540271
-0.020011981949210167 -0.5030158758163452 0.01366596482694149 -0.5213192701339722 -0.604948878288269 7.118738651275635  738290.6640541424
-0.020293332636356354 -0.5035826563835144 0.01377582736313343 -0.4455270767211914 -0.5568715333938599 7.211147785186768  738290.6640542579
-0.020749593153595924 -0.50413578748703 0.013049700297415257 -0.5409582257270813 -0.6166955828666687 7.340559482574463  738290.6640543619
-0.020351318642497063 -0.5050823092460632 0.013111276552081108 -0.5307117104530334 -0.6628202795982361 7.376579761505127  738290.6640544888
-0.019758321344852448 -0.5052210688591003 0.013144342228770256 -0.4390197992324829 -0.6013149619102478 7.386049270629883  738290.6640546042
-0.019791945815086365 -0.5054303407669067 0.013221664354205132 -0.3560575842857361 -0.4908102750778198 7.3857598304748535  738290.6640547196
-0.019913898780941963 -0.5054335594177246 0.013271928764879704 -0.404217928647995 -0.5547659397125244 7.425603866577148  738290.6640548351
-0.01919637620449066 -0.5064689517021179 0.01238481979817152 -0.535028874874115 -0.6833904385566711 7.463216781616211  738290.6640549506
-0.01910131797194481 -0.507783830165863 0.012436479330062866 -0.45462605357170105 -0.7212802171707153 7.476474761962891  738290.664055066
-0.019758937880396843 -0.5081018805503845 0.012542550452053547 -0.30015382170677185 -0.5090406537055969 7.47851037979126  738290.6640551814
-0.019259639084339142 -0.5094942450523376 0.01252572052180767 -0.31476765871047974 -0.4225071668624878 7.470251083374023  738290.6640552968
-0.01861804910004139 -0.510513424873352 0.010671001859009266 -0.3066428005695343 -0.5670078992843628 7.482688903808594  738290.6640554123
-0.020494649186730385 -0.5103229284286499 0.010511085391044617 -0.286421537399292 -0.394530326128006 7.589570045471191  738290.6640555392
-0.020277202129364014 -0.5119249820709229 0.010310550220310688 -0.2937203347682953 -0.4277854263782501 7.630860328674316  738290.6640556431
-0.020306870341300964 -0.5129400491714478 0.01010394562035799 -0.28645047545433044 -0.440324068069458 7.70205545425415  738290.6640557586
-0.019933462142944336 -0.5146394371986389 0.009849455207586288 -0.28725698590278625 -0.49667638540267944 7.766822814941406  738290.664055874
-0.020371830090880394 -0.5156657695770264 0.01054854691028595 -0.2342189997434616 -0.4477854073047638 7.820358753204346  738290.6640559895
-0.01914188265800476 -0.5195193290710449 0.010204472579061985 -0.156965970993042 -0.46609625220298767 7.828385829925537  738290.6640561048
-0.019438616931438446 -0.5206570029258728 0.010052635334432125 -0.17902663350105286 -0.49485546350479126 7.85706090927124  738290.6640562203
-0.019604887813329697 -0.522152304649353 0.009884562343358994 -0.05277245491743088 -0.34719032049179077 7.897536277770996  738290.6640563357
-0.019674843177199364 -0.5231072902679443 0.009859887883067131 -0.08044524490833282 -0.2453336864709854 7.955970287322998  738290.6640564627
-0.021510377526283264 -0.5253658890724182 0.009673326276242733 -0.20070810616016388 -0.21972711384296417 8.011492729187012  738290.6640565665
-0.023256424814462662 -0.526731014251709 0.009213798679411411 -0.17662405967712402 -0.26170971989631653 8.12010669708252  738290.664056682
-0.021465696394443512 -0.5284687876701355 0.008880705572664738 -0.11538328975439072 -0.3354952037334442 8.211263656616211  738290.6640567974
-0.022015094757080078 -0.5295037031173706 0.00865833181887865 -0.14084124565124512 -0.3805811107158661 8.270925521850586  738290.6640569129
-0.0223618783056736 -0.5341924428939819 0.00985386036336422 -0.07914967834949493 -0.5340677499771118 8.320030212402344  738290.6640570398
-0.021811116486787796 -0.5377730131149292 0.009437698870897293 -0.13163968920707703 -0.4581336975097656 8.367842674255371  738290.6640571437
-0.022228825837373734 -0.5396937131881714 0.009232939220964909 -0.21628691256046295 -0.4094015061855316 8.403818130493164  738290.6640572592
-0.021858016029000282 -0.540888786315918 0.00914442166686058 -0.2714131772518158 -0.38407188653945923 8.45777702331543  738290.6640573746
-0.023338986560702324 -0.5439831614494324 0.009612168185412884 -0.29954004287719727 -0.2952239215373993 8.538405418395996  738290.6640574901
-0.023030517622828484 -0.5480870604515076 0.009136978536844254 -0.34618493914604187 -0.29264822602272034 8.597342491149902  738290.6640576056
-0.024089070037007332 -0.5511828660964966 0.008765324018895626 -0.3796187937259674 -0.263518363237381 8.684432029724121  738290.6640577324
-0.023978235200047493 -0.5455358028411865 0.008894399739801884 -0.6112663149833679 -0.34953922033309937 8.753390312194824  738290.6640578364
-0.023008285090327263 -0.5455615520477295 0.009093787521123886 -0.6510376930236816 -0.33836182951927185 8.797327995300293  738290.6640579633
-0.022888928651809692 -0.5467973351478577 0.00901336781680584 -0.6714931726455688 -0.27510422468185425 8.82208251953125  738290.6640580676
-0.02397320047020912 -0.5457524061203003 0.009305765852332115 -0.8164499998092651 -0.21025316417217255 8.852002143859863  738290.6640581827
-0.025750497356057167 -0.5485826134681702 0.009109783917665482 -0.9482580423355103 -0.27078449726104736 8.87181282043457  738290.6640582981
-0.02623675763607025 -0.5494532585144043 0.009207186289131641 -1.283884048461914 -0.27439138293266296 8.9251708984375  738290.6640584136
-0.026422331109642982 -0.550983190536499 0.008764437399804592 -1.5516679286956787 -0.35057830810546875 8.98000717163086  738290.6640585405
-0.0267795342952013 -0.5519558787345886 0.008908500894904137 -1.8235020637512207 -0.3243269920349121 8.99337387084961  738290.664058656
-0.027518782764673233 -0.553533136844635 0.008993691764771938 -2.1789214611053467 -0.13067935407161713 8.992147445678711  738290.664058783
-0.0281020887196064 -0.5553180575370789 0.009101370349526405 -2.341707229614258 -0.05139056593179703 8.96534252166748  738290.6640588873
-0.02865319699048996 -0.5496311187744141 0.00931126531213522 -2.5374319553375244 0.012147831730544567 8.998188972473145  738290.6640589908
-0.0334198996424675 -0.5519036650657654 0.005675046239048243 -2.5188798904418945 0.23470409214496613 8.975290298461914  738290.6640591061
-0.034387264400720596 -0.552918016910553 0.005675215274095535 -2.626051664352417 0.4087548851966858 8.955549240112305  738290.6640592336
-0.0350477397441864 -0.5531057119369507 0.005787800531834364 -2.7706947326660156 0.596573531627655 8.897613525390625  738290.664059337
-0.035798802971839905 -0.5529836416244507 0.005943090654909611 -2.891012191772461 0.8692324161529541 8.858267784118652  738290.664059464
-0.038265861570835114 -0.5520085692405701 0.0036060267593711615 -2.9766175746917725 1.1471891403198242 8.820587158203125  738290.6640595794
-0.039091043174266815 -0.5514898896217346 0.0036201856564730406 -3.0482177734375 1.37037992477417 8.777305603027344  738290.6640596833
-0.04026561602950096 -0.5515629649162292 0.0035796205047518015 -3.077139139175415 1.567298412322998 8.746430397033691  738290.6640598116
-0.04311450198292732 -0.5501223206520081 0.003337062429636717 -3.14219331741333 1.724962830543518 8.72140884399414  738290.6640599386
-0.04456951096653938 -0.5492010712623596 0.0032671140506863594 -3.200753927230835 1.7585283517837524 8.712323188781738  738290.664060031
-0.04527559131383896 -0.5421485900878906 0.00193571497220546 -3.5553243160247803 1.663010835647583 8.692432403564453  738290.664060158
-0.04659491032361984 -0.5400924682617188 0.001778035657480359 -3.6526873111724854 1.4856891632080078 8.668876647949219  738290.6640602733
-0.049268390983343124 -0.5392318964004517 0.0015407452592626214 -3.7530016899108887 1.247672438621521 8.644973754882812  738290.6640603888
-0.048390939831733704 -0.5382742285728455 0.0021117764990776777 -3.782928705215454 0.8445256948471069 8.578853607177734  738290.6640604928
-0.04514192417263985 -0.537479817867279 0.002377862110733986 -3.692998170852661 0.2488175630569458 8.507527351379395  738290.6640606197
-0.0497065931558609 -0.5330275893211365 0.0020399852655828 -3.593113422393799 -0.21010641753673553 8.433649063110352  738290.6640607351
-0.05025665462017059 -0.5323631763458252 0.002613852731883526 -3.2957959175109863 -0.6176452040672302 8.3761568069458  738290.6640608505
-0.047636859118938446 -0.5337732434272766 0.00405408488586545 -2.8899786472320557 -0.9762356877326965 8.310216903686523  738290.664060966
-0.048262495547533035 -0.5344247221946716 0.005098408553749323 -2.415928363800049 -1.0858925580978394 8.279868125915527  738290.6640610815
-0.04906565323472023 -0.5336446166038513 0.0051743281073868275 -1.9063612222671509 -1.0978645086288452 8.237509727478027  738290.6640612084
-0.047917306423187256 -0.5297435522079468 0.006875111721456051 -1.4125200510025024 -1.122376799583435 8.229473114013672  738290.6640613123
-0.04926173388957977 -0.5279055833816528 0.007902069017291069 -0.8729627132415771 -0.9728468656539917 8.20405387878418  738290.6640614162
-0.050463881343603134 -0.5266811847686768 0.009135411120951176 -0.41417643427848816 -0.8343039751052856 8.169812202453613  738290.6640615432
-0.052087314426898956 -0.52419513463974 0.012962537817656994 -0.10635233670473099 -0.7610220909118652 8.128926277160645  738290.6640616586
-0.0528971403837204 -0.523165225982666 0.014611094258725643 0.00709682609885931 -0.7829455137252808 8.07856273651123  738290.6640617739
-0.05344396457076073 -0.5227778553962708 0.016433576121926308 -0.008661481551826 -0.8218638896942139 8.018095016479492  738290.6640618895
-0.05134439095854759 -0.5274202823638916 0.019175460562109947 0.04142577573657036 -0.9251167178153992 7.976908206939697  738290.664062005
-0.05167516693472862 -0.5262565612792969 0.021178754046559334 -0.10042894631624222 -1.0080935955047607 7.942981243133545  738290.6640621203
-0.0528290793299675 -0.5234965682029724 0.025975119322538376 -0.3471638560295105 -1.114367961883545 7.904616832733154  738290.6640622357
-0.05344526842236519 -0.5222640633583069 0.028378458693623543 -0.5597107410430908 -1.2295005321502686 7.8849921226501465  738290.6640623626
-0.05150048807263374 -0.5155462622642517 0.031088147312402725 -0.7421431541442871 -1.525003433227539 7.862736701965332  738290.6640624666
-0.05221831053495407 -0.5144291520118713 0.03378010168671608 -0.7433792948722839 -1.6384752988815308 7.832406997680664  738290.6640625821
-0.05425921827554703 -0.5140568017959595 0.04276498407125473 -0.5131978988647461 -1.6527633666992188 7.792285919189453  738290.6640626976
-0.05428851395845413 -0.5132889747619629 0.04609439894556999 -0.20168012380599976 -1.7063337564468384 7.744761943817139  738290.6640628129
-0.05507906153798103 -0.513325035572052 0.04958942532539368 0.19530674815177917 -1.7646852731704712 7.691621780395508  738290.6640629399
-0.05334525555372238 -0.5136538743972778 0.05330830439925194 0.6780004501342773 -1.8557143211364746 7.620137691497803  738290.6640630441
-0.05498264729976654 -0.5141242146492004 0.05698417127132416 1.0554167032241821 -1.8743836879730225 7.530054569244385  738290.6640631596
-0.05502616614103317 -0.5132049918174744 0.06583904474973679 1.3096246719360352 -1.9912192821502686 7.436810493469238  738290.6640632753
-0.05490269511938095 -0.5107192397117615 0.0696926936507225 1.4048370122909546 -2.025456666946411 7.341308116912842  738290.6640633909
-0.05468817800283432 -0.5102375149726868 0.07375987619161606 1.4552502632141113 -2.024646759033203 7.233972549438477  738290.6640635063
-0.05255863070487976 -0.5082346200942993 0.07801888138055801 1.3785885572433472 -1.9016073942184448 7.236956596374512  738290.6640636218
-0.05233244597911835 -0.5090864300727844 0.08219167590141296 1.3205335140228271 -1.8104839324951172 7.1373395919799805  738290.6640637371
-0.05263639613986015 -0.5075522661209106 0.08633320033550262 1.182745099067688 -1.6711535453796387 7.055316925048828  738290.6640638526
-0.0508548878133297 -0.507533073425293 0.09059765189886093 1.0645886659622192 -1.5817946195602417 6.972793102264404  738290.664063968
-0.05033895745873451 -0.5079104900360107 0.0949031412601471 0.976357638835907 -1.475529670715332 6.902657508850098  738290.6640640835
-0.049838919192552567 -0.5077043771743774 0.09916434437036514 0.9353357553482056 -1.3629893064498901 6.824577808380127  738290.664064199
-0.04975605756044388 -0.5080308318138123 0.1021658182144165 0.9138091206550598 -1.2883833646774292 6.754217147827148  738290.6640643143
-0.04717922955751419 -0.5096641778945923 0.1063554584980011 0.9821059107780457 -1.3041404485702515 6.6856889724731445  738290.66406443
-0.0466897077858448 -0.5098704099655151 0.1105155199766159 1.0519871711730957 -1.2538847923278809 6.6146039962768555  738290.6640645452
-0.04609515517950058 -0.5098892450332642 0.1146511361002922 1.169600248336792 -1.1793760061264038 6.546360969543457  738290.6640646722
-0.044738512486219406 -0.507149875164032 0.11689665913581848 0.9904664754867554 -1.0737066268920898 6.630383014678955  738290.6640647773
-0.041082993149757385 -0.5087843537330627 0.12084279209375381 1.0821709632873535 -1.0605769157409668 6.56006383895874  738290.6640648928
-0.04048149287700653 -0.5084430575370789 0.1248733177781105 1.1132105588912964 -0.9496933817863464 6.491415500640869  738290.6640650198
-0.04076366499066353 -0.5092742443084717 0.12896494567394257 1.1291288137435913 -0.8595749735832214 6.415973663330078  738290.6640651353
-0.04049975797533989 -0.5086284875869751 0.13297931849956512 1.0190843343734741 -0.8075699210166931 6.336261749267578  738290.6640652391
-0.03842894732952118 -0.5093188285827637 0.1380937099456787 0.9625792503356934 -0.7569941282272339 6.256863594055176  738290.6640653546
-0.03799952566623688 -0.509127140045166 0.1421387642621994 0.8784189820289612 -0.6525211930274963 6.186310291290283  738290.6640654701
-0.03734096512198448 -0.509340226650238 0.14615288376808167 0.7922446131706238 -0.564958930015564 6.103633880615234  738290.6640655855
-0.036778636276721954 -0.5092187523841858 0.1501636952161789 0.6605813503265381 -0.45883992314338684 6.02873420715332  738290.664065701
-0.03662243112921715 -0.5091789960861206 0.14817465841770172 0.5667795538902283 -0.33334121108055115 5.956532955169678  738290.6640658394
-0.036504294723272324 -0.5077029466629028 0.15193882584571838 0.39650464057922363 -0.152324378490448 5.868156909942627  738290.6640659318
-0.03638334944844246 -0.5074298977851868 0.15568584203720093 0.32509559392929077 0.006309691816568375 5.798216342926025  738290.6640660472
-0.03577445074915886 -0.5072802901268005 0.15943771600723267 0.2751360535621643 0.13053494691848755 5.728077411651611  738290.6640661627
-0.03371017798781395 -0.5075196027755737 0.1631513088941574 0.2512894868850708 0.19007191061973572 5.657833099365234  738290.6640662896
-0.03293316066265106 -0.5075417757034302 0.1628788262605667 0.2279302328824997 0.24926480650901794 5.600637912750244  738290.6640663935
-0.0323861800134182 -0.5078386664390564 0.16646751761436462 0.217952162027359 0.3033844530582428 5.5464091300964355  738290.6640665089
-0.031713783740997314 -0.5077541470527649 0.1700887233018875 0.1794232726097107 0.32369890809059143 5.48105001449585  738290.6640666359
-0.031898897141218185 -0.5080763101577759 0.17378972470760345 0.14071150124073029 0.35642102360725403 5.427026748657227  738290.6640667397
-0.03130313381552696 -0.5080153346061707 0.1769074648618698 0.1204572468996048 0.38394972681999207 5.371646881103516  738290.6640668667
-0.030690152198076248 -0.5079604983329773 0.18065951764583588 0.10120583325624466 0.46376875042915344 5.3122639656066895  738290.6640669937
-0.03217221423983574 -0.5068210959434509 0.1846715211868286 -0.07172979414463043 0.5443019866943359 5.290641784667969  738290.6640670976
-0.03287193179130554 -0.5070387721061707 0.18861395120620728 -0.10321340709924698 0.6235243082046509 5.229223728179932  738290.6640672131
-0.03188665956258774 -0.506766140460968 0.1926005482673645 -0.11692815274000168 0.7117390632629395 5.179545879364014  738290.6640673169
-0.031602099537849426 -0.5063982605934143 0.1956321895122528 -0.12923084199428558 0.815410315990448 5.125512599945068  738290.664067444
-0.0314735509455204 -0.5064065456390381 0.19976173341274261 -0.16109564900398254 0.8725851774215698 5.0843915939331055  738290.6640675594
-0.031120287254452705 -0.5057666897773743 0.20396097004413605 -0.21006596088409424 0.8824681043624878 5.041012763977051  738290.6640676633
-0.030729103833436966 -0.5067722797393799 0.20825375616550446 -0.22005847096443176 0.8592842221260071 5.001916408538818  738290.6640677904
-0.030850687995553017 -0.5069716572761536 0.21115565299987793 -0.22262410819530487 0.8293028473854065 4.949377536773682  738290.6640678942
-0.03003123216331005 -0.5083611011505127 0.21553128957748413 -0.18198220431804657 0.7732273936271667 4.912768363952637  738290.6640680212
-0.029707372188568115 -0.5083381533622742 0.21998576819896698 -0.18936660885810852 0.7207328081130981 4.868049621582031  738290.6640681481
-0.029531653970479965 -0.5097405314445496 0.22479060292243958 -0.31209561228752136 0.6613185405731201 4.79774284362793  738290.6640682406
-0.029248537495732307 -0.5099145174026489 0.22944000363349915 -0.3412930965423584 0.6168004274368286 4.749135494232178  738290.6640683676
-0.028961608186364174 -0.5099049806594849 0.23477515578269958 -0.382436066865921 0.5881190299987793 4.703516960144043  738290.6640684945
-0.029322365298867226 -0.5098325610160828 0.23959341645240784 -0.41595908999443054 0.5720207095146179 4.644583225250244  738290.6640686099
-0.029305508360266685 -0.5097874402999878 0.24445725977420807 -0.43458592891693115 0.5893281698226929 4.596511363983154  738290.6640687138
-0.02834993600845337 -0.5109429955482483 0.2493641972541809 -0.40220263600349426 0.6201467514038086 4.548745632171631  738290.6640688177
-0.028161106631159782 -0.5111868977546692 0.25299298763275146 -0.39545878767967224 0.6000890731811523 4.486451148986816  738290.6640689448
-0.027881693094968796 -0.5114729404449463 0.25792571902275085 -0.37127625942230225 0.6421892642974854 4.4299116134643555  738290.6640690601
-0.02772490121424198 -0.5115653872489929 0.262882262468338 -0.38241046667099 0.640018880367279 4.373229503631592  738290.6640691755
-0.027840401977300644 -0.5115784406661987 0.26784536242485046 -0.3953813314437866 0.6270895004272461 4.321247577667236  738290.6640693025
-0.028652286157011986 -0.5137541890144348 0.27313297986984253 -0.49309849739074707 0.6127208471298218 4.229101657867432  738290.6640694065
-0.028526850044727325 -0.5137819647789001 0.27923330664634705 -0.5341169238090515 0.5795488953590393 4.173608303070068  738290.6640695103
-0.028413990512490273 -0.5137938857078552 0.284258633852005 -0.5725739002227783 0.5356860160827637 4.1230082511901855  738290.6640696373
-0.02831122651696205 -0.5137971043586731 0.2892729640007019 -0.61915522813797 0.5021912455558777 4.066526412963867  738290.6640697527
-0.02737068012356758 -0.5092228651046753 0.29425230622291565 -0.7794519066810608 0.40442973375320435 4.014848232269287  738290.6640698682
-0.02729417383670807 -0.5092893242835999 0.3006586730480194 -0.8683226704597473 0.3071083426475525 3.9638073444366455  738290.6640699835
-0.02718771994113922 -0.508976936340332 0.3056499660015106 -0.9073173999786377 0.2760494351387024 3.9053046703338623  738290.6640700874
-0.027442893013358116 -0.5087184309959412 0.3105907440185547 -0.8752274513244629 0.25786665081977844 3.8508360385894775  738290.6640702144
-0.02714947983622551 -0.5085744857788086 0.31547480821609497 -0.790264368057251 0.2636772096157074 3.800497531890869  738290.6640703299
-0.02817504107952118 -0.5084954500198364 0.31822237372398376 -0.7170628309249878 0.2689756453037262 3.741312265396118  738290.6640704452
-0.029177889227867126 -0.5138061046600342 0.3231075704097748 -0.6163653135299683 0.23114129900932312 3.616356134414673  738290.6640705607
-0.028880439698696136 -0.5137532353401184 0.3277265727519989 -0.49578580260276794 0.26689502596855164 3.567746877670288  738290.6640706877
-0.029110334813594818 -0.5137609839439392 0.33227258920669556 -0.33641183376312256 0.3070024847984314 3.504046678543091  738290.6640709564
-0.028649156913161278 -0.5136486291885376 0.33671897649765015 -0.2280733436346054 0.31061679124832153 3.4529988765716553  738290.6640709802
-0.02883019484579563 -0.5138509273529053 0.3407837748527527 -0.14303255081176758 0.3256106674671173 3.398123264312744  738290.6640710377
-0.02876470424234867 -0.5138311386108398 0.3450377583503723 -0.07322335243225098 0.3671637177467346 3.340613842010498  738290.66407113
-0.02882544696331024 -0.5136963129043579 0.3491937518119812 -0.07277125120162964 0.3475348949432373 3.271153688430786  738290.664071257
-0.028741173446178436 -0.5135721564292908 0.35323646664619446 -0.15588559210300446 0.2893069386482239 3.212090253829956  738290.6640713608
-0.028538508340716362 -0.5133221745491028 0.3567030727863312 -0.23847734928131104 0.20211902260780334 3.150350332260132  738290.6640714878
-0.028868285939097404 -0.5130650997161865 0.3604888916015625 -0.3369830846786499 0.1354566067457199 3.101328134536743  738290.6640715918
-0.030282767489552498 -0.519511342048645 0.3644300103187561 -0.5242343544960022 0.019448064267635345 3.070736885070801  738290.6640717187
-0.030174003913998604 -0.5195412039756775 0.36802393198013306 -0.6586062908172607 -0.13868670165538788 3.022573232650757  738290.6640718342
-0.030096132308244705 -0.520626425743103 0.3715352714061737 -0.7099817395210266 -0.20991814136505127 2.9858875274658203  738290.6640719495
-0.030079085379838943 -0.5206936597824097 0.3745507299900055 -0.7019325494766235 -0.23756831884384155 2.947361707687378  738290.664072065
-0.030121417716145515 -0.5210502743721008 0.3778150677680969 -0.7403334975242615 -0.3026683032512665 2.9116408824920654  738290.6640721804
-0.030179863795638084 -0.5209920406341553 0.3809601962566376 -0.7673155665397644 -0.38539913296699524 2.8695547580718994  738290.6640722959
-0.030201490968465805 -0.5209187865257263 0.38399699330329895 -0.7877930402755737 -0.41123268008232117 2.836923360824585  738290.6640724228
-0.030889684334397316 -0.5213764905929565 0.38810935616493225 -0.7394298315048218 -0.40035247802734375 2.8142621517181396  738290.6640725267
-0.030841737985610962 -0.5214139223098755 0.39103633165359497 -0.6611895561218262 -0.34662172198295593 2.791621208190918  738290.6640726422
-0.03086593560874462 -0.5215100646018982 0.3938668668270111 -0.6089209318161011 -0.32216885685920715 2.7657032012939453  738290.6640727806
-0.032068006694316864 -0.5304746031761169 0.3968903422355652 -0.5954686403274536 -0.3668626844882965 2.751035213470459  738290.6640728731
-0.03204935044050217 -0.5306020975112915 0.39954066276550293 -0.62237149477005 -0.41046321392059326 2.7212231159210205  738290.664073
-0.032027196139097214 -0.5307596921920776 0.40205034613609314 -0.6595723628997803 -0.42701148986816406 2.695736885070801  738290.6640731039
-0.03201938793063164 -0.5309926271438599 0.40454527735710144 -0.6847125291824341 -0.4259950518608093 2.67518949508667  738290.6640732193
-0.03196215629577637 -0.5315950512886047 0.4069724977016449 -0.7052589058876038 -0.3945268988609314 2.6605544090270996  738290.6640733579
-0.03193832188844681 -0.5318964719772339 0.4093288481235504 -0.727107048034668 -0.3777461051940918 2.6381726264953613  738290.6640734503
-0.03200828284025192 -0.5320562720298767 0.41162848472595215 -0.8468031883239746 -0.36392754316329956 2.611643075942993  738290.6640735656
-0.03192686662077904 -0.5321335792541504 0.41358840465545654 -0.9972090721130371 -0.45084479451179504 2.5808660984039307  738290.6640736811
-0.031738437712192535 -0.5323749780654907 0.41573598980903625 -1.1648539304733276 -0.5619302988052368 2.5480422973632812  738290.6640737966
-0.03163584694266319 -0.5327569842338562 0.41781702637672424 -1.3296756744384766 -0.6109064221382141 2.5173768997192383  738290.664073935
-0.03350382670760155 -0.5436391234397888 0.4201934337615967 -1.2937827110290527 -0.6253369450569153 2.452223300933838  738290.6640740399
-0.03345543518662453 -0.5439985394477844 0.4228471517562866 -1.357071876525879 -0.633630096912384 2.42779278755188  738290.6640741547
-0.03331940621137619 -0.544208288192749 0.42481711506843567 -1.4964098930358887 -0.7206791043281555 2.397948980331421  738290.6640742709
-0.03326097130775452 -0.544590950012207 0.42673394083976746 -1.621565580368042 -0.8527311086654663 2.3837406635284424  738290.6640743857
-0.03348139300942421 -0.5449754595756531 0.42860838770866394 -1.7398263216018677 -0.8687705993652344 2.3737618923187256  738290.6640745125
-0.033428434282541275 -0.5451028347015381 0.43044039607048035 -1.7688226699829102 -0.8794215321540833 2.3471579551696777  738290.6640746165
-0.03328656777739525 -0.5459084510803223 0.4347613453865051 -1.805931806564331 -0.8393499851226807 2.353835105895996  738290.6640747205
-0.03318411856889725 -0.5460195541381836 0.4366512596607208 -1.864716649055481 -0.8407630920410156 2.3420662879943848  738290.664074836
-0.03305978327989578 -0.5463152527809143 0.4385124444961548 -1.993295431137085 -0.8670858144760132 2.3418307304382324  738290.6640749513
-0.03295059874653816 -0.5463525652885437 0.4403420388698578 -2.099778175354004 -0.8792902231216431 2.3422796726226807  738290.6640750899
-0.03442680835723877 -0.5576688647270203 0.4401763081550598 -2.1408655643463135 -0.8218026161193848 2.3224117755889893  738290.6640751822
-0.034324709326028824 -0.5579856634140015 0.4418407380580902 -2.1824867725372314 -0.8172107338905334 2.3210010528564453  738290.6640753092
-0.034202415496110916 -0.5581930875778198 0.44347235560417175 -2.232913017272949 -0.8248195648193359 2.3303134441375732  738290.664075413
-0.0340920127928257 -0.5584794878959656 0.4450739920139313 -2.270120620727539 -0.8184955716133118 2.3275022506713867  738290.6640755285
-0.0339447557926178 -0.5585994720458984 0.4466526210308075 -2.327772855758667 -0.8085371255874634 2.338637590408325  738290.664075644
-0.0336214080452919 -0.5588459372520447 0.4481782615184784 -2.460775852203369 -0.8558651208877563 2.3471181392669678  738290.664075771
-0.033571746200323105 -0.558904230594635 0.4496915638446808 -2.5377068519592285 -0.897271990776062 2.345320463180542  738290.6640758864
-0.03332476690411568 -0.5590044260025024 0.45116910338401794 -2.5654399394989014 -0.8574339747428894 2.357156991958618  738290.6640760017
-0.03263514116406441 -0.5591659545898438 0.4526098668575287 -2.57987117767334 -0.8063657879829407 2.360999584197998  738290.6640761172
-0.032438527792692184 -0.5590701699256897 0.4551345705986023 -2.6612350940704346 -0.7945737838745117 2.3806748390197754  738290.6640762327
-0.033459749072790146 -0.5698168277740479 0.45677685737609863 -2.6672537326812744 -0.8675305247306824 2.3393075466156006  738290.6640763597
-0.03298146277666092 -0.5698031187057495 0.45818039774894714 -2.6760966777801514 -0.8005264401435852 2.3576178550720215  738290.6640764636
-0.03288690745830536 -0.5702160596847534 0.459551066160202 -2.6638638973236084 -0.7539668679237366 2.366863489151001  738290.6640765674
-0.03263922035694122 -0.57021164894104 0.4603917598724365 -2.7276687622070312 -0.7161320447921753 2.3933587074279785  738290.6640766829
-0.03241027146577835 -0.5702036619186401 0.4616258442401886 -2.74820613861084 -0.7010263800621033 2.397329568862915  738290.6640768105
-0.03184325993061066 -0.5701568722724915 0.46282199025154114 -2.7677083015441895 -0.6243828535079956 2.4209227561950684  738290.6640769255
-0.03174997493624687 -0.5700879693031311 0.463968962430954 -2.7782444953918457 -0.5796964168548584 2.4376745223999023  738290.6640770409
-0.03142181783914566 -0.5697724223136902 0.46504080295562744 -2.8499531745910645 -0.5201120376586914 2.4548192024230957  738290.6640771448
-0.031159816309809685 -0.5695840120315552 0.46737173199653625 -2.884324789047241 -0.4927431046962738 2.455674409866333  738290.6640772717
-0.03080286644399166 -0.5695353150367737 0.4683660864830017 -2.9251487255096436 -0.43599340319633484 2.4757792949676514  738290.6640773757
-0.031462859362363815 -0.5796951651573181 0.4695010483264923 -2.907477855682373 -0.4174802303314209 2.479118585586548  738290.6640775026
-0.031220445409417152 -0.5802773237228394 0.470366895198822 -2.8615174293518066 -0.33990803360939026 2.4871561527252197  738290.664077618
-0.0308726504445076 -0.5800408720970154 0.4689439833164215 -2.8249142169952393 -0.24118450284004211 2.5132434368133545  738290.664077745
-0.030850116163492203 -0.5803244709968567 0.46953055262565613 -2.7736427783966064 -0.17926719784736633 2.5147218704223633  738290.6640778489
-0.030530428513884544 -0.5799992084503174 0.47003796696662903 -2.7753288745880127 -0.10464837402105331 2.525353193283081  738290.6640779644
-0.029408784583210945 -0.5800003409385681 0.47047507762908936 -2.7782812118530273 -0.08050768077373505 2.513995885848999  738290.6640780799
-0.029498033225536346 -0.5796154141426086 0.47082439064979553 -2.8098175525665283 -0.0553925558924675 2.5000877380371094  738290.6640781952
-0.028966402634978294 -0.5794395208358765 0.47050192952156067 -2.8632240295410156 -0.018727576360106468 2.5038979053497314  738290.6640783222
-0.028951993212103844 -0.5790459513664246 0.47059115767478943 -2.8584508895874023 -0.01415506936609745 2.488309383392334  738290.6640784262
-0.02798600122332573 -0.5787621140480042 0.4705662429332733 -2.9201879501342773 0.016352303326129913 2.477999687194824  738290.6640785416
-0.028490042313933372 -0.5879936814308167 0.47077611088752747 -2.998856782913208 -0.06057996675372124 2.425985336303711  738290.6640786573
-0.02810298651456833 -0.5876074433326721 0.47086456418037415 -3.074840545654297 -0.06848233193159103 2.424865245819092  738290.6640787724
-0.02761992998421192 -0.5871751308441162 0.4705556035041809 -3.1606645584106445 -0.11082740128040314 2.4107205867767334  738290.6640788994
-0.0273450817912817 -0.5868169665336609 0.4701319634914398 -3.2833690643310547 -0.17766931653022766 2.4107954502105713  738290.6640789919
-0.026918957009911537 -0.5862571597099304 0.4696081876754761 -3.3264405727386475 -0.19014544785022736 2.406935691833496  738290.6640791189
-0.02680666372179985 -0.5857147574424744 0.4689907729625702 -3.3273046016693115 -0.14196684956550598 2.421057939529419  738290.6640792461
-0.026357116177678108 -0.5850716829299927 0.468753844499588 -3.3514459133148193 -0.13991032540798187 2.4205307960510254  738290.6640793496
-0.026069892570376396 -0.5845845937728882 0.467947781085968 -3.3557980060577393 -0.12190394103527069 2.422041177749634  738290.6640794661
-0.025582244619727135 -0.5840035080909729 0.4670427441596985 -3.2765142917633057 -0.03998015448451042 2.4225354194641113  738290.6640795807
-0.02523295395076275 -0.5831901431083679 0.4660395681858063 -3.2118771076202393 0.04711136966943741 2.432981252670288  738290.664079719
-0.025285106152296066 -0.5914089679718018 0.46567240357398987 -3.2124502658843994 -0.02084125578403473 2.42401385307312  738290.6640798114
-0.025508221238851547 -0.5920475721359253 0.46450668573379517 -3.114469528198242 0.05108380317687988 2.4267759323120117  738290.6640799268
-0.02527489885687828 -0.5913422107696533 0.4631858766078949 -3.0214028358459473 0.11928405612707138 2.4256906509399414  738290.6640800423
-0.024937724694609642 -0.5905153155326843 0.46174144744873047 -2.997304677963257 0.12455011904239655 2.410627841949463  738290.6640801578
-0.024842429906129837 -0.5898320078849792 0.46018484234809875 -2.9927008152008057 0.14612644910812378 2.401580333709717  738290.6640802848
-0.024521149694919586 -0.5889182686805725 0.45859336853027344 -2.9320387840270996 0.16975529491901398 2.3903708457946777  738290.6640803885
-0.024577172473073006 -0.5882233381271362 0.4568256139755249 -2.9023189544677734 0.2635360062122345 2.3740017414093018  738290.6640805159
-0.024349601939320564 -0.5873754024505615 0.4549317955970764 -2.7847979068756104 0.29393643140792847 2.3503453731536865  738290.6640806195
-0.023676851764321327 -0.5864896178245544 0.45290032029151917 -2.7553446292877197 0.4001813232898712 2.337597370147705  738290.6640807348
-0.02342083863914013 -0.5854452252388 0.4522312581539154 -2.7094221115112305 0.411715567111969 2.2907516956329346  738290.6640808624
-0.023105952888727188 -0.5929895043373108 0.450237512588501 -2.7626705169677734 0.2468668818473816 2.255279779434204  738290.6640809658
-0.023073090240359306 -0.5920155644416809 0.44793784618377686 -2.819655656814575 0.24724410474300385 2.238008737564087  738290.6640810927
-0.022604303434491158 -0.5911051630973816 0.44551751017570496 -2.793576717376709 0.1834467202425003 2.1961498260498047  738290.6640811966
-0.02220764569938183 -0.5901117920875549 0.4429848790168762 -2.808283805847168 0.18038658797740936 2.17856502532959  738290.6640813121
-0.022177042439579964 -0.5892012715339661 0.43974238634109497 -2.759653329849243 0.1712467223405838 2.1576905250549316  738290.664081439
-0.02172362059354782 -0.5882285237312317 0.4369650185108185 -2.709537982940674 0.21906717121601105 2.149470329284668  738290.664081543
-0.021732686087489128 -0.5869861245155334 0.43408650159835815 -2.6616461277008057 0.21659092605113983 2.1238510608673096  738290.66408167
-0.021254058927297592 -0.5859169363975525 0.4311124086380005 -2.64431095123291 0.242232546210289 2.117947578430176  738290.6640817738
-0.021239792928099632 -0.5847635865211487 0.42942920327186584 -2.563586473464966 0.2873280346393585 2.099203586578369  738290.6640818893
-0.020979851484298706 -0.583438515663147 0.4263235628604889 -2.507556676864624 0.3225308656692505 2.0912535190582275  738290.6640820048
-0.02103920839726925 -0.5906046628952026 0.4232824146747589 -2.4802825450897217 0.3085933029651642 2.06974196434021  738290.6640821205
-0.020787803456187248 -0.5893150568008423 0.4199817478656769 -2.371591091156006 0.37296316027641296 2.0725033283233643  738290.6640822474
-0.020353492349386215 -0.5919166207313538 0.41667959094047546 -2.2255942821502686 0.38349273800849915 2.061215877532959  738290.6640823629
-0.02035481110215187 -0.5909126996994019 0.41317445039749146 -2.1826109886169434 0.3593766391277313 2.049116611480713  738290.6640824669
-0.02031540684401989 -0.5899251699447632 0.4095795750617981 -2.1110315322875977 0.38325756788253784 2.034031391143799  738290.6640825822
-0.021550443023443222 -0.5868693590164185 0.40586012601852417 -2.0017809867858887 0.4809078872203827 2.0192549228668213  738290.6640826982
-0.02146630920469761 -0.5857141017913818 0.4020702540874481 -1.8866428136825562 0.5447797775268555 2.0055181980133057  738290.6640828246
-0.021389298141002655 -0.5844587087631226 0.39959290623664856 -1.7991325855255127 0.5893316268920898 1.9835280179977417  738290.6640829286
-0.021648170426487923 -0.5829921960830688 0.39566752314567566 -1.7833179235458374 0.6259751915931702 1.9730685949325562  738290.6640830556
-0.021537328138947487 -0.5815518498420715 0.39164212346076965 -1.7791811227798462 0.5970855355262756 1.955021858215332  738290.6640831594
-0.021330447867512703 -0.5881558656692505 0.38761821389198303 -1.8463549613952637 0.575994610786438 1.9255011081695557  738290.6640832749
-0.021245528012514114 -0.5867725610733032 0.38341841101646423 -1.8138347864151 0.5431650280952454 1.9171037673950195  738290.6640833918
-0.021639058366417885 -0.587899923324585 0.3781127631664276 -1.7738903760910034 0.4879969358444214 1.9185267686843872  738290.6640835187
-0.021591337397694588 -0.5865556597709656 0.3737071454524994 -1.7507216930389404 0.404714435338974 1.914735198020935  738290.6640836342
-0.021713819354772568 -0.5862060189247131 0.36922693252563477 -1.7074639797210693 0.37540823221206665 1.919920563697815  738290.6640837495
-0.021440699696540833 -0.5851033329963684 0.36464354395866394 -1.683334469795227 0.30426475405693054 1.9146827459335327  738290.6640838654
-0.021469632163643837 -0.5839647650718689 0.3599311113357544 -1.689719796180725 0.22493383288383484 1.9094127416610718  738290.6640839693
-0.02144746109843254 -0.5825680494308472 0.35520169138908386 -1.6508063077926636 0.2020890712738037 1.9071815013885498  738290.6640840848
-0.02154235914349556 -0.5830081701278687 0.3504481315612793 -1.5048445463180542 0.2783372700214386 1.9150009155273438  738290.6640842118
-0.021868174895644188 -0.5805257558822632 0.34558629989624023 -1.344516634941101 0.3725712299346924 1.9148356914520264  738290.6640843156
-0.021597839891910553 -0.5863274335861206 0.3407793939113617 -1.2225521802902222 0.48898282647132874 1.9433311223983765  738290.6640844311
-0.021987754851579666 -0.5850932002067566 0.3347014784812927 -1.1237422227859497 0.5520135164260864 1.944474458694458  738290.6640845466
-0.02203499712049961 -0.5837242603302002 0.3296622931957245 -1.0904077291488647 0.5735539793968201 1.9448635578155518  738290.6640846735
-0.021656526252627373 -0.5834506154060364 0.3246039152145386 -1.071934700012207 0.5549936294555664 1.9543037414550781  738290.664084789
-0.02199333719909191 -0.5822075605392456 0.31948110461235046 -1.0869301557540894 0.5359679460525513 1.955803632736206  738290.6640848928
-0.02217821031808853 -0.5811659693717957 0.3137529790401459 -1.0808286666870117 0.5191282033920288 1.9637657403945923  738290.6640850314
-0.022362347692251205 -0.5792364478111267 0.30845195055007935 -1.0990828275680542 0.47888946533203125 1.9736182689666748  738290.6640851358
-0.022500144317746162 -0.5790495276451111 0.30312690138816833 -1.0848968029022217 0.4303150177001953 1.9833238124847412  738290.6640852507
-0.022442257031798363 -0.5788947343826294 0.297751784324646 -1.1126961708068848 0.3552122712135315 1.9925637245178223  738290.6640853662
-0.022190039977431297 -0.5785567760467529 0.29232844710350037 -1.1678884029388428 0.1884641945362091 1.9997700452804565  738290.6640854701
-0.023396529257297516 -0.5824400782585144 0.28511011600494385 -1.2455320358276367 0.17024953663349152 2.0148544311523438  738290.664085597
-0.023526540026068687 -0.581023097038269 0.2794913649559021 -1.1938588619232178 0.15251722931861877 2.0226614475250244  738290.6640857247
-0.02432289347052574 -0.5801643133163452 0.2738678753376007 -1.1055454015731812 0.15586356818675995 2.0397896766662598  738290.6640858282
-0.024529768154025078 -0.5789600014686584 0.2682408094406128 -1.0282118320465088 0.17686545848846436 2.0452065467834473  738290.6640859437
-0.024743257090449333 -0.5775168538093567 0.2655450701713562 -0.9403080344200134 0.20355753600597382 2.0466339588165283  738290.6640860591
-0.02494821511209011 -0.576133131980896 0.2601209580898285 -0.8897183537483215 0.21393340826034546 2.056607961654663  738290.6640861746
-0.024164317175745964 -0.5813155770301819 0.2549087107181549 -0.773062527179718 0.1762576699256897 2.06333065032959  738290.6640862899
-0.024403469637036324 -0.5807811617851257 0.24954409897327423 -0.73740553855896 0.15353423357009888 2.0676026344299316  738290.6640864054
-0.02466137334704399 -0.5804446339607239 0.24421066045761108 -0.7120659947395325 0.12570741772651672 2.0705437660217285  738290.6640865208
-0.02615785412490368 -0.5804823040962219 0.23758676648139954 -0.7054077982902527 0.07172691822052002 2.070836305618286  738290.6640866478
-0.025572817772626877 -0.5843234062194824 0.23221652209758759 -0.7574830651283264 0.170588418841362 2.1191933155059814  738290.6640867516
-0.026199674233794212 -0.5835381150245667 0.2268477827310562 -0.8218245506286621 0.09878907352685928 2.1269967555999756  738290.6640868671
-0.026176905259490013 -0.5828102231025696 0.22151915729045868 -0.9396207332611084 -0.03636348620057106 2.1256678104400635  738290.6640869826
-0.02703656256198883 -0.582115113735199 0.21327628195285797 -1.048033356666565 -0.09250488132238388 2.1418468952178955  738290.6640870981
-0.027331266552209854 -0.5810422301292419 0.20782579481601715 -1.1064183712005615 -0.1794298142194748 2.1371798515319824  738290.6640872135
-0.02635927125811577 -0.5833970308303833 0.20255480706691742 -1.0983529090881348 -0.23144687712192535 2.138075590133667  738290.6640873294
-0.026916733011603355 -0.5821232199668884 0.1972285360097885 -1.1479841470718384 -0.2724233865737915 2.1394736766815186  738290.6640874328
-0.026950420811772346 -0.5822979807853699 0.1920389086008072 -1.1526769399642944 -0.31509655714035034 2.1367037296295166  738290.6640875598
-0.026295868679881096 -0.5818488001823425 0.18643829226493835 -1.1587719917297363 -0.3342905044555664 2.1373636722564697  738290.6640876752
-0.02566153183579445 -0.5790101289749146 0.18125778436660767 -1.2133857011795044 -0.3685086667537689 2.1394128799438477  738290.6640877906
-0.026372238993644714 -0.5838819742202759 0.17640578746795654 -1.2582049369812012 -0.3790767192840576 2.1527388095855713  738290.6640879067
-0.024491705000400543 -0.581807017326355 0.171406552195549 -1.3027958869934082 -0.4435196816921234 2.1564879417419434  738290.6640880215
-0.025899512693285942 -0.5810033082962036 0.16441406309604645 -1.3209857940673828 -0.44765377044677734 2.1718571186065674  738290.664088137
-0.024703627452254295 -0.5809957981109619 0.1595701277256012 -1.3443737030029297 -0.4922957718372345 2.176466226577759  738290.6640882523
-0.025931313633918762 -0.5802972316741943 0.15479044616222382 -1.4151703119277954 -0.5234323143959045 2.1882495880126953  738290.6640883678
-0.02458973042666912 -0.5827684998512268 0.1502912938594818 -1.4171247482299805 -0.5480276942253113 2.206340789794922  738290.6640884832
-0.026534568518400192 -0.5798107981681824 0.14559246599674225 -1.48789381980896 -0.5552135705947876 2.2037220001220703  738290.664088599
-0.02593836933374405 -0.5836614370346069 0.14105337858200073 -1.4211336374282837 -0.5406638979911804 2.2069897651672363  738290.6640887145
-0.026003342121839523 -0.5823493599891663 0.1366385519504547 -1.4548991918563843 -0.5295695066452026 2.2102935314178467  738290.66408883
-0.025844842195510864 -0.5821041464805603 0.13240280747413635 -1.4208135604858398 -0.4947250485420227 2.206528663635254  738290.6640889454
-0.026677053421735764 -0.5834173560142517 0.12844239175319672 -1.4583156108856201 -0.435115247964859 2.224461555480957  738290.6640890609
-0.026707306504249573 -0.5842214226722717 0.1279194951057434 -1.4010968208312988 -0.4154568016529083 2.218655586242676  738290.6640891762
-0.02949034795165062 -0.5818459391593933 0.12415973842144012 -1.4291249513626099 -0.35148265957832336 2.2122199535369873  738290.6640892917