1.5019322633743286 0.006922513712197542 0.011207261122763157 -0.6624783873558044 -0.12412599474191666 -0.0017908732406795025  738290.6553077555
1.5044256448745728 0.008068614639341831 0.01130035798996687 -0.706989586353302 -0.22423040866851807 -0.002205471508204937  738290.6553078709
1.5046491622924805 0.008751452900469303 0.01134334784001112 -0.7309364080429077 -0.23142558336257935 -0.0025516701862215996  738290.6553079863
1.5039950609207153 0.008037875406444073 0.011351951397955418 -0.7024328112602234 -0.2053009569644928 -0.0024619498290121555  738290.6553081019
1.505102515220642 0.008067158050835133 0.01048410777002573 -0.6997178196907043 -0.24818360805511475 -0.004369793459773064  738290.6553082172
1.5050809383392334 0.008913077414035797 0.010480417869985104 -0.733522355556488 -0.24731403589248657 -0.004152646753937006  738290.6553083326
1.5046367645263672 0.00806821696460247 0.01048299204558134 -0.6944901943206787 -0.22916318476200104 -0.004749689716845751  738290.6553084595
1.5046311616897583 0.00809941440820694 0.010480064898729324 -0.6962516903877258 -0.22990578413009644 -0.004316949285566807  738290.6553085751
1.504624605178833 0.008129557594656944 0.01047968864440918 -0.696461021900177 -0.23029707372188568 -0.004204218741506338  738290.655308679
1.5056880712509155 0.006344322115182877 0.010692201554775238 -0.625606119632721 -0.27244144678115845 -0.00500876409932971  738290.6553087945
1.5051761865615845 0.004015081096440554 0.010685743764042854 -0.5329931378364563 -0.24846775829792023 -0.007469859439879656  738290.6553089215
1.5046420097351074 0.002541992347687483 0.01065831072628498 -0.48075127601623535 -0.22490325570106506 -0.0076745725236833096  738290.6553090368
1.505005955696106 0.004842250607907772 0.010790246538817883 -0.5857471823692322 -0.2404046356678009 -0.006722933147102594  738290.6553091522
1.505009651184082 0.0026458543725311756 0.010852389968931675 -0.4995478391647339 -0.24078606069087982 -0.00812390074133873  738290.6553092677
1.5050121545791626 0.003150657517835498 0.010896950960159302 -0.530156672000885 -0.24112658202648163 -0.006278576795011759  738290.6553093832
1.505565881729126 -0.0018760932143777609 0.010786018334329128 -0.3276546895503998 -0.2644933760166168 -0.00735588138923049  738290.6553094985
1.505947232246399 -0.001974572194740176 0.010825698263943195 -0.3431292474269867 -0.278915673494339 -0.0073358844965696335  738290.655309614
1.50520920753479 -0.0013331720838323236 0.010935720056295395 -0.3892282545566559 -0.24471835792064667 -0.0066724857315421104  738290.6553097295
1.5055925846099854 -0.0012206007959321141 0.010198768228292465 -0.4101860523223877 -0.2595840394496918 -0.005441785324364901  738290.655309845
1.5055992603302002 -0.002256478648632765 0.010154252871870995 -0.3824213147163391 -0.2584751844406128 -0.0052520278841257095  738290.6553099487
1.5052164793014526 -0.0017439844086766243 0.010192050598561764 -0.4215978682041168 -0.24220626056194305 -0.005331131629645824  738290.6553100643
1.5067658424377441 -0.0018250338034704328 0.010196367278695107 -0.4340745508670807 -0.3079916834831238 -0.008016372099518776  738290.6553101913
1.5067811012268066 -0.0012982317712157965 0.010145868174731731 -0.4711546301841736 -0.30590951442718506 -0.0076441578567028046  738290.6553102952
1.5068000555038452 -0.0007590546738356352 0.01016310416162014 -0.5076477527618408 -0.3022312819957733 -0.006973145995289087  738290.6553104105
1.5068104267120361 -0.0014127319445833564 0.010147195309400558 -0.4905913770198822 -0.29821938276290894 -0.007528789807111025  738290.6553105375
1.5064246654510498 -0.0018660678761079907 0.010141669772565365 -0.4829171895980835 -0.2778055667877197 -0.007255366537719965  738290.655310653
1.5058282613754272 -0.00272993347607553 0.010076369158923626 -0.45911991596221924 -0.25076013803482056 -0.005874015856534243  738290.6553107684
1.5064449310302734 -0.0017613532254472375 0.010110242292284966 -0.5151819586753845 -0.27653396129608154 -0.005428641103208065  738290.6553108838
1.505629301071167 -0.0017992970533668995 0.010119358077645302 -0.5248379111289978 -0.24074900150299072 -0.004359987564384937  738290.6553109993
1.5066581964492798 -0.001840860233642161 0.0101272352039814 -0.5344103574752808 -0.2847125232219696 -0.006288508884608746  738290.6553111032
1.5052173137664795 -0.0018811053596436977 0.0101457005366683 -0.5437947511672974 -0.22104644775390625 -0.004107499960809946  738290.6553112186
1.5069104433059692 -0.0012904577888548374 0.010910474695265293 -0.5776793360710144 -0.29201167821884155 -0.006578066386282444  738290.6553113341
1.5054618120193481 -0.0028309253975749016 0.011002994142472744 -0.5299044847488403 -0.22834956645965576 -0.004071866627782583  738290.655311461
1.5054618120193481 -0.0028309253975749016 0.011002994142472744 -0.5299044847488403 -0.22834956645965576 -0.004071866627782583  738290.6553115764
1.5069481134414673 -0.0020177471451461315 0.011086676269769669 -0.5738199949264526 -0.2902109920978546 -0.0068327197805047035  738290.6553116918
1.5063022375106812 -0.0031172744929790497 0.010692224837839603 -0.5354176163673401 -0.26041379570961 -0.0056844307109713554  738290.6553118073
1.506521463394165 -0.0012217431794852018 0.010761326178908348 -0.6246222257614136 -0.2680372893810272 -0.005659568123519421  738290.6553119113
1.5060869455337524 -0.003190100658684969 0.010782339610159397 -0.5498300194740295 -0.24764271080493927 -0.005065634846687317  738290.6553120381
1.5067368745803833 -0.002352547599002719 0.01083807460963726 -0.5942474007606506 -0.2736849784851074 -0.006418977398425341  738290.6553121536
1.5067793130874634 -0.002539886860176921 0.010872823186218739 -0.5937795042991638 -0.27261224389076233 -0.0061989291571080685  738290.655312269
1.5066841840744019 -9.477160347159952e-05 0.010167919099330902 -0.7022883296012878 -0.26705271005630493 -0.005697357468307018  738290.655312419
1.5052789449691772 -0.0005060784751549363 0.010172681882977486 -0.6880459785461426 -0.20923663675785065 -0.00323770591057837  738290.6553124998
1.506088137626648 -0.0013324846513569355 0.010183029808104038 -0.6572659611701965 -0.24412156641483307 -0.005216231569647789  738290.655312627
1.5069092512130737 -0.0011470403987914324 0.010187610983848572 -0.6680166125297546 -0.2772476375102997 -0.006287505384534597  738290.6553127307
1.506295084953308 -0.001986995805054903 0.010118232108652592 -0.6368501782417297 -0.2496120035648346 -0.0051080575212836266  738290.6553128462
1.5069198608398438 -0.000968484440818429 0.010125448927283287 -0.6849109530448914 -0.2738020122051239 -0.00686342129483819  738290.6553129617
1.5062960386276245 -0.0018199504120275378 0.01013026013970375 -0.6521898508071899 -0.24581587314605713 -0.005787950474768877  738290.6553130655
1.5062960386276245 -0.0020455641206353903 0.010131883434951305 -0.651452362537384 -0.2443820685148239 -0.006476909387856722  738290.6553131931
1.5052342414855957 -0.0009986049262806773 0.01014175545424223 -0.6991110444068909 -0.20001843571662903 -0.005852679256349802  738290.6553133079
% x y z qx qy qz qw  738290.6553133196
1.5065046548843384 -0.0020698553416877985 0.01129584014415741 -0.6581851243972778 -0.2535657584667206 -0.006841918919235468  738290.6553134234
1.5060811042785645 -0.00016266212332993746 0.0113738514482975 -0.7419956922531128 -0.2358492761850357 -0.006414622068405151  738290.655313539
1.5060800313949585 -0.002094089286401868 0.01145780086517334 -0.661833643913269 -0.2354244887828827 -0.006914071273058653  738290.6553136542
1.505863904953003 -0.0021033952943980694 0.011527294293045998 -0.6659399271011353 -0.22621238231658936 -0.007579321973025799  738290.6553137697
1.5060789585113525 -0.0021148042287677526 0.011370288208127022 -0.6689004302024841 -0.23674669861793518 -0.008020881563425064  738290.6553138966
1.505859375 -0.00016423927445430309 0.011439573019742966 -0.7518934011459351 -0.22823883593082428 -0.007938366383314133  738290.6553140004
1.5058575868606567 -0.0012543097836896777 0.011509601958096027 -0.7066945433616638 -0.22912108898162842 -0.007992148399353027  738290.6553141274
1.5058321952819824 -0.001299624447710812 0.01157368067651987 -0.7064560055732727 -0.22829505801200867 -0.008531681261956692  738290.6553142314
1.5062984228134155 -0.002404144499450922 0.011642982251942158 -0.6638711094856262 -0.2476280927658081 -0.009591908194124699  738290.6553143583
1.5060943365097046 -0.0007958651403896511 0.01184359285980463 -0.7354607582092285 -0.23989036679267883 -0.009095337241888046  738290.6553144623
-0.0510009229183197 -0.5046506524085999 0.011830613017082214 -0.6746290326118469 -0.1299431174993515 1.1613948345184326  738290.6553145776
-0.051071472465991974 -0.5047327280044556 0.011906564235687256 -0.6734936237335205 -0.12876345217227936 1.160025715827942  738290.6553146931
-0.051140811294317245 -0.5048280358314514 0.011982418596744537 -0.6727557182312012 -0.1270022690296173 1.1599706411361694  738290.6553148201
-0.05112384632229805 -0.5047916173934937 0.011296844109892845 -0.697971522808075 -0.14713020622730255 1.1574681997299194  738290.6553149355
-0.0509801022708416 -0.5045647025108337 0.011341680772602558 -0.7395180463790894 -0.17793826758861542 1.1565459966659546  738290.6553150516
-0.051110513508319855 -0.5048254728317261 0.011393686756491661 -0.7000534534454346 -0.15840865671634674 1.155748724937439  738290.6553151548
-0.051130592823028564 -0.5049092769622803 0.011435742489993572 -0.6997370719909668 -0.15703241527080536 1.1541744470596313  738290.6553152704
-0.051467377692461014 -0.505014181137085 0.011475510895252228 -0.6939035654067993 -0.12336353212594986 1.1528350114822388  738290.6553153858
-0.05130618438124657 -0.5053400993347168 0.00973735935986042 -0.6702041029930115 -0.14462478458881378 1.1515765190124512  738290.6553155128
-0.051354892551898956 -0.5046873092651367 0.009701276198029518 -0.7332022786140442 -0.14663323760032654 1.150871992111206  738290.6553156166
-0.051641374826431274 -0.505210816860199 0.009651119820773602 -0.6940741539001465 -0.127010315656662 1.1493946313858032  738290.6553157321
-0.05127602443099022 -0.5051345229148865 0.009563023224473 -0.6761613488197327 -0.08939174562692642 1.186141848564148  738290.655315859
-0.05109453573822975 -0.5050766468048096 0.010450633242726326 -0.6876944899559021 -0.1104796901345253 1.1844182014465332  738290.655315963
-0.05112144351005554 -0.5047862529754639 0.010456089861690998 -0.7149459719657898 -0.10984078794717789 1.1822031736373901  738290.65531609
-0.05135582387447357 -0.505243718624115 0.010459077544510365 -0.6827192306518555 -0.09357485920190811 1.180806040763855  738290.6553161938
-0.05131954327225685 -0.5049564838409424 0.01046949252486229 -0.70623779296875 -0.10080155730247498 1.1803244352340698  738290.6553163207
-0.05161602050065994 -0.5052466988563538 0.010470563545823097 -0.6902137398719788 -0.08678464591503143 1.178985834121704  738290.6553164362
-0.05192035809159279 -0.5048871040344238 0.011104874312877655 -0.7144652009010315 -0.07370682805776596 1.178091287612915  738290.6553165517
-0.052033938467502594 -0.5049041509628296 0.011148737743496895 -0.7140401601791382 -0.07404746860265732 1.175965666770935  738290.6553166555
-0.05122135207056999 -0.5051114559173584 0.011219988577067852 -0.7040017247200012 -0.11978565156459808 1.1747831106185913  738290.6553167825
-0.05118914321064949 -0.5050754547119141 0.011179368011653423 -0.6737013459205627 -0.07791268825531006 1.152034044265747  738290.6553169095
-0.05124133825302124 -0.5051335692405701 0.010006762109696865 -0.6732528209686279 -0.07681772857904434 1.1510878801345825  738290.6553170019
-0.05145423486828804 -0.5051665306091309 0.00998666975647211 -0.6741918921470642 -0.06908048689365387 1.1486560106277466  738290.6553171409
-0.05160096660256386 -0.5050014853477478 0.009968220256268978 -0.6849934458732605 -0.06740584969520569 1.1474143266677856  738290.6553172442
-0.05168827995657921 -0.5050276517868042 0.00994961243122816 -0.6850540041923523 -0.06840123981237411 1.1469097137451172  738290.6553173482
-0.05104319751262665 -0.5043936967849731 0.00994906760752201 -0.7121120691299438 -0.09948785603046417 1.144563913345337  738290.6553174751
-0.051049623638391495 -0.5048040747642517 0.00996526051312685 -0.6943254470825195 -0.09934303164482117 1.1428271532058716  738290.6553175906
-0.051621146500110626 -0.5052708983421326 0.009954125620424747 -0.6772677302360535 -0.07661619037389755 1.1418191194534302  738290.6553176945
-0.051071230322122574 -0.5049243569374084 0.009952668100595474 -0.690625011920929 -0.10186132788658142 1.1423081159591675  738290.6553178099
-0.051093921065330505 -0.5046788454055786 0.009941807016730309 -0.7009904980659485 -0.10212042927742004 1.1416687965393066  738290.6553179369
-0.051128000020980835 -0.5046674609184265 0.010341792367398739 -0.7001569271087646 -0.1025615930557251 1.140750527381897  738290.6553180524
-0.05263376608490944 -0.5047354102134705 0.010293017141520977 -0.6776578426361084 -0.005337676964700222 1.1363016366958618  738290.6553181561
-0.051958758383989334 -0.5044243335723877 0.01033957488834858 -0.6876498460769653 -0.03779548779129982 1.1353569030761719  738290.6553182717
-0.05285726115107536 -0.5046365261077881 0.010336330160498619 -0.6793487071990967 -0.00939980149269104 1.1338319778442383  738290.6553183986
-0.052198637276887894 -0.5046188235282898 0.010389580391347408 -0.6783574819564819 -0.03919867053627968 1.1323628425598145  738290.6553185141
-0.052485331892967224 -0.5051953792572021 0.011032827198505402 -0.65871262550354 -0.03271125629544258 1.1324955224990845  738290.6553186295
-0.05255347862839699 -0.5053392648696899 0.011084655299782753 -0.6576794385910034 -0.03254428878426552 1.1312246322631836  738290.6553187448
-0.05238484963774681 -0.5047309398651123 0.011151942424476147 -0.6798440217971802 -0.04257281869649887 1.1294525861740112  738290.6553188488
-0.05269353836774826 -0.505398690700531 0.01120421476662159 -0.6586723923683167 -0.03576107323169708 1.128420114517212  738290.655318976
-0.05283283814787865 -0.5054581165313721 0.010766449384391308 -0.6583881974220276 -0.03541693091392517 1.1277287006378174  738290.6553190796
-0.05219760909676552 -0.5032863020896912 0.010830546729266644 -0.7274979948997498 -0.05937763303518295 1.1251035928726196  738290.6553192066
-0.05224058777093887 -0.5040285587310791 0.010800424963235855 -0.6806168556213379 -0.025783775374293327 1.1234254837036133  738290.6553193222
-0.05218769237399101 -0.5044490098953247 0.010843539610505104 -0.664968729019165 -0.03188014775514603 1.1241240501403809  738290.6553194375
-0.05237792432308197 -0.5038666129112244 0.010171827860176563 -0.6821237206459045 -0.02921336703002453 1.1225742101669312  738290.6553195531
-0.05304751545190811 -0.5042169094085693 0.010161207057535648 -0.6709892153739929 -0.012765591964125633 1.1224243640899658  738290.6553196684
-0.05314480513334274 -0.5035682320594788 0.010151291266083717 -0.6906775832176208 -0.013803554698824883 1.1208722591400146  738290.6553197838
-0.05281640961766243 -0.5043161511421204 0.010172506794333458 -0.6664213538169861 -0.028210457414388657 1.118895173072815  738290.6553198992
-0.05329282209277153 -0.5041810274124146 0.010158826597034931 -0.6700232028961182 -0.017398061230778694 1.1171278953552246  738290.6553200262
-0.052242401987314224 -0.5038642883300781 0.010512047447264194 -0.677361786365509 -0.053133923560380936 1.116757869720459  738290.6553201199
-0.053015515208244324 -0.5037184357643127 0.010524092242121696 -0.6810039281845093 -0.03319365158677101 1.1165612936019897  738290.6553202462
-0.053075216710567474 -0.5035552382469177 0.010543313808739185 -0.6799248456954956 -0.033456217497587204 1.1151888370513916  738290.6553203617
-0.052147116512060165 -0.5040306448936462 0.010509244166314602 -0.6483336091041565 -0.035994719713926315 1.115917682647705  738290.6553204771
-0.052209459245204926 -0.5035004615783691 0.010700460523366928 -0.6611543893814087 -0.036654502153396606 1.1140575408935547  738290.6553205926
-0.052662741392850876 -0.5033525824546814 0.01072122622281313 -0.6619393229484558 -0.026071758940815926 1.1123112440109253  738290.655320731
-0.052974678575992584 -0.504578709602356 0.010760609060525894 -0.6269655227661133 -0.01908944733440876 1.111419916152954  738290.655320835
-0.05347823724150658 -0.5040177702903748 0.010784748941659927 -0.6424030065536499 -0.008765065111219883 1.1095927953720093  738290.6553209389
-0.052506089210510254 -0.504581093788147 0.010852159932255745 -0.6263884902000427 -0.03822573274374008 1.1080037355422974  738290.6553210544
-0.05363106727600098 -0.5036974549293518 0.010923901572823524 -0.6499161720275879 -0.01074732281267643 1.104987382888794  738290.6553211698
-0.05057023465633392 -0.5029931664466858 0.01102723740041256 -0.6670132875442505 -0.09665809571743011 1.1037887334823608  738290.6553212851
-0.050736963748931885 -0.5024925470352173 0.011067107319831848 -0.6776137351989746 -0.09125804156064987 1.10331392288208  738290.6553214006
-0.051045455038547516 -0.503618061542511 0.011135626584291458 -0.646146297454834 -0.08162754774093628 1.1019203662872314  738290.6553215276
-0.05096222087740898 -0.5038248896598816 0.011078838258981705 -0.6281771659851074 -0.05657832324504852 1.107911229133606  738290.6553216316
-0.050276193767786026 -0.5026557445526123 0.01108439452946186 -0.655647873878479 -0.07476070523262024 1.1061627864837646  738290.65532177
-0.05024471879005432 -0.5038043856620789 0.011146695353090763 -0.6245993375778198 -0.07552570849657059 1.1054213047027588  738290.6553218738
-0.05115756392478943 -0.5038190484046936 0.011196904815733433 -0.624021589756012 -0.053095489740371704 1.105150818824768  738290.6553219778
-0.05132731795310974 -0.503972589969635 0.011241108179092407 -0.6245883703231812 -0.05277419090270996 1.1035571098327637  738290.6553221048
-0.05129525810480118 -0.5046001672744751 0.010783788748085499 -0.6073428988456726 -0.05541164055466652 1.10334312915802  738290.6553222087
-0.05135020986199379 -0.5046445727348328 0.010800947435200214 -0.606784462928772 -0.05618084967136383 1.1021772623062134  738290.6553223357
-0.05157442018389702 -0.5028156638145447 0.010832584463059902 -0.6510452628135681 -0.05295419692993164 1.1016631126403809  738290.6553224395
-0.05158623680472374 -0.5034928321838379 0.010862964205443859 -0.6321119666099548 -0.05377677083015442 1.1003308296203613  738290.6553225551
-0.051071204245090485 -0.5038309097290039 0.01089541707187891 -0.6215775609016418 -0.06813627481460571 1.1006231307983398  738290.655322682
-0.05069516971707344 -0.5039636492729187 0.010900307446718216 -0.6163532733917236 -0.04811616986989975 1.1042261123657227  738290.6553227862
-0.05164507031440735 -0.5032164454460144 0.010926936753094196 -0.6339457631111145 -0.02638738602399826 1.1032629013061523  738290.6553229017
-0.05024361237883568 -0.5039660334587097 0.010983983986079693 -0.6150292158126831 -0.05982131510972977 1.1013236045837402  738290.655323017
-0.051694631576538086 -0.5039960741996765 0.01102130115032196 -0.6156558990478516 -0.02505575865507126 1.098439335823059  738290.6553231325
-0.05092177912592888 -0.5026603937149048 0.01064575370401144 -0.6466814279556274 -0.04590243101119995 1.0961410999298096  738290.6553232479
-0.05176104977726936 -0.5040140748023987 0.01067312527447939 -0.6142739653587341 -0.026525940746068954 1.095606803894043  738290.6553233634
-0.05164668336510658 -0.5026285648345947 0.010696234181523323 -0.6472339630126953 -0.03084420971572399 1.0938465595245361  738290.6553234787
-0.05164726451039314 -0.5040239095687866 0.010731997899711132 -0.612446665763855 -0.030987245962023735 1.0927177667617798  738290.655323606
-0.050063371658325195 -0.5038241744041443 0.010476137511432171 -0.6150147914886475 -0.07001399248838425 1.0907299518585205  738290.6553237096
-0.05172768607735634 -0.5033078789710999 0.01048387959599495 -0.6281061172485352 -0.030334193259477615 1.0894873142242432  738290.6553238251
-0.05152594670653343 -0.5041506886482239 0.010432682931423187 -0.6071410179138184 -0.010833226144313812 1.0956437587738037  738290.6553239406
-0.051616039127111435 -0.5041758418083191 0.01043743547052145 -0.6072885394096375 -0.010614503175020218 1.0945637226104736  738290.6553240559
-0.05171012133359909 -0.5042023062705994 0.010443653911352158 -0.6070908904075623 -0.01131604053080082 1.0936473608016968  738290.6553241714
-0.05216286703944206 -0.5028617978096008 0.010667383670806885 -0.6377529501914978 -0.004393871407955885 1.092729091644287  738290.6553242868
-0.05223136022686958 -0.5022796988487244 0.010682318359613419 -0.6492872834205627 -0.005982315633445978 1.091720461845398  738290.6553244138
-0.052143312990665436 -0.5021030306816101 0.010705595836043358 -0.6484854221343994 -0.006516250316053629 1.0896592140197754  738290.6553245176
-0.05127766728401184 -0.5032414793968201 0.010768851265311241 -0.6207088828086853 -0.03028620034456253 1.088468074798584  738290.6553246332
-0.051161009818315506 -0.5029270648956299 0.010873416438698769 -0.6283178329467773 -0.03518521040678024 1.0882649421691895  738290.6553247486
-0.05133061856031418 -0.503387451171875 0.01090702973306179 -0.6166426539421082 -0.03437696769833565 1.087677001953125  738290.6553248641
-0.052155207842588425 -0.503402590751648 0.01093374751508236 -0.6171119809150696 -0.016131691634655 1.085919976234436  738290.6553250488
-0.05291718244552612 -0.5037433505058289 0.010868901386857033 -0.6134581565856934 0.03420489281415939 1.0971171855926514  738290.6553251065
-0.051866862922906876 -0.5027205348014832 0.010940833948552608 -0.6369734406471252 0.005493563134223223 1.1010974645614624  738290.6553252103
-0.05177638679742813 -0.5028507113456726 0.010596416890621185 -0.6304053664207458 0.014368284493684769 1.1018191576004028  738290.6553255221
-0.05182991921901703 -0.5025331974029541 0.010607482865452766 -0.6251869201660156 0.021685857325792313 1.1028242111206055  738290.6553256143
-0.05201489105820656 -0.5021671056747437 0.01061681192368269 -0.63965904712677 0.021917371079325676 1.1030901670455933  738290.6553257072
-0.05200491100549698 -0.5043060779571533 0.01068145502358675 -0.5938195586204529 0.010740282945334911 1.1022018194198608  738290.655325788
-0.05254250392317772 -0.5032303333282471 0.010433981195092201 -0.6130475401878357 0.019439853727817535 1.1077648401260376  738290.6553258572
-0.0515432208776474 -0.5031786561012268 0.010455219075083733 -0.6236982345581055 -0.012792222201824188 1.105301856994629  738290.6553261805
-0.05207337439060211 -0.5033066868782043 0.010462379083037376 -0.6285848617553711 -0.007206156849861145 1.1079607009887695  738290.6553262381
-0.05281068757176399 -0.5033318996429443 0.010465704835951328 -0.6188744306564331 0.013486615382134914 1.1251364946365356  738290.6553264013
-0.05458393692970276 -0.5040712952613831 0.010459545999765396 -0.5839792490005493 0.060402341187000275 1.1427658796310425  738290.6553265498
-0.05415266379714012 -0.5039629340171814 0.010618869215250015 -0.5710610151290894 0.07806282490491867 1.1533927917480469  738290.6553267
-0.05340643599629402 -0.5053328275680542 0.010689398273825645 -0.5284061431884766 0.06343092024326324 1.1662242412567139  738290.6553267344
-0.05360007658600807 -0.5044923424720764 0.010738472454249859 -0.5692483186721802 0.04653049260377884 1.1595208644866943  738290.6553267923
-0.05335288494825363 -0.504683256149292 0.010767259635031223 -0.6408510804176331 -0.0358491912484169 1.104736328125  738290.6553268847
-0.05347413197159767 -0.5046330094337463 0.010458732955157757 -0.6960599422454834 -0.09516073763370514 1.0330369472503662  738290.6553271158
-0.05446895584464073 -0.5055884718894958 0.010401972569525242 -0.6528879404067993 -0.051515690982341766 0.9608506560325623  738290.655327162
-0.05447564274072647 -0.5055568814277649 0.010332809761166573 -0.5736899971961975 0.03345676511526108 0.977718710899353  738290.6553272312
-0.05448494851589203 -0.5054999589920044 0.010280448943376541 -0.4843897819519043 0.11851605027914047 1.1022580862045288  738290.655327371
-0.054652485996484756 -0.5050383806228638 0.010254893451929092 -0.3588580787181854 0.2045951634645462 1.285507082939148  738290.6553274419
-0.050155624747276306 -0.5037501454353333 0.010197671130299568 -0.264182448387146 0.2031252235174179 1.5324981212615967  738290.655327465
-0.04944886267185211 -0.5036211609840393 0.010073689743876457 -0.42571431398391724 0.13576878607273102 1.721866488456726  738290.6553282663
-0.050290849059820175 -0.5031142234802246 0.010026560164988041 -0.5789749622344971 0.001456648693419993 1.9911370277404785  738290.6553283356
-0.049216873943805695 -0.5035772323608398 0.00997032318264246 -0.6798197627067566 -0.12637875974178314 2.262277364730835  738290.6553286589
-0.04949241504073143 -0.5021736025810242 0.009541559964418411 -0.7279618382453918 -0.10925180464982986 2.577631950378418  738290.6553294333
-0.049269676208496094 -0.5002729892730713 0.009409819729626179 -0.6788669228553772 0.034436505287885666 2.8775112628936768  738290.655329618
-0.047802478075027466 -0.4998023509979248 0.00927074532955885 -0.4157256484031677 0.132846862077713 3.0936179161071777  738290.6553297103
-0.04832932725548744 -0.498001366853714 0.009113096632063389 -0.46720021963119507 0.08638346195220947 3.2136054039001465  738290.6553297458
-0.048106368631124496 -0.49672266840934753 0.008194123394787312 -0.6536874771118164 0.10215479135513306 3.336338520050049  738290.6553297911
-0.047733746469020844 -0.49650469422340393 0.007994694635272026 -0.6030111312866211 0.0050815860740840435 3.425849676132202  738290.6553298027
-0.047945424914360046 -0.4943832457065582 0.007699564099311829 -0.588118314743042 0.12320426851511002 3.527371883392334  738290.6553298258
-0.04773201793432236 -0.4940474033355713 0.007595173083245754 -0.4410480260848999 0.2006922960281372 3.6466317176818848  738290.6553298726
-0.04809011518955231 -0.49273329973220825 0.007288419641554356 -0.49693533778190613 0.28991472721099854 3.687476396560669  738290.655329895
-0.047727253288030624 -0.49228087067604065 0.006689040921628475 -0.5198439359664917 0.2946213483810425 3.7638728618621826  738290.6553301258
-0.04825311526656151 -0.49204927682876587 0.0064863101579248905 -0.5728799104690552 0.1986527144908905 3.848463535308838  738290.655330172
-0.047971658408641815 -0.49090850353240967 0.0062205856665968895 -0.6134451627731323 0.19059337675571442 3.9065003395080566  738290.6553302067
-0.04765332490205765 -0.48975637555122375 0.005976484157145023 -0.533501923084259 0.17628559470176697 3.936894416809082  738290.6553302875
-0.04812825843691826 -0.488817423582077 0.006223042495548725 -0.5753077864646912 0.4665663540363312 3.973446846008301  738290.65533052
-0.04819321632385254 -0.4881294071674347 0.006029869895428419 -0.5667683482170105 0.5041629672050476 3.993387222290039  738290.6553307856
-0.04769252985715866 -0.4865626394748688 0.005750373937189579 -0.7269434928894043 0.44605371356010437 4.038472652435303  738290.6553308201
-0.04768607020378113 -0.4880611300468445 0.005556587595492601 -0.5318281650543213 0.48458439111709595 4.1755690574646  738290.6553308663
-0.04917678236961365 -0.4880578815937042 0.005398068577051163 -0.3149247467517853 0.49746042490005493 4.225876808166504  738290.6553311088
-0.05023619532585144 -0.4863731563091278 0.006951509043574333 -0.3743301331996918 0.27952760457992554 4.256092071533203  738290.6553312255
-0.05033625662326813 -0.4870748817920685 0.006950855255126953 -0.3232451379299164 0.27999812364578247 4.253810882568359  738290.6553312717
-0.05074451491236687 -0.4858086109161377 0.006775847636163235 -0.23587635159492493 0.4368036687374115 4.237133502960205  738290.655331491
-0.050180137157440186 -0.48530113697052 0.006732105277478695 -0.17626291513442993 0.36901965737342834 4.215497016906738  738290.6553315257
-0.050450462847948074 -0.48529037833213806 0.006110432557761669 -0.18302474915981293 0.2912558913230896 4.231520175933838  738290.6553316296
-0.05169704556465149 -0.4855705499649048 0.006141213700175285 0.15283304452896118 0.40978682041168213 4.234543800354004  738290.6553316644
-0.05137592926621437 -0.485431045293808 0.006195859517902136 0.27545297145843506 0.3478200137615204 4.260682106018066  738290.6553317334
-0.05067594349384308 -0.4857640862464905 0.006302690599113703 0.405945360660553 0.23513373732566833 4.2823052406311035  738290.655331745
-0.04955526813864708 -0.4911523461341858 0.006636512465775013 0.7071681022644043 0.4455353319644928 4.352222919464111  738290.6553317796
-0.049619074910879135 -0.49086740612983704 0.005319881718605757 0.8589456081390381 0.3893240690231323 4.339509010314941  738290.6553318041
-0.049700234085321426 -0.49052488803863525 0.00533627811819315 1.0390348434448242 0.3567418158054352 4.3290557861328125  738290.6553318272
-0.05128323659300804 -0.49351391196250916 0.005371925421059132 1.3308831453323364 0.5102494955062866 4.278476715087891  738290.655331839
-0.05115598067641258 -0.49464693665504456 0.0053810118697583675 1.4710155725479126 0.49277713894844055 4.2210774421691895  738290.6553318967
-0.051533475518226624 -0.4953988194465637 0.005232100374996662 1.4428110122680664 0.5214487314224243 4.212418556213379  738290.6553319313
-0.05206291005015373 -0.4995204210281372 0.0050823078490793705 1.5301899909973145 0.5268101692199707 4.196157455444336  738290.6553319657
-0.05237323418259621 -0.5007085800170898 0.0050261919386684895 1.5189257860183716 0.6038926243782043 4.191992282867432  738290.6553319888
-0.05349431931972504 -0.5059120059013367 0.004536024760454893 1.6642290353775024 0.7029261589050293 4.219264030456543  738290.6553320119
-0.05433359742164612 -0.5073339343070984 0.004376022145152092 1.6737353801727295 0.8074123859405518 4.239777565002441  738290.6553320235
-0.054903507232666016 -0.5107042789459229 0.0023554551880806684 1.3633426427841187 0.8343289494514465 4.38645076751709  738290.6553320466
-0.055334754288196564 -0.5132054686546326 0.0019868796225637197 1.2873971462249756 0.8371081352233887 4.4129180908203125  738290.6553321619
-0.05545443296432495 -0.5148085355758667 0.001762201078236103 1.080814242362976 0.805225670337677 4.445368766784668  738290.6553322774
-0.05508885905146599 -0.5185343623161316 0.0011570011265575886 0.945431113243103 0.6581847667694092 4.453742027282715  738290.6553323929
-0.05559496581554413 -0.5209934115409851 0.00044193255598656833 0.703767716884613 0.586978018283844 4.491926193237305  738290.6553325083
-0.05714234709739685 -0.5260147452354431 -0.0003358239773660898 0.6303102970123291 0.49756160378456116 4.4992523193359375  738290.6553326237
-0.0576653853058815 -0.5289080142974854 -0.0007196210790425539 0.46982526779174805 0.4282556474208832 4.486623287200928  738290.6553327279
-0.059184107929468155 -0.5343791246414185 -0.001749506569467485 0.3633437156677246 0.48747682571411133 4.498142242431641  738290.6553328548
-0.05923159793019295 -0.5365746021270752 -0.0018474037060514092 0.22229528427124023 0.5102798938751221 4.496944904327393  738290.6553329703
-0.05961541831493378 -0.5396245718002319 -0.0008666274370625615 0.20376116037368774 0.5431843400001526 4.498729705810547  738290.6553330858
-0.06025245413184166 -0.5410717725753784 -0.0013095252215862274 0.09932093322277069 0.4810791611671448 4.491756916046143  738290.6553332012
-0.0601562038064003 -0.5430610775947571 -0.0010388572700321674 -0.08813855051994324 0.22130443155765533 4.488384246826172  738290.6553333282
-0.061216577887535095 -0.5472559928894043 -0.0014832783490419388 -0.24444858729839325 -0.06651896983385086 4.4691996574401855  738290.655333432
-0.061832744628190994 -0.5498477816581726 -0.0007856586016714573 -0.5474551320075989 -0.25895002484321594 4.469003200531006  738290.655333559
-0.06343674659729004 -0.5541513562202454 -0.0008710393449291587 -0.8929280638694763 -0.40404221415519714 4.4431939125061035  738290.655333663
-0.06403668224811554 -0.5563557147979736 -0.0002986819017678499 -1.4140801429748535 -0.5512593388557434 4.425509452819824  738290.6553337784
-0.0651039183139801 -0.5581473112106323 0.0004519030044320971 -1.95145583152771 -0.6974390149116516 4.380913257598877  738290.6553338938
-0.06590136885643005 -0.5544447302818298 0.0029146468732506037 -2.5921590328216553 -0.7949689626693726 4.3370866775512695  738290.6553340092
-0.06480759382247925 -0.5529998540878296 0.00492240721359849 -3.11254620552063 -0.9130063652992249 4.297996520996094  738290.6553341132
-0.06511611491441727 -0.5535764098167419 0.0062593151815235615 -3.581698179244995 -1.0064024925231934 4.279542922973633  738290.6553342285
-0.06540776044130325 -0.551108717918396 0.007712165825068951 -3.95951247215271 -1.2316534519195557 4.246045112609863  738290.655334344
-0.06566369533538818 -0.5566285848617554 0.00866991002112627 -4.028386116027832 -1.2120954990386963 4.240764617919922  738290.6553344709
-0.06532038748264313 -0.5569239258766174 0.012687397189438343 -4.134528160095215 -1.253590703010559 4.217823505401611  738290.6553345864
-0.06689154356718063 -0.5574238300323486 0.014571009203791618 -4.100122928619385 -1.1775768995285034 4.216649532318115  738290.655334702
-0.06432219594717026 -0.5586361885070801 0.01664648950099945 -4.012840270996094 -1.1811869144439697 4.210468292236328  738290.6553348172
-0.06434118002653122 -0.5606631636619568 0.018641788512468338 -3.8497250080108643 -1.1165475845336914 4.21536111831665  738290.6553349677
-0.06448512524366379 -0.5613186955451965 0.020878059789538383 -3.6793646812438965 -1.0251272916793823 4.225841045379639  738290.65533506
-0.06707996129989624 -0.5662611722946167 0.02613847330212593 -3.494493007659912 -0.9557111859321594 4.211706161499023  738290.655335291
-0.06686317175626755 -0.5664214491844177 0.028775691986083984 -3.474228620529175 -1.0053445100784302 4.199679851531982  738290.6553360542
-0.06630538403987885 -0.564243733882904 0.0317264087498188 -3.576080560684204 -1.126044511795044 4.190634727478027  738290.655336135
-0.06652408093214035 -0.5650441646575928 0.03446642681956291 -3.6888303756713867 -1.283217191696167 4.171051979064941  738290.6553362042
-0.07236509025096893 -0.5613824129104614 0.04045001044869423 -3.922034740447998 -1.3048173189163208 4.159424781799316  738290.6553362396
-0.0716748908162117 -0.5610150098800659 0.043562546372413635 -4.082956790924072 -1.460691213607788 4.14105749130249  738290.6553362735
-0.06811954081058502 -0.5525364279747009 0.046622827649116516 -4.335515022277832 -1.6737754344940186 4.126349925994873  738290.6553363082
-0.06707589328289032 -0.5521028637886047 0.04983179643750191 -4.461025238037109 -1.7486320734024048 4.09855318069458  738290.6553363312
-0.06639674305915833 -0.551688015460968 0.053079284727573395 -4.562685012817383 -1.766984462738037 4.087090492248535  738290.6553363544
-0.06607166677713394 -0.5497432351112366 0.06053049862384796 -4.7272562980651855 -1.8544129133224487 4.058205604553223  738290.6553363774
-0.06556162983179092 -0.5492674112319946 0.06407240778207779 -4.704741477966309 -1.9235873222351074 4.015516757965088  738290.6553364005
-0.061750560998916626 -0.5516786575317383 0.0678575411438942 -4.564516067504883 -2.035047769546509 3.974276304244995  738290.6553364475
-0.061505887657403946 -0.5512902736663818 0.07150371372699738 -4.366763114929199 -2.1061174869537354 3.9054763317108154  738290.6553365513
-0.058535750955343246 -0.5469492077827454 0.07701747864484787 -4.225279331207275 -2.315182685852051 3.8395872116088867  738290.6553366554
-0.05759201943874359 -0.5428566336631775 0.08051522821187973 -3.9670300483703613 -2.3242828845977783 3.770057201385498  738290.6553367826
-0.05647396668791771 -0.5415435433387756 0.0842115730047226 -3.620878219604492 -2.2785656452178955 3.711843967437744  738290.6553368976
-0.05596746504306793 -0.5403156876564026 0.08799264580011368 -3.2214150428771973 -2.113800525665283 3.6516997814178467  738290.6553370131
-0.055308304727077484 -0.5389073491096497 0.0917619839310646 -2.8048808574676514 -1.8565384149551392 3.5910704135894775  738290.6553371284
-0.05421833693981171 -0.537991464138031 0.09562951326370239 -2.3600826263427734 -1.5286682844161987 3.5456137657165527  738290.6553372439
-0.05353337153792381 -0.5367599725723267 0.09988071769475937 -1.952457070350647 -1.1625996828079224 3.494335174560547  738290.6553373594
-0.05277053639292717 -0.5353827476501465 0.1037154495716095 -1.6286946535110474 -0.8499743938446045 3.4433271884918213  738290.6553374749
-0.052021291106939316 -0.5339276790618896 0.10756342113018036 -1.329868197441101 -0.5302907824516296 3.3935437202453613  738290.6553375919
-0.05119109898805618 -0.5333431959152222 0.10973665863275528 -1.0029741525650024 -0.2627924978733063 3.3471882343292236  738290.6553377189
-0.04972206801176071 -0.5276527404785156 0.11351089179515839 -0.8765283823013306 -0.047016143798828125 3.3100719451904297  738290.6553378227
-0.04888097196817398 -0.5272185206413269 0.1174304261803627 -0.6793668270111084 0.07188213616609573 3.267280101776123  738290.6553379382
-0.04735369607806206 -0.5251115560531616 0.12110847234725952 -0.6033278703689575 0.1263727843761444 3.227591037750244  738290.6553380536
-0.046554554253816605 -0.5244054198265076 0.12505173683166504 -0.4759975075721741 0.16219906508922577 3.18347430229187  738290.6553381693
-0.04630688950419426 -0.5225788950920105 0.12890493869781494 -0.4270928204059601 0.23439934849739075 3.17069673538208  738290.6553382848
-0.045376308262348175 -0.52178555727005 0.13286444544792175 -0.29093340039253235 0.25794029235839844 3.1312203407287598  738290.6553384003
-0.044610582292079926 -0.5204439759254456 0.1368100494146347 -0.1887170523405075 0.33679038286209106 3.1138193607330322  738290.6553385272
-0.04431718960404396 -0.5193354487419128 0.14083513617515564 -0.013301298022270203 0.4243474304676056 3.0838143825531006  738290.6553386311
-0.04309011995792389 -0.5176408290863037 0.14128674566745758 0.17376932501792908 0.525063157081604 3.051682472229004  738290.6553387465
-0.04250028356909752 -0.5159726142883301 0.14510923624038696 0.41226842999458313 0.6772364377975464 3.0180068016052246  738290.6553388735
-0.04131080210208893 -0.5110167860984802 0.14887318015098572 0.4760975241661072 0.8018194437026978 2.983548641204834  738290.6553389775
-0.04070442169904709 -0.5096117854118347 0.15278033912181854 0.7338818907737732 0.9701348543167114 2.9648125171661377  738290.6553390928
-0.04041092470288277 -0.5088273286819458 0.15420076251029968 0.991197943687439 1.1354494094848633 2.9456517696380615  738290.6553392082
-0.0397399477660656 -0.5074363350868225 0.1580188274383545 1.2410107851028442 1.3047138452529907 2.9292664527893066  738290.6553393237
-0.03955257311463356 -0.506497859954834 0.1619061827659607 1.4896714687347412 1.4577735662460327 2.9249651432037354  738290.6553394392
-0.039102453738451004 -0.504940927028656 0.16578951478004456 1.6890019178390503 1.5752406120300293 2.919466972351074  738290.6553395662
-0.038564007729291916 -0.5040199756622314 0.16974344849586487 1.8301687240600586 1.6412594318389893 2.9208991527557373  738290.6553397046
-0.038145191967487335 -0.5031943917274475 0.1701660007238388 1.9381169080734253 1.6808569431304932 2.9192872047424316  738290.655340097
-0.03759126365184784 -0.5022582411766052 0.1739446520805359 2.0156960487365723 1.6986970901489258 2.92187237739563  738290.6553401202
-0.037323854863643646 -0.5015001893043518 0.17777790129184723 2.0668349266052246 1.707053303718567 2.9204723834991455  738290.6553401792
-0.03707018122076988 -0.5007455348968506 0.181674525141716 2.116438388824463 1.7037304639816284 2.92270827293396  738290.6553402024
-0.03662814944982529 -0.4966146647930145 0.18537116050720215 1.8450169563293457 1.71580171585083 3.030327558517456  738290.6553402602
-0.036398373544216156 -0.49583908915519714 0.18674330413341522 1.8473972082138062 1.6756986379623413 3.0441577434539795  738290.6553403871
-0.034766003489494324 -0.49506065249443054 0.19062381982803345 1.8675223588943481 1.6330212354660034 3.0439352989196777  738290.6553405033
-0.03439648076891899 -0.4940192997455597 0.19455382227897644 1.9173210859298706 1.6346269845962524 3.057948350906372  738290.6553405948
-0.034676846116781235 -0.49426594376564026 0.1985839307308197 2.0202207565307617 1.6608084440231323 3.0665717124938965  738290.6553407116
-0.03437362611293793 -0.4938267171382904 0.20110441744327545 2.118746280670166 1.661255955696106 3.067155122756958  738290.6553408735
-0.03395038843154907 -0.4932272732257843 0.2051086723804474 2.2113068103790283 1.6729570627212524 3.073376417160034  738290.6553409424
-0.03371759504079819 -0.4926961064338684 0.20917122066020966 2.322970390319824 1.7157862186431885 3.0797407627105713  738290.6553410463
-0.0335758775472641 -0.49177250266075134 0.21328029036521912 2.425802230834961 1.7872252464294434 3.0944128036499023  738290.6553411854
-0.03344443440437317 -0.4902109205722809 0.21749404072761536 2.3927783966064453 1.8531463146209717 3.063084602355957  738290.6553413003
-0.03345222771167755 -0.4893145263195038 0.2213953286409378 2.4644758701324463 1.8914724588394165 3.0723395347595215  738290.6553414157
-0.033443331718444824 -0.48868528008461 0.225645512342453 2.532088041305542 1.910102367401123 3.083207607269287  738290.6553415196
-0.03349475562572479 -0.48793825507164 0.22994180023670197 2.5691401958465576 1.9370319843292236 3.1126797199249268  738290.6553416363
-0.0334647074341774 -0.48737335205078125 0.23428723216056824 2.5344018936157227 1.8597793579101562 3.130549907684326  738290.6553417636
-0.03362858295440674 -0.48763981461524963 0.2398482859134674 2.496889591217041 1.754422664642334 3.151836395263672  738290.6553418672
-0.03344825282692909 -0.48739510774612427 0.2443556934595108 2.434875011444092 1.671674132347107 3.1720359325408936  738290.6553419828
-0.03339967504143715 -0.48740240931510925 0.24891707301139832 2.4035277366638184 1.5753811597824097 3.1766552925109863  738290.6553420982
-0.03355614095926285 -0.486688494682312 0.2535220980644226 2.3163325786590576 1.4949382543563843 3.1898841857910156  738290.6553422136
-0.03356605023145676 -0.48694178462028503 0.25875961780548096 2.3046798706054688 1.413528323173523 3.193533182144165  738290.6553423291
-0.0348496176302433 -0.48688212037086487 0.26348522305488586 2.201054096221924 1.4232066869735718 3.1708626747131348  738290.6553424448
-0.03512991592288017 -0.48675256967544556 0.2682282626628876 2.1904172897338867 1.393165946006775 3.1767468452453613  738290.6553425601
-0.0354621522128582 -0.4881587326526642 0.2729921340942383 2.1761300563812256 1.3552818298339844 3.172452688217163  738290.6553426756
-0.03545922785997391 -0.4886101484298706 0.2777620553970337 2.14376163482666 1.2899757623672485 3.167224645614624  738290.655342791
-0.03579492121934891 -0.4885777533054352 0.2829993665218353 2.0706968307495117 1.217551350593567 3.1783525943756104  738290.6553429065
-0.03608061745762825 -0.4886150360107422 0.2877618074417114 2.009056568145752 1.1290249824523926 3.1797921657562256  738290.6553430218
-0.036353547126054764 -0.4885774850845337 0.2924993932247162 1.9028927087783813 1.038025975227356 3.1710667610168457  738290.6553431377
-0.03647152706980705 -0.48897284269332886 0.2972014844417572 1.7965288162231445 0.9219066500663757 3.167234182357788  738290.6553432647
-0.03656299039721489 -0.49002763628959656 0.30186447501182556 1.7296794652938843 0.8325063586235046 3.160853147506714  738290.6553433799
-0.03858751431107521 -0.4928825795650482 0.3064703345298767 1.6694437265396118 0.873832643032074 3.141669988632202  738290.6553435071
-0.0389847494661808 -0.4931715428829193 0.3110519051551819 1.5683114528656006 0.7904704213142395 3.1295714378356934  738290.6553435994
-0.03934301808476448 -0.4934432804584503 0.31558629870414734 1.4500848054885864 0.6986181735992432 3.1199049949645996  738290.6553437148
-0.03990538418292999 -0.4940613806247711 0.3200879395008087 1.3994574546813965 0.6741825938224792 3.103055238723755  738290.6553438418
-0.04037382826209068 -0.49487343430519104 0.3240840435028076 1.3866608142852783 0.6726632118225098 3.07954478263855  738290.6553439463
-0.04081905260682106 -0.49528947472572327 0.32848960161209106 1.3571465015411377 0.6713854074478149 3.069765567779541  738290.6553440611
-0.04083126410841942 -0.49579668045043945 0.33284705877304077 1.2987266778945923 0.6384047865867615 3.051654815673828  738290.6553441881
-0.041101522743701935 -0.4967891573905945 0.3371392786502838 1.2315919399261475 0.5759255290031433 3.0120906829833984  738290.6553442923
-0.04170398414134979 -0.4973353445529938 0.3408006727695465 1.0872951745986938 0.49453917145729065 2.9828689098358154  738290.6553444092
-0.04216627776622772 -0.4978608191013336 0.3449465036392212 0.941402018070221 0.3762837052345276 2.956826686859131  738290.6553445245
-0.04237252101302147 -0.49913543462753296 0.3490230143070221 0.7957028746604919 0.26720455288887024 2.926569938659668  738290.6553446515
-0.045649684965610504 -0.5039297342300415 0.3530562222003937 0.6410260796546936 0.288021445274353 2.8912878036499023  738290.655344767
-0.04630495607852936 -0.5049384236335754 0.356979638338089 0.4519213140010834 0.13433952629566193 2.862672805786133  738290.6553448824
-0.046631935983896255 -0.5056202411651611 0.36042866110801697 0.21629373729228973 -0.014103857800364494 2.8463857173919678  738290.6553449979
-0.04713951796293259 -0.5068323612213135 0.3641631007194519 0.08065507560968399 -0.17919710278511047 2.8055524826049805  738290.6553451248
-0.04779981076717377 -0.5076473355293274 0.3678046762943268 -0.09082536399364471 -0.24629423022270203 2.79537296295166  738290.6553452286
-0.04832389950752258 -0.50859534740448 0.37136197090148926 -0.26972314715385437 -0.40570268034935 2.761404037475586  738290.6553453441
-0.048739608377218246 -0.5092992782592773 0.3748478591442108 -0.4239731729030609 -0.5509467720985413 2.7350661754608154  738290.6553454481
-0.049217935651540756 -0.5102778077125549 0.37533923983573914 -0.5129268765449524 -0.5953274369239807 2.717128038406372  738290.6553455981
-0.049599580466747284 -0.5110155344009399 0.37850189208984375 -0.619516909122467 -0.6354864835739136 2.701432228088379  738290.6553456904
-0.050179556012153625 -0.5121021270751953 0.38158291578292847 -0.7005869746208191 -0.712543785572052 2.67765212059021  738290.6553457943
-0.05185011401772499 -0.5191315412521362 0.3847831189632416 -0.7604276537895203 -0.8499735593795776 2.674774646759033  738290.6553459098
-0.052192430943250656 -0.5203506350517273 0.38899725675582886 -0.8616886734962463 -0.9085700511932373 2.6535680294036865  738290.6553460367
-0.05247178673744202 -0.5212807059288025 0.3919723927974701 -0.8904562592506409 -0.9726784229278564 2.628542184829712  738290.6553461406
-0.05301780253648758 -0.5224149823188782 0.39488086104393005 -0.955855667591095 -0.9217539429664612 2.6257710456848145  738290.6553462676
-0.05334458872675896 -0.5231339931488037 0.3977087438106537 -1.0696895122528076 -0.9646052718162537 2.602865695953369  738290.6553463715
-0.05398119240999222 -0.5241639614105225 0.4004460871219635 -1.2224153280258179 -1.0361026525497437 2.58674955368042  738290.655346487
-0.05439554899930954 -0.5250402092933655 0.4032616913318634 -1.3828871250152588 -1.0563509464263916 2.572080373764038  738290.6553466023
-0.054863303899765015 -0.5261454582214355 0.40585604310035706 -1.4605332612991333 -1.0381256341934204 2.532761812210083  738290.6553467178
-0.05517780780792236 -0.5270675420761108 0.40841352939605713 -1.5620166063308716 -1.0219404697418213 2.5186917781829834  738290.6553468333
-0.05598371475934982 -0.5281388163566589 0.4109249413013458 -1.6662200689315796 -0.9722571969032288 2.492276668548584  738290.6553469602
-0.058080077171325684 -0.5371783971786499 0.4146115183830261 -1.6945708990097046 -1.017371416091919 2.468308448791504  738290.655347064
-0.05824318155646324 -0.5380629897117615 0.41703975200653076 -1.8754496574401855 -1.050519585609436 2.4303138256073  738290.6553471795
-0.05842709168791771 -0.5391440987586975 0.4194069504737854 -2.00650954246521 -1.121424674987793 2.3863725662231445  738290.6553473065
-0.05860123410820961 -0.5399336218833923 0.4217245578765869 -2.167928695678711 -1.1596548557281494 2.356464385986328  738290.6553474105
-0.05882665142416954 -0.541045069694519 0.4239933490753174 -2.3100616931915283 -1.165117859840393 2.327883243560791  738290.6553475374
-0.05938370153307915 -0.542025089263916 0.42730578780174255 -2.3692610263824463 -1.2163808345794678 2.275872230529785  738290.6553476528
-0.05968664214015007 -0.5430443286895752 0.4295791685581207 -2.4927279949188232 -1.2337666749954224 2.2429263591766357  738290.6553477567
-0.05984010547399521 -0.5436013340950012 0.43181055784225464 -2.625683069229126 -1.2925171852111816 2.2090892791748047  738290.6553478837
-0.060239456593990326 -0.5444782376289368 0.43398842215538025 -2.8229305744171143 -1.4283959865570068 2.1759395599365234  738290.6553479991
-0.06032499298453331 -0.5451851487159729 0.4362509846687317 -2.987233877182007 -1.4852560758590698 2.141366481781006  738290.6553481146
-0.062437545508146286 -0.5551667809486389 0.43840497732162476 -3.108599901199341 -1.5710159540176392 2.130194664001465  738290.65534823
-0.06252042204141617 -0.5560101866722107 0.4404388964176178 -3.2244575023651123 -1.6155898571014404 2.1104345321655273  738290.6553483339
-0.06273447722196579 -0.5566576719284058 0.4424198865890503 -3.3615028858184814 -1.6303117275238037 2.0907464027404785  738290.6553484494
-0.06279817223548889 -0.5575916767120361 0.4438287615776062 -3.4341418743133545 -1.6263636350631714 2.075254440307617  738290.6553485763
-0.06290865689516068 -0.5583279132843018 0.4456644356250763 -3.521329164505005 -1.5928189754486084 2.0591790676116943  738290.6553486917
-0.06298983842134476 -0.558930516242981 0.4474286735057831 -3.590305805206299 -1.5602110624313354 2.0358498096466064  738290.6553488071
-0.06294804811477661 -0.5595889687538147 0.44928938150405884 -3.636486053466797 -1.492415189743042 2.028313159942627  738290.6553489226
-0.06301857531070709 -0.5599644184112549 0.4509214758872986 -3.6855101585388184 -1.455807089805603 2.0116395950317383  738290.6553490264
-0.06302402168512344 -0.5605040788650513 0.4517008364200592 -3.7138378620147705 -1.4220505952835083 1.9885070323944092  738290.655349165
-0.06304167956113815 -0.560984194278717 0.4531746506690979 -3.7524940967559814 -1.3992313146591187 1.972554087638855  738290.6553492806
-0.06432198733091354 -0.570561945438385 0.4546760618686676 -3.820742607116699 -1.511056900024414 1.9525909423828125  738290.6553493844
-0.06405671685934067 -0.5710564851760864 0.4559992551803589 -3.838981866836548 -1.4603908061981201 1.9323344230651855  738290.6553494883
-0.06396061182022095 -0.5713097453117371 0.4572545289993286 -3.9137847423553467 -1.474496841430664 1.913861632347107  738290.6553496153
-0.06366129964590073 -0.5717875957489014 0.45744162797927856 -3.95868182182312 -1.5096938610076904 1.8824634552001953  738290.6553497307
-0.06350012123584747 -0.5719294548034668 0.45854651927948 -3.9211478233337402 -1.4288820028305054 1.863964319229126  738290.6553498461
-0.06370353698730469 -0.5723441243171692 0.4595963656902313 -3.9223856925964355 -1.3232146501541138 1.8612189292907715  738290.6553499616
-0.06342761218547821 -0.5722909569740295 0.460572212934494 -3.9584264755249023 -1.3092654943466187 1.8306032419204712  738290.6553500771
-0.06320932507514954 -0.5728031396865845 0.46077388525009155 -4.02515172958374 -1.2716120481491089 1.8092775344848633  738290.6553501924
-0.06297888606786728 -0.572716236114502 0.4615989923477173 -4.054666519165039 -1.217686653137207 1.7971413135528564  738290.6553503425
-0.06275764852762222 -0.5726616382598877 0.4623735547065735 -3.984636068344116 -1.079405665397644 1.7823421955108643  738290.6553504233
-0.06456071883440018 -0.5826682448387146 0.4632958173751831 -3.893885850906372 -0.9302273392677307 1.7947311401367188  738290.6553505388
-0.06457353383302689 -0.5831767320632935 0.4639459550380707 -3.850473642349243 -0.8865630030632019 1.7735453844070435  738290.6553506658
-0.06427766382694244 -0.5832098126411438 0.46449825167655945 -3.8256518840789795 -0.816597580909729 1.7566711902618408  738290.6553507812
-0.06387299299240112 -0.5831978917121887 0.46500617265701294 -3.7614049911499023 -0.7624937891960144 1.744184136390686  738290.6553508851
-0.06359537690877914 -0.5829578638076782 0.46544793248176575 -3.7205207347869873 -0.6902622580528259 1.7337770462036133  738290.6553510005
-0.0625486895442009 -0.5830001831054688 0.46582505106925964 -3.7042453289031982 -0.677099883556366 1.7022504806518555  738290.655351116
-0.06222525238990784 -0.5826498866081238 0.46619948744773865 -3.7120859622955322 -0.6359018683433533 1.6791540384292603  738290.6553512429
-0.06204719468951225 -0.5823080539703369 0.4664433002471924 -3.704960823059082 -0.5651521682739258 1.6557352542877197  738290.6553513468
-0.06185157224535942 -0.5822613835334778 0.46662166714668274 -3.6456525325775146 -0.45217686891555786 1.6198036670684814  738290.6553514622
-0.06166229769587517 -0.5817615389823914 0.4667092561721802 -3.671631097793579 -0.2838187515735626 1.600753664970398  738290.6553515892
-0.06295794248580933 -0.5909911394119263 0.46703866124153137 -3.6089117527008057 -0.21585290133953094 1.5176039934158325  738290.655351693
-0.06263601034879684 -0.5905010104179382 0.46783682703971863 -3.520322322845459 -0.15630024671554565 1.4583587646484375  738290.6553518086
-0.06231922656297684 -0.5899807810783386 0.4677329957485199 -3.4938347339630127 -0.025355670601129532 1.4313050508499146  738290.6553519239
-0.06174323707818985 -0.5920172333717346 0.46756789088249207 -3.356496810913086 0.013416344299912453 1.3817378282546997  738290.6553520394
-0.06181465461850166 -0.591631293296814 0.467272013425827 -3.313979387283325 0.03264135122299194 1.3323838710784912  738290.6553521549
-0.06149055436253548 -0.5909863710403442 0.4684562683105469 -3.3291146755218506 0.03541434183716774 1.2984540462493896  738290.6553522818
-0.05943291634321213 -0.5902139544487 0.4680556356906891 -3.4171435832977295 -0.0750020369887352 1.2459399700164795  738290.6553523857
-0.059021878987550735 -0.5897741317749023 0.46755462884902954 -3.485327959060669 -0.1344730705022812 1.2012680768966675  738290.6553525011
-0.058673735707998276 -0.5891634821891785 0.46693816781044006 -3.5561933517456055 -0.1565968096256256 1.178673505783081  738290.6553526166
-0.058263227343559265 -0.5885476469993591 0.46621301770210266 -3.6096408367156982 -0.20998139679431915 1.1356301307678223  738290.6553527436
-0.059019338339567184 -0.5966204404830933 0.467131644487381 -3.6919641494750977 -0.3116776645183563 1.0607727766036987  738290.6553528474
-0.0586327388882637 -0.5962365865707397 0.4663066267967224 -3.6540963649749756 -0.27363458275794983 1.0323692560195923  738290.6553529629
-0.05826655030250549 -0.5955780744552612 0.46538814902305603 -3.5855259895324707 -0.16933895647525787 1.0091149806976318  738290.6553530783
-0.05788153037428856 -0.594720721244812 0.4643707871437073 -3.4888417720794678 -0.08903107047080994 0.9837279915809631  738290.6553531938
-0.05750111863017082 -0.5947813987731934 0.46316662430763245 -3.356205940246582 0.008978131227195263 0.9704023003578186  738290.6553533206
-0.057273734360933304 -0.5939180254936218 0.46191486716270447 -3.253485918045044 0.12410470098257065 0.9602868556976318  738290.6553534246
-0.056774627417325974 -0.5930985808372498 0.4605463743209839 -3.114450216293335 0.21622726321220398 0.9492319822311401  738290.6553535401
-0.056430164724588394 -0.5920577049255371 0.45906978845596313 -3.0102431774139404 0.3076254427433014 0.9380165934562683  738290.6553536556
-0.05601603165268898 -0.5912052989006042 0.4582342505455017 -2.923279285430908 0.3542866110801697 0.9114009737968445  738290.6553537709
-0.05574455484747887 -0.5901811122894287 0.4565425217151642 -2.8637661933898926 0.3925098776817322 0.8962777853012085  738290.6553538978
-0.056477565318346024 -0.5978041291236877 0.45482662320137024 -2.847491979598999 0.38070356845855713 0.8521401882171631  738290.6553540133
-0.05623752623796463 -0.5967775583267212 0.45284414291381836 -2.8145997524261475 0.4403114914894104 0.8258113861083984  738290.6553541288
-0.05590268224477768 -0.5956693887710571 0.4507139325141907 -2.729782819747925 0.43345504999160767 0.7884330153465271  738290.6553542442
-0.055577024817466736 -0.594551146030426 0.4475739002227783 -2.6115505695343018 0.41164660453796387 0.7462220788002014  738290.6553543597
-0.05576065555214882 -0.5938906073570251 0.4448916018009186 -2.5778610706329346 0.42620986700057983 0.7192535996437073  738290.6553544751
-0.055465612560510635 -0.592683732509613 0.44230014085769653 -2.527846574783325 0.3840360641479492 0.6850584745407104  738290.6553545905
-0.055177051573991776 -0.5914393067359924 0.43956801295280457 -2.5356791019439697 0.3273894190788269 0.6571505069732666  738290.6553546945
-0.05489327386021614 -0.5901128053665161 0.4378342032432556 -2.5350968837738037 0.3111024796962738 0.633200466632843  738290.6553548329
-0.05461570993065834 -0.5887907147407532 0.4349023103713989 -2.572498321533203 0.26807886362075806 0.6038055419921875  738290.6553549368
-0.05449517071247101 -0.5916048288345337 0.43190833926200867 -2.545738697052002 0.25162801146507263 0.589229941368103  738290.6553550638
-0.05503452941775322 -0.5982525944709778 0.4288707673549652 -2.5825886726379395 0.2901761829853058 0.5876919031143188  738290.6553551677
-0.05495789647102356 -0.5973091125488281 0.42559123039245605 -2.5378425121307373 0.3235745429992676 0.5825724601745605  738290.6553552832
-0.054778117686510086 -0.5965699553489685 0.4221842885017395 -2.447948694229126 0.3435397148132324 0.5854879021644592  738290.6553553985
-0.05446022376418114 -0.5962226986885071 0.4186740517616272 -2.362370729446411 0.3454587459564209 0.5841519236564636  738290.655355514
-0.054430264979600906 -0.5947702527046204 0.41503164172172546 -2.2698447704315186 0.384534627199173 0.5825408697128296  738290.6553556294
-0.0542495921254158 -0.594344973564148 0.410902202129364 -2.2014739513397217 0.4032776653766632 0.58355712890625  738290.6553557448
-0.05431431904435158 -0.5936445593833923 0.40807875990867615 -2.1450436115264893 0.37380754947662354 0.5721819400787354  738290.6553558487
-0.054137591272592545 -0.5923386216163635 0.40409812331199646 -2.0884182453155518 0.38013046979904175 0.5685914754867554  738290.6553559757
-0.05396673455834389 -0.5910012722015381 0.39998382329940796 -1.9986859560012817 0.4615078568458557 0.5784657001495361  738290.6553560911
-0.05380226671695709 -0.5896333456039429 0.3957415521144867 -1.9208283424377441 0.5332919359207153 0.5784604549407959  738290.6553562181
-0.0537896528840065 -0.5960174798965454 0.3915189504623413 -1.8805012702941895 0.581525981426239 0.5491539239883423  738290.6553563335
-0.05413779988884926 -0.5978266000747681 0.38758736848831177 -1.8290154933929443 0.5990381836891174 0.5472193360328674  738290.6553564382
-0.05400904640555382 -0.5970133543014526 0.38301771879196167 -1.7960377931594849 0.5494979619979858 0.5373362898826599  738290.6553565535
-0.053828224539756775 -0.5959064364433289 0.3783397376537323 -1.7763714790344238 0.48131877183914185 0.527600109577179  738290.6553566688
-0.053969185799360275 -0.5941166877746582 0.37354469299316406 -1.8351722955703735 0.45367249846458435 0.5345694422721863  738290.6553567842
-0.0540725477039814 -0.5936815142631531 0.36870077252388 -1.8110482692718506 0.3482514023780823 0.5233201384544373  738290.6553568996
-0.05400532856583595 -0.5923863649368286 0.3633677065372467 -1.8751574754714966 0.27988186478614807 0.5311285257339478  738290.6553570151
-0.05460575968027115 -0.5915585160255432 0.3583069145679474 -1.936464548110962 0.22828766703605652 0.546962559223175  738290.6553571189
-0.05428305268287659 -0.5904342532157898 0.3531521260738373 -1.989755630493164 0.14481167495250702 0.5553565621376038  738290.6553572459
-0.054201409220695496 -0.58976811170578 0.34793591499328613 -1.9937050342559814 0.10929673910140991 0.5615119934082031  738290.655357373
-0.053475864231586456 -0.5940215587615967 0.3414466679096222 -2.2236640453338623 0.001570186228491366 0.6591807007789612  738290.6553574768
-0.05351356044411659 -0.5928987264633179 0.3360210061073303 -2.173377275466919 -0.005673652049154043 0.6727091073989868  738290.6553575923
-0.05333466827869415 -0.5917132496833801 0.33054232597351074 -2.08959698677063 0.02578701265156269 0.6955596208572388  738290.6553577076
-0.05453886091709137 -0.5902637243270874 0.3250078856945038 -1.9434057474136353 0.07656541466712952 0.7147478461265564  738290.6553578345
-0.05455605313181877 -0.5888928174972534 0.31942304968833923 -1.8183369636535645 0.11355160921812057 0.741386890411377  738290.6553579388
-0.05455048382282257 -0.5873436331748962 0.3152219355106354 -1.6628334522247314 0.10734401643276215 0.758669376373291  738290.6553580543
-0.05496925488114357 -0.5876455307006836 0.30967941880226135 -1.510888934135437 0.1541193425655365 0.7917425632476807  738290.6553581698
-0.05482153967022896 -0.5866610407829285 0.3040655255317688 -1.3704744577407837 0.13836684823036194 0.8107467889785767  738290.6553582853
-0.05566437914967537 -0.5854164958000183 0.2984110414981842 -1.2860814332962036 0.128017857670784 0.8369958996772766  738290.6553584007
-0.055413052439689636 -0.5844484567642212 0.29132357239723206 -1.2191789150238037 0.10009676218032837 0.8599362969398499  738290.6553585277
-0.05408509820699692 -0.5904755592346191 0.28573018312454224 -1.109721302986145 0.11937834322452545 0.8318079113960266  738290.6553586316
-0.054104238748550415 -0.5890659689903259 0.27994799613952637 -1.0255898237228394 0.16600723564624786 0.8634513020515442  738290.6553587473
-0.0545869842171669 -0.5918830037117004 0.2743156850337982 -0.8700459003448486 0.15974034368991852 0.8878318071365356  738290.6553588627
-0.05462908744812012 -0.5905969142913818 0.2685398757457733 -0.8980101943016052 0.11487266421318054 0.9150691032409668  738290.6553589782
-0.05467790737748146 -0.5892514586448669 0.26418501138687134 -0.9657998085021973 0.022726435214281082 0.9421868920326233  738290.6553591051
-0.05354980751872063 -0.5875352621078491 0.25850337743759155 -1.059640645980835 -0.038760166615247726 0.985680341720581  738290.6553592206
-0.05347219854593277 -0.5876215696334839 0.2528991401195526 -1.0888512134552002 -0.08502903580665588 1.0154482126235962  738290.6553593361
-0.0553678497672081 -0.5874258279800415 0.2473112791776657 -1.1336113214492798 -0.08563295006752014 1.0472017526626587  738290.6553594515
-0.05565792694687843 -0.5863217115402222 0.24077507853507996 -1.199128270149231 -0.08224567025899887 1.0808779001235962  738290.6553595669
-0.055624041706323624 -0.5849976539611816 0.23516172170639038 -1.2252695560455322 -0.10513782501220703 1.115599513053894  738290.6553596939
-0.05394778028130531 -0.5898540019989014 0.2298026829957962 -1.2342979907989502 -0.08337357640266418 1.1317663192749023  738290.6553598208
-0.05447928234934807 -0.5885135531425476 0.22429782152175903 -1.1939672231674194 -0.08662047237157822 1.1588844060897827  738290.6553599132
-0.05466558039188385 -0.5891082286834717 0.21973051130771637 -1.106345772743225 -0.06369784474372864 1.183019757270813  738290.6553600171
-0.05693803355097771 -0.5891645550727844 0.2144221067428589 -1.0169163942337036 -0.008633230812847614 1.2171883583068848  738290.6553601441
-0.05740442872047424 -0.588504433631897 0.20915356278419495 -1.0069053173065186 -0.03525876626372337 1.254494071006775  738290.6553602942
-0.057600148022174835 -0.5879230499267578 0.2039525806903839 -0.9856240749359131 -0.07122848182916641 1.2857710123062134  738290.6553605396
-0.05786621570587158 -0.5872297286987305 0.19880956411361694 -1.0210422277450562 -0.11683110147714615 1.318393349647522  738290.6553605736
-0.05800556391477585 -0.5866921544075012 0.19301079213619232 -1.0082907676696777 -0.1669352650642395 1.3405444622039795  738290.6553606312
-0.05835019797086716 -0.5858668088912964 0.18798212707042694 -1.050273060798645 -0.1753768026828766 1.3654078245162964  738290.6553607235
-0.05903608724474907 -0.5869810581207275 0.18310236930847168 -1.0218589305877686 -0.21748875081539154 1.3814040422439575  738290.6553608505
-0.05639259144663811 -0.5903315544128418 0.17840345203876495 -1.0806430578231812 -0.2673972547054291 1.3876938819885254  738290.6553609543
-0.05584193021059036 -0.5907827615737915 0.1784297525882721 -1.0738635063171387 -0.2753176987171173 1.387834906578064  738290.6553610698
-0.055767565965652466 -0.5895538330078125 0.16908614337444305 -1.191990613937378 -0.4241682291030884 1.4103732109069824  738290.6553611737
-0.061636798083782196 -0.5923622250556946 0.16921336948871613 -1.1528382301330566 -0.33759722113609314 1.4094008207321167  738290.6553612892
-0.062983438372612 -0.591154932975769 0.1600717455148697 -1.280426025390625 -0.4071284234523773 1.4349937438964844  738290.6553614162
-0.06300300359725952 -0.5909616351127625 0.1556655466556549 -1.3241335153579712 -0.4425487220287323 1.445670247077942  738290.6553615318
-0.06360329687595367 -0.5910515785217285 0.1478641927242279 -1.3708957433700562 -0.4577922224998474 1.4642027616500854  738290.655361647
-0.06250923871994019 -0.595325767993927 0.1436586081981659 -1.3425097465515137 -0.541871190071106 1.4619841575622559  738290.655361751
-0.06275416165590286 -0.594546377658844 0.13930757343769073 -1.370415449142456 -0.5731827020645142 1.475439190864563  738290.6553618663
-0.0637001022696495 -0.5944430232048035 0.13508206605911255 -1.381797432899475 -0.6172382831573486 1.475386381149292  738290.6553619934
-0.06055955961346626 -0.5956566333770752 0.12991708517074585 -1.3958806991577148 -0.679841160774231 1.4604275226593018  738290.6553621093
-0.060776446014642715 -0.5955043435096741 0.12581276893615723 -1.4260962009429932 -0.7265103459358215 1.4722541570663452  738290.6553622127