0.0 0.0 0.0 0.0 0.0 0.0  738290.6408069731
0.0 0.0 0.0 0.0 0.0 0.0  738290.6408070883
0.0 0.0 0.0 0.0 0.0 0.0  738290.6408072038
0.0 0.0 0.0 0.0 0.0 0.0  738290.6408073192
0.0 0.0 0.0 0.0 0.0 0.0  738290.6408074347
0.0 0.0 0.0 0.0 0.0 0.0  738290.64080755
0.0 0.0 0.0 0.0 0.0 0.0  738290.6408076655
0.0 0.0 0.0 0.0 0.0 0.0  738290.640807781
0.0 0.0 0.0 0.0 0.0 0.0  738290.6408078964
0.0 0.0 0.0 0.0 0.0 0.0  738290.6408080119
0.0 0.0 0.0 0.0 0.0 0.0  738290.6408081388
0.0 0.0 0.0 0.0 0.0 0.0  738290.6408082427
0.0 0.0 0.0 0.0 0.0 0.0  738290.6408083581
0.0 0.0 0.0 0.0 0.0 0.0  738290.6408084851
0.0 0.0 0.0 0.0 0.0 0.0  738290.6408086005
0.0 0.0 0.0 0.0 0.0 0.0  738290.6408087043
0.0 0.0 0.0 0.0 0.0 0.0  738290.6408088314
0.0 0.0 0.0 0.0 0.0 0.0  738290.6408089469
0.0 0.0 0.0 0.0 0.0 0.0  738290.6408090624
0.0 0.0 0.0 0.0 0.0 0.0  738290.6408091662
0.0 0.0 0.0 0.0 0.0 0.0  738290.6408092816
0.0 0.0 0.0 0.0 0.0 0.0  738290.6408093972
0.0 0.0 0.0 0.0 0.0 0.0  738290.6408095242
0.0 0.0 0.0 0.0 0.0 0.0  738290.6408096281
0.0 0.0 0.0 0.0 0.0 0.0  738290.6408097551
0.0 0.0 0.0 0.0 0.0 0.0  738290.6408098704
0.0 0.0 0.0 0.0 0.0 0.0  738290.6408099859
0.0 0.0 0.0 0.0 0.0 0.0  738290.6408101014
0.0 0.0 0.0 0.0 0.0 0.0  738290.6408102169
0.0 0.0 0.0 0.0 0.0 0.0  738290.6408103207
0.0 0.0 0.0 0.0 0.0 0.0  738290.6408104477
0.0 0.0 0.0 0.0 0.0 0.0  738290.6408105631
0.0 0.0 0.0 0.0 0.0 0.0  738290.64081069
0.0 0.0 0.0 0.0 0.0 0.0  738290.6408107941
0.0 0.0 0.0 0.0 0.0 0.0  738290.6408109094
0.0 0.0 0.0 0.0 0.0 0.0  738290.6408110248
0.0 0.0 0.0 0.0 0.0 0.0  738290.6408111403
0.0 0.0 0.0 0.0 0.0 0.0  738290.6408112673
0.0 0.0 0.0 0.0 0.0 0.0  738290.6408113712
0.0 0.0 0.0 0.0 0.0 0.0  738290.6408114865
0.0 0.0 0.0 0.0 0.0 0.0  738290.640811602
0.0 0.0 0.0 0.0 0.0 0.0  738290.6408117175
0.0 0.0 0.0 0.0 0.0 0.0  738290.6408118329
0.0 0.0 0.0 0.0 0.0 0.0  738290.6408119483
0.0 0.0 0.0 0.0 0.0 0.0  738290.6408120637
0.0 0.0 0.0 0.0 0.0 0.0  738290.6408121792
0.0 0.0 0.0 0.0 0.0 0.0  738290.6408123062
0.0 0.0 0.0 0.0 0.0 0.0  738290.6408124221
0.0 0.0 0.0 0.0 0.0 0.0  738290.6408125255
% x y z qx qy qz qw  738290.6408125488
0.0 0.0 0.0 0.0 0.0 0.0  738290.640812641
0.0 0.0 0.0 0.0 0.0 0.0  738290.6408127564
0.0 0.0 0.0 0.0 0.0 0.0  738290.6408128719
0.0 0.0 0.0 0.0 0.0 0.0  738290.6408129989
0.0 0.0 0.0 0.0 0.0 0.0  738290.6408131027
0.0 0.0 0.0 0.0 0.0 0.0  738290.6408132182
0.0 0.0 0.0 0.0 0.0 0.0  738290.6408133336
0.0 0.0 0.0 0.0 0.0 0.0  738290.640813449
0.0 0.0 0.0 0.0 0.0 0.0  738290.6408135645
0.0 0.0 0.0 0.0 0.0 0.0  738290.6408136799
0.0 0.0 0.0 0.0 0.0 0.0  738290.6408138069
0.0 0.0 0.0 0.0 0.0 0.0  738290.6408139229
0.0 0.0 0.0 0.0 0.0 0.0  738290.6408140262
0.0 0.0 0.0 0.0 0.0 0.0  738290.6408141417
0.0 0.0 0.0 0.0 0.0 0.0  738290.6408142571
0.0 0.0 0.0 0.0 0.0 0.0  738290.6408143726
0.0 0.0 0.0 0.0 0.0 0.0  738290.6408144995
0.0 0.0 0.0 0.0 0.0 0.0  738290.6408146148
0.0 0.0 0.0 0.0 0.0 0.0  738290.6408147188
0.0 0.0 0.0 0.0 0.0 0.0  738290.6408148349
0.0 0.0 0.0 0.0 0.0 0.0  738290.6408149612
0.0 0.0 0.0 0.0 0.0 0.0  738290.6408150651
0.0 0.0 0.0 0.0 0.0 0.0  738290.6408151805
0.0 0.0 0.0 0.0 0.0 0.0  738290.640815296
0.0 0.0 0.0 0.0 0.0 0.0  738290.6408154115
0.0 0.0 0.0 0.0 0.0 0.0  738290.6408155268
0.0 0.0 0.0 0.0 0.0 0.0  738290.6408156424
0.0 0.0 0.0 0.0 0.0 0.0  738290.6408157694
0.0 0.0 0.0 0.0 0.0 0.0  738290.6408158849
0.0 0.0 0.0 0.0 0.0 0.0  738290.6408160004
0.0 0.0 0.0 0.0 0.0 0.0  738290.6408161158
0.0 0.0 0.0 0.0 0.0 0.0  738290.6408162196
0.0 0.0 0.0 0.0 0.0 0.0  738290.6408163351
0.0 0.0 0.0 0.0 0.0 0.0  738290.6408164621
0.0 0.0 0.0 0.0 0.0 0.0  738290.640816566
0.0 0.0 0.0 0.0 0.0 0.0  738290.6408166934
0.0 0.0 0.0 0.0 0.0 0.0  738290.6408168084
0.0 0.0 0.0 0.0 0.0 0.0  738290.6408169238
0.0 0.0 0.0 0.0 0.0 0.0  738290.6408170277
0.0 0.0 0.0 0.0 0.0 0.0  738290.6408171548
0.0 0.0 0.0 0.0 0.0 0.0  738290.6408172701
0.0 0.0 0.0 0.0 0.0 0.0  738290.6408173856
0.0 0.0 0.0 0.0 0.0 0.0  738290.640817501
0.0 0.0 0.0 0.0 0.0 0.0  738290.6408176164
0.0 0.0 0.0 0.0 0.0 0.0  738290.640817732
0.0 0.0 0.0 0.0 0.0 0.0  738290.640817859
0.0 0.0 0.0 0.0 0.0 0.0  738290.6408179628
0.0 0.0 0.0 0.0 0.0 0.0  738290.640818067
0.0 0.0 0.0 0.0 0.0 0.0  738290.640818194
0.0 0.0 0.0 0.0 0.0 0.0  738290.6408183095
0.0 0.0 0.0 0.0 0.0 0.0  738290.6408184249
0.0 0.0 0.0 0.0 0.0 0.0  738290.6408185402
0.0 0.0 0.0 0.0 0.0 0.0  738290.6408186557
0.0 0.0 0.0 0.0 0.0 0.0  738290.6408187712
0.0 0.0 0.0 0.0 0.0 0.0  738290.6408188867
0.0 0.0 0.0 0.0 0.0 0.0  738290.6408190022
0.0 0.0 0.0 0.0 0.0 0.0  738290.640819106
0.0 0.0 0.0 0.0 0.0 0.0  738290.640819233
0.0 0.0 0.0 0.0 0.0 0.0  738290.6408193369
0.0 0.0 0.0 0.0 0.0 0.0  738290.6408194639
0.0 0.0 0.0 0.0 0.0 0.0  738290.6408195805
0.0 0.0 0.0 0.0 0.0 0.0  738290.640819696
0.0 0.0 0.0 0.0 0.0 0.0  738290.6408198114
0.0 0.0 0.0 0.0 0.0 0.0  738290.6408199269
0.0 0.0 0.0 0.0 0.0 0.0  738290.6408200423
0.0 0.0 0.0 0.0 0.0 0.0  738290.6408201692
0.0 0.0 0.0 0.0 0.0 0.0  738290.6408202731
0.0 0.0 0.0 0.0 0.0 0.0  738290.6408204006
0.0 0.0 0.0 0.0 0.0 0.0  738290.640820504
0.0 0.0 0.0 0.0 0.0 0.0  738290.6408206194
0.0 0.0 0.0 0.0 0.0 0.0  738290.6408207464
0.0 0.0 0.0 0.0 0.0 0.0  738290.6408208503
0.0 0.0 0.0 0.0 0.0 0.0  738290.6408209658
0.0 0.0 0.0 0.0 0.0 0.0  738290.6408210811
0.0 0.0 0.0 0.0 0.0 0.0  738290.6408211979
0.0 0.0 0.0 0.0 0.0 0.0  738290.6408213135
0.0 0.0 0.0 0.0 0.0 0.0  738290.6408214287
0.0 0.0 0.0 0.0 0.0 0.0  738290.6408215559
0.0 0.0 0.0 0.0 0.0 0.0  738290.6408216597
0.0 0.0 0.0 0.0 0.0 0.0  738290.6408217751
0.0 0.0 0.0 0.0 0.0 0.0  738290.6408218904
0.0 0.0 0.0 0.0 0.0 0.0  738290.6408220059
0.0 0.0 0.0 0.0 0.0 0.0  738290.6408221213
0.0 0.0 0.0 0.0 0.0 0.0  738290.6408222368
0.0 0.0 0.0 0.0 0.0 0.0  738290.6408223638
0.0 0.0 0.0 0.0 0.0 0.0  738290.6408224792
0.0 0.0 0.0 0.0 0.0 0.0  738290.6408225831
0.0 0.0 0.0 0.0 0.0 0.0  738290.6408226985
0.0 0.0 0.0 0.0 0.0 0.0  738290.6408228255
0.0 0.0 0.0 0.0 0.0 0.0  738290.6408229409
0.0 0.0 0.0 0.0 0.0 0.0  738290.6408230448
0.0 0.0 0.0 0.0 0.0 0.0  738290.6408231602
0.0 0.0 0.0 0.0 0.0 0.0  738290.6408232757
0.0 0.0 0.0 0.0 0.0 0.0  738290.6408233911
0.0 0.0 0.0 0.0 0.0 0.0  738290.6408235065
0.0 0.0 0.0 0.0 0.0 0.0  738290.640823622
0.0 0.0 0.0 0.0 0.0 0.0  738290.6408237489
0.0 0.0 0.0 0.0 0.0 0.0  738290.6408238529
0.0 0.0 0.0 0.0 0.0 0.0  738290.6408239797
0.0 0.0 0.0 0.0 0.0 0.0  738290.6408240837
0.0 0.0 0.0 0.0 0.0 0.0  738290.6408242106
0.0 0.0 0.0 0.0 0.0 0.0  738290.6408243146
0.0 0.0 0.0 0.0 0.0 0.0  738290.64082443
0.0 0.0 0.0 0.0 0.0 0.0  738290.640824557
0.0 0.0 0.0 0.0 0.0 0.0  738290.6408246724
0.0 0.0 0.0 0.0 0.0 0.0  738290.6408247764
0.0 0.0 0.0 0.0 0.0 0.0  738290.6408249033
0.0 0.0 0.0 0.0 0.0 0.0  738290.6408250186
0.0 0.0 0.0 0.0 0.0 0.0  738290.6408251341
0.0 0.0 0.0 0.0 0.0 0.0  738290.6408252496
0.0 0.0 0.0 0.0 0.0 0.0  738290.6408253536
0.0 0.0 0.0 0.0 0.0 0.0  738290.6408254805
0.0 0.0 0.0 0.0 0.0 0.0  738290.6408255843
0.0 0.0 0.0 0.0 0.0 0.0  738290.6408257113
0.0 0.0 0.0 0.0 0.0 0.0  738290.6408258267
0.0 0.0 0.0 0.0 0.0 0.0  738290.6408259422
0.0 0.0 0.0 0.0 0.0 0.0  738290.640826046
0.0 0.0 0.0 0.0 0.0 0.0  738290.6408261615
0.0 0.0 0.0 0.0 0.0 0.0  738290.6408262884
0.0 0.0 0.0 0.0 0.0 0.0  738290.6408264039
0.0 0.0 0.0 0.0 0.0 0.0  738290.6408265079
0.0 0.0 0.0 0.0 0.0 0.0  738290.6408266232
0.0 0.0 0.0 0.0 0.0 0.0  738290.6408267502
0.0 0.0 0.0 0.0 0.0 0.0  738290.6408268657
0.0 0.0 0.0 0.0 0.0 0.0  738290.640826981
0.0 0.0 0.0 0.0 0.0 0.0  738290.6408270863
0.0 0.0 0.0 0.0 0.0 0.0  738290.6408272132
0.0 0.0 0.0 0.0 0.0 0.0  738290.6408273287
0.0 0.0 0.0 0.0 0.0 0.0  738290.6408274441
0.0 0.0 0.0 0.0 0.0 0.0  738290.6408275595
0.0 0.0 0.0 0.0 0.0 0.0  738290.640827675
0.0 0.0 0.0 0.0 0.0 0.0  738290.6408277905
0.0 0.0 0.0 0.0 0.0 0.0  738290.6408279059
0.0 0.0 0.0 0.0 0.0 0.0  738290.6408280213
0.0 0.0 0.0 0.0 0.0 0.0  738290.6408281373
0.0 0.0 0.0 0.0 0.0 0.0  738290.6408282528
0.0 0.0 0.0 0.0 0.0 0.0  738290.6408283683
0.0 0.0 0.0 0.0 0.0 0.0  738290.6408284836
0.0 0.0 0.0 0.0 0.0 0.0  738290.6408285991
0.0 0.0 0.0 0.0 0.0 0.0  738290.6408287145
0.0 0.0 0.0 0.0 0.0 0.0  738290.6408288415
0.0 0.0 0.0 0.0 0.0 0.0  738290.6408289453
0.0 0.0 0.0 0.0 0.0 0.0  738290.6408290608
0.0 0.0 0.0 0.0 0.0 0.0  738290.6408291878
0.0 0.0 0.0 0.0 0.0 0.0  738290.6408292917
0.0 0.0 0.0 0.0 0.0 0.0  738290.6408294071
0.0 0.0 0.0 0.0 0.0 0.0  738290.6408295225
0.0 0.0 0.0 0.0 0.0 0.0  738290.640829638
0.0 0.0 0.0 0.0 0.0 0.0  738290.6408297535
0.0 0.0 0.0 0.0 0.0 0.0  738290.6408298688
0.0 0.0 0.0 0.0 0.0 0.0  738290.6408299842
0.0 0.0 0.0 0.0 0.0 0.0  738290.6408300997
0.0 0.0 0.0 0.0 0.0 0.0  738290.6408302152
0.0 0.0 0.0 0.0 0.0 0.0  738290.6408303422
0.0 0.0 0.0 0.0 0.0 0.0  738290.640830446
0.0 0.0 0.0 0.0 0.0 0.0  738290.640830573
0.0 0.0 0.0 0.0 0.0 0.0  738290.6408306886
0.0 0.0 0.0 0.0 0.0 0.0  738290.6408307923
0.0 0.0 0.0 0.0 0.0 0.0  738290.6408309077
0.0 0.0 0.0 0.0 0.0 0.0  738290.6408310463
0.0 0.0 0.0 0.0 0.0 0.0  738290.6408311386
0.0 0.0 0.0 0.0 0.0 0.0  738290.6408312544
0.0 0.0 0.0 0.0 0.0 0.0  738290.6408313698
0.0 0.0 0.0 0.0 0.0 0.0  738290.6408314968
0.0 0.0 0.0 0.0 0.0 0.0  738290.6408316122
0.0 0.0 0.0 0.0 0.0 0.0  738290.6408317161
0.0 0.0 0.0 0.0 0.0 0.0  738290.640831843
0.0 0.0 0.0 0.0 0.0 0.0  738290.6408319585
0.0 0.0 0.0 0.0 0.0 0.0  738290.6408320743
0.0 0.0 0.0 0.0 0.0 0.0  738290.6408321898
0.0 0.0 0.0 0.0 0.0 0.0  738290.6408322937
0.0 0.0 0.0 0.0 0.0 0.0  738290.6408324091
0.0 0.0 0.0 0.0 0.0 0.0  738290.6408325245
0.0 0.0 0.0 0.0 0.0 0.0  738290.6408326399
0.0 0.0 0.0 0.0 0.0 0.0  738290.6408327669
0.0 0.0 0.0 0.0 0.0 0.0  738290.6408328939
0.0 0.0 0.0 0.0 0.0 0.0  738290.6408330093
0.0 0.0 0.0 0.0 0.0 0.0  738290.6408331248
0.0 0.0 0.0 0.0 0.0 0.0  738290.6408332287
0.0 0.0 0.0 0.0 0.0 0.0  738290.6408333441
0.0 0.0 0.0 0.0 0.0 0.0  738290.6408334596
0.0 0.0 0.0 0.0 0.0 0.0  738290.640833575
0.0 0.0 0.0 0.0 0.0 0.0  738290.6408336904
0.0 0.0 0.0 0.0 0.0 0.0  738290.6408338174
0.0 0.0 0.0 0.0 0.0 0.0  738290.6408339214
0.0 0.0 0.0 0.0 0.0 0.0  738290.6408340366
0.0 0.0 0.0 0.0 0.0 0.0  738290.6408341406
0.0 0.0 0.0 0.0 0.0 0.0  738290.6408342676
0.0 0.0 0.0 0.0 0.0 0.0  738290.640834383
0.0 0.0 0.0 0.0 0.0 0.0  738290.6408344985
0.0 0.0 0.0 0.0 0.0 0.0  738290.6408346138
0.0 0.0 0.0 0.0 0.0 0.0  738290.6408347293
0.0 0.0 0.0 0.0 0.0 0.0  738290.6408348448
0.0 0.0 0.0 0.0 0.0 0.0  738290.6408349602
0.0 0.0 0.0 0.0 0.0 0.0  738290.6408350755
0.0 0.0 0.0 0.0 0.0 0.0  738290.640835191
0.0 0.0 0.0 0.0 0.0 0.0  738290.6408353065
0.0 0.0 0.0 0.0 0.0 0.0  738290.6408354219
0.0 0.0 0.0 0.0 0.0 0.0  738290.6408355376
0.0 0.0 0.0 0.0 0.0 0.0  738290.6408356531
0.0 0.0 0.0 0.0 0.0 0.0  738290.6408357687
0.0 0.0 0.0 0.0 0.0 0.0  738290.640835884
0.0 0.0 0.0 0.0 0.0 0.0  738290.640836
0.0 0.0 0.0 0.0 0.0 0.0  738290.6408361155
0.0 0.0 0.0 0.0 0.0 0.0  738290.6408362311
0.0 0.0 0.0 0.0 0.0 0.0  738290.6408363464
0.0 0.0 0.0 0.0 0.0 0.0  738290.6408364624
0.0 0.0 0.0 0.0 0.0 0.0  738290.6408365779
0.0 0.0 0.0 0.0 0.0 0.0  738290.6408366932
0.0 0.0 0.0 0.0 0.0 0.0  738290.6408368202
0.0 0.0 0.0 0.0 0.0 0.0  738290.6408369241
0.0 0.0 0.0 0.0 0.0 0.0  738290.6408370396
0.0 0.0 0.0 0.0 0.0 0.0  738290.640837155
0.0 0.0 0.0 0.0 0.0 0.0  738290.6408372704
0.0 0.0 0.0 0.0 0.0 0.0  738290.6408373974
0.0 0.0 0.0 0.0 0.0 0.0  738290.6408375014
0.0 0.0 0.0 0.0 0.0 0.0  738290.6408376168
0.0 0.0 0.0 0.0 0.0 0.0  738290.6408377322
0.0 0.0 0.0 0.0 0.0 0.0  738290.6408378476
0.0 0.0 0.0 0.0 0.0 0.0  738290.6408379746
0.0 0.0 0.0 0.0 0.0 0.0  738290.6408380785
0.0 0.0 0.0 0.0 0.0 0.0  738290.6408381939
0.0 0.0 0.0 0.0 0.0 0.0  738290.6408383093
0.0 0.0 0.0 0.0 0.0 0.0  738290.6408384248
0.0 0.0 0.0 0.0 0.0 0.0  738290.6408385403
0.0 0.0 0.0 0.0 0.0 0.0  738290.6408386556
0.0 0.0 0.0 0.0 0.0 0.0  738290.6408387711
0.0 0.0 0.0 0.0 0.0 0.0  738290.6408388865
0.0 0.0 0.0 0.0 0.0 0.0  738290.640839002
0.0 0.0 0.0 0.0 0.0 0.0  738290.6408391173
0.0 0.0 0.0 0.0 0.0 0.0  738290.6408392328
0.0 0.0 0.0 0.0 0.0 0.0  738290.6408393482
0.0 0.0 0.0 0.0 0.0 0.0  738290.6408394753
0.0 0.0 0.0 0.0 0.0 0.0  738290.6408395907
0.0 0.0 0.0 0.0 0.0 0.0  738290.6408396945
0.0 0.0 0.0 0.0 0.0 0.0  738290.64083981
0.0 0.0 0.0 0.0 0.0 0.0  738290.6408399369
0.0 0.0 0.0 0.0 0.0 0.0  738290.6408400409
0.0 0.0 0.0 0.0 0.0 0.0  738290.6408401679
0.0 0.0 0.0 0.0 0.0 0.0  738290.6408402717
0.0 0.0 0.0 0.0 0.0 0.0  738290.6408403987
0.0 0.0 0.0 0.0 0.0 0.0  738290.6408405142
0.0 0.0 0.0 0.0 0.0 0.0  738290.6408406296
0.0 0.0 0.0 0.0 0.0 0.0  738290.6408407335
0.0 0.0 0.0 0.0 0.0 0.0  738290.6408408604
0.0 0.0 0.0 0.0 0.0 0.0  738290.6408409758
0.0 0.0 0.0 0.0 0.0 0.0  738290.6408410913
0.0 0.0 0.0 0.0 0.0 0.0  738290.6408412068
0.0 0.0 0.0 0.0 0.0 0.0  738290.6408413223
0.0 0.0 0.0 0.0 0.0 0.0  738290.6408414376
0.0 0.0 0.0 0.0 0.0 0.0  738290.6408415532
0.0 0.0 0.0 0.0 0.0 0.0  738290.6408416568
0.0 0.0 0.0 0.0 0.0 0.0  738290.6408417838
0.0 0.0 0.0 0.0 0.0 0.0  738290.6408418878
0.0 0.0 0.0 0.0 0.0 0.0  738290.6408420032
0.0 0.0 0.0 0.0 0.0 0.0  738290.6408421417
0.0 0.0 0.0 0.0 0.0 0.0  738290.6408422457
0.0 0.0 0.0 0.0 0.0 0.0  738290.640842361
0.0 0.0 0.0 0.0 0.0 0.0  738290.6408424765
0.0 0.0 0.0 0.0 0.0 0.0  738290.6408425919
0.0 0.0 0.0 0.0 0.0 0.0  738290.6408427074
0.0 0.0 0.0 0.0 0.0 0.0  738290.6408428227
0.0 0.0 0.0 0.0 0.0 0.0  738290.6408429267
0.0 0.0 0.0 0.0 0.0 0.0  738290.6408430536
0.0 0.0 0.0 0.0 0.0 0.0  738290.6408431691
0.0 0.0 0.0 0.0 0.0 0.0  738290.6408432844
0.0 0.0 0.0 0.0 0.0 0.0  738290.6408433999
0.0 0.0 0.0 0.0 0.0 0.0  738290.6408435154
0.0 0.0 0.0 0.0 0.0 0.0  738290.6408436308
0.0 0.0 0.0 0.0 0.0 0.0  738290.6408437463
0.0 0.0 0.0 0.0 0.0 0.0  738290.6408438616
0.0 0.0 0.0 0.0 0.0 0.0  738290.6408439771
0.0 0.0 0.0 0.0 0.0 0.0  738290.6408440925
0.0 0.0 0.0 0.0 0.0 0.0  738290.640844208
0.0 0.0 0.0 0.0 0.0 0.0  738290.6408443233
0.0 0.0 0.0 0.0 0.0 0.0  738290.6408444388
0.0 0.0 0.0 0.0 0.0 0.0  738290.6408445543
0.0 0.0 0.0 0.0 0.0 0.0  738290.6408446697
0.0 0.0 0.0 0.0 0.0 0.0  738290.6408447968
0.0 0.0 0.0 0.0 0.0 0.0  738290.6408449005
0.0 0.0 0.0 0.0 0.0 0.0  738290.6408450159
0.0 0.0 0.0 0.0 0.0 0.0  738290.6408451314
0.0 0.0 0.0 0.0 0.0 0.0  738290.6408452584
0.0 0.0 0.0 0.0 0.0 0.0  738290.6408453622
0.0 0.0 0.0 0.0 0.0 0.0  738290.6408454892
0.0 0.0 0.0 0.0 0.0 0.0  738290.6408456046
0.0 0.0 0.0 0.0 0.0 0.0  738290.6408457316
0.0 0.0 0.0 0.0 0.0 0.0  738290.6408458239
0.0 0.0 0.0 0.0 0.0 0.0  738290.6408459394
0.0 0.0 0.0 0.0 0.0 0.0  738290.6408460549
0.0 0.0 0.0 0.0 0.0 0.0  738290.6408461818
0.0 0.0 0.0 0.0 0.0 0.0  738290.6408462973
0.0 0.0 0.0 0.0 0.0 0.0  738290.6408464243
0.0 0.0 0.0 0.0 0.0 0.0  738290.6408465281
0.0 0.0 0.0 0.0 0.0 0.0  738290.6408466436
0.0 0.0 0.0 0.0 0.0 0.0  738290.6408467591
0.0 0.0 0.0 0.0 0.0 0.0  738290.6408468746
0.0 0.0 0.0 0.0 0.0 0.0  738290.6408469899
0.0 0.0 0.0 0.0 0.0 0.0  738290.6408471055
0.0 0.0 0.0 0.0 0.0 0.0  738290.6408472323
0.0 0.0 0.0 0.0 0.0 0.0  738290.6408473363
0.0 0.0 0.0 0.0 0.0 0.0  738290.6408474401
0.0 0.0 0.0 0.0 0.0 0.0  738290.6408475671
0.0 0.0 0.0 0.0 0.0 0.0  738290.6408476825
0.0 0.0 0.0 0.0 0.0 0.0  738290.640847798
0.0 0.0 0.0 0.0 0.0 0.0  738290.6408479135
0.0 0.0 0.0 0.0 0.0 0.0  738290.6408480288
0.0 0.0 0.0 0.0 0.0 0.0  738290.6408481443
0.0 0.0 0.0 0.0 0.0 0.0  738290.6408482597
0.0 0.0 0.0 0.0 0.0 0.0  738290.6408483752
0.0 0.0 0.0 0.0 0.0 0.0  738290.6408484906
0.0 0.0 0.0 0.0 0.0 0.0  738290.640848606
0.0 0.0 0.0 0.0 0.0 0.0  738290.6408487215
0.0 0.0 0.0 0.0 0.0 0.0  738290.6408488369
0.0 0.0 0.0 0.0 0.0 0.0  738290.6408489523
0.0 0.0 0.0 0.0 0.0 0.0  738290.6408490678
0.0 0.0 0.0 0.0 0.0 0.0  738290.6408491833
0.0 0.0 0.0 0.0 0.0 0.0  738290.6408492987
0.0 0.0 0.0 0.0 0.0 0.0  738290.6408494142
0.0 0.0 0.0 0.0 0.0 0.0  738290.6408495296
0.0 0.0 0.0 0.0 0.0 0.0  738290.640849645
0.0 0.0 0.0 0.0 0.0 0.0  738290.6408497605
0.0 0.0 0.0 0.0 0.0 0.0  738290.6408498759
0.0 0.0 0.0 0.0 0.0 0.0  738290.6408499914
0.0 0.0 0.0 0.0 0.0 0.0  738290.6408501067
0.0 0.0 0.0 0.0 0.0 0.0  738290.6408502337
0.0 0.0 0.0 0.0 0.0 0.0  738290.6408503376
0.0 0.0 0.0 0.0 0.0 0.0  738290.6408504532
0.0 0.0 0.0 0.0 0.0 0.0  738290.6408505801
0.0 0.0 0.0 0.0 0.0 0.0  738290.6408506839
0.0 0.0 0.0 0.0 0.0 0.0  738290.6408507993
0.0 0.0 0.0 0.0 0.0 0.0  738290.6408509148
0.0 0.0 0.0 0.0 0.0 0.0  738290.6408510302
0.0 0.0 0.0 0.0 0.0 0.0  738290.6408511456
0.0 0.0 0.0 0.0 0.0 0.0  738290.6408512612
0.0 0.0 0.0 0.0 0.0 0.0  738290.6408513766
0.0 0.0 0.0 0.0 0.0 0.0  738290.640851492
0.0 0.0 0.0 0.0 0.0 0.0  738290.6408516073
0.0 0.0 0.0 0.0 0.0 0.0  738290.6408517228
0.0 0.0 0.0 0.0 0.0 0.0  738290.6408518498
0.0 0.0 0.0 0.0 0.0 0.0  738290.6408519652
0.0 0.0 0.0 0.0 0.0 0.0  738290.6408520691
0.0 0.0 0.0 0.0 0.0 0.0  738290.640852196
0.0 0.0 0.0 0.0 0.0 0.0  738290.6408523115
0.0 0.0 0.0 0.0 0.0 0.0  738290.640852427
0.0 0.0 0.0 0.0 0.0 0.0  738290.6408525308
0.0 0.0 0.0 0.0 0.0 0.0  738290.6408526578
0.0 0.0 0.0 0.0 0.0 0.0  738290.6408527617
0.0 0.0 0.0 0.0 0.0 0.0  738290.640852877
0.0 0.0 0.0 0.0 0.0 0.0  738290.6408530041
0.0 0.0 0.0 0.0 0.0 0.0  738290.6408531195
0.0 0.0 0.0 0.0 0.0 0.0  738290.6408532234
0.0 0.0 0.0 0.0 0.0 0.0  738290.6408533389
0.0 0.0 0.0 0.0 0.0 0.0  738290.6408534542
0.0 0.0 0.0 0.0 0.0 0.0  738290.6408535928
0.0 0.0 0.0 0.0 0.0 0.0  738290.6408537083
0.0 0.0 0.0 0.0 0.0 0.0  738290.6408538121
0.0 0.0 0.0 0.0 0.0 0.0  738290.6408539276
0.0 0.0 0.0 0.0 0.0 0.0  738290.640854043
0.0 0.0 0.0 0.0 0.0 0.0  738290.6408541584
0.0 0.0 0.0 0.0 0.0 0.0  738290.6408542738
0.0 0.0 0.0 0.0 0.0 0.0  738290.6408543893
0.0 0.0 0.0 0.0 0.0 0.0  738290.6408544931
0.0 0.0 0.0 0.0 0.0 0.0  738290.6408546201
0.0 0.0 0.0 0.0 0.0 0.0  738290.6408547241
0.0 0.0 0.0 0.0 0.0 0.0  738290.6408548511
0.0 0.0 0.0 0.0 0.0 0.0  738290.640854978
0.0 0.0 0.0 0.0 0.0 0.0  738290.640855082
0.0 0.0 0.0 0.0 0.0 0.0  738290.6408551973
0.0 0.0 0.0 0.0 0.0 0.0  738290.6408553128
0.0 0.0 0.0 0.0 0.0 0.0  738290.6408554284
0.0 0.0 0.0 0.0 0.0 0.0  738290.6408555438
0.0 0.0 0.0 0.0 0.0 0.0  738290.6408556591
0.0 0.0 0.0 0.0 0.0 0.0  738290.6408557751
0.0 0.0 0.0 0.0 0.0 0.0  738290.6408558905
0.0 0.0 0.0 0.0 0.0 0.0  738290.640856006
0.0 0.0 0.0 0.0 0.0 0.0  738290.6408561213
0.0 0.0 0.0 0.0 0.0 0.0  738290.6408562368
0.0 0.0 0.0 0.0 0.0 0.0  738290.6408563523
0.0 0.0 0.0 0.0 0.0 0.0  738290.6408564795
0.0 0.0 0.0 0.0 0.0 0.0  738290.6408565835
0.0 0.0 0.0 0.0 0.0 0.0  738290.6408566989
0.0 0.0 0.0 0.0 0.0 0.0  738290.6408568143
0.0 0.0 0.0 0.0 0.0 0.0  738290.6408569183
0.0 0.0 0.0 0.0 0.0 0.0  738290.6408570452
0.0 0.0 0.0 0.0 0.0 0.0  738290.6408571608
0.0 0.0 0.0 0.0 0.0 0.0  738290.640857276
0.0 0.0 0.0 0.0 0.0 0.0  738290.6408573915
0.0 0.0 0.0 0.0 0.0 0.0  738290.640857507
0.0 0.0 0.0 0.0 0.0 0.0  738290.6408576224
0.0 0.0 0.0 0.0 0.0 0.0  738290.6408577379
0.0 0.0 0.0 0.0 0.0 0.0  738290.6408578532
0.0 0.0 0.0 0.0 0.0 0.0  738290.6408579802
0.0 0.0 0.0 0.0 0.0 0.0  738290.6408580841
0.0 0.0 0.0 0.0 0.0 0.0  738290.6408582111
0.0 0.0 0.0 0.0 0.0 0.0  738290.640858315
0.0 0.0 0.0 0.0 0.0 0.0  738290.6408584304
0.0 0.0 0.0 0.0 0.0 0.0  738290.6408585573
0.0 0.0 0.0 0.0 0.0 0.0  738290.6408586843
0.0 0.0 0.0 0.0 0.0 0.0  738290.6408587766
0.0 0.0 0.0 0.0 0.0 0.0  738290.6408589036
0.0 0.0 0.0 0.0 0.0 0.0  738290.6408590076
0.0 0.0 0.0 0.0 0.0 0.0  738290.6408591231
0.0 0.0 0.0 0.0 0.0 0.0  738290.6408592385
0.0 0.0 0.0 0.0 0.0 0.0  738290.6408593653
0.0 0.0 0.0 0.0 0.0 0.0  738290.6408594693
0.0 0.0 0.0 0.0 0.0 0.0  738290.6408595962
0.0 0.0 0.0 0.0 0.0 0.0  738290.6408597002
0.0 0.0 0.0 0.0 0.0 0.0  738290.6408598387
0.0 0.0 0.0 0.0 0.0 0.0  738290.6408599425
0.0 0.0 0.0 0.0 0.0 0.0  738290.6408600465
0.0 0.0 0.0 0.0 0.0 0.0  738290.6408601735
0.0 0.0 0.0 0.0 0.0 0.0  738290.6408602773
0.0 0.0 0.0 0.0 0.0 0.0  738290.6408603927
0.0 0.0 0.0 0.0 0.0 0.0  738290.6408605082
0.0 0.0 0.0 0.0 0.0 0.0  738290.6408606351
0.0 0.0 0.0 0.0 0.0 0.0  738290.6408607507
0.0 0.0 0.0 0.0 0.0 0.0  738290.640860866
0.0 0.0 0.0 0.0 0.0 0.0  738290.6408609814
0.0 0.0 0.0 0.0 0.0 0.0  738290.6408610969
0.0 0.0 0.0 0.0 0.0 0.0  738290.6408612123
0.0 0.0 0.0 0.0 0.0 0.0  738290.6408613278
0.0 0.0 0.0 0.0 0.0 0.0  738290.6408614432
0.0 0.0 0.0 0.0 0.0 0.0  738290.6408615471
0.0 0.0 0.0 0.0 0.0 0.0  738290.6408616741
0.0 0.0 0.0 0.0 0.0 0.0  738290.6408617779
0.0 0.0 0.0 0.0 0.0 0.0  738290.6408619051
0.0 0.0 0.0 0.0 0.0 0.0  738290.6408620088
0.0 0.0 0.0 0.0 0.0 0.0  738290.6408621358
0.0 0.0 0.0 0.0 0.0 0.0  738290.6408622512
0.0 0.0 0.0 0.0 0.0 0.0  738290.6408623551
0.0 0.0 0.0 0.0 0.0 0.0  738290.6408624821
0.0 0.0 0.0 0.0 0.0 0.0  738290.640862586
0.0 0.0 0.0 0.0 0.0 0.0  738290.6408627245
0.0 0.0 0.0 0.0 0.0 0.0  738290.6408628284
0.0 0.0 0.0 0.0 0.0 0.0  738290.6408629438
0.0 0.0 0.0 0.0 0.0 0.0  738290.6408630712
0.0 0.0 0.0 0.0 0.0 0.0  738290.640863175
0.0 0.0 0.0 0.0 0.0 0.0  738290.6408632905
0.0 0.0 0.0 0.0 0.0 0.0  738290.640863406
0.0 0.0 0.0 0.0 0.0 0.0  738290.6408635214
0.0 0.0 0.0 0.0 0.0 0.0  738290.6408636369
0.0 0.0 0.0 0.0 0.0 0.0  738290.6408637523
0.0 0.0 0.0 0.0 0.0 0.0  738290.6408638677
0.0 0.0 0.0 0.0 0.0 0.0  738290.6408639831
0.0 0.0 0.0 0.0 0.0 0.0  738290.6408640986
0.0 0.0 0.0 0.0 0.0 0.0  738290.640864214
0.0 0.0 0.0 0.0 0.0 0.0  738290.6408643294
0.0 0.0 0.0 0.0 0.0 0.0  738290.6408644449
0.0 0.0 0.0 0.0 0.0 0.0  738290.6408645604
0.0 0.0 0.0 0.0 0.0 0.0  738290.6408646757
0.0 0.0 0.0 0.0 0.0 0.0  738290.6408647912
0.0 0.0 0.0 0.0 0.0 0.0  738290.6408649066
0.0 0.0 0.0 0.0 0.0 0.0  738290.6408650221
0.0 0.0 0.0 0.0 0.0 0.0  738290.6408651375
0.0 0.0 0.0 0.0 0.0 0.0  738290.6408652528
0.0 0.0 0.0 0.0 0.0 0.0  738290.6408653683
0.0 0.0 0.0 0.0 0.0 0.0  738290.6408654838
0.0 0.0 0.0 0.0 0.0 0.0  738290.6408655993
0.0 0.0 0.0 0.0 0.0 0.0  738290.6408657146
0.0 0.0 0.0 0.0 0.0 0.0  738290.6408658301
0.0 0.0 0.0 0.0 0.0 0.0  738290.6408659455
0.0 0.0 0.0 0.0 0.0 0.0  738290.640866061
0.0 0.0 0.0 0.0 0.0 0.0  738290.6408661763
0.0 0.0 0.0 0.0 0.0 0.0  738290.6408663034
0.0 0.0 0.0 0.0 0.0 0.0  738290.6408664072
0.0 0.0 0.0 0.0 0.0 0.0  738290.6408665228
0.0 0.0 0.0 0.0 0.0 0.0  738290.6408666382
0.0 0.0 0.0 0.0 0.0 0.0  738290.6408667653
0.0 0.0 0.0 0.0 0.0 0.0  738290.6408668808
0.0 0.0 0.0 0.0 0.0 0.0  738290.6408669847
0.0 0.0 0.0 0.0 0.0 0.0  738290.6408671116
0.0 0.0 0.0 0.0 0.0 0.0  738290.6408672271
0.0 0.0 0.0 0.0 0.0 0.0  738290.6408673425
0.0 0.0 0.0 0.0 0.0 0.0  738290.6408674581
0.0 0.0 0.0 0.0 0.0 0.0  738290.6408675618
0.0 0.0 0.0 0.0 0.0 0.0  738290.6408676773
0.0 0.0 0.0 0.0 0.0 0.0  738290.6408678043
0.0 0.0 0.0 0.0 0.0 0.0  738290.6408679081
0.0 0.0 0.0 0.0 0.0 0.0  738290.640868035
0.0 0.0 0.0 0.0 0.0 0.0  738290.6408681505
0.0 0.0 0.0 0.0 0.0 0.0  738290.6408682545
0.0 0.0 0.0 0.0 0.0 0.0  738290.64086837
0.0 0.0 0.0 0.0 0.0 0.0  738290.6408684854
0.0 0.0 0.0 0.0 0.0 0.0  738290.6408686124
0.0 0.0 0.0 0.0 0.0 0.0  738290.6408687163
0.0 0.0 0.0 0.0 0.0 0.0  738290.6408688445
0.0 0.0 0.0 0.0 0.0 0.0  738290.640868948
0.0 0.0 0.0 0.0 0.0 0.0  738290.6408690634
0.0 0.0 0.0 0.0 0.0 0.0  738290.6408691797
0.0 0.0 0.0 0.0 0.0 0.0  738290.6408692956
0.0 0.0 0.0 0.0 0.0 0.0  738290.6408694108
0.0 0.0 0.0 0.0 0.0 0.0  738290.640869526
0.0 0.0 0.0 0.0 0.0 0.0  738290.6408696529
0.0 0.0 0.0 0.0 0.0 0.0  738290.6408697683
0.0 0.0 0.0 0.0 0.0 0.0  738290.6408698723
0.0 0.0 0.0 0.0 0.0 0.0  738290.6408699877
0.0 0.0 0.0 0.0 0.0 0.0  738290.6408701149
0.0 0.0 0.0 0.0 0.0 0.0  738290.64087023
0.0 0.0 0.0 0.0 0.0 0.0  738290.640870357
0.0 0.0 0.0 0.0 0.0 0.0  738290.6408704617
0.0 0.0 0.0 0.0 0.0 0.0  738290.6408705768
0.0 0.0 0.0 0.0 0.0 0.0  738290.6408706923
0.0 0.0 0.0 0.0 0.0 0.0  738290.6408708078
0.0 0.0 0.0 0.0 0.0 0.0  738290.6408709117
0.0 0.0 0.0 0.0 0.0 0.0  738290.6408710385
0.0 0.0 0.0 0.0 0.0 0.0  738290.6408711425
0.0 0.0 0.0 0.0 0.0 0.0  738290.6408712694
0.0 0.0 0.0 0.0 0.0 0.0  738290.6408713849
0.0 0.0 0.0 0.0 0.0 0.0  738290.6408715004
0.0 0.0 0.0 0.0 0.0 0.0  738290.6408716157
0.0 0.0 0.0 0.0 0.0 0.0  738290.6408717312
0.0 0.0 0.0 0.0 0.0 0.0  738290.6408718581
0.0 0.0 0.0 0.0 0.0 0.0  738290.6408719621
0.0 0.0 0.0 0.0 0.0 0.0  738290.6408720774
0.0 0.0 0.0 0.0 0.0 0.0  738290.6408721929
0.0 0.0 0.0 0.0 0.0 0.0  738290.6408723084
0.0 0.0 0.0 0.0 0.0 0.0  738290.6408724238
0.0 0.0 0.0 0.0 0.0 0.0  738290.6408725509
0.0 0.0 0.0 0.0 0.0 0.0  738290.6408726546
0.0 0.0 0.0 0.0 0.0 0.0  738290.64087277
0.0 0.0 0.0 0.0 0.0 0.0  738290.6408728855
0.0 0.0 0.0 0.0 0.0 0.0  738290.6408730126
0.0 0.0 0.0 0.0 0.0 0.0  738290.6408731278
0.0 0.0 0.0 0.0 0.0 0.0  738290.6408732435
0.0 0.0 0.0 0.0 0.0 0.0  738290.6408733472
0.0 0.0 0.0 0.0 0.0 0.0  738290.6408734627
0.0 0.0 0.0 0.0 0.0 0.0  738290.6408735781
0.0 0.0 0.0 0.0 0.0 0.0  738290.6408736935
0.0 0.0 0.0 0.0 0.0 0.0  738290.6408738205
0.0 0.0 0.0 0.0 0.0 0.0  738290.6408739244
0.0 0.0 0.0 0.0 0.0 0.0  738290.6408740398
0.0 0.0 0.0 0.0 0.0 0.0  738290.6408741552
0.0 0.0 0.0 0.0 0.0 0.0  738290.6408742707
0.0 0.0 0.0 0.0 0.0 0.0  738290.6408743862
0.0 0.0 0.0 0.0 0.0 0.0  738290.6408745016
0.0 0.0 0.0 0.0 0.0 0.0  738290.640874617
0.0 0.0 0.0 0.0 0.0 0.0  738290.6408747325
0.0 0.0 0.0 0.0 0.0 0.0  738290.6408748594
0.0 0.0 0.0 0.0 0.0 0.0  738290.6408749749
0.0 0.0 0.0 0.0 0.0 0.0  738290.6408750903
0.0 0.0 0.0 0.0 0.0 0.0  738290.6408752057
0.0 0.0 0.0 0.0 0.0 0.0  738290.6408753211
0.0 0.0 0.0 0.0 0.0 0.0  738290.6408754251
0.0 0.0 0.0 0.0 0.0 0.0  738290.6408755411
0.0 0.0 0.0 0.0 0.0 0.0  738290.6408756563
0.0 0.0 0.0 0.0 0.0 0.0  738290.6408757947
0.0 0.0 0.0 0.0 0.0 0.0  738290.6408758871
0.0 0.0 0.0 0.0 0.0 0.0  738290.640876014
0.0 0.0 0.0 0.0 0.0 0.0  738290.6408761295
0.0 0.0 0.0 0.0 0.0 0.0  738290.6408762335
0.0 0.0 0.0 0.0 0.0 0.0  738290.6408763604
0.0 0.0 0.0 0.0 0.0 0.0  738290.6408764758
0.0 0.0 0.0 0.0 0.0 0.0  738290.6408765913
0.0 0.0 0.0 0.0 0.0 0.0  738290.6408767067
0.0 0.0 0.0 0.0 0.0 0.0  738290.6408768222
0.0 0.0 0.0 0.0 0.0 0.0  738290.6408769375
0.0 0.0 0.0 0.0 0.0 0.0  738290.6408770529
0.0 0.0 0.0 0.0 0.0 0.0  738290.6408771569
0.0 0.0 0.0 0.0 0.0 0.0  738290.6408772839
0.0 0.0 0.0 0.0 0.0 0.0  738290.6408773992
0.0 0.0 0.0 0.0 0.0 0.0  738290.6408775147
0.0 0.0 0.0 0.0 0.0 0.0  738290.6408776302
0.0 0.0 0.0 0.0 0.0 0.0  738290.6408777456
0.0 0.0 0.0 0.0 0.0 0.0  738290.6408778726
0.0 0.0 0.0 0.0 0.0 0.0  738290.6408779764
0.0 0.0 0.0 0.0 0.0 0.0  738290.6408780919
0.0 0.0 0.0 0.0 0.0 0.0  738290.6408782073
0.0 0.0 0.0 0.0 0.0 0.0  738290.6408783228
0.0 0.0 0.0 0.0 0.0 0.0  738290.6408784266
0.0 0.0 0.0 0.0 0.0 0.0  738290.6408785536
0.0 0.0 0.0 0.0 0.0 0.0  738290.6408786575
0.0 0.0 0.0 0.0 0.0 0.0  738290.6408787845
0.0 0.0 0.0 0.0 0.0 0.0  738290.6408788998
0.0 0.0 0.0 0.0 0.0 0.0  738290.6408790153
0.0 0.0 0.0 0.0 0.0 0.0  738290.6408791423
0.0 0.0 0.0 0.0 0.0 0.0  738290.6408792577
0.0 0.0 0.0 0.0 0.0 0.0  738290.6408793617
0.0 0.0 0.0 0.0 0.0 0.0  738290.640879477
0.0 0.0 0.0 0.0 0.0 0.0  738290.6408795925
0.0 0.0 0.0 0.0 0.0 0.0  738290.640879708
0.0 0.0 0.0 0.0 0.0 0.0  738290.6408798234
0.0 0.0 0.0 0.0 0.0 0.0  738290.6408799388
0.0 0.0 0.0 0.0 0.0 0.0  738290.6408800543
0.0 0.0 0.0 0.0 0.0 0.0  738290.6408801697
0.0 0.0 0.0 0.0 0.0 0.0  738290.6408802852
0.0 0.0 0.0 0.0 0.0 0.0  738290.6408804005
0.0 0.0 0.0 0.0 0.0 0.0  738290.640880516
0.0 0.0 0.0 0.0 0.0 0.0  738290.640880643
0.0 0.0 0.0 0.0 0.0 0.0  738290.6408807469
0.0 0.0 0.0 0.0 0.0 0.0  738290.6408808624
0.0 0.0 0.0 0.0 0.0 0.0  738290.6408809777
0.0 0.0 0.0 0.0 0.0 0.0  738290.6408811047
0.0 0.0 0.0 0.0 0.0 0.0  738290.6408812086
0.0 0.0 0.0 0.0 0.0 0.0  738290.6408813356
0.0 0.0 0.0 0.0 0.0 0.0  738290.6408814394
0.0 0.0 0.0 0.0 0.0 0.0  738290.6408815549
0.0 0.0 0.0 0.0 0.0 0.0  738290.6408816818
0.0 0.0 0.0 0.0 0.0 0.0  738290.6408817858
0.0 0.0 0.0 0.0 0.0 0.0  738290.6408819128
0.0 0.0 0.0 0.0 0.0 0.0  738290.6408820166
0.0 0.0 0.0 0.0 0.0 0.0  738290.6408821436
0.0 0.0 0.0 0.0 0.0 0.0  738290.640882259
0.0 0.0 0.0 0.0 0.0 0.0  738290.640882363
0.0 0.0 0.0 0.0 0.0 0.0  738290.6408825015
0.0 0.0 0.0 0.0 0.0 0.0  738290.6408826055
0.0 0.0 0.0 0.0 0.0 0.0  738290.6408827209
0.0 0.0 0.0 0.0 0.0 0.0  738290.6408828364
0.0 0.0 0.0 0.0 0.0 0.0  738290.6408829519
0.0 0.0 0.0 0.0 0.0 0.0  738290.6408830673
0.0 0.0 0.0 0.0 0.0 0.0  738290.6408831828
0.0 0.0 0.0 0.0 0.0 0.0  738290.6408833098
0.0 0.0 0.0 0.0 0.0 0.0  738290.6408834136
0.0 0.0 0.0 0.0 0.0 0.0  738290.6408835405
0.0 0.0 0.0 0.0 0.0 0.0  738290.6408836329
0.0 0.0 0.0 0.0 0.0 0.0  738290.6408837598
0.0 0.0 0.0 0.0 0.0 0.0  738290.6408838753
0.0 0.0 0.0 0.0 0.0 0.0  738290.6408839908
0.0 0.0 0.0 0.0 0.0 0.0  738290.6408841062
0.0 0.0 0.0 0.0 0.0 0.0  738290.6408842216
0.0 0.0 0.0 0.0 0.0 0.0  738290.640884337
0.0 0.0 0.0 0.0 0.0 0.0  738290.6408844525
0.0 0.0 0.0 0.0 0.0 0.0  738290.6408845563
0.0 0.0 0.0 0.0 0.0 0.0  738290.6408846834
0.0 0.0 0.0 0.0 0.0 0.0  738290.6408847988
0.0 0.0 0.0 0.0 0.0 0.0  738290.6408849027
0.0 0.0 0.0 0.0 0.0 0.0  738290.640885031
0.0 0.0 0.0 0.0 0.0 0.0  738290.6408851465
0.0 0.0 0.0 0.0 0.0 0.0  738290.6408852504
0.0 0.0 0.0 0.0 0.0 0.0  738290.6408853773
0.0 0.0 0.0 0.0 0.0 0.0  738290.6408854813
0.0 0.0 0.0 0.0 0.0 0.0  738290.6408856082
0.0 0.0 0.0 0.0 0.0 0.0  738290.6408857236
0.0 0.0 0.0 0.0 0.0 0.0  738290.6408858391
0.0 0.0 0.0 0.0 0.0 0.0  738290.6408859551
0.0 0.0 0.0 0.0 0.0 0.0  738290.64088607
0.0 0.0 0.0 0.0 0.0 0.0  738290.6408861869
0.0 0.0 0.0 0.0 0.0 0.0  738290.6408863027
0.0 0.0 0.0 0.0 0.0 0.0  738290.6408864182
0.0 0.0 0.0 0.0 0.0 0.0  738290.6408865337
0.0 0.0 0.0 0.0 0.0 0.0  738290.6408866604
0.0 0.0 0.0 0.0 0.0 0.0  738290.6408867645
0.0 0.0 0.0 0.0 0.0 0.0  738290.6408868799
0.0 0.0 0.0 0.0 0.0 0.0  738290.6408869956
0.0 0.0 0.0 0.0 0.0 0.0  738290.640887111
0.0 0.0 0.0 0.0 0.0 0.0  738290.6408872261
0.0 0.0 0.0 0.0 0.0 0.0  738290.6408873416
0.0 0.0 0.0 0.0 0.0 0.0  738290.6408874571
0.0 0.0 0.0 0.0 0.0 0.0  738290.6408875724
0.0 0.0 0.0 0.0 0.0 0.0  738290.6408876993
0.0 0.0 0.0 0.0 0.0 0.0  738290.6408878033
0.0 0.0 0.0 0.0 0.0 0.0  738290.6408879188
0.0 0.0 0.0 0.0 0.0 0.0  738290.6408880341
0.0 0.0 0.0 0.0 0.0 0.0  738290.6408881611
0.0 0.0 0.0 0.0 0.0 0.0  738290.640888265
0.0 0.0 0.0 0.0 0.0 0.0  738290.6408883805
0.0 0.0 0.0 0.0 0.0 0.0  738290.6408884958
0.0 0.0 0.0 0.0 0.0 0.0  738290.6408886113
0.0 0.0 0.0 0.0 0.0 0.0  738290.6408887268
0.0 0.0 0.0 0.0 0.0 0.0  738290.6408888422
0.0 0.0 0.0 0.0 0.0 0.0  738290.6408889577
0.0 0.0 0.0 0.0 0.0 0.0  738290.6408890847
0.0 0.0 0.0 0.0 0.0 0.0  738290.6408892
0.0 0.0 0.0 0.0 0.0 0.0  738290.640889304
0.0 0.0 0.0 0.0 0.0 0.0  738290.6408894194
0.0 0.0 0.0 0.0 0.0 0.0  738290.6408895348
0.0 0.0 0.0 0.0 0.0 0.0  738290.6408896617
0.0 0.0 0.0 0.0 0.0 0.0  738290.6408897657
0.0 0.0 0.0 0.0 0.0 0.0  738290.6408898811
0.0 0.0 0.0 0.0 0.0 0.0  738290.6408899964
0.0 0.0 0.0 0.0 0.0 0.0  738290.6408901119
0.0 0.0 0.0 0.0 0.0 0.0  738290.6408902274
0.0 0.0 0.0 0.0 0.0 0.0  738290.6408903551
0.0 0.0 0.0 0.0 0.0 0.0  738290.6408904707
0.0 0.0 0.0 0.0 0.0 0.0  738290.6408905865
0.0 0.0 0.0 0.0 0.0 0.0  738290.6408907014
0.0 0.0 0.0 0.0 0.0 0.0  738290.6408908169
0.0 0.0 0.0 0.0 0.0 0.0  738290.6408909208
0.0 0.0 0.0 0.0 0.0 0.0  738290.6408910478
0.0 0.0 0.0 0.0 0.0 0.0  738290.6408911517
0.0 0.0 0.0 0.0 0.0 0.0  738290.6408912785
0.0 0.0 0.0 0.0 0.0 0.0  738290.6408913825
0.0 0.0 0.0 0.0 0.0 0.0  738290.6408914978
0.0 0.0 0.0 0.0 0.0 0.0  738290.6408916248
0.0 0.0 0.0 0.0 0.0 0.0  738290.6408917408
0.0 0.0 0.0 0.0 0.0 0.0  738290.6408918442
0.0 0.0 0.0 0.0 0.0 0.0  738290.6408919597
0.0 0.0 0.0 0.0 0.0 0.0  738290.6408920867
0.0 0.0 0.0 0.0 0.0 0.0  738290.640892202
0.0 0.0 0.0 0.0 0.0 0.0  738290.6408923175
0.0 0.0 0.0 0.0 0.0 0.0  738290.6408924444
0.0 0.0 0.0 0.0 0.0 0.0  738290.6408925368
0.0 0.0 0.0 0.0 0.0 0.0  738290.6408926641
0.0 0.0 0.0 0.0 0.0 0.0  738290.6408927792
0.0 0.0 0.0 0.0 0.0 0.0  738290.6408928831
0.0 0.0 0.0 0.0 0.0 0.0  738290.6408929984
0.0 0.0 0.0 0.0 0.0 0.0  738290.640893114
0.0 0.0 0.0 0.0 0.0 0.0  738290.6408932409
0.0 0.0 0.0 0.0 0.0 0.0  738290.6408933564
0.0 0.0 0.0 0.0 0.0 0.0  738290.6408934833
0.0 0.0 0.0 0.0 0.0 0.0  738290.6408935993
0.0 0.0 0.0 0.0 0.0 0.0  738290.6408937032
0.0 0.0 0.0 0.0 0.0 0.0  738290.6408938187
0.0 0.0 0.0 0.0 0.0 0.0  738290.6408939227
0.0 0.0 0.0 0.0 0.0 0.0  738290.6408940497
0.0 0.0 0.0 0.0 0.0 0.0  738290.6408941534
0.0 0.0 0.0 0.0 0.0 0.0  738290.6408942805
0.0 0.0 0.0 0.0 0.0 0.0  738290.6408943959
0.0 0.0 0.0 0.0 0.0 0.0  738290.6408945118
0.0 0.0 0.0 0.0 0.0 0.0  738290.6408946267
0.0 0.0 0.0 0.0 0.0 0.0  738290.6408947422
0.0 0.0 0.0 0.0 0.0 0.0  738290.6408948461
0.0 0.0 0.0 0.0 0.0 0.0  738290.6408949615
0.0 0.0 0.0 0.0 0.0 0.0  738290.6408950884
0.0 0.0 0.0 0.0 0.0 0.0  738290.6408952039
0.0 0.0 0.0 0.0 0.0 0.0  738290.6408953194
0.0 0.0 0.0 0.0 0.0 0.0  738290.6408954471
0.0 0.0 0.0 0.0 0.0 0.0  738290.6408955501
0.0 0.0 0.0 0.0 0.0 0.0  738290.6408956656
0.0 0.0 0.0 0.0 0.0 0.0  738290.6408957926
0.0 0.0 0.0 0.0 0.0 0.0  738290.6408958965
0.0 0.0 0.0 0.0 0.0 0.0  738290.640896012
0.0 0.0 0.0 0.0 0.0 0.0  738290.6408961389
0.0 0.0 0.0 0.0 0.0 0.0  738290.6408962428
0.0 0.0 0.0 0.0 0.0 0.0  738290.6408963583
0.0 0.0 0.0 0.0 0.0 0.0  738290.6408964737
0.0 0.0 0.0 0.0 0.0 0.0  738290.6408965891
0.0 0.0 0.0 0.0 0.0 0.0  738290.640896716
0.0 0.0 0.0 0.0 0.0 0.0  738290.640896832
0.0 0.0 0.0 0.0 0.0 0.0  738290.640896936
0.0 0.0 0.0 0.0 0.0 0.0  738290.6408970513
0.0 0.0 0.0 0.0 0.0 0.0  738290.6408971784
0.0 0.0 0.0 0.0 0.0 0.0  738290.6408972822
0.0 0.0 0.0 0.0 0.0 0.0  738290.6408973977
0.0 0.0 0.0 0.0 0.0 0.0  738290.640897513
0.0 0.0 0.0 0.0 0.0 0.0  738290.6408976285
0.0 0.0 0.0 0.0 0.0 0.0  738290.640897744
0.0 0.0 0.0 0.0 0.0 0.0  738290.6408978594
0.0 0.0 0.0 0.0 0.0 0.0  738290.6408979864
0.0 0.0 0.0 0.0 0.0 0.0  738290.6408980902
0.0 0.0 0.0 0.0 0.0 0.0  738290.6408982056
0.0 0.0 0.0 0.0 0.0 0.0  738290.640898321
0.0 0.0 0.0 0.0 0.0 0.0  738290.6408984481
0.0 0.0 0.0 0.0 0.0 0.0  738290.6408985635
0.0 0.0 0.0 0.0 0.0 0.0  738290.6408986789
0.0 0.0 0.0 0.0 0.0 0.0  738290.6408987944
0.0 0.0 0.0 0.0 0.0 0.0  738290.6408988982
0.0 0.0 0.0 0.0 0.0 0.0  738290.6408990136
0.0 0.0 0.0 0.0 0.0 0.0  738290.6408991406
0.0 0.0 0.0 0.0 0.0 0.0  738290.640899256
0.0 0.0 0.0 0.0 0.0 0.0  738290.64089936
0.0 0.0 0.0 0.0 0.0 0.0  738290.640899487
0.0 0.0 0.0 0.0 0.0 0.0  738290.6408996024
0.0 0.0 0.0 0.0 0.0 0.0  738290.6408997063
0.0 0.0 0.0 0.0 0.0 0.0  738290.6408998333
0.0 0.0 0.0 0.0 0.0 0.0  738290.6408999488
0.0 0.0 0.0 0.0 0.0 0.0  738290.6409000641
0.0 0.0 0.0 0.0 0.0 0.0  738290.6409001797
0.0 0.0 0.0 0.0 0.0 0.0  738290.640900295
0.0 0.0 0.0 0.0 0.0 0.0  738290.6409004105
0.0 0.0 0.0 0.0 0.0 0.0  738290.6409005143
0.0 0.0 0.0 0.0 0.0 0.0  738290.6409006413
0.0 0.0 0.0 0.0 0.0 0.0  738290.6409007567
0.0 0.0 0.0 0.0 0.0 0.0  738290.6409008722
0.0 0.0 0.0 0.0 0.0 0.0  738290.6409009877
0.0 0.0 0.0 0.0 0.0 0.0  738290.640901103
0.0 0.0 0.0 0.0 0.0 0.0  738290.6409012185
0.0 0.0 0.0 0.0 0.0 0.0  738290.6409013339
0.0 0.0 0.0 0.0 0.0 0.0  738290.6409014494
0.0 0.0 0.0 0.0 0.0 0.0  738290.6409015647
0.0 0.0 0.0 0.0 0.0 0.0  738290.6409016917
0.0 0.0 0.0 0.0 0.0 0.0  738290.6409017957
0.0 0.0 0.0 0.0 0.0 0.0  738290.6409019117
0.0 0.0 0.0 0.0 0.0 0.0  738290.6409020266
0.0 0.0 0.0 0.0 0.0 0.0  738290.6409021419
0.0 0.0 0.0 0.0 0.0 0.0  738290.6409022574
0.0 0.0 0.0 0.0 0.0 0.0  738290.6409023734
0.0 0.0 0.0 0.0 0.0 0.0  738290.6409024884
0.0 0.0 0.0 0.0 0.0 0.0  738290.6409026037
0.0 0.0 0.0 0.0 0.0 0.0  738290.6409027192
0.0 0.0 0.0 0.0 0.0 0.0  738290.6409028346
0.0 0.0 0.0 0.0 0.0 0.0  738290.6409029501
0.0 0.0 0.0 0.0 0.0 0.0  738290.6409030657
0.0 0.0 0.0 0.0 0.0 0.0  738290.640903194
0.0 0.0 0.0 0.0 0.0 0.0  738290.6409032979
0.0 0.0 0.0 0.0 0.0 0.0  738290.6409034133
0.0 0.0 0.0 0.0 0.0 0.0  738290.6409035298
0.0 0.0 0.0 0.0 0.0 0.0  738290.6409036453
0.0 0.0 0.0 0.0 0.0 0.0  738290.6409037607
0.0 0.0 0.0 0.0 0.0 0.0  738290.640903876
0.0 0.0 0.0 0.0 0.0 0.0  738290.6409039915
0.0 0.0 0.0 0.0 0.0 0.0  738290.6409041072
0.0 0.0 0.0 0.0 0.0 0.0  738290.6409042227
0.0 0.0 0.0 0.0 0.0 0.0  738290.6409043381
0.0 0.0 0.0 0.0 0.0 0.0  738290.6409044535
0.0 0.0 0.0 0.0 0.0 0.0  738290.6409045805
0.0 0.0 0.0 0.0 0.0 0.0  738290.6409046844
0.0 0.0 0.0 0.0 0.0 0.0  738290.6409047998
0.0 0.0 0.0 0.0 0.0 0.0  738290.6409049152
0.0 0.0 0.0 0.0 0.0 0.0  738290.6409050307
0.0 0.0 0.0 0.0 0.0 0.0  738290.6409051461
0.0 0.0 0.0 0.0 0.0 0.0  738290.6409052615
0.0 0.0 0.0 0.0 0.0 0.0  738290.640905377
0.0 0.0 0.0 0.0 0.0 0.0  738290.640905504
0.0 0.0 0.0 0.0 0.0 0.0  738290.6409056078
0.0 0.0 0.0 0.0 0.0 0.0  738290.6409057233
0.0 0.0 0.0 0.0 0.0 0.0  738290.6409058503
0.0 0.0 0.0 0.0 0.0 0.0  738290.6409059657
0.0 0.0 0.0 0.0 0.0 0.0  738290.6409060697
0.0 0.0 0.0 0.0 0.0 0.0  738290.6409061851
0.0 0.0 0.0 0.0 0.0 0.0  738290.6409063123
0.0 0.0 0.0 0.0 0.0 0.0  738290.6409064159
0.0 0.0 0.0 0.0 0.0 0.0  738290.6409065314
0.0 0.0 0.0 0.0 0.0 0.0  738290.6409066584
0.0 0.0 0.0 0.0 0.0 0.0  738290.6409067623
0.0 0.0 0.0 0.0 0.0 0.0  738290.6409068778
0.0 0.0 0.0 0.0 0.0 0.0  738290.6409069932
0.0 0.0 0.0 0.0 0.0 0.0  738290.6409071202
0.0 0.0 0.0 0.0 0.0 0.0  738290.6409072356
0.0 0.0 0.0 0.0 0.0 0.0  738290.6409073512
0.0 0.0 0.0 0.0 0.0 0.0  738290.6409074665
0.0 0.0 0.0 0.0 0.0 0.0  738290.6409075935
0.0 0.0 0.0 0.0 0.0 0.0  738290.6409076974
0.0 0.0 0.0 0.0 0.0 0.0  738290.6409078013
0.0 0.0 0.0 0.0 0.0 0.0  738290.6409079282
0.0 0.0 0.0 0.0 0.0 0.0  738290.6409080322
0.0 0.0 0.0 0.0 0.0 0.0  738290.6409081592
0.0 0.0 0.0 0.0 0.0 0.0  738290.6409082746
0.0 0.0 0.0 0.0 0.0 0.0  738290.6409083784
0.0 0.0 0.0 0.0 0.0 0.0  738290.6409085054
0.0 0.0 0.0 0.0 0.0 0.0  738290.6409086094
0.0 0.0 0.0 0.0 0.0 0.0  738290.6409087363
0.0 0.0 0.0 0.0 0.0 0.0  738290.6409088518
0.0 0.0 0.0 0.0 0.0 0.0  738290.6409089671
0.0 0.0 0.0 0.0 0.0 0.0  738290.6409090826
0.0 0.0 0.0 0.0 0.0 0.0  738290.640909198
0.0 0.0 0.0 0.0 0.0 0.0  738290.6409093019
0.0 0.0 0.0 0.0 0.0 0.0  738290.6409094173
0.0 0.0 0.0 0.0 0.0 0.0  738290.6409095443
0.0 0.0 0.0 0.0 0.0 0.0  738290.6409096483
0.0 0.0 0.0 0.0 0.0 0.0  738290.6409097752
0.0 0.0 0.0 0.0 0.0 0.0  738290.6409098906
0.0 0.0 0.0 0.0 0.0 0.0  738290.640910006
0.0 0.0 0.0 0.0 0.0 0.0  738290.6409101215
0.0 0.0 0.0 0.0 0.0 0.0  738290.640910237
0.0 0.0 0.0 0.0 0.0 0.0  738290.6409103523
0.0 0.0 0.0 0.0 0.0 0.0  738290.6409104678
0.0 0.0 0.0 0.0 0.0 0.0  738290.6409105833
0.0 0.0 0.0 0.0 0.0 0.0  738290.6409106987
0.0 0.0 0.0 0.0 0.0 0.0  738290.640910814
0.0 0.0 0.0 0.0 0.0 0.0  738290.6409109294
0.0 0.0 0.0 0.0 0.0 0.0  738290.6409110449
0.0 0.0 0.0 0.0 0.0 0.0  738290.6409111604
0.0 0.0 0.0 0.0 0.0 0.0  738290.6409112758
0.0 0.0 0.0 0.0 0.0 0.0  738290.6409114028
0.0 0.0 0.0 0.0 0.0 0.0  738290.6409115067
0.0 0.0 0.0 0.0 0.0 0.0  738290.6409116221
0.0 0.0 0.0 0.0 0.0 0.0  738290.6409117491
0.0 0.0 0.0 0.0 0.0 0.0  738290.6409118645
0.0 0.0 0.0 0.0 0.0 0.0  738290.6409119684
0.0 0.0 0.0 0.0 0.0 0.0  738290.6409120953
0.0 0.0 0.0 0.0 0.0 0.0  738290.6409122108
0.0 0.0 0.0 0.0 0.0 0.0  738290.6409123263
0.0 0.0 0.0 0.0 0.0 0.0  738290.6409124301
0.0 0.0 0.0 0.0 0.0 0.0  738290.6409125456
0.0 0.0 0.0 0.0 0.0 0.0  738290.640912661
0.0 0.0 0.0 0.0 0.0 0.0  738290.6409127763
0.0 0.0 0.0 0.0 0.0 0.0  738290.6409128918
0.0 0.0 0.0 0.0 0.0 0.0  738290.6409130188
0.0 0.0 0.0 0.0 0.0 0.0  738290.6409131227
0.0 0.0 0.0 0.0 0.0 0.0  738290.6409132497
0.0 0.0 0.0 0.0 0.0 0.0  738290.6409133652
0.0 0.0 0.0 0.0 0.0 0.0  738290.640913469
0.0 0.0 0.0 0.0 0.0 0.0  738290.6409135845
0.0 0.0 0.0 0.0 0.0 0.0  738290.6409137114
0.0 0.0 0.0 0.0 0.0 0.0  738290.6409138154
0.0 0.0 0.0 0.0 0.0 0.0  738290.6409139307
0.0 0.0 0.0 0.0 0.0 0.0  738290.6409140462
0.0 0.0 0.0 0.0 0.0 0.0  738290.6409141616
0.0 0.0 0.0 0.0 0.0 0.0  738290.640914277
0.0 0.0 0.0 0.0 0.0 0.0  738290.640914404
0.0 0.0 0.0 0.0 0.0 0.0  738290.6409145079
0.0 0.0 0.0 0.0 0.0 0.0  738290.6409146348
0.0 0.0 0.0 0.0 0.0 0.0  738290.6409147388
0.0 0.0 0.0 0.0 0.0 0.0  738290.6409148548
0.0 0.0 0.0 0.0 0.0 0.0  738290.6409149811
0.0 0.0 0.0 0.0 0.0 0.0  738290.6409150966
0.0 0.0 0.0 0.0 0.0 0.0  738290.6409152123
0.0 0.0 0.0 0.0 0.0 0.0  738290.6409153278
0.0 0.0 0.0 0.0 0.0 0.0  738290.6409154432
0.0 0.0 0.0 0.0 0.0 0.0  738290.640915547
0.0 0.0 0.0 0.0 0.0 0.0  738290.6409156625
0.0 0.0 0.0 0.0 0.0 0.0  738290.64091579
0.0 0.0 0.0 0.0 0.0 0.0  738290.6409158935
0.0 0.0 0.0 0.0 0.0 0.0  738290.6409160205
0.0 0.0 0.0 0.0 0.0 0.0  738290.6409161359
0.0 0.0 0.0 0.0 0.0 0.0  738290.6409162629
0.0 0.0 0.0 0.0 0.0 0.0  738290.6409163668
0.0 0.0 0.0 0.0 0.0 0.0  738290.6409164822
0.0 0.0 0.0 0.0 0.0 0.0  738290.6409165977
0.0 0.0 0.0 0.0 0.0 0.0  738290.6409167246
0.0 0.0 0.0 0.0 0.0 0.0  738290.64091684
0.0 0.0 0.0 0.0 0.0 0.0  738290.6409169439
0.0 0.0 0.0 0.0 0.0 0.0  738290.6409170479
0.0 0.0 0.0 0.0 0.0 0.0  738290.6409171864
0.0 0.0 0.0 0.0 0.0 0.0  738290.6409172902
0.0 0.0 0.0 0.0 0.0 0.0  738290.6409174056
0.0 0.0 0.0 0.0 0.0 0.0  738290.6409175211
0.0 0.0 0.0 0.0 0.0 0.0  738290.6409176366
0.0 0.0 0.0 0.0 0.0 0.0  738290.6409177635
0.0 0.0 0.0 0.0 0.0 0.0  738290.6409178674
0.0 0.0 0.0 0.0 0.0 0.0  738290.6409179828
0.0 0.0 0.0 0.0 0.0 0.0  738290.6409180983
0.0 0.0 0.0 0.0 0.0 0.0  738290.6409182136
0.0 0.0 0.0 0.0 0.0 0.0  738290.6409183291
0.0 0.0 0.0 0.0 0.0 0.0  738290.6409184446
0.0 0.0 0.0 0.0 0.0 0.0  738290.64091856
0.0 0.0 0.0 0.0 0.0 0.0  738290.6409186755
0.0 0.0 0.0 0.0 0.0 0.0  738290.6409187908
0.0 0.0 0.0 0.0 0.0 0.0  738290.6409189063
0.0 0.0 0.0 0.0 0.0 0.0  738290.6409190217
0.0 0.0 0.0 0.0 0.0 0.0  738290.6409191487
0.0 0.0 0.0 0.0 0.0 0.0  738290.6409192525
0.0 0.0 0.0 0.0 0.0 0.0  738290.6409193681
0.0 0.0 0.0 0.0 0.0 0.0  738290.6409194835
0.0 0.0 0.0 0.0 0.0 0.0  738290.6409196105
0.0 0.0 0.0 0.0 0.0 0.0  738290.6409197144
0.0 0.0 0.0 0.0 0.0 0.0  738290.6409198298
0.0 0.0 0.0 0.0 0.0 0.0  738290.6409199568
0.0 0.0 0.0 0.0 0.0 0.0  738290.6409200722
0.0 0.0 0.0 0.0 0.0 0.0  738290.6409201876
0.0 0.0 0.0 0.0 0.0 0.0  738290.6409203032
0.0 0.0 0.0 0.0 0.0 0.0  738290.6409204187
0.0 0.0 0.0 0.0 0.0 0.0  738290.6409205225
0.0 0.0 0.0 0.0 0.0 0.0  738290.6409206495
0.0 0.0 0.0 0.0 0.0 0.0  738290.6409207534
0.0 0.0 0.0 0.0 0.0 0.0  738290.6409208816
0.0 0.0 0.0 0.0 0.0 0.0  738290.6409209856
0.0 0.0 0.0 0.0 0.0 0.0  738290.640921101
0.0 0.0 0.0 0.0 0.0 0.0  738290.6409212165
0.0 0.0 0.0 0.0 0.0 0.0  738290.640921332
0.0 0.0 0.0 0.0 0.0 0.0  738290.6409214704
0.0 0.0 0.0 0.0 0.0 0.0  738290.6409215743
0.0 0.0 0.0 0.0 0.0 0.0  738290.6409216782
0.0 0.0 0.0 0.0 0.0 0.0  738290.6409217936
0.0 0.0 0.0 0.0 0.0 0.0  738290.6409219205
0.0 0.0 0.0 0.0 0.0 0.0  738290.6409220245
0.0 0.0 0.0 0.0 0.0 0.0  738290.6409221399
0.0 0.0 0.0 0.0 0.0 0.0  738290.6409222669
0.0 0.0 0.0 0.0 0.0 0.0  738290.6409223822
0.0 0.0 0.0 0.0 0.0 0.0  738290.6409224862
0.0 0.0 0.0 0.0 0.0 0.0  738290.6409226131
0.0 0.0 0.0 0.0 0.0 0.0  738290.6409227286
0.0 0.0 0.0 0.0 0.0 0.0  738290.6409228441
0.0 0.0 0.0 0.0 0.0 0.0  738290.6409229594
0.0 0.0 0.0 0.0 0.0 0.0  738290.6409230748
0.0 0.0 0.0 0.0 0.0 0.0  738290.6409231903
0.0 0.0 0.0 0.0 0.0 0.0  738290.6409233058
0.0 0.0 0.0 0.0 0.0 0.0  738290.6409234211
0.0 0.0 0.0 0.0 0.0 0.0  738290.6409235366
0.0 0.0 0.0 0.0 0.0 0.0  738290.6409236406
0.0 0.0 0.0 0.0 0.0 0.0  738290.640923768
0.0 0.0 0.0 0.0 0.0 0.0  738290.6409238835
0.0 0.0 0.0 0.0 0.0 0.0  738290.640923999
0.0 0.0 0.0 0.0 0.0 0.0  738290.6409241144
0.0 0.0 0.0 0.0 0.0 0.0  738290.6409242298
0.0 0.0 0.0 0.0 0.0 0.0  738290.6409243454
0.0 0.0 0.0 0.0 0.0 0.0  738290.6409244492
0.0 0.0 0.0 0.0 0.0 0.0  738290.6409245646
0.0 0.0 0.0 0.0 0.0 0.0  738290.6409246916
0.0 0.0 0.0 0.0 0.0 0.0  738290.6409248069
0.0 0.0 0.0 0.0 0.0 0.0  738290.6409249224
0.0 0.0 0.0 0.0 0.0 0.0  738290.6409250384
0.0 0.0 0.0 0.0 0.0 0.0  738290.6409251533
0.0 0.0 0.0 0.0 0.0 0.0  738290.6409252688
0.0 0.0 0.0 0.0 0.0 0.0  738290.6409253958
0.0 0.0 0.0 0.0 0.0 0.0  738290.6409254996
0.0 0.0 0.0 0.0 0.0 0.0  738290.6409256151
0.0 0.0 0.0 0.0 0.0 0.0  738290.6409257305
0.0 0.0 0.0 0.0 0.0 0.0  738290.640925846
0.0 0.0 0.0 0.0 0.0 0.0  738290.6409259619
0.0 0.0 0.0 0.0 0.0 0.0  738290.6409260768
0.0 0.0 0.0 0.0 0.0 0.0  738290.6409261923
0.0 0.0 0.0 0.0 0.0 0.0  738290.6409263076
0.0 0.0 0.0 0.0 0.0 0.0  738290.6409264241
0.0 0.0 0.0 0.0 0.0 0.0  738290.6409265389
0.0 0.0 0.0 0.0 0.0 0.0  738290.640926654
0.0 0.0 0.0 0.0 0.0 0.0  738290.6409267695
0.0 0.0 0.0 0.0 0.0 0.0  738290.6409268853
0.0 0.0 0.0 0.0 0.0 0.0  738290.6409270003
0.0 0.0 0.0 0.0 0.0 0.0  738290.6409271157
0.0 0.0 0.0 0.0 0.0 0.0  738290.640927231
0.0 0.0 0.0 0.0 0.0 0.0  738290.6409273465
0.0 0.0 0.0 0.0 0.0 0.0  738290.640927462
0.0 0.0 0.0 0.0 0.0 0.0  738290.6409275889
0.0 0.0 0.0 0.0 0.0 0.0  738290.6409276929
0.0 0.0 0.0 0.0 0.0 0.0  738290.6409278095
0.0 0.0 0.0 0.0 0.0 0.0  738290.6409279257
0.0 0.0 0.0 0.0 0.0 0.0  738290.6409280411
0.0 0.0 0.0 0.0 0.0 0.0  738290.6409281566
0.0 0.0 0.0 0.0 0.0 0.0  738290.6409282719
0.0 0.0 0.0 0.0 0.0 0.0  738290.6409283874
0.0 0.0 0.0 0.0 0.0 0.0  738290.6409285028
0.0 0.0 0.0 0.0 0.0 0.0  738290.6409286186
0.0 0.0 0.0 0.0 0.0 0.0  738290.640928734
0.0 0.0 0.0 0.0 0.0 0.0  738290.6409288611
0.0 0.0 0.0 0.0 0.0 0.0  738290.640928965
0.0 0.0 0.0 0.0 0.0 0.0  738290.6409290803
0.0 0.0 0.0 0.0 0.0 0.0  738290.6409291961
0.0 0.0 0.0 0.0 0.0 0.0  738290.6409293115
0.0 0.0 0.0 0.0 0.0 0.0  738290.6409294385
0.0 0.0 0.0 0.0 0.0 0.0  738290.640929554
0.0 0.0 0.0 0.0 0.0 0.0  738290.6409296578
0.0 0.0 0.0 0.0 0.0 0.0  738290.6409297733
0.0 0.0 0.0 0.0 0.0 0.0  738290.6409298887
0.0 0.0 0.0 0.0 0.0 0.0  738290.6409300157
0.0 0.0 0.0 0.0 0.0 0.0  738290.6409301312
0.0 0.0 0.0 0.0 0.0 0.0  738290.640930235
0.0 0.0 0.0 0.0 0.0 0.0  738290.6409303505
0.0 0.0 0.0 0.0 0.0 0.0  738290.6409304669
0.0 0.0 0.0 0.0 0.0 0.0  738290.6409305824
0.0 0.0 0.0 0.0 0.0 0.0  738290.6409306978
0.0 0.0 0.0 0.0 0.0 0.0  738290.6409308249
0.0 0.0 0.0 0.0 0.0 0.0  738290.6409309424
0.0 0.0 0.0 0.0 0.0 0.0  738290.640931045
0.0 0.0 0.0 0.0 0.0 0.0  738290.6409311605
0.0 0.0 0.0 0.0 0.0 0.0  738290.6409312759
0.0 0.0 0.0 0.0 0.0 0.0  738290.6409313914
0.0 0.0 0.0 0.0 0.0 0.0  738290.6409315183
0.0 0.0 0.0 0.0 0.0 0.0  738290.6409316222
0.0 0.0 0.0 0.0 0.0 0.0  738290.6409317376
0.0 0.0 0.0 0.0 0.0 0.0  738290.6409318531
0.0 0.0 0.0 0.0 0.0 0.0  738290.6409319685
0.0 0.0 0.0 0.0 0.0 0.0  738290.6409320955
0.0 0.0 0.0 0.0 0.0 0.0  738290.6409321994
0.0 0.0 0.0 0.0 0.0 0.0  738290.6409323148
0.0 0.0 0.0 0.0 0.0 0.0  738290.6409324303
0.0 0.0 0.0 0.0 0.0 0.0  738290.6409325574
0.0 0.0 0.0 0.0 0.0 0.0  738290.6409326728
0.0 0.0 0.0 0.0 0.0 0.0  738290.6409327766
0.0 0.0 0.0 0.0 0.0 0.0  738290.6409328921
0.0 0.0 0.0 0.0 0.0 0.0  738290.6409330075
0.0 0.0 0.0 0.0 0.0 0.0  738290.6409331345
0.0 0.0 0.0 0.0 0.0 0.0  738290.6409332387
0.0 0.0 0.0 0.0 0.0 0.0  738290.6409333773
0.0 0.0 0.0 0.0 0.0 0.0  738290.6409334692
0.0 0.0 0.0 0.0 0.0 0.0  738290.6409335847
0.0 0.0 0.0 0.0 0.0 0.0  738290.6409337115
0.0 0.0 0.0 0.0 0.0 0.0  738290.6409338271
0.0 0.0 0.0 0.0 0.0 0.0  738290.6409339425
0.0 0.0 0.0 0.0 0.0 0.0  738290.640934058
0.0 0.0 0.0 0.0 0.0 0.0  738290.6409341734
0.0 0.0 0.0 0.0 0.0 0.0  738290.6409342889
0.0 0.0 0.0 0.0 0.0 0.0  738290.6409344043
0.0 0.0 0.0 0.0 0.0 0.0  738290.6409345197
0.0 0.0 0.0 0.0 0.0 0.0  738290.6409346351
0.0 0.0 0.0 0.0 0.0 0.0  738290.6409347506
0.0 0.0 0.0 0.0 0.0 0.0  738290.640934866
0.0 0.0 0.0 0.0 0.0 0.0  738290.6409349814
0.0 0.0 0.0 0.0 0.0 0.0  738290.6409350969
0.0 0.0 0.0 0.0 0.0 0.0  738290.6409352123
0.0 0.0 0.0 0.0 0.0 0.0  738290.640935341
0.0 0.0 0.0 0.0 0.0 0.0  738290.6409354446
0.0 0.0 0.0 0.0 0.0 0.0  738290.64093556
0.0 0.0 0.0 0.0 0.0 0.0  738290.640935687
0.0 0.0 0.0 0.0 0.0 0.0  738290.640935791
0.0 0.0 0.0 0.0 0.0 0.0  738290.6409359063
0.0 0.0 0.0 0.0 0.0 0.0  738290.6409360218
0.0 0.0 0.0 0.0 0.0 0.0  738290.6409361372
0.0 0.0 0.0 0.0 0.0 0.0  738290.6409362527
0.0 0.0 0.0 0.0 0.0 0.0  738290.6409363681
0.0 0.0 0.0 0.0 0.0 0.0  738290.6409364835
0.0 0.0 0.0 0.0 0.0 0.0  738290.640936599
0.0 0.0 0.0 0.0 0.0 0.0  738290.6409367144
0.0 0.0 0.0 0.0 0.0 0.0  738290.6409368298
0.0 0.0 0.0 0.0 0.0 0.0  738290.6409369452
0.0 0.0 0.0 0.0 0.0 0.0  738290.6409370607
0.0 0.0 0.0 0.0 0.0 0.0  738290.6409371876
0.0 0.0 0.0 0.0 0.0 0.0  738290.6409372916
0.0 0.0 0.0 0.0 0.0 0.0  738290.6409374069
0.0 0.0 0.0 0.0 0.0 0.0  738290.6409375225
0.0 0.0 0.0 0.0 0.0 0.0  738290.6409376494
0.0 0.0 0.0 0.0 0.0 0.0  738290.6409377534
0.0 0.0 0.0 0.0 0.0 0.0  738290.6409378687
0.0 0.0 0.0 0.0 0.0 0.0  738290.6409379842
0.0 0.0 0.0 0.0 0.0 0.0  738290.6409380997
0.0 0.0 0.0 0.0 0.0 0.0  738290.6409382151
0.0 0.0 0.0 0.0 0.0 0.0  738290.6409383306
0.0 0.0 0.0 0.0 0.0 0.0  738290.640938446
0.0 0.0 0.0 0.0 0.0 0.0  738290.6409385729
0.0 0.0 0.0 0.0 0.0 0.0  738290.6409386883
0.0 0.0 0.0 0.0 0.0 0.0  738290.6409387923
0.0 0.0 0.0 0.0 0.0 0.0  738290.6409389076
0.0 0.0 0.0 0.0 0.0 0.0  738290.6409390346
0.0 0.0 0.0 0.0 0.0 0.0  738290.6409391501
0.0 0.0 0.0 0.0 0.0 0.0  738290.6409392655
0.0 0.0 0.0 0.0 0.0 0.0  738290.640939381
0.0 0.0 0.0 0.0 0.0 0.0  738290.6409394848
0.0 0.0 0.0 0.0 0.0 0.0  738290.6409396003
0.0 0.0 0.0 0.0 0.0 0.0  738290.6409397158
0.0 0.0 0.0 0.0 0.0 0.0  738290.6409398431
0.0 0.0 0.0 0.0 0.0 0.0  738290.6409399582
0.0 0.0 0.0 0.0 0.0 0.0  738290.6409400736
0.0 0.0 0.0 0.0 0.0 0.0  738290.6409401777
0.0 0.0 0.0 0.0 0.0 0.0  738290.6409402932
0.0 0.0 0.0 0.0 0.0 0.0  738290.6409404202
0.0 0.0 0.0 0.0 0.0 0.0  738290.640940524
0.0 0.0 0.0 0.0 0.0 0.0  738290.6409406511
0.0 0.0 0.0 0.0 0.0 0.0  738290.6409407665
0.0 0.0 0.0 0.0 0.0 0.0  738290.6409408824
0.0 0.0 0.0 0.0 0.0 0.0  738290.6409409977
0.0 0.0 0.0 0.0 0.0 0.0  738290.6409411016
0.0 0.0 0.0 0.0 0.0 0.0  738290.6409412171
0.0 0.0 0.0 0.0 0.0 0.0  738290.6409413442
0.0 0.0 0.0 0.0 0.0 0.0  738290.6409414595
0.0 0.0 0.0 0.0 0.0 0.0  738290.6409415749
0.0 0.0 0.0 0.0 0.0 0.0  738290.6409416904
0.0 0.0 0.0 0.0 0.0 0.0  738290.6409418058
0.0 0.0 0.0 0.0 0.0 0.0  738290.6409419097
0.0 0.0 0.0 0.0 0.0 0.0  738290.6409420366
0.0 0.0 0.0 0.0 0.0 0.0  738290.6409421521
0.0 0.0 0.0 0.0 0.0 0.0  738290.6409422675
0.0 0.0 0.0 0.0 0.0 0.0  738290.640942383
0.0 0.0 0.0 0.0 0.0 0.0  738290.6409424985
0.0 0.0 0.0 0.0 0.0 0.0  738290.6409426138
0.0 0.0 0.0 0.0 0.0 0.0  738290.6409427293
0.0 0.0 0.0 0.0 0.0 0.0  738290.6409428448
0.0 0.0 0.0 0.0 0.0 0.0  738290.6409429602
0.0 0.0 0.0 0.0 0.0 0.0  738290.6409430758
0.0 0.0 0.0 0.0 0.0 0.0  738290.6409431911
0.0 0.0 0.0 0.0 0.0 0.0  738290.6409433066
0.0 0.0 0.0 0.0 0.0 0.0  738290.640943422
0.0 0.0 0.0 0.0 0.0 0.0  738290.6409435373
0.0 0.0 0.0 0.0 0.0 0.0  738290.6409436644
0.0 0.0 0.0 0.0 0.0 0.0  738290.6409437682
0.0 0.0 0.0 0.0 0.0 0.0  738290.6409438837
0.0 0.0 0.0 0.0 0.0 0.0  738290.6409440107
0.0 0.0 0.0 0.0 0.0 0.0  738290.6409441262
0.0 0.0 0.0 0.0 0.0 0.0  738290.64094423
0.0 0.0 0.0 0.0 0.0 0.0  738290.6409443454
0.0 0.0 0.0 0.0 0.0 0.0  738290.6409444612
0.0 0.0 0.0 0.0 0.0 0.0  738290.6409445774
0.0 0.0 0.0 0.0 0.0 0.0  738290.6409446925
0.0 0.0 0.0 0.0 0.0 0.0  738290.6409448195
0.0 0.0 0.0 0.0 0.0 0.0  738290.6409449234
0.0 0.0 0.0 0.0 0.0 0.0  738290.6409450504
0.0 0.0 0.0 0.0 0.0 0.0  738290.6409451542
0.0 0.0 0.0 0.0 0.0 0.0  738290.6409452697
0.0 0.0 0.0 0.0 0.0 0.0  738290.6409453851
0.0 0.0 0.0 0.0 0.0 0.0  738290.6409455006
0.0 0.0 0.0 0.0 0.0 0.0  738290.640945616
0.0 0.0 0.0 0.0 0.0 0.0  738290.6409457314
0.0 0.0 0.0 0.0 0.0 0.0  738290.6409458469
0.0 0.0 0.0 0.0 0.0 0.0  738290.6409459623
0.0 0.0 0.0 0.0 0.0 0.0  738290.6409460778
0.0 0.0 0.0 0.0 0.0 0.0  738290.6409461931
0.0 0.0 0.0 0.0 0.0 0.0  738290.6409463086
0.0 0.0 0.0 0.0 0.0 0.0  738290.640946424
0.0 0.0 0.0 0.0 0.0 0.0  738290.640946551
0.0 0.0 0.0 0.0 0.0 0.0  738290.6409466665
0.0 0.0 0.0 0.0 0.0 0.0  738290.6409467703
0.0 0.0 0.0 0.0 0.0 0.0  738290.6409468973
0.0 0.0 0.0 0.0 0.0 0.0  738290.6409470013
0.0 0.0 0.0 0.0 0.0 0.0  738290.6409471167
0.0 0.0 0.0 0.0 0.0 0.0  738290.640947232
0.0 0.0 0.0 0.0 0.0 0.0  738290.6409473475
0.0 0.0 0.0 0.0 0.0 0.0  738290.6409474745
0.0 0.0 0.0 0.0 0.0 0.0  738290.6409475784
0.0 0.0 0.0 0.0 0.0 0.0  738290.6409477054
0.0 0.0 0.0 0.0 0.0 0.0  738290.6409478092
0.0 0.0 0.0 0.0 0.0 0.0  738290.6409479248
0.0 0.0 0.0 0.0 0.0 0.0  738290.6409480517
0.0 0.0 0.0 0.0 0.0 0.0  738290.6409481671
0.0 0.0 0.0 0.0 0.0 0.0  738290.6409482826
0.0 0.0 0.0 0.0 0.0 0.0  738290.640948398
0.0 0.0 0.0 0.0 0.0 0.0  738290.6409485134
0.0 0.0 0.0 0.0 0.0 0.0  738290.6409486289
0.0 0.0 0.0 0.0 0.0 0.0  738290.6409487558
0.0 0.0 0.0 0.0 0.0 0.0  738290.6409488597
0.0 0.0 0.0 0.0 0.0 0.0  738290.6409489636
0.0 0.0 0.0 0.0 0.0 0.0  738290.640949079
0.0 0.0 0.0 0.0 0.0 0.0  738290.6409491944
0.0 0.0 0.0 0.0 0.0 0.0  738290.64094931
0.0 0.0 0.0 0.0 0.0 0.0  738290.640949437
0.0 0.0 0.0 0.0 0.0 0.0  738290.6409495409
0.0 0.0 0.0 0.0 0.0 0.0  738290.6409496679
0.0 0.0 0.0 0.0 0.0 0.0  738290.6409497833
0.0 0.0 0.0 0.0 0.0 0.0  738290.6409498987
0.0 0.0 0.0 0.0 0.0 0.0  738290.6409500146
0.0 0.0 0.0 0.0 0.0 0.0  738290.6409501301
0.0 0.0 0.0 0.0 0.0 0.0  738290.6409502454
0.0 0.0 0.0 0.0 0.0 0.0  738290.6409503609
0.0 0.0 0.0 0.0 0.0 0.0  738290.6409504764
0.0 0.0 0.0 0.0 0.0 0.0  738290.6409505918
0.0 0.0 0.0 0.0 0.0 0.0  738290.6409507073
0.0 0.0 0.0 0.0 0.0 0.0  738290.6409508226
0.0 0.0 0.0 0.0 0.0 0.0  738290.6409509381
0.0 0.0 0.0 0.0 0.0 0.0  738290.6409510535
0.0 0.0 0.0 0.0 0.0 0.0  738290.640951169
0.0 0.0 0.0 0.0 0.0 0.0  738290.6409512844
0.0 0.0 0.0 0.0 0.0 0.0  738290.6409513998
0.0 0.0 0.0 0.0 0.0 0.0  738290.6409515153
0.0 0.0 0.0 0.0 0.0 0.0  738290.6409516308
0.0 0.0 0.0 0.0 0.0 0.0  738290.6409517461
0.0 0.0 0.0 0.0 0.0 0.0  738290.6409518615
0.0 0.0 0.0 0.0 0.0 0.0  738290.640951977
0.0 0.0 0.0 0.0 0.0 0.0  738290.6409520924
0.0 0.0 0.0 0.0 0.0 0.0  738290.6409522194
0.0 0.0 0.0 0.0 0.0 0.0  738290.6409523233
0.0 0.0 0.0 0.0 0.0 0.0  738290.6409524387
0.0 0.0 0.0 0.0 0.0 0.0  738290.6409525657
0.0 0.0 0.0 0.0 0.0 0.0  738290.6409526697
0.0 0.0 0.0 0.0 0.0 0.0  738290.6409527966
0.0 0.0 0.0 0.0 0.0 0.0  738290.640952912
0.0 0.0 0.0 0.0 0.0 0.0  738290.6409530159
0.0 0.0 0.0 0.0 0.0 0.0  738290.6409531428
0.0 0.0 0.0 0.0 0.0 0.0  738290.6409532467
0.0 0.0 0.0 0.0 0.0 0.0  738290.6409533622
0.0 0.0 0.0 0.0 0.0 0.0  738290.6409534892
0.0 0.0 0.0 0.0 0.0 0.0  738290.6409536046
0.0 0.0 0.0 0.0 0.0 0.0  738290.6409537203
0.0 0.0 0.0 0.0 0.0 0.0  738290.6409538358
0.0 0.0 0.0 0.0 0.0 0.0  738290.6409539512
0.0 0.0 0.0 0.0 0.0 0.0  738290.6409540551
0.0 0.0 0.0 0.0 0.0 0.0  738290.6409541705
0.0 0.0 0.0 0.0 0.0 0.0  738290.640954286
0.0 0.0 0.0 0.0 0.0 0.0  738290.6409544013
0.0 0.0 0.0 0.0 0.0 0.0  738290.6409545285
0.0 0.0 0.0 0.0 0.0 0.0  738290.6409546438
0.0 0.0 0.0 0.0 0.0 0.0  738290.6409547592
0.0 0.0 0.0 0.0 0.0 0.0  738290.6409548747
0.0 0.0 0.0 0.0 0.0 0.0  738290.6409549902
0.0 0.0 0.0 0.0 0.0 0.0  738290.6409551055
0.0 0.0 0.0 0.0 0.0 0.0  738290.6409552094
0.0 0.0 0.0 0.0 0.0 0.0  738290.6409553479
0.0 0.0 0.0 0.0 0.0 0.0  738290.6409554402
0.0 0.0 0.0 0.0 0.0 0.0  738290.6409555672
0.0 0.0 0.0 0.0 0.0 0.0  738290.6409556712
0.0 0.0 0.0 0.0 0.0 0.0  738290.6409558097
0.0 0.0 0.0 0.0 0.0 0.0  738290.6409559019
0.0 0.0 0.0 0.0 0.0 0.0  738290.6409560291
0.0 0.0 0.0 0.0 0.0 0.0  738290.6409561447
0.0 0.0 0.0 0.0 0.0 0.0  738290.6409562603
0.0 0.0 0.0 0.0 0.0 0.0  738290.6409563756
0.0 0.0 0.0 0.0 0.0 0.0  738290.6409564795
0.0 0.0 0.0 0.0 0.0 0.0  738290.6409565951
0.0 0.0 0.0 0.0 0.0 0.0  738290.640956722
0.0 0.0 0.0 0.0 0.0 0.0  738290.6409568375
0.0 0.0 0.0 0.0 0.0 0.0  738290.6409569413
0.0 0.0 0.0 0.0 0.0 0.0  738290.6409570683
0.0 0.0 0.0 0.0 0.0 0.0  738290.6409571839
0.0 0.0 0.0 0.0 0.0 0.0  738290.6409572876
0.0 0.0 0.0 0.0 0.0 0.0  738290.6409574146
0.0 0.0 0.0 0.0 0.0 0.0  738290.6409575301
0.0 0.0 0.0 0.0 0.0 0.0  738290.640957657
0.0 0.0 0.0 0.0 0.0 0.0  738290.640957761
0.0 0.0 0.0 0.0 0.0 0.0  738290.6409578763
0.0 0.0 0.0 0.0 0.0 0.0  738290.6409579918
0.0 0.0 0.0 0.0 0.0 0.0  738290.6409581072
0.0 0.0 0.0 0.0 0.0 0.0  738290.6409582226
0.0 0.0 0.0 0.0 0.0 0.0  738290.640958338
0.0 0.0 0.0 0.0 0.0 0.0  738290.6409584535
0.0 0.0 0.0 0.0 0.0 0.0  738290.6409585689
0.0 0.0 0.0 0.0 0.0 0.0  738290.6409586844
0.0 0.0 0.0 0.0 0.0 0.0  738290.6409587997
0.0 0.0 0.0 0.0 0.0 0.0  738290.6409589152
0.0 0.0 0.0 0.0 0.0 0.0  738290.6409590306
0.0 0.0 0.0 0.0 0.0 0.0  738290.6409591461
0.0 0.0 0.0 0.0 0.0 0.0  738290.6409592731
0.0 0.0 0.0 0.0 0.0 0.0  738290.6409593769
0.0 0.0 0.0 0.0 0.0 0.0  738290.6409594924
0.0 0.0 0.0 0.0 0.0 0.0  738290.6409596078
0.0 0.0 0.0 0.0 0.0 0.0  738290.6409597233
0.0 0.0 0.0 0.0 0.0 0.0  738290.6409598386
0.0 0.0 0.0 0.0 0.0 0.0  738290.6409599658
0.0 0.0 0.0 0.0 0.0 0.0  738290.6409600695
0.0 0.0 0.0 0.0 0.0 0.0  738290.640960185
0.0 0.0 0.0 0.0 0.0 0.0  738290.6409603003
0.0 0.0 0.0 0.0 0.0 0.0  738290.6409604274
0.0 0.0 0.0 0.0 0.0 0.0  738290.6409605312
0.0 0.0 0.0 0.0 0.0 0.0  738290.6409606583
0.0 0.0 0.0 0.0 0.0 0.0  738290.6409607738
0.0 0.0 0.0 0.0 0.0 0.0  738290.6409608776
0.0 0.0 0.0 0.0 0.0 0.0  738290.6409610047
0.0 0.0 0.0 0.0 0.0 0.0  738290.64096112
0.0 0.0 0.0 0.0 0.0 0.0  738290.6409612355
0.0 0.0 0.0 0.0 0.0 0.0  738290.6409613393
0.0 0.0 0.0 0.0 0.0 0.0  738290.6409614548
0.0 0.0 0.0 0.0 0.0 0.0  738290.6409615704
0.0 0.0 0.0 0.0 0.0 0.0  738290.6409616858
0.0 0.0 0.0 0.0 0.0 0.0  738290.6409618013
0.0 0.0 0.0 0.0 0.0 0.0  738290.6409619283
0.0 0.0 0.0 0.0 0.0 0.0  738290.6409620437
0.0 0.0 0.0 0.0 0.0 0.0  738290.6409621591
0.0 0.0 0.0 0.0 0.0 0.0  738290.6409622633
0.0 0.0 0.0 0.0 0.0 0.0  738290.6409623905
0.0 0.0 0.0 0.0 0.0 0.0  738290.6409625058
0.0 0.0 0.0 0.0 0.0 0.0  738290.6409626213
0.0 0.0 0.0 0.0 0.0 0.0  738290.640962737
0.0 0.0 0.0 0.0 0.0 0.0  738290.6409628525
0.0 0.0 0.0 0.0 0.0 0.0  738290.6409629679
0.0 0.0 0.0 0.0 0.0 0.0  738290.6409630834
0.0 0.0 0.0 0.0 0.0 0.0  738290.6409631872
0.0 0.0 0.0 0.0 0.0 0.0  738290.6409633027
0.0 0.0 0.0 0.0 0.0 0.0  738290.6409634296
0.0 0.0 0.0 0.0 0.0 0.0  738290.6409635335
0.0 0.0 0.0 0.0 0.0 0.0  738290.6409636606
0.0 0.0 0.0 0.0 0.0 0.0  738290.6409637644
0.0 0.0 0.0 0.0 0.0 0.0  738290.6409638914
0.0 0.0 0.0 0.0 0.0 0.0  738290.6409639955
0.0 0.0 0.0 0.0 0.0 0.0  738290.6409641223
0.0 0.0 0.0 0.0 0.0 0.0  738290.6409642376
0.0 0.0 0.0 0.0 0.0 0.0  738290.6409643531
0.0 0.0 0.0 0.0 0.0 0.0  738290.6409644686
0.0 0.0 0.0 0.0 0.0 0.0  738290.640964584
0.0 0.0 0.0 0.0 0.0 0.0  738290.6409646994
0.0 0.0 0.0 0.0 0.0 0.0  738290.6409648263
0.0 0.0 0.0 0.0 0.0 0.0  738290.6409649303
0.0 0.0 0.0 0.0 0.0 0.0  738290.6409650457
0.0 0.0 0.0 0.0 0.0 0.0  738290.6409651611
0.0 0.0 0.0 0.0 0.0 0.0  738290.6409652765
0.0 0.0 0.0 0.0 0.0 0.0  738290.640965392
0.0 0.0 0.0 0.0 0.0 0.0  738290.6409655075
0.0 0.0 0.0 0.0 0.0 0.0  738290.640965623
0.0 0.0 0.0 0.0 0.0 0.0  738290.6409657383
0.0 0.0 0.0 0.0 0.0 0.0  738290.6409658653
0.0 0.0 0.0 0.0 0.0 0.0  738290.6409659692
0.0 0.0 0.0 0.0 0.0 0.0  738290.6409660847
0.0 0.0 0.0 0.0 0.0 0.0  738290.6409662
0.0 0.0 0.0 0.0 0.0 0.0  738290.640966327
0.0 0.0 0.0 0.0 0.0 0.0  738290.6409664309
0.0 0.0 0.0 0.0 0.0 0.0  738290.6409665464
0.0 0.0 0.0 0.0 0.0 0.0  738290.6409666619
0.0 0.0 0.0 0.0 0.0 0.0  738290.6409667772
0.0 0.0 0.0 0.0 0.0 0.0  738290.6409668927
0.0 0.0 0.0 0.0 0.0 0.0  738290.6409670081
0.0 0.0 0.0 0.0 0.0 0.0  738290.6409671236
0.0 0.0 0.0 0.0 0.0 0.0  738290.6409672389
0.0 0.0 0.0 0.0 0.0 0.0  738290.6409673544
0.0 0.0 0.0 0.0 0.0 0.0  738290.6409674698
0.0 0.0 0.0 0.0 0.0 0.0  738290.6409675854
0.0 0.0 0.0 0.0 0.0 0.0  738290.6409677123
0.0 0.0 0.0 0.0 0.0 0.0  738290.6409678161
0.0 0.0 0.0 0.0 0.0 0.0  738290.6409679316
0.0 0.0 0.0 0.0 0.0 0.0  738290.640968047
0.0 0.0 0.0 0.0 0.0 0.0  738290.640968174
0.0 0.0 0.0 0.0 0.0 0.0  738290.6409682896
0.0 0.0 0.0 0.0 0.0 0.0  738290.6409683934
0.0 0.0 0.0 0.0 0.0 0.0  738290.6409685203
0.0 0.0 0.0 0.0 0.0 0.0  738290.6409686357
0.0 0.0 0.0 0.0 0.0 0.0  738290.6409687512
0.0 0.0 0.0 0.0 0.0 0.0  738290.6409688665
0.0 0.0 0.0 0.0 0.0 0.0  738290.6409689705
0.0 0.0 0.0 0.0 0.0 0.0  738290.6409690859
0.0 0.0 0.0 0.0 0.0 0.0  738290.6409692129
0.0 0.0 0.0 0.0 0.0 0.0  738290.6409693283
0.0 0.0 0.0 0.0 0.0 0.0  738290.6409694329
0.0 0.0 0.0 0.0 0.0 0.0  738290.6409695483
0.0 0.0 0.0 0.0 0.0 0.0  738290.6409696635
0.0 0.0 0.0 0.0 0.0 0.0  738290.6409697905
0.0 0.0 0.0 0.0 0.0 0.0  738290.640969906
0.0 0.0 0.0 0.0 0.0 0.0  738290.6409700214
0.0 0.0 0.0 0.0 0.0 0.0  738290.6409701369
0.0 0.0 0.0 0.0 0.0 0.0  738290.6409702522
0.0 0.0 0.0 0.0 0.0 0.0  738290.6409703677
0.0 0.0 0.0 0.0 0.0 0.0  738290.6409704831
0.0 0.0 0.0 0.0 0.0 0.0  738290.6409705986
0.0 0.0 0.0 0.0 0.0 0.0  738290.6409707139
0.0 0.0 0.0 0.0 0.0 0.0  738290.6409708294
0.0 0.0 0.0 0.0 0.0 0.0  738290.6409709448
0.0 0.0 0.0 0.0 0.0 0.0  738290.6409710603
0.0 0.0 0.0 0.0 0.0 0.0  738290.6409711759
0.0 0.0 0.0 0.0 0.0 0.0  738290.6409712911
0.0 0.0 0.0 0.0 0.0 0.0  738290.6409714066
0.0 0.0 0.0 0.0 0.0 0.0  738290.640971522
0.0 0.0 0.0 0.0 0.0 0.0  738290.6409716374
0.0 0.0 0.0 0.0 0.0 0.0  738290.6409717528
0.0 0.0 0.0 0.0 0.0 0.0  738290.6409718683
0.0 0.0 0.0 0.0 0.0 0.0  738290.6409719837
0.0 0.0 0.0 0.0 0.0 0.0  738290.6409720993
0.0 0.0 0.0 0.0 0.0 0.0  738290.6409722146
0.0 0.0 0.0 0.0 0.0 0.0  738290.64097233
0.0 0.0 0.0 0.0 0.0 0.0  738290.6409724455
0.0 0.0 0.0 0.0 0.0 0.0  738290.6409725609
0.0 0.0 0.0 0.0 0.0 0.0  738290.6409726763
0.0 0.0 0.0 0.0 0.0 0.0  738290.6409727918
0.0 0.0 0.0 0.0 0.0 0.0  738290.6409729073
0.0 0.0 0.0 0.0 0.0 0.0  738290.6409730227
0.0 0.0 0.0 0.0 0.0 0.0  738290.6409731382
0.0 0.0 0.0 0.0 0.0 0.0  738290.6409732535
0.0 0.0 0.0 0.0 0.0 0.0  738290.640973369
0.0 0.0 0.0 0.0 0.0 0.0  738290.6409734844
0.0 0.0 0.0 0.0 0.0 0.0  738290.6409735999
0.0 0.0 0.0 0.0 0.0 0.0  738290.6409737152
0.0 0.0 0.0 0.0 0.0 0.0  738290.6409738422
0.0 0.0 0.0 0.0 0.0 0.0  738290.6409739461
0.0 0.0 0.0 0.0 0.0 0.0  738290.6409740616
0.0 0.0 0.0 0.0 0.0 0.0  738290.640974177
0.0 0.0 0.0 0.0 0.0 0.0  738290.6409743039
0.0 0.0 0.0 0.0 0.0 0.0  738290.6409744079
0.0 0.0 0.0 0.0 0.0 0.0  738290.6409745348
0.0 0.0 0.0 0.0 0.0 0.0  738290.6409746388
0.0 0.0 0.0 0.0 0.0 0.0  738290.6409747541
0.0 0.0 0.0 0.0 0.0 0.0  738290.6409748696
0.0 0.0 0.0 0.0 0.0 0.0  738290.6409749967
0.0 0.0 0.0 0.0 0.0 0.0  738290.640975112
0.0 0.0 0.0 0.0 0.0 0.0  738290.6409752159
0.0 0.0 0.0 0.0 0.0 0.0  738290.6409753428
0.0 0.0 0.0 0.0 0.0 0.0  738290.6409754468
0.0 0.0 0.0 0.0 0.0 0.0  738290.6409755738
0.0 0.0 0.0 0.0 0.0 0.0  738290.6409756776
0.0 0.0 0.0 0.0 0.0 0.0  738290.6409758047
0.0 0.0 0.0 0.0 0.0 0.0  738290.6409759088
0.0 0.0 0.0 0.0 0.0 0.0  738290.6409760359
0.0 0.0 0.0 0.0 0.0 0.0  738290.6409761512
0.0 0.0 0.0 0.0 0.0 0.0  738290.6409762667
0.0 0.0 0.0 0.0 0.0 0.0  738290.6409763705
0.0 0.0 0.0 0.0 0.0 0.0  738290.640976486
0.0 0.0 0.0 0.0 0.0 0.0  738290.640976613
0.0 0.0 0.0 0.0 0.0 0.0  738290.6409767284
0.0 0.0 0.0 0.0 0.0 0.0  738290.6409768439
0.0 0.0 0.0 0.0 0.0 0.0  738290.6409769593
0.0 0.0 0.0 0.0 0.0 0.0  738290.6409770747
0.0 0.0 0.0 0.0 0.0 0.0  738290.6409772019
0.0 0.0 0.0 0.0 0.0 0.0  738290.6409773056
0.0 0.0 0.0 0.0 0.0 0.0  738290.6409774094
0.0 0.0 0.0 0.0 0.0 0.0  738290.6409775249
0.0 0.0 0.0 0.0 0.0 0.0  738290.6409776519
0.0 0.0 0.0 0.0 0.0 0.0  738290.6409777673
0.0 0.0 0.0 0.0 0.0 0.0  738290.6409778828
0.0 0.0 0.0 0.0 0.0 0.0  738290.6409779981
0.0 0.0 0.0 0.0 0.0 0.0  738290.6409781136
0.0 0.0 0.0 0.0 0.0 0.0  738290.6409782176
0.0 0.0 0.0 0.0 0.0 0.0  738290.640978333
0.0 0.0 0.0 0.0 0.0 0.0  738290.64097846
0.0 0.0 0.0 0.0 0.0 0.0  738290.6409785755
0.0 0.0 0.0 0.0 0.0 0.0  738290.6409786908
0.0 0.0 0.0 0.0 0.0 0.0  738290.6409788177
0.0 0.0 0.0 0.0 0.0 0.0  738290.640978922
0.0 0.0 0.0 0.0 0.0 0.0  738290.6409790374
0.0 0.0 0.0 0.0 0.0 0.0  738290.6409791529
0.0 0.0 0.0 0.0 0.0 0.0  738290.6409792799
0.0 0.0 0.0 0.0 0.0 0.0  738290.6409793837
0.0 0.0 0.0 0.0 0.0 0.0  738290.6409794991
0.0 0.0 0.0 0.0 0.0 0.0  738290.6409796146
0.0 0.0 0.0 0.0 0.0 0.0  738290.6409797301