1.5180864334106445 0.008035245351493359 0.013952190987765789 -0.14678888022899628 -0.035662926733493805 -0.010989489033818245  738290.6280691483
1.5180951356887817 0.008236472494900227 0.013952705077826977 -0.15381693840026855 -0.03454351797699928 -0.012072746641933918  738290.6280692522
1.5197277069091797 0.008242260664701462 0.014784581027925014 -0.15328533947467804 -0.10594470798969269 -0.012221045792102814  738290.6280693791
1.5187171697616577 0.008244315162301064 0.014849178493022919 -0.1517648547887802 -0.05629708245396614 -0.01154391746968031  738290.6280694831
1.5185199975967407 0.007633289322257042 0.01490719337016344 -0.12597644329071045 -0.04705621674656868 -0.010154551826417446  738290.6280695985
1.5185481309890747 0.007614331319928169 0.01496521569788456 -0.12570247054100037 -0.047111254185438156 -0.009203260764479637  738290.6280697142
1.517707109451294 0.0076522184535861015 0.015024105086922646 -0.1270354986190796 -0.00994131900370121 -0.01034171599894762  738290.6280698297
1.5178865194320679 0.009410679340362549 0.014258289709687233 -0.19857582449913025 -0.01646498218178749 -0.010188683867454529  738290.6280699451
1.5176864862442017 0.008047719486057758 0.014287227764725685 -0.1390545815229416 -0.00796648021787405 -0.010287651792168617  738290.6280700605
1.5176620483398438 0.00804999191313982 0.014300752431154251 -0.13925743103027344 -0.0067869736813008785 -0.009884370490908623  738290.6280701875
1.517704725265503 0.007310484070330858 0.014315669424831867 -0.10878089815378189 -0.008660219609737396 -0.010224936529994011  738290.6280702915
1.5178853273391724 0.007302120793610811 0.01460152119398117 -0.11047431081533432 -0.015535002574324608 -0.010366962291300297  738290.6280704068
1.517869472503662 0.0072654313407838345 0.014633538201451302 -0.11230126023292542 -0.014747903682291508 -0.010559432208538055  738290.6280705223
1.5203768014907837 0.008044862188398838 0.014678562059998512 -0.14558963477611542 -0.11760349571704865 -0.012016749940812588  738290.6280706377
1.518941879272461 0.008045611903071404 0.014744354411959648 -0.14467287063598633 -0.05055755376815796 -0.012819320894777775  738290.6280707531
1.5196720361709595 0.008228491991758347 0.014778687618672848 -0.15211689472198486 -0.07889121770858765 -0.013922481797635555  738290.6280708689
1.519736886024475 0.008238806389272213 0.014098897576332092 -0.15116041898727417 -0.07825271785259247 -0.014638732187449932  738290.6280709845
1.5192683935165405 0.007183497305959463 0.014109852723777294 -0.10696486383676529 -0.05439486354589462 -0.014869916252791882  738290.6280710999
1.5187485218048096 0.00734542915597558 0.014118842780590057 -0.1152571514248848 -0.030781829729676247 -0.014229806140065193  738290.6280712154
1.5191055536270142 0.007155292201787233 0.014125801622867584 -0.10760630667209625 -0.04534891992807388 -0.014304924756288528  738290.6280713308
1.5203691720962524 0.007321140728890896 0.014080816879868507 -0.11634810268878937 -0.09632939845323563 -0.014840039424598217  738290.6280714577
1.518925666809082 0.007682891096919775 0.01410671416670084 -0.1333342045545578 -0.03058791719377041 -0.015450452454388142  738290.6280715731
1.5194814205169678 0.007117632310837507 0.01411634124815464 -0.1093582957983017 -0.05214540287852287 -0.01752270571887493  738290.628071677
1.5194889307022095 0.007293896749615669 0.014127356000244617 -0.11916278302669525 -0.05018994212150574 -0.017415449023246765  738290.6280718156
1.5195202827453613 0.0072585223242640495 0.014136816374957561 -0.11794614046812057 -0.050155386328697205 -0.017275577411055565  738290.6280719195
1.5208714008331299 0.008731059730052948 0.014094430021941662 -0.18070736527442932 -0.10595879703760147 -0.01700766198337078  738290.6280720367
1.5194588899612427 0.008205687627196312 0.014128894545137882 -0.15615518391132355 -0.03984946012496948 -0.016759511083364487  738290.6280721526
1.5196453332901 0.007843352854251862 0.01414275448769331 -0.1393197476863861 -0.04703629016876221 -0.016142724081873894  738290.6280722565
1.5196526050567627 0.008397276513278484 0.014156210236251354 -0.16310694813728333 -0.04600056633353233 -0.015981687232851982  738290.6280723719
1.519469976425171 0.008406075648963451 0.014103623107075691 -0.16147352755069733 -0.03658568114042282 -0.016278419643640518  738290.6280724991
1.5198493003845215 0.007842633873224258 0.014117181301116943 -0.13715262711048126 -0.04984147101640701 -0.01721871830523014  738290.6280726143
1.5194745063781738 0.008803067728877068 0.014128902927041054 -0.1784374862909317 -0.033019039779901505 -0.016242457553744316  738290.6280727298
1.5196683406829834 0.007833469659090042 0.014147201552987099 -0.135293647646904 -0.04112505540251732 -0.015163730829954147  738290.6280728336
1.5210460424423218 0.008028590120375156 0.014157543890178204 -0.14430037140846252 -0.09760308265686035 -0.015504651702940464  738290.6280729607
1.5200659036636353 0.009419512003660202 0.013712603598833084 -0.2034395933151245 -0.05145332217216492 -0.01567130535840988  738290.6280730761
1.5194579362869263 0.008626457303762436 0.01371122058480978 -0.16666735708713531 -0.023540429770946503 -0.014752967283129692  738290.628073203
1.5210812091827393 0.008224722929298878 0.013708118349313736 -0.1486789435148239 -0.0916036069393158 -0.015240837819874287  738290.6280733069
1.5194441080093384 0.00822590384632349 0.01371787954121828 -0.14789602160453796 -0.019519509747624397 -0.014997752383351326  738290.6280734224
1.5210990905761719 0.007811215706169605 0.013436822220683098 -0.13054026663303375 -0.08892448991537094 -0.015238218009471893  738290.6280735262
1.5211070775985718 0.009273821488022804 0.01342147309333086 -0.1918264627456665 -0.08588755130767822 -0.01442474965006113  738290.6280736532
1.5196348428726196 0.008650753647089005 0.0134174395352602 -0.16261827945709229 -0.02034752629697323 -0.015285133384168148  738290.6280737687
1.519415020942688 0.008658980950713158 0.013398341834545135 -0.16251787543296814 -0.011485598981380463 -0.016009315848350525  738290.628073884
1.519843578338623 0.007799575105309486 0.01338642742484808 -0.12743359804153442 -0.030639689415693283 -0.01672503724694252  738290.628073988
1.52027428150177 0.00779773760586977 0.014045573770999908 -0.12767469882965088 -0.04742744565010071 -0.01694561168551445  738290.628074115
1.520058035850525 0.007794146426022053 0.014062813483178616 -0.12847788631916046 -0.039152223616838455 -0.01592594012618065  738290.6280742419
1.5193923711776733 0.008235185407102108 0.014081486500799656 -0.14694610238075256 -0.012183756567537785 -0.015787092968821526  738290.6280743344
1.5211665630340576 0.008906584233045578 0.014112493954598904 -0.17434678971767426 -0.08342444151639938 -0.016050301492214203  738290.6280744498
1.520723819732666 0.007789278868585825 0.014906249940395355 -0.12815138697624207 -0.06364139914512634 -0.017092233523726463  738290.6280745767
1.5200475454330444 0.007785431109368801 0.014968194998800755 -0.12882420420646667 -0.036152247339487076 -0.01629863865673542  738290.6280746922
% x y z qx qy qz qw  738290.6280747153
1.5193644762039185 0.008010515943169594 0.01502824667841196 -0.13952083885669708 -0.009012719616293907 -0.01621393859386444  738290.6280748191
1.5198427438735962 0.007804908324033022 0.015031645074486732 -0.13101135194301605 -0.028818877413868904 -0.01632186770439148  738290.6280749231
1.5196195840835571 0.008018740452826023 0.01509375125169754 -0.14024825394153595 -0.02103353478014469 -0.014993740245699883  738290.6280750388
1.5202717781066895 0.00889068003743887 0.013881360180675983 -0.17581629753112793 -0.04868810251355171 -0.014744024723768234  738290.6280751543
1.519391655921936 0.007800000719726086 0.013878095895051956 -0.1293267011642456 -0.011972631327807903 -0.015042755752801895  738290.6280752582
1.5193865299224854 0.008022730238735676 0.013870582915842533 -0.14027246832847595 -0.013608225621283054 -0.014964072965085506  738290.6280753851
1.5196075439453125 0.007798957638442516 0.013864181004464626 -0.13202863931655884 -0.02324531227350235 -0.015265440568327904  738290.6280754891
1.5193829536437988 0.008248348720371723 0.014688864350318909 -0.1506718248128891 -0.015356631949543953 -0.014941616915166378  738290.628075616
1.5195986032485962 0.007793208584189415 0.014725979417562485 -0.13300193846225739 -0.02600432187318802 -0.014510518871247768  738290.6280757315
1.5193697214126587 0.008243818767368793 0.01476286631077528 -0.15034346282482147 -0.015473579056560993 -0.01639562100172043  738290.6280758468
1.5195927619934082 0.007789053488522768 0.014803338795900345 -0.1318650096654892 -0.024484053254127502 -0.016581060364842415  738290.6280759623
-0.9207859039306641 -0.7217457294464111 0.014132809825241566 -0.6666737794876099 -0.30136987566947937 -2.1187491416931152  738290.6280760778
-0.9207706451416016 -0.7215370535850525 0.012895473279058933 -0.6802195906639099 -0.2714325785636902 -2.117866277694702  738290.6280761932
-0.9206588864326477 -0.7214592695236206 0.012847688980400562 -0.6547286510467529 -0.282540887594223 -2.115187168121338  738290.6280763086
-0.9206600189208984 -0.7211235165596008 0.012768874876201153 -0.6824034452438354 -0.26687124371528625 -2.1133217811584473  738290.628076424
-0.9203753471374512 -0.721199095249176 0.01273748092353344 -0.6438350677490234 -0.2983241379261017 -2.1099469661712646  738290.6280765395
-0.9202307462692261 -0.72107994556427 0.012037714011967182 -0.6423279643058777 -0.2992306351661682 -2.1076552867889404  738290.628076655
-0.9204576015472412 -0.7206221222877502 0.011939320713281631 -0.6706000566482544 -0.2612198293209076 -2.1069748401641846  738290.628076782
-0.919898509979248 -0.7205638289451599 0.011843713000416756 -0.6569136381149292 -0.30660778284072876 -2.1049845218658447  738290.6280768858
-0.9201433062553406 -0.7207422852516174 0.011797645129263401 -0.6226816773414612 -0.27515286207199097 -2.1028361320495605  738290.6280770127
-0.9203467965126038 -0.7205421328544617 0.011716133914887905 -0.6234109997749329 -0.252034455537796 -2.1008992195129395  738290.6280771282
-0.9204744696617126 -0.7205828428268433 0.012894696556031704 -0.9458978176116943 -0.3502378463745117 -2.239870309829712  738290.628077232
-0.9202999472618103 -0.7206017374992371 0.012921249493956566 -0.9108085632324219 -0.35903629660606384 -2.2368340492248535  738290.6280773475
-0.9201552271842957 -0.720460057258606 0.01291775330901146 -0.8994094133377075 -0.36164391040802 -2.235175609588623  738290.6280774514
-0.9202747941017151 -0.720190703868866 0.012913133017718792 -0.8956581354141235 -0.3410397469997406 -2.2329585552215576  738290.6280775784
-0.9201818108558655 -0.7199041247367859 0.0133103858679533 -0.8946164846420288 -0.3405299484729767 -2.230092763900757  738290.6280776939
-0.9195954203605652 -0.7201759815216064 0.013348745182156563 -0.8590074181556702 -0.37257149815559387 -2.22749924659729  738290.6280778208
-0.9194862246513367 -0.719851553440094 0.013356456533074379 -0.8572949171066284 -0.3718310594558716 -2.22538423538208  738290.6280779478
-0.9197552800178528 -0.7196738719940186 0.013391723856329918 -0.8502398133277893 -0.3462437689304352 -2.2229983806610107  738290.6280780401
-0.9195953011512756 -0.7197166085243225 0.013423500582575798 -0.8328089714050293 -0.3482625484466553 -2.221893310546875  738290.6280781555
-0.9195194840431213 -0.7196582555770874 0.014437830075621605 -1.0326749086380005 -0.4446324408054352 -2.305333375930786  738290.6280782826
-0.9193487167358398 -0.7197631597518921 0.01443854533135891 -1.0270497798919678 -0.454836905002594 -2.3053035736083984  738290.6280783864
-0.9195374846458435 -0.7193816900253296 0.014518055133521557 -1.0282937288284302 -0.4321754276752472 -2.3022263050079346  738290.6280785019
-0.9195182919502258 -0.7189879417419434 0.014582396484911442 -1.0274735689163208 -0.42413851618766785 -2.301039695739746  738290.6280786173
-0.9193671941757202 -0.7186306118965149 0.014778503216803074 -1.0270838737487793 -0.4228699505329132 -2.2989776134490967  738290.6280787326
-0.9186868667602539 -0.7182947397232056 0.014835424721240997 -1.0243769884109497 -0.44629907608032227 -2.295949935913086  738290.6280788481
-0.9189810752868652 -0.7185516953468323 0.014982610940933228 -0.9948651194572449 -0.4245251715183258 -2.2932324409484863  738290.6280789752
-0.9185779690742493 -0.7185812592506409 0.015077351592481136 -0.9793276190757751 -0.4334464967250824 -2.290959596633911  738290.6280790797
-0.9188029170036316 -0.718396782875061 0.01518826000392437 -0.9719497561454773 -0.4145973026752472 -2.2889695167541504  738290.6280791953
-0.9184832572937012 -0.7182431817054749 0.015167159028351307 -0.9635062217712402 -0.419512003660202 -2.2872822284698486  738290.6280793223
-0.9184970855712891 -0.7177124619483948 0.015241110697388649 -0.9692292809486389 -0.4107304513454437 -2.2861905097961426  738290.6280794377
-0.9189589619636536 -0.7180231213569641 0.01474848110228777 -1.1522406339645386 -0.45983994007110596 -2.3155927658081055  738290.6280795531
-0.9188556671142578 -0.717876136302948 0.014825597405433655 -1.1398999691009521 -0.45576703548431396 -2.3134567737579346  738290.628079657
-0.9183185696601868 -0.7171450853347778 0.014508399181067944 -1.1520779132843018 -0.4687140882015228 -2.311293601989746  738290.6280797725
-0.9184612035751343 -0.7178881764411926 0.014644656330347061 -1.105247974395752 -0.454508513212204 -2.3103339672088623  738290.6280798995
-0.9176520705223083 -0.7176132798194885 0.014658650383353233 -1.1017529964447021 -0.47588491439819336 -2.3075032234191895  738290.6280800148
-0.9183678030967712 -0.7171488404273987 0.014734131284058094 -1.101383924484253 -0.4430791139602661 -2.3038294315338135  738290.6280801188
-0.9184091687202454 -0.7169561386108398 0.014793804846704006 -1.0929721593856812 -0.43500974774360657 -2.301938533782959  738290.6280802457
-0.917811930179596 -0.7168220281600952 0.014103766530752182 -1.083425521850586 -0.4491390287876129 -2.2997868061065674  738290.6280803496
-0.9181371331214905 -0.7167720198631287 0.014135217294096947 -1.0702968835830688 -0.43041348457336426 -2.297600746154785  738290.6280804765
-0.9182069897651672 -0.7166107296943665 0.014151454903185368 -1.062369704246521 -0.4240083694458008 -2.2945685386657715  738290.6280806036
-0.9184661507606506 -0.7174379229545593 0.013574141077697277 -1.2126065492630005 -0.4766443967819214 -2.316347122192383  738290.6280807075
-0.9182271957397461 -0.7171857953071594 0.01523842103779316 -1.202615737915039 -0.4754789471626282 -2.3140413761138916  738290.6280808229
-0.9180324077606201 -0.7167738676071167 0.015299484133720398 -1.201435923576355 -0.47469258308410645 -2.3118364810943604  738290.6280809501
-0.9184446334838867 -0.7167103290557861 0.015408792532980442 -1.1869724988937378 -0.4542180597782135 -2.309722423553467  738290.6280810656
-0.9183703064918518 -0.7166296243667603 0.015501943416893482 -1.1753876209259033 -0.4526357054710388 -2.307539701461792  738290.6280811699
-0.9180411696434021 -0.7165752053260803 0.015593010932207108 -1.1640617847442627 -0.4572693407535553 -2.3054356575012207  738290.6280812853
-0.9178324341773987 -0.7164081931114197 0.015438755974173546 -1.1552541255950928 -0.4578874707221985 -2.3025894165039062  738290.6280814006
-0.9182974696159363 -0.7160707116127014 0.01552160456776619 -1.151734709739685 -0.43806689977645874 -2.299600124359131  738290.6280815277
-0.918228030204773 -0.7157562971115112 0.015594234690070152 -1.1498305797576904 -0.4377554953098297 -2.2980425357818604  738290.6280816201
-0.9181051850318909 -0.7163127064704895 0.014987443573772907 -1.2714654207229614 -0.5102550983428955 -2.3365578651428223  738290.6280817705
-0.9183081388473511 -0.7161636352539062 0.014986344613134861 -1.2755343914031982 -0.5041897296905518 -2.336601495742798  738290.6280818628
-0.9173343181610107 -0.7161034345626831 0.015026644803583622 -1.2640724182128906 -0.525922417640686 -2.333338499069214  738290.6280819668
-0.9180194139480591 -0.7159888744354248 0.015129491686820984 -1.2509962320327759 -0.5000982880592346 -2.3297746181488037  738290.6280820821
-0.9171199202537537 -0.7156811952590942 0.015157577581703663 -1.2458765506744385 -0.5191384553909302 -2.327099084854126  738290.6280822092
-0.9181472659111023 -0.7154340147972107 0.015283443965017796 -1.2366899251937866 -0.4829006493091583 -2.324080228805542  738290.628082313
-0.9173529744148254 -0.7151281237602234 0.015213032253086567 -1.2321184873580933 -0.49901583790779114 -2.322838068008423  738290.6280824285
-0.9180207252502441 -0.7150572538375854 0.015312882140278816 -1.2190247774124146 -0.47579675912857056 -2.3203067779541016  738290.6280825438
-0.9179609417915344 -0.7150260210037231 0.015396056696772575 -1.2053914070129395 -0.47292450070381165 -2.3177170753479004  738290.6280826939
-0.9166443943977356 -0.714912474155426 0.01544266939163208 -1.1957409381866455 -0.504911482334137 -2.3147716522216797  738290.6280827862
-0.9170767664909363 -0.7149537205696106 0.014148184098303318 -1.1818281412124634 -0.48716700077056885 -2.312187433242798  738290.6280829132
-0.9181578755378723 -0.7156141996383667 0.013673176988959312 -1.2982699871063232 -0.5166858434677124 -2.3474252223968506  738290.6280830287
-0.9180644154548645 -0.714993417263031 0.013617726042866707 -1.2962393760681152 -0.5150129199028015 -2.344705104827881  738290.6280831326
-0.9177146553993225 -0.7150856852531433 0.01362167950719595 -1.2781211137771606 -0.5188445448875427 -2.3417563438415527  738290.628083248
-0.9175190925598145 -0.7146044373512268 0.013359812088310719 -1.2772583961486816 -0.5177366137504578 -2.339358329772949  738290.6280833634
-0.9172526001930237 -0.7155923247337341 0.013408170081675053 -1.2369105815887451 -0.5203762650489807 -2.3367574214935303  738290.6280834674
-0.9171493053436279 -0.7149812579154968 0.01335976179689169 -1.235478401184082 -0.5188778638839722 -2.334847927093506  738290.6280835954
-0.9172338247299194 -0.7152462005615234 0.013379349373281002 -1.2152854204177856 -0.5100284218788147 -2.3326845169067383  738290.6280837097
-0.9170248508453369 -0.7148051261901855 0.013341679237782955 -1.2138566970825195 -0.508453369140625 -2.331129312515259  738290.6280838251
-0.9167948961257935 -0.7143124938011169 0.01397491991519928 -1.2135008573532104 -0.5068812966346741 -2.329131841659546  738290.6280839521
-0.9188297390937805 -0.7161017656326294 0.01416769903153181 -1.1501516103744507 -0.44876372814178467 -2.3273024559020996  738290.6280840676
-0.9187728762626648 -0.716678261756897 0.013657387346029282 -1.2778747081756592 -0.5103892087936401 -2.3572614192962646  738290.6280841714
-0.9188112020492554 -0.7162343263626099 0.01364737469702959 -1.2773330211639404 -0.5099861025810242 -2.354351043701172  738290.6280842868
-0.9185851812362671 -0.7161647081375122 0.01566045917570591 -1.2650116682052612 -0.5109699964523315 -2.352468252182007  738290.6280843908
-0.9186397790908813 -0.7159587144851685 0.015774739906191826 -1.2639261484146118 -0.5101282596588135 -2.34911847114563  738290.6280845182
-0.9184423685073853 -0.7157687544822693 0.01588897779583931 -1.256317138671875 -0.5112860798835754 -2.345043182373047  738290.6280846333
-0.9178413152694702 -0.7155966758728027 0.016000743955373764 -1.2486391067504883 -0.5230070948600769 -2.3427884578704834  738290.6280847486
-0.91844242811203 -0.7151044011116028 0.01612957939505577 -1.2476152181625366 -0.49945494532585144 -2.339919328689575  738290.6280848642
-0.9184069037437439 -0.7148388028144836 0.014971538446843624 -1.2462152242660522 -0.4991033375263214 -2.337892532348633  738290.6280849798
-0.918499767780304 -0.7147921323776245 0.015046654269099236 -1.2346988916397095 -0.49183201789855957 -2.336817979812622  738290.6280850957
-0.9183095693588257 -0.7149221301078796 0.015133977867662907 -1.216827392578125 -0.4927028715610504 -2.334958553314209  738290.6280852227
-0.9188207983970642 -0.7154338359832764 0.014565577730536461 -1.338036298751831 -0.5146353244781494 -2.3510122299194336  738290.6280853266
-0.9183619618415833 -0.7153704166412354 0.014617121778428555 -1.3271448612213135 -0.5235565900802612 -2.3479416370391846  738290.628085442
-0.918524980545044 -0.714439332485199 0.015159670263528824 -1.3358776569366455 -0.5131228566169739 -2.346801519393921  738290.6280855574
-0.9179182052612305 -0.7148098945617676 0.015271329320967197 -1.312696933746338 -0.5258746147155762 -2.3437790870666504  738290.6280856729
-0.9184247851371765 -0.7145901918411255 0.015370461158454418 -1.3041106462478638 -0.5065076947212219 -2.3420965671539307  738290.6280857883
-0.9183557033538818 -0.7142500281333923 0.015444429591298103 -1.3022916316986084 -0.505026638507843 -2.3391387462615967  738290.6280859037
-0.9182085394859314 -0.7137807011604309 0.01490859780460596 -1.301261305809021 -0.5046458840370178 -2.3375484943389893  738290.6280860192
-0.9181838631629944 -0.7153860926628113 0.015085901133716106 -1.2439411878585815 -0.5028098821640015 -2.3344123363494873  738290.6280861346
-0.9182602763175964 -0.7149234414100647 0.015128991566598415 -1.243869662284851 -0.49568018317222595 -2.33154034614563  738290.6280862616
-0.9181032776832581 -0.714491605758667 0.01516960933804512 -1.2430942058563232 -0.4945162236690521 -2.329279899597168  738290.6280863654
-0.9181159734725952 -0.7161762118339539 0.014372708275914192 -1.3270645141601562 -0.5530437231063843 -2.355915069580078  738290.6280864809
-0.9184043407440186 -0.7157086133956909 0.014379298314452171 -1.3286083936691284 -0.5387110114097595 -2.3489203453063965  738290.6280865963
-0.9182108640670776 -0.7157819271087646 0.014409377239644527 -1.3176836967468262 -0.5399048328399658 -2.340773344039917  738290.6280867116
-0.9180261492729187 -0.7153515815734863 0.014412046410143375 -1.3167768716812134 -0.5375635027885437 -2.3349080085754395  738290.6280868388
-0.9179140329360962 -0.7157537341117859 0.014490237459540367 -1.2877880334854126 -0.5297305583953857 -2.3350112438201904  738290.6280869541
-0.9168346524238586 -0.7150486707687378 0.014661123976111412 -1.3135038614273071 -0.5617283582687378 -2.3320505619049072  738290.6280870581
-0.9175660014152527 -0.7153927087783813 0.01477146241813898 -1.293687343597412 -0.5388201475143433 -2.333111524581909  738290.6280871734
-0.917730450630188 -0.7150273323059082 0.014814909547567368 -1.2838796377182007 -0.5260109901428223 -2.321556568145752  738290.6280873006
-0.9178314208984375 -0.7153217196464539 0.01491197943687439 -1.2820850610733032 -0.5401037931442261 -2.2944207191467285  738290.6280874277
-0.9178419709205627 -0.7150832414627075 0.014598659239709377 -1.2660006284713745 -0.5250915884971619 -2.28598952293396  738290.6280875201
-0.9181018471717834 -0.7164750099182129 0.014221113175153732 -1.3059327602386475 -0.5450189113616943 -2.311119794845581  738290.628087647
-0.9179004430770874 -0.7159848213195801 0.014263334684073925 -1.3155362606048584 -0.5484083294868469 -2.333099603652954  738290.628087751
-0.9177911877632141 -0.7166439890861511 0.014443784020841122 -1.328664779663086 -0.5998070240020752 -2.348581314086914  738290.6280878664
-0.9174543619155884 -0.7167859077453613 0.014634679071605206 -1.3221348524093628 -0.6219878196716309 -2.284313201904297  738290.6280879934
-0.9172624945640564 -0.7168020606040955 0.01491957064718008 -1.3029719591140747 -0.599105954170227 -2.1738767623901367  738290.62808811
-0.9169275164604187 -0.7170259952545166 0.015181289985775948 -1.269531488418579 -0.5744766592979431 -2.1304922103881836  738290.6280882142
-0.9157593846321106 -0.7170485258102417 0.015419866889715195 -1.1950205564498901 -0.5540935397148132 -2.110323905944824  738290.6280883411
-0.9147818088531494 -0.7174700498580933 0.01567046158015728 -1.0781902074813843 -0.47825148701667786 -2.066427707672119  738290.628088445
-0.9144673943519592 -0.7173095345497131 0.015583423897624016 -1.1357265710830688 -0.5309218168258667 -2.0367178916931152  738290.6280885608
-0.9129222631454468 -0.7179677486419678 0.015844780951738358 -1.150979995727539 -0.5798148512840271 -1.9273982048034668  738290.6280886872
-0.9128831624984741 -0.7185922265052795 0.015587820671498775 -1.186938762664795 -0.5909832715988159 -1.776534080505371  738290.6280888027
-0.9127382636070251 -0.7189101576805115 0.015947245061397552 -1.0596256256103516 -0.5264550447463989 -1.6426323652267456  738290.628088918
-0.9098072648048401 -0.7188334465026855 0.01598993130028248 -1.0167473554611206 -0.54660964012146 -1.5281842947006226  738290.628089022
-0.9098307490348816 -0.7195643782615662 0.01618519052863121 -1.1076314449310303 -0.5868156552314758 -1.4394516944885254  738290.6280891495
-0.9093462824821472 -0.7194854617118835 0.016378525644540787 -1.0760823488235474 -0.5426536798477173 -1.3445098400115967  738290.6280892529
-0.9087205529212952 -0.7202339768409729 0.01665457710623741 -1.0363819599151611 -0.57886803150177 -1.2005780935287476  738290.6280893683
-0.9083520770072937 -0.7204965353012085 0.016950516030192375 -1.0208815336227417 -0.5710510611534119 -1.039535403251648  738290.6280894837
-0.9080501198768616 -0.7218523025512695 0.016812387853860855 -1.1390504837036133 -0.7126646637916565 -0.8999884724617004  738290.6280895992
-0.9087515473365784 -0.7225565910339355 0.01717970333993435 -1.1540842056274414 -0.7667005658149719 -0.7488424777984619  738290.6280897146
-0.908251941204071 -0.7234802842140198 0.017436392605304718 -1.0517497062683105 -0.6557013988494873 -0.5831028819084167  738290.6280898299
-0.9096871614456177 -0.7234194874763489 0.017063627019524574 -1.0701055526733398 -0.509357750415802 -0.4304327666759491  738290.6280899454
-0.9093236923217773 -0.7247439622879028 0.017366115003824234 -1.0178166627883911 -0.4832160174846649 -0.3373534083366394  738290.6280900724
-0.9093084335327148 -0.724873423576355 0.016220899298787117 -1.0505526065826416 -0.48724713921546936 -0.25767436623573303  738290.6280901766
-0.9094773530960083 -0.7256678342819214 0.016434738412499428 -1.1431798934936523 -0.5880284309387207 -0.13702654838562012  738290.6280903037
-0.9097330570220947 -0.7267118096351624 0.016704294830560684 -1.0792300701141357 -0.5503930449485779 -0.03691917285323143  738290.6280904191
-0.9105637669563293 -0.7267650365829468 0.01702708937227726 -0.9774395227432251 -0.41894522309303284 0.048609185963869095  738290.6280905346
-0.911605954170227 -0.7285879850387573 0.016466449946165085 -0.9617804288864136 -0.40477249026298523 0.1647602617740631  738290.62809065
-0.9120522737503052 -0.7296884655952454 0.016677359119057655 -0.8878231048583984 -0.3903971314430237 0.2894236743450165  738290.6280907653
-0.9129588603973389 -0.7319082021713257 0.016854749992489815 -0.8584628701210022 -0.3505096435546875 0.39917415380477905  738290.6280908925
-0.9129807353019714 -0.7330951690673828 0.016997961327433586 -0.9082719683647156 -0.39316385984420776 0.5217725038528442  738290.6280910078
-0.9146999716758728 -0.7316322326660156 0.016430336982011795 -1.0340681076049805 -0.38546884059906006 0.5661826133728027  738290.6280911232
-0.914323091506958 -0.734199047088623 0.013634417206048965 -0.9471351504325867 -0.39365264773368835 0.6868194937705994  738290.628091227
-0.9149438738822937 -0.73544842004776 0.013697314076125622 -0.9345946907997131 -0.2621476650238037 0.7898135185241699  738290.628091331
-0.9148665070533752 -0.7372009754180908 0.013702279888093472 -0.8235657215118408 -0.2520653307437897 0.8627303838729858  738290.628091458
-0.9154959917068481 -0.7390129566192627 0.01362681481987238 -0.9012244939804077 -0.33204469084739685 0.9490280747413635  738290.6280915734
-0.9163005352020264 -0.742090106010437 0.011361498385667801 -0.8812466263771057 -0.38829198479652405 1.0673003196716309  738290.6280916773
-0.9172030687332153 -0.7435966730117798 0.011210057884454727 -0.8793830871582031 -0.41450461745262146 1.2347304821014404  738290.6280918042
-0.9181459546089172 -0.7450029253959656 0.011097499169409275 -0.9337301254272461 -0.31874123215675354 1.4122164249420166  738290.6280919197
-0.9181996583938599 -0.7479198575019836 0.010823098011314869 -0.8979114294052124 -0.28061527013778687 1.5514241456985474  738290.6280920352
-0.918645977973938 -0.7494691610336304 0.010584799572825432 -0.8651844263076782 -0.32224881649017334 1.6593716144561768  738290.6280921736
-0.9209983348846436 -0.7488679885864258 0.01085535530000925 -0.9722505807876587 -0.4183487594127655 1.724579095840454  738290.628092266
-0.9216349720954895 -0.7500418424606323 0.010670721530914307 -0.9908983111381531 -0.44254326820373535 1.8225667476654053  738290.6280923814
-0.9218080043792725 -0.7529700994491577 0.01040737796574831 -0.9878751635551453 -0.48725247383117676 1.8685948848724365  738290.6280924969
-0.9229652881622314 -0.754800021648407 0.01019745972007513 -1.0687471628189087 -0.4516470730304718 1.889021635055542  738290.6280926124
-0.9237293004989624 -0.7560657262802124 0.011138912290334702 -1.1775453090667725 -0.48213261365890503 1.9190832376480103  738290.6280927277
-0.9282991886138916 -0.759032666683197 0.010732476599514484 -1.1801083087921143 -0.45254167914390564 1.9415820837020874  738290.6280928432
-0.9291297793388367 -0.7597602605819702 0.010652663186192513 -0.9671600461006165 -0.3781498372554779 1.9919462203979492  738290.6280929586
-0.9328710436820984 -0.7617890238761902 0.010193215683102608 -0.8219490647315979 -0.2596640884876251 2.0552706718444824  738290.6280930741
-0.9330344200134277 -0.7632395029067993 0.010063248686492443 -0.8755283951759338 -0.09001818299293518 2.1072402000427246  738290.6280932011
-0.9360758662223816 -0.7648409605026245 0.011326327919960022 -0.8100607395172119 -0.02224375121295452 2.14350962638855  738290.6280933049
-0.93510502576828 -0.7604050040245056 0.010857149958610535 -1.0444180965423584 -0.03740083798766136 2.1292409896850586  738290.6280934203
-0.9357249140739441 -0.7616424560546875 0.01084110140800476 -1.2396962642669678 -0.09729604423046112 2.139246940612793  738290.6280935358
-0.9365372657775879 -0.7644032835960388 0.010623592883348465 -1.57926607131958 -0.1726321429014206 2.174926280975342  738290.6280936513
-0.9377273917198181 -0.765480637550354 0.010774183087050915 -1.7628173828125 -0.23188018798828125 2.266939163208008  738290.6280937666
-0.9426131844520569 -0.768345057964325 0.010440221056342125 -1.840994119644165 -0.15343770384788513 2.3661139011383057  738290.6280938821
-0.9436807632446289 -0.7689597010612488 0.010656381957232952 -2.1467089653015137 -0.26774266362190247 2.4351041316986084  738290.6280939975
-0.9443045854568481 -0.7700721621513367 0.010872432962059975 -2.6196367740631104 -0.3324759900569916 2.4952943325042725  738290.6280941128
-0.9468117356300354 -0.7727339267730713 0.010690251365303993 -3.1062304973602295 -0.3664318919181824 2.5131075382232666  738290.6280942283
-0.9478915333747864 -0.7734068036079407 0.009444634430110455 -3.4587676525115967 -0.2515132427215576 2.5294668674468994  738290.6280943553
-0.9488763809204102 -0.7742719054222107 0.00968365278095007 -3.750959873199463 -0.157014399766922 2.555741548538208  738290.6280944592
-0.9470077157020569 -0.7660715579986572 0.009415487758815289 -4.247287750244141 -0.38532546162605286 2.520665168762207  738290.6280945862
-0.9481622576713562 -0.7658318877220154 0.009658451192080975 -4.374053955078125 -0.46719473600387573 2.5100796222686768  738290.62809469
-0.9507734179496765 -0.7660310864448547 0.006272828672081232 -4.337071895599365 -0.5498406887054443 2.481013059616089  738290.6280948055
-0.9522793889045715 -0.7655516862869263 0.006312120705842972 -4.213754653930664 -0.6962791681289673 2.421278238296509  738290.628094921
-0.95553058385849 -0.7639951109886169 0.006119557656347752 -4.0833001136779785 -0.7926667332649231 2.37650990486145  738290.6280950364
-0.9566373825073242 -0.7635838389396667 0.006309007294476032 -3.8079874515533447 -1.0039398670196533 2.309558153152466  738290.6280951519
-0.9571763873100281 -0.7613928914070129 0.006501181982457638 -3.584367036819458 -1.219427227973938 2.2755377292633057  738290.628095279
-0.9592776894569397 -0.7598466873168945 0.0048538632690906525 -3.328362226486206 -1.4230215549468994 2.2242894172668457  738290.6280953942
-0.9619439244270325 -0.7573512196540833 0.004832737147808075 -3.108692169189453 -1.4263275861740112 2.1902096271514893  738290.6280954981
-0.9629159569740295 -0.7563809752464294 0.0052404566667973995 -2.9158413410186768 -1.4588162899017334 2.149540424346924  738290.6280956366
-0.9583744406700134 -0.7493476271629333 0.005368392448872328 -3.058148145675659 -1.7615889310836792 2.149702548980713  738290.628095752
-0.959526002407074 -0.7490096688270569 0.007227153517305851 -3.064652919769287 -1.811842441558838 2.0944056510925293  738290.6280958444
-0.9602399468421936 -0.7432324290275574 0.007329372689127922 -3.203688144683838 -1.902004599571228 2.0412938594818115  738290.6280959599
-0.9609851837158203 -0.7419846653938293 0.008209429681301117 -3.3549060821533203 -2.0444560050964355 1.9880282878875732  738290.6280960753
-0.960968017578125 -0.7394915819168091 0.008978510275483131 -3.457357406616211 -2.2140421867370605 1.9115206003189087  738290.6280962023
-0.9627165198326111 -0.7365099191665649 0.009552186354994774 -3.468611478805542 -2.242129325866699 1.8524118661880493  738290.6280963293
-0.9638382196426392 -0.7352268099784851 0.01214086264371872 -3.2898683547973633 -2.32545804977417 1.8275293111801147  738290.6280964331
-0.964993953704834 -0.7308387160301208 0.012878241017460823 -3.117471933364868 -2.4726877212524414 1.7918554544448853  738290.6280965486
-0.9650763869285583 -0.7310462594032288 0.014935139566659927 -2.7211053371429443 -2.6142807006835938 1.779449701309204  738290.6280966525
-0.9643047451972961 -0.7330148220062256 0.01767655462026596 -2.1312108039855957 -2.7888565063476562 1.758665680885315  738290.6280967795
-0.9564990401268005 -0.73420649766922 0.022445403039455414 -1.5120035409927368 -3.041583299636841 1.8864755630493164  738290.6280968833
-0.9570478200912476 -0.7318127155303955 0.024420684203505516 -0.8918704986572266 -3.198361873626709 1.8752659559249878  738290.6280970218
-0.9571159482002258 -0.7311354875564575 0.026774095371365547 -0.2639080882072449 -3.258035659790039 1.8680083751678467  738290.6280971257
-0.9568927884101868 -0.7328799962997437 0.02966003678739071 0.35479262471199036 -3.2080254554748535 1.8614429235458374  738290.6280972295
-0.9575564861297607 -0.7313035726547241 0.033940501511096954 0.7619550228118896 -3.0313892364501953 1.8613746166229248  738290.628097345
-0.9578083753585815 -0.7304060459136963 0.03667037561535835 1.013864278793335 -2.8199057579040527 1.8467648029327393  738290.628097472
-0.957679271697998 -0.7305930256843567 0.039616286754608154 1.106969952583313 -2.606411933898926 1.8056418895721436  738290.6280975875
-0.9593725204467773 -0.7308343648910522 0.04272320866584778 1.1161794662475586 -2.37109375 1.7634601593017578  738290.6280976913
-0.9566187858581543 -0.7339222431182861 0.04608429595828056 1.1606642007827759 -2.2287814617156982 1.7148487567901611  738290.6280978183
-0.9556928873062134 -0.7330246567726135 0.05304940789937973 1.0238368511199951 -2.1064562797546387 1.6703754663467407  738290.6280979337
-0.951483964920044 -0.7300858497619629 0.056162141263484955 0.8135554194450378 -2.141484260559082 1.631759762763977  738290.6280980492
-0.9511826634407043 -0.7325647473335266 0.05988704785704613 0.6964041590690613 -2.1438722610473633 1.5704302787780762  738290.6280981646
-0.9508451223373413 -0.732917070388794 0.06352025270462036 0.6031988263130188 -2.1696736812591553 1.5298855304718018  738290.62809828
-0.9511626958847046 -0.7324309945106506 0.07055207341909409 0.5196391344070435 -2.210319757461548 1.4894026517868042  738290.6280983839
-0.950417697429657 -0.7339470982551575 0.07452177256345749 0.44828349351882935 -2.2842836380004883 1.4480023384094238  738290.6280985109
-0.9496056437492371 -0.7342854738235474 0.07849758118391037 0.38165897130966187 -2.341775417327881 1.4127296209335327  738290.6280986264
-0.9493751525878906 -0.7347011566162109 0.08257390558719635 0.3375447392463684 -2.3266842365264893 1.3783241510391235  738290.6280987302
-0.9481898546218872 -0.7347235083580017 0.0866059809923172 0.30879977345466614 -2.3029539585113525 1.344967007637024  738290.6280988572
-0.9474769234657288 -0.7330077886581421 0.09078304469585419 0.2377869188785553 -2.1756410598754883 1.3311524391174316  738290.6280989726
-0.9466975331306458 -0.7328802943229675 0.0949242115020752 0.20079484581947327 -1.9933937788009644 1.3314515352249146  738290.628099088
-0.9425259232521057 -0.7317944765090942 0.09867031127214432 0.10380589216947556 -1.8089840412139893 1.3545581102371216  738290.6280992035
-0.9418598413467407 -0.7318394780158997 0.10288071632385254 0.10620292276144028 -1.5594921112060547 1.3594064712524414  738290.628099319
-0.9409665465354919 -0.7320071458816528 0.10709195584058762 0.12305276095867157 -1.3082640171051025 1.3663650751113892  738290.6280994344
-0.9407873153686523 -0.7320914268493652 0.11091489344835281 0.12274086475372314 -1.0675171613693237 1.3819704055786133  738290.6280995498
-0.9384757876396179 -0.7311264276504517 0.11499839276075363 0.14079701900482178 -0.8373319506645203 1.4033247232437134  738290.6280996652
-0.9381886720657349 -0.7309920191764832 0.11927194893360138 0.16154295206069946 -0.5840935707092285 1.4217846393585205  738290.6280997806
-0.9370158314704895 -0.7310975193977356 0.12349236756563187 0.17033794522285461 -0.3730042576789856 1.446448564529419  738290.628099896
-0.9367250204086304 -0.7296811938285828 0.12506425380706787 0.1333957463502884 -0.17957958579063416 1.4744844436645508  738290.6281000115
-0.9356788992881775 -0.7298182249069214 0.12918083369731903 0.10755250602960587 0.0026538881938904524 1.5078965425491333  738290.628100127
-0.9352397322654724 -0.7299621105194092 0.13333041965961456 0.1202741265296936 0.18168577551841736 1.528708577156067  738290.6281002423
-0.9309539198875427 -0.725824236869812 0.13702665269374847 -0.8737605214118958 0.07810507714748383 2.08571457862854  738290.628100358
-0.932263970375061 -0.7258287668228149 0.14134036004543304 -0.8713691830635071 0.2544952929019928 2.096003770828247  738290.6281004733
-0.9281749725341797 -0.7253555655479431 0.14794601500034332 -0.9032911062240601 0.2925671637058258 2.0943334102630615  738290.6281005887
-0.9270626306533813 -0.7251384854316711 0.15221063792705536 -0.865943431854248 0.40857234597206116 2.0985050201416016  738290.6281007042
-0.9261470437049866 -0.7249160408973694 0.15651428699493408 -0.8556751012802124 0.473865270614624 2.088348150253296  738290.6281008197
-0.925547182559967 -0.7247866988182068 0.16086634993553162 -0.8397722840309143 0.5288704633712769 2.087462902069092  738290.628100935
-0.9247940182685852 -0.7245385050773621 0.16275955736637115 -0.7280810475349426 0.6244761347770691 2.0710537433624268  738290.628101062
-0.9246764779090881 -0.7241254448890686 0.16702459752559662 -0.5901959538459778 0.7614070177078247 2.0678188800811768  738290.6281011659
-0.9242264032363892 -0.7241663336753845 0.17132143676280975 -0.41813942790031433 0.8577846884727478 2.0508882999420166  738290.6281012814
-0.9247118830680847 -0.7216659188270569 0.17558695375919342 -0.2902083396911621 1.0176221132278442 2.05607271194458  738290.6281014084
-0.9227724671363831 -0.7239153981208801 0.17541205883026123 -0.15906137228012085 1.1126922369003296 1.9734816551208496  738290.6281015237
-0.9223126173019409 -0.7245267629623413 0.17955748736858368 0.013086333870887756 1.221906304359436 1.969632625579834  738290.6281016511
-0.9210785031318665 -0.7232807874679565 0.18365947902202606 0.16029146313667297 1.334665060043335 1.9634212255477905  738290.6281017434
-0.9215667247772217 -0.7243126630783081 0.1878981739282608 0.32445406913757324 1.4784801006317139 1.9617549180984497  738290.6281018589
-0.9202448129653931 -0.7214717268943787 0.1920129358768463 0.3837490379810333 1.55978262424469 1.9582377672195435  738290.6281019744
-0.9193845391273499 -0.7213519215583801 0.19454260170459747 0.47438547015190125 1.6634515523910522 1.9578511714935303  738290.6281020897
-0.9190136194229126 -0.7212225794792175 0.19869907200336456 0.5377107262611389 1.735120415687561 1.9482972621917725  738290.6281022051
-0.918504536151886 -0.7208313941955566 0.2028689980506897 0.5526494979858398 1.782753825187683 1.9320787191390991  738290.6281023206
-0.9179222583770752 -0.7202560901641846 0.20705382525920868 0.5607334971427917 1.8060983419418335 1.9199920892715454  738290.628102436
-0.9173567295074463 -0.7196911573410034 0.21187986433506012 0.5414063334465027 1.7906336784362793 1.908686876296997  738290.628102563
-0.9184514880180359 -0.725446879863739 0.21578389406204224 0.5999024510383606 1.9598122835159302 1.7012317180633545  738290.6281026785
-0.9181035757064819 -0.7250605225563049 0.220082625746727 0.5515168905258179 1.8988200426101685 1.6764580011367798  738290.6281027938
-0.9177717566490173 -0.72529536485672 0.2244229018688202 0.5182081460952759 1.8757237195968628 1.6773967742919922  738290.6281028978
-0.9176430702209473 -0.72480309009552 0.22877846658229828 0.4983075261116028 1.8243013620376587 1.6600524187088013  738290.6281030247
-0.9157078266143799 -0.7256362438201904 0.23187881708145142 0.5136470794677734 1.7752788066864014 1.6536725759506226  738290.6281031286
-0.9154407978057861 -0.7260679006576538 0.23620222508907318 0.5453669428825378 1.7386243343353271 1.636562705039978  738290.6281032555
-0.9154170155525208 -0.7259223461151123 0.24054478108882904 0.5429901480674744 1.7199236154556274 1.6299196481704712  738290.6281033595
-0.9152806401252747 -0.7259050607681274 0.2448951154947281 0.5718384385108948 1.7288556098937988 1.6293730735778809  738290.6281034865
-0.9155949950218201 -0.7259766459465027 0.24910777807235718 0.6096091866493225 1.7428628206253052 1.6227784156799316  738290.6281036019
-0.9154606461524963 -0.7261767983436584 0.25390350818634033 0.6686224937438965 1.7558521032333374 1.6099942922592163  738290.6281037173
-0.9160199761390686 -0.7322664260864258 0.257864385843277 0.6558216214179993 1.8313746452331543 1.460790753364563  738290.6281038327
-0.915957510471344 -0.7331045866012573 0.26220399141311646 0.6760429739952087 1.7967065572738647 1.464767336845398  738290.6281039367
-0.9159069061279297 -0.7334403395652771 0.2665404975414276 0.6268259286880493 1.749321699142456 1.4634801149368286  738290.6281040636
-0.9163237810134888 -0.7337364554405212 0.2688866853713989 0.5811805129051208 1.691781997680664 1.457176685333252  738290.628104179
-0.9162374138832092 -0.7342686653137207 0.27309122681617737 0.4750373363494873 1.5762993097305298 1.4507883787155151  738290.6281042947
-0.9161950945854187 -0.7347351312637329 0.2772864103317261 0.3531794548034668 1.4305503368377686 1.4416096210479736  738290.62810441
-0.9165740013122559 -0.7353236079216003 0.28148120641708374 0.25471386313438416 1.3459599018096924 1.4299055337905884  738290.628104596
-0.9167755842208862 -0.7354860901832581 0.2876972258090973 0.09200119227170944 1.209446668624878 1.4211095571517944  738290.6281046307
-0.9167699217796326 -0.7363865971565247 0.2920018136501312 -0.07831175625324249 1.0346122980117798 1.4000740051269531  738290.6281047579
-0.917117178440094 -0.7366766333580017 0.29629743099212646 -0.19836311042308807 0.9310082197189331 1.3850457668304443  738290.6281048846
-0.9183076024055481 -0.7461727261543274 0.30033451318740845 -0.3594992458820343 0.7501118183135986 1.399849534034729  738290.6281049886
-0.918642520904541 -0.7464450597763062 0.30459150671958923 -0.4451386332511902 0.6611010432243347 1.3850432634353638  738290.628105104
-0.9187947511672974 -0.7474506497383118 0.3096766471862793 -0.5278943777084351 0.5832207202911377 1.3694802522659302  738290.628105231
-0.9192212820053101 -0.7480521202087402 0.31393930315971375 -0.6047044396400452 0.551031231880188 1.3671796321868896  738290.6281053348
-0.9194457530975342 -0.7484050989151001 0.3181856572628021 -0.6451886296272278 0.5475982427597046 1.3578892946243286  738290.6281054388
-0.9200550317764282 -0.7492811679840088 0.3223990499973297 -0.65166175365448 0.5653533339500427 1.3581502437591553  738290.6281055657
-0.9203536510467529 -0.750108540058136 0.32657289505004883 -0.7137054204940796 0.5410901308059692 1.3542931079864502  738290.6281056927
-0.9205192923545837 -0.7506870031356812 0.3300586938858032 -0.800808846950531 0.48978692293167114 1.3559367656707764  738290.628105785
-0.9212809205055237 -0.7513408064842224 0.33412161469459534 -0.8707754611968994 0.4440406560897827 1.3629883527755737  738290.628105912
-0.9214974641799927 -0.75201016664505 0.33813658356666565 -0.9206046462059021 0.4082656502723694 1.3630061149597168  738290.628106039
-0.9256935715675354 -0.7654571533203125 0.3418448865413666 -0.8113201856613159 0.47590136528015137 1.284957766532898  738290.6281061313
-0.9259898066520691 -0.7661383152008057 0.34464871883392334 -0.8288670778274536 0.4538220167160034 1.2883847951889038  738290.6281062468
-0.9265097975730896 -0.7669245600700378 0.34842562675476074 -0.8748874664306641 0.3874305486679077 1.2941653728485107  738290.6281063852
-0.9270711541175842 -0.767562985420227 0.35213717818260193 -0.9881228804588318 0.2957013249397278 1.3042490482330322  738290.6281064891
-0.9274522662162781 -0.7685316801071167 0.3557835519313812 -1.210201382637024 0.17209340631961823 1.2990318536758423  738290.6281066046
-0.9280110597610474 -0.7691583037376404 0.3593665063381195 -1.4747395515441895 -0.04714961722493172 1.281919240951538  738290.62810672
-0.928441047668457 -0.7700947523117065 0.3630862832069397 -1.7758309841156006 -0.2325400412082672 1.2714240550994873  738290.6281068354
-0.9287654757499695 -0.770757257938385 0.36655449867248535 -2.0429704189300537 -0.4191250205039978 1.242748498916626  738290.6281069509
-0.9291845560073853 -0.7715704441070557 0.36996254324913025 -2.300764799118042 -0.5706523060798645 1.225343108177185  738290.6281070664
-0.9297756552696228 -0.7723471522331238 0.37329965829849243 -2.5501060485839844 -0.7512924075126648 1.196078896522522  738290.6281071818
-0.934684693813324 -0.7871649861335754 0.3776308000087738 -2.654578685760498 -0.8721105456352234 1.1621589660644531  738290.6281072972
-0.9353196620941162 -0.7882322669029236 0.38089656829833984 -2.8621621131896973 -1.0411181449890137 1.1338202953338623  738290.6281074126
-0.9358192086219788 -0.7888767123222351 0.3840920627117157 -3.0754787921905518 -1.1959702968597412 1.119484782218933  738290.6281075281
-0.9360770583152771 -0.7899430394172668 0.3872147798538208 -3.230544090270996 -1.3381603956222534 1.0872374773025513  738290.628107655
-0.9364359974861145 -0.7904958724975586 0.3925454616546631 -3.4294424057006836 -1.4776792526245117 1.073022484779358  738290.6281077705
-0.9370701313018799 -0.79123854637146 0.3956530690193176 -3.5611040592193604 -1.6308115720748901 1.0509154796600342  738290.6281078743
-0.9374591112136841 -0.7919510006904602 0.3987016975879669 -3.6282923221588135 -1.7089799642562866 1.0403631925582886  738290.6281079898
-0.9377022981643677 -0.7926978468894958 0.4016790986061096 -3.734607219696045 -1.8241280317306519 1.0265991687774658  738290.6281081053
-0.9381051063537598 -0.7932494282722473 0.40458130836486816 -3.8572185039520264 -1.9795571565628052 1.0061450004577637  738290.6281082322
-0.9384982585906982 -0.7940011620521545 0.40870925784111023 -3.9761977195739746 -2.111886978149414 0.9910078644752502  738290.6281083361
-0.9445790648460388 -0.8090406060218811 0.41118666529655457 -3.971895694732666 -2.1887173652648926 0.9545234441757202  738290.628108463
-0.9448278546333313 -0.8097785115242004 0.41394004225730896 -4.105573654174805 -2.3310046195983887 0.9481034278869629  738290.628108567
-0.9449384212493896 -0.8102125525474548 0.41660940647125244 -4.262693881988525 -2.526578903198242 0.9232215881347656  738290.6281086823
-0.9453206658363342 -0.8110994696617126 0.4188535511493683 -4.426995277404785 -2.69189715385437 0.9189748167991638  738290.6281087978
-0.9456942677497864 -0.811350405216217 0.42137208580970764 -4.599229335784912 -2.9051475524902344 0.8965445756912231  738290.6281089132
-0.9458580613136292 -0.8119831085205078 0.4238293170928955 -4.828749656677246 -3.1148011684417725 0.8883670568466187  738290.6281090402
-0.9458461999893188 -0.8122430443763733 0.4262184798717499 -5.037004470825195 -3.343323230743408 0.868111252784729  738290.6281091442
-0.9459173083305359 -0.8127421140670776 0.42854538559913635 -5.276148319244385 -3.5590457916259766 0.8503143787384033  738290.6281092595
-0.9461489915847778 -0.812883198261261 0.4290008246898651 -5.441398620605469 -3.800929307937622 0.816523551940918  738290.628109375
-0.9461348652839661 -0.8130813837051392 0.4310568571090698 -5.6088972091674805 -3.9569106101989746 0.8067483901977539  738290.6281095019
-0.9504537582397461 -0.8291869759559631 0.43275901675224304 -5.599765300750732 -4.383190631866455 0.775052547454834  738290.6281096059
-0.9501829743385315 -0.8294357061386108 0.43465209007263184 -5.747068881988525 -4.659969806671143 0.7409581542015076  738290.6281097328
-0.9500568509101868 -0.8293837308883667 0.4374343454837799 -5.921700477600098 -4.964731693267822 0.7176511883735657  738290.6281098367
-0.9494556188583374 -0.8295312523841858 0.43924152851104736 -6.0864715576171875 -5.3421759605407715 0.6759917140007019  738290.6281099637
-0.9488661885261536 -0.8295749425888062 0.44097429513931274 -6.320764541625977 -5.711410999298096 0.6269028186798096  738290.6281100791
-0.9490830898284912 -0.8294821381568909 0.44265589118003845 -6.617413520812988 -6.165592193603516 0.5744745135307312  738290.628110183
-0.948444664478302 -0.829442024230957 0.44425931572914124 -6.935369968414307 -6.640877723693848 0.5230304598808289  738290.62811031
-0.9477322697639465 -0.8290057182312012 0.44615209102630615 -7.266746997833252 -7.100120544433594 0.4594203233718872  738290.6281104139
-0.9465962648391724 -0.828417181968689 0.4476405084133148 -7.605891704559326 -7.56540060043335 0.40279385447502136  738290.6281105293
-0.9463216662406921 -0.8283447027206421 0.4491027295589447 -8.007831573486328 -8.040210723876953 0.35203447937965393  738290.6281106678
-0.9504101872444153 -0.8456299901008606 0.45014774799346924 -7.944276332855225 -8.654460906982422 0.0696495771408081  738290.6281107718
-0.9491847157478333 -0.8455633521080017 0.45148706436157227 -8.224282264709473 -9.03204345703125 0.03827932849526405  738290.6281108871
-0.9477243423461914 -0.8449442386627197 0.4527031481266022 -8.372950553894043 -9.404118537902832 0.029473882168531418  738290.6281109911
-0.9467140436172485 -0.8444015979766846 0.4539097547531128 -8.557706832885742 -9.752184867858887 0.021446876227855682  738290.6281111412
-0.9454006552696228 -0.8435372114181519 0.45507076382637024 -8.738694190979004 -10.129438400268555 0.018189605325460434  738290.628111222
-0.9436808228492737 -0.8427039384841919 0.45618364214897156 -8.962141990661621 -10.514481544494629 0.028303762897849083  738290.6281113491
-0.9418244957923889 -0.8416121602058411 0.45652803778648376 -9.199906349182129 -10.931300163269043 0.014284348115324974  738290.6281114648
-0.9397320747375488 -0.8404566049575806 0.4575035274028778 -9.4967041015625 -11.369078636169434 0.0034349081106483936  738290.6281115803
-0.9372773170471191 -0.8388885259628296 0.45840775966644287 -9.828964233398438 -11.84514331817627 -0.012077520601451397  738290.6281116956
-0.9352337718009949 -0.837492823600769 0.45931535959243774 -10.132726669311523 -12.350894927978516 -0.0425010547041893  738290.6281118226
-0.9400636553764343 -0.8536580204963684 0.4599580764770508 -9.893926620483398 -12.730733871459961 -0.08392991870641708  738290.6281119265
-0.9375219941139221 -0.8522559404373169 0.4616970121860504 -10.174886703491211 -13.258585929870605 -0.12482888996601105  738290.6281120421
-0.9343018531799316 -0.8505218029022217 0.46248701214790344 -10.527544021606445 -13.814764022827148 -0.14746853709220886  738290.628112146
-0.9310614466667175 -0.8487930297851562 0.46325576305389404 -10.876228332519531 -14.410847663879395 -0.2081993818283081  738290.6281123074
-0.9279642105102539 -0.8468613624572754 0.46401605010032654 -11.25588607788086 -14.917171478271484 -0.23276109993457794  738290.6281123882
-0.9242019057273865 -0.8445869088172913 0.46649888157844543 -11.587985038757324 -15.40351390838623 -0.2696944773197174  738290.6281125037
-0.9203560948371887 -0.8421893119812012 0.46722450852394104 -11.936013221740723 -15.743569374084473 -0.2554642856121063  738290.6281126075
-0.9166150093078613 -0.8398223519325256 0.46796730160713196 -12.168015480041504 -16.02592658996582 -0.2550908923149109  738290.628112746
-0.9124649167060852 -0.8371113538742065 0.46866726875305176 -12.3776216506958 -16.18829345703125 -0.22504423558712006  738290.62811285
-0.9081676602363586 -0.8342553973197937 0.4693494737148285 -12.51154899597168 -16.228303909301758 -0.1604919731616974  738290.628112977
-0.9080787301063538 -0.8481173515319824 0.4702564775943756 -12.094767570495605 -16.264684677124023 -0.1988765299320221  738290.6281130809
-0.9029141664505005 -0.8450120687484741 0.4707874655723572 -12.115973472595215 -16.154123306274414 -0.10642430931329727  738290.6281133601
-0.8980230689048767 -0.841913640499115 0.4713359475135803 -12.13596248626709 -15.986770629882812 0.01512447465211153  738290.6281133946
-0.891859233379364 -0.8384076356887817 0.4716951549053192 -12.161582946777344 -15.807741165161133 0.14007532596588135  738290.6281134292
-0.8860950469970703 -0.8347187638282776 0.47415655851364136 -12.213144302368164 -15.587501525878906 0.27208927273750305  738290.628113533
-0.8794652223587036 -0.8307958245277405 0.47456684708595276 -12.245671272277832 -15.341374397277832 0.3885297477245331  738290.6281136601
-0.8733755350112915 -0.8268694281578064 0.4750412702560425 -12.304961204528809 -15.080062866210938 0.5143173336982727  738290.6281137755
-0.8663014769554138 -0.8227161169052124 0.475413978099823 -12.400971412658691 -14.86070442199707 0.621399998664856  738290.628113891
-0.8594180941581726 -0.8184789419174194 0.47668758034706116 -12.50062084197998 -14.627730369567871 0.7258597612380981  738290.6281140064
-0.8519075512886047 -0.8137179017066956 0.47706425189971924 -12.542282104492188 -14.39703369140625 0.8213707804679871  738290.6281141449
-0.8481213450431824 -0.8232419490814209 0.47722068428993225 -12.278969764709473 -14.276700973510742 0.881881594657898  738290.6281142372
-0.8402601480484009 -0.8185020089149475 0.47755002975463867 -12.282588958740234 -14.039933204650879 0.974413275718689  738290.6281143527
-0.831871747970581 -0.8131904602050781 0.47797873616218567 -12.247610092163086 -13.760478019714355 1.0734535455703735  738290.6281144682
-0.8234348893165588 -0.8078033328056335 0.4788183271884918 -12.21304988861084 -13.487531661987305 1.173068642616272  738290.6281145837
-0.8155971765518188 -0.8025342226028442 0.47925394773483276 -12.101115226745605 -13.169761657714844 1.266422152519226  738290.628114699
-0.8074120283126831 -0.7971093654632568 0.4796881377696991 -12.013089179992676 -12.785326957702637 1.3872379064559937  738290.6281148145
-0.7987077236175537 -0.7911900281906128 0.4800538718700409 -11.831518173217773 -12.413686752319336 1.4893293380737305  738290.6281149299
-0.7889930605888367 -0.7848352193832397 0.48134589195251465 -11.638046264648438 -11.943818092346191 1.6230778694152832  738290.6281150457
-0.7806261777877808 -0.7788442373275757 0.4818337559700012 -11.39560604095459 -11.452566146850586 1.740304946899414  738290.6281152185
-0.7708919048309326 -0.7722838521003723 0.4822219908237457 -11.146443367004395 -10.956683158874512 1.860163927078247  738290.6281152993
-0.7672207355499268 -0.7802098393440247 0.4821682572364807 -10.830967903137207 -10.69153118133545 1.9189914464950562  738290.6281153916
-0.7571245431900024 -0.7732509970664978 0.48248401284217834 -10.5797700881958 -10.249197006225586 1.9975800514221191  738290.6281155071
-0.7476897239685059 -0.7665640711784363 0.4845711886882782 -10.240793228149414 -9.743245124816895 2.086876153945923  738290.6281156226
-0.7370967864990234 -0.7592998147010803 0.48502445220947266 -9.916561126708984 -9.271838188171387 2.153834342956543  738290.628115738
-0.7270499467849731 -0.7525898218154907 0.485640287399292 -9.734746932983398 -8.871084213256836 2.2034764289855957  738290.6281158766
-0.7162350416183472 -0.7449308633804321 0.4861396551132202 -9.45007038116455 -8.473370552062988 2.238996982574463  738290.6281159689
-0.7063817381858826 -0.737468957901001 0.48881036043167114 -9.115116119384766 -7.961007595062256 2.2887964248657227  738290.6281160958
-0.6954752802848816 -0.7295740842819214 0.48949798941612244 -8.73552131652832 -7.499880313873291 2.3181049823760986  738290.6281162113
-0.6847476959228516 -0.7219389081001282 0.4902661144733429 -8.365498542785645 -7.035787105560303 2.353024959564209  738290.6281163152
-0.6734522581100464 -0.7138242721557617 0.4909901022911072 -7.949934959411621 -6.582789897918701 2.3699727058410645  738290.6281164536
-0.6708503365516663 -0.7211207747459412 0.4913124442100525 -7.463914394378662 -6.196041107177734 2.3630776405334473  738290.628116546
-0.6593537330627441 -0.7127513885498047 0.4930233061313629 -6.951925277709961 -5.729528903961182 2.3802850246429443  738290.6281166614
-0.6485038995742798 -0.7046881914138794 0.4939056932926178 -6.43831205368042 -5.313480377197266 2.3794939517974854  738290.6281167769
-0.6369894742965698 -0.6959612369537354 0.4946792423725128 -5.956211566925049 -4.8974504470825195 2.378754138946533  738290.6281168923
-0.6265256404876709 -0.6879571676254272 0.49566009640693665 -5.444642066955566 -4.478278636932373 2.3722116947174072  738290.6281170539
-0.6152435541152954 -0.6792559623718262 0.4962384104728699 -4.984561443328857 -4.101206302642822 2.35565447807312  738290.6281171348
-0.6042710542678833 -0.6711030602455139 0.49714839458465576 -4.48166561126709 -3.715907335281372 2.3269400596618652  738290.6281172617
-0.5922155976295471 -0.6619866490364075 0.4979248344898224 -4.026355743408203 -3.362086057662964 2.3010125160217285  738290.6281173656
-0.5815066695213318 -0.6539162397384644 0.4989268183708191 -3.5679469108581543 -3.0696654319763184 2.2595677375793457  738290.6281174701
-0.5696430206298828 -0.6445613503456116 0.4997451901435852 -3.0988385677337646 -2.7382140159606934 2.2264108657836914  738290.6281175856
-0.5674692988395691 -0.6514298319816589 0.49869391322135925 -2.802924633026123 -2.4641921520233154 2.246906280517578  738290.6281177009
-0.555648148059845 -0.6424744129180908 0.49945753812789917 -2.2824370861053467 -2.2085750102996826 2.1927456855773926  738290.6281178168
-0.5448275804519653 -0.6339887380599976 0.5004042387008667 -1.7129772901535034 -1.9067654609680176 2.1498615741729736  738290.6281179319
-0.5328080058097839 -0.6250699758529663 0.5012063384056091 -1.165299415588379 -1.6662333011627197 2.1020405292510986  738290.6281180473
-0.5211420059204102 -0.6156186461448669 0.5031260251998901 -0.6650913953781128 -1.4396419525146484 2.0647616386413574  738290.6281181626
-0.5103082656860352 -0.6072074174880981 0.5041568875312805 -0.15872681140899658 -1.2048419713974 2.015403985977173  738290.6281182781
-0.49872907996177673 -0.5980430245399475 0.5050987005233765 0.31796348094940186 -0.9956484436988831 1.9449617862701416  738290.6281184051
-0.4874001741409302 -0.5898331999778748 0.5061395168304443 0.7797445058822632 -0.7501434087753296 1.8945406675338745  738290.628118509
-0.4753250181674957 -0.5804513692855835 0.5070369839668274 1.222403883934021 -0.4778969883918762 1.846848487854004  738290.6281186244
-0.4645281732082367 -0.572247326374054 0.5084355473518372 1.680349349975586 -0.14811649918556213 1.7847193479537964  738290.6281187629
-0.46102485060691833 -0.5786611437797546 0.5092649459838867 1.9662717580795288 0.40675175189971924 1.7211216688156128  738290.6281188785
-0.4498693645000458 -0.5705609321594238 0.5103051662445068 2.3505327701568604 0.7770355343818665 1.6694658994674683  738290.6281189824
-0.43819037079811096 -0.5617044568061829 0.5112318992614746 2.7459168434143066 1.1907252073287964 1.6055387258529663  738290.6281190978
-0.42750322818756104 -0.553758442401886 0.5133897662162781 3.183319091796875 1.6639069318771362 1.557929277420044  738290.6281192133
-0.41598737239837646 -0.5448703765869141 0.5144050121307373 3.6313703060150146 2.1361467838287354 1.5180667638778687  738290.6281193172
-0.4049795866012573 -0.5370853543281555 0.515502393245697 4.0816264152526855 2.5904605388641357 1.4653801918029785  738290.6281194441
-0.3932149112224579 -0.5282933115959167 0.5164725184440613 4.48397159576416 3.0071449279785156 1.425223469734192  738290.6281195711
-0.3828164339065552 -0.5206189155578613 0.5176020860671997 4.865306854248047 3.3552212715148926 1.3796526193618774  738290.6281196756
-0.3711945414543152 -0.5123769640922546 0.5188338756561279 5.219915390014648 3.714456796646118 1.3386263847351074  738290.6281197908
-0.3602468967437744 -0.5045233964920044 0.5198532938957214 5.589925289154053 4.084066867828369 1.3011753559112549  738290.6281198947
-0.35988831520080566 -0.5128837823867798 0.520624577999115 5.5259199142456055 4.504512786865234 1.2766796350479126  738290.62812001
-0.34975603222846985 -0.505481481552124 0.5216530561447144 5.820802211761475 4.8501129150390625 1.2321605682373047  738290.628120137
-0.33897852897644043 -0.49764367938041687 0.5236696600914001 6.0506792068481445 5.150606632232666 1.2041640281677246  738290.6281202525
-0.3289263844490051 -0.49046555161476135 0.5246865153312683 6.275584697723389 5.434039115905762 1.174204707145691  738290.6281203565
-0.31732144951820374 -0.4823633134365082 0.5257220268249512 6.453268527984619 5.775394916534424 1.140743613243103  738290.6281204834
-0.30734822154045105 -0.4754711389541626 0.5266878604888916 6.5658721923828125 6.028580188751221 1.114382266998291  738290.6281206104
-0.2972533702850342 -0.46829092502593994 0.527604877948761 6.672486782073975 6.301717281341553 1.1009521484375  738290.6281207142
-0.2876259386539459 -0.46151819825172424 0.5303400754928589 6.796511173248291 6.612607479095459 1.0811889171600342  738290.6281208182
-0.27752912044525146 -0.4547121226787567 0.5312753319740295 6.935507774353027 6.823383331298828 1.058668851852417  738290.6281209451
-0.26769283413887024 -0.44801345467567444 0.5321733951568604 7.043276786804199 7.103611946105957 1.0467513799667358  738290.6281210606
-0.2722688913345337 -0.4607185423374176 0.5329328179359436 6.88560676574707 7.457302570343018 1.024851679801941  738290.6281211759
-0.26272448897361755 -0.45441219210624695 0.5347112417221069 6.99138069152832 7.683960914611816 1.0168308019638062  738290.6281212914
-0.2537974417209625 -0.44829946756362915 0.5355103611946106 7.122039318084717 7.899264335632324 1.015908122062683  738290.6281213954
-0.2446160465478897 -0.4421899914741516 0.5362319946289062 7.1321611404418945 8.036312103271484 1.0200222730636597  738290.6281215223
-0.2360617071390152 -0.4365234971046448 0.5369626879692078 7.159534931182861 8.145668983459473 1.0170778036117554  738290.6281216262
-0.22737690806388855 -0.43070894479751587 0.5376446843147278 7.204258441925049 8.278644561767578 1.0298819541931152  738290.6281217531
-0.218900665640831 -0.4252224266529083 0.5384353399276733 7.234185695648193 8.428853034973145 1.044979453086853  738290.6281218685
-0.2101353108882904 -0.41952937841415405 0.539003312587738 7.213134288787842 8.448348999023438 1.0558594465255737  738290.6281219841
-0.20221684873104095 -0.41446149349212646 0.5395669341087341 7.134357452392578 8.513879776000977 1.0723292827606201  738290.6281220879
-0.1940222680568695 -0.40924230217933655 0.5400496125221252 7.075002193450928 8.475212097167969 1.085477352142334  738290.6281222379
-0.2043890506029129 -0.4264950454235077 0.539617121219635 6.738035678863525 8.71387767791748 1.037630319595337  738290.6281223303
-0.1968756914138794 -0.42157578468322754 0.5399590134620667 6.6119065284729 8.721271514892578 1.0566824674606323  738290.6281224458
-0.18969133496284485 -0.4169711470603943 0.5402769446372986 6.407695770263672 8.690746307373047 1.0806156396865845  738290.6281225611
-0.18236267566680908 -0.4125610888004303 0.5405582189559937 6.1918840408325195 8.61240291595459 1.0885111093521118  738290.6281226766
-0.17523574829101562 -0.4082249701023102 0.5404523611068726 6.003588676452637 8.552903175354004 1.108391284942627  738290.628122792
-0.16816064715385437 -0.4039342999458313 0.5406181812286377 5.824138641357422 8.4795503616333 1.1354645490646362  738290.6281229075
-0.1614733785390854 -0.3997848927974701 0.540743887424469 5.6215643882751465 8.359152793884277 1.1454933881759644  738290.628123023
-0.15510907769203186 -0.39585763216018677 0.5408464670181274 5.385145664215088 8.217373847961426 1.1611472368240356  738290.6281231383
-0.1483539640903473 -0.39179176092147827 0.5408985018730164 5.100917339324951 8.03853988647461 1.1819247007369995  738290.6281232538
-0.14223481714725494 -0.3879861831665039 0.5403761267662048 4.796088695526123 7.846322059631348 1.1938142776489258  738290.6281233692
-0.15398746728897095 -0.40690505504608154 0.5404645800590515 4.401804447174072 7.74404239654541 1.2091410160064697  738290.6281234847
-0.14808757603168488 -0.4034361243247986 0.5404736995697021 4.1699538230896 7.581067085266113 1.2189700603485107  738290.6281236002
-0.1431681215763092 -0.4002794027328491 0.5405179262161255 3.9688007831573486 7.401400089263916 1.2216964960098267  738290.6281237155
-0.1376359462738037 -0.3970062732696533 0.5395826697349548 3.683199405670166 7.191841125488281 1.245133876800537  738290.628123831
-0.13224655389785767 -0.3940812647342682 0.5395010709762573 3.414173126220703 6.921262741088867 1.261712908744812  738290.6281239468