1.5133880376815796 -0.00756431557238102 0.019618947058916092 -0.0608031265437603 -0.10073555260896683 -0.03629392758011818  738290.6351104478
1.5148440599441528 -0.008824696764349937 0.01965215988457203 -0.006002446636557579 -0.1640840470790863 -0.037346046417951584  738290.6351105632
1.5135694742202759 -0.00777564849704504 0.01968494802713394 -0.05416134372353554 -0.10676807165145874 -0.03777128458023071  738290.6351106786
1.514625072479248 -0.008845685049891472 0.02062867023050785 -0.00892692618072033 -0.15201668441295624 -0.03708074241876602  738290.6351108056
1.5139819383621216 -0.008207728154957294 0.020704083144664764 -0.03838551044464111 -0.12498456984758377 -0.036874424666166306  738290.6351109095
1.5133335590362549 -0.007561632432043552 0.020775489509105682 -0.06683354079723358 -0.09815354645252228 -0.03644805774092674  738290.6351110251
1.5133256912231445 -0.00886244885623455 0.020856548100709915 -0.012063397094607353 -0.10158754140138626 -0.03686743602156639  738290.6351111403
1.5148524045944214 -0.008865779265761375 0.019443178549408913 -0.014707325957715511 -0.16871705651283264 -0.03564012050628662  738290.6351112558
1.5150740146636963 -0.009095585905015469 0.019440539181232452 -0.008211956359446049 -0.17631666362285614 -0.036667272448539734  738290.6351113713
1.5139671564102173 -0.009098226204514503 0.01944621652364731 -0.010606161318719387 -0.12976934015750885 -0.03627043962478638  738290.6351114984
1.5150760412216187 -0.009104355238378048 0.019449898973107338 -0.014611739665269852 -0.17718420922756195 -0.03512328863143921  738290.6351116137
1.5148537158966064 -0.009105867706239223 0.0189130287617445 -0.01743210479617119 -0.16648809611797333 -0.03475338965654373  738290.6351117291
1.514851689338684 -0.008887603878974915 0.018885597586631775 -0.029662493616342545 -0.1668214350938797 -0.03402899205684662  738290.635111833
1.5143884420394897 -0.008943253196775913 0.018826929852366447 -0.03056635521352291 -0.14612223207950592 -0.03383418545126915  738290.6351119484
1.5143884420394897 -0.008943253196775913 0.018826929852366447 -0.03056635521352291 -0.14612223207950592 -0.03383418545126915  738290.6351120754
1.513549566268921 -0.007116708904504776 0.01877306029200554 -0.10331777483224869 -0.11718269437551498 -0.03322985768318176  738290.6351121909
1.5138086080551147 -0.007156612817198038 0.019647687673568726 -0.10185982286930084 -0.12741334736347198 -0.033186666667461395  738290.6351122947
1.513540506362915 -0.007555896881967783 0.019685205072164536 -0.08448523283004761 -0.12023083865642548 -0.03233346343040466  738290.6351124217
1.5142301321029663 -0.007566876243799925 0.01968955621123314 -0.08406518399715424 -0.147527813911438 -0.03216113522648811  738290.6351125371
1.51308274269104 -0.005745068192481995 0.019712520763278008 -0.14973057806491852 -0.10507891327142715 -0.0319233164191246  738290.6351126411
1.5146504640579224 -0.009294613264501095 0.01874014548957348 -0.009668383747339249 -0.1670394092798233 -0.0314006507396698  738290.6351127564
1.5151188373565674 -0.008691200986504555 0.018672185018658638 -0.03765726462006569 -0.18340729176998138 -0.032148219645023346  738290.6351128719
1.515090823173523 -0.007999605499207973 0.018675202503800392 -0.06485936790704727 -0.1822887808084488 -0.03219055384397507  738290.6351129989
1.5148770809173584 -0.008001056499779224 0.018640199676156044 -0.06420187652111053 -0.172144815325737 -0.03230203688144684  738290.6351131143
1.5148807764053345 -0.0073398505337536335 0.01860922947525978 -0.08980318158864975 -0.1713419109582901 -0.0322699174284935  738290.6351132182
1.5148847103118896 -0.007558213081210852 0.019151359796524048 -0.07873900979757309 -0.17119403183460236 -0.03202005475759506  738290.6351133451
1.5139834880828857 -0.007781659252941608 0.019160205498337746 -0.06896598637104034 -0.13544785976409912 -0.03220496326684952  738290.6351134606
1.512626051902771 -0.005749677307903767 0.01915736496448517 -0.14628522098064423 -0.08153993636369705 -0.0331539660692215  738290.635113576
1.5126166343688965 -0.006419938523322344 0.01917739026248455 -0.11569444835186005 -0.08383331447839737 -0.03389726206660271  738290.6351136799
1.5139787197113037 -0.007551820483058691 0.01952204667031765 -0.06955382227897644 -0.14015735685825348 -0.03405935689806938  738290.6351138068
1.5148900747299194 -0.008006399497389793 0.019547931849956512 -0.051548805087804794 -0.1777399182319641 -0.033132050186395645  738290.6351139223
1.513977289199829 -0.008004412055015564 0.019575931131839752 -0.05311475321650505 -0.1422378569841385 -0.033824991434812546  738290.6351140379
1.513952374458313 -0.00801602378487587 0.01960143819451332 -0.0537855327129364 -0.14191582798957825 -0.034112341701984406  738290.6351141417
1.5152877569198608 -0.007560877129435539 0.01963295042514801 -0.07303604483604431 -0.19269835948944092 -0.03464243561029434  738290.6351142686
1.5155057907104492 -0.009885260835289955 0.019394099712371826 0.01681121066212654 -0.19987748563289642 -0.03285888954997063  738290.635114384
1.5165784358978271 -0.010111522860825062 0.019396092742681503 0.021745890378952026 -0.2399318814277649 -0.03317178785800934  738290.6351144995
1.5163761377334595 -0.009046136401593685 0.01942898891866207 -0.023574866354465485 -0.22648650407791138 -0.03346280753612518  738290.6351146149
1.5166022777557373 -0.009911463595926762 0.019431209191679955 0.008127989247441292 -0.23193888366222382 -0.03204425796866417  738290.6351147303
1.5146582126617432 -0.009267876856029034 0.019297221675515175 -0.020799588412046432 -0.15243393182754517 -0.03390917181968689  738290.6351148458
1.5157521963119507 -0.009055913425981998 0.019301090389490128 -0.03130083903670311 -0.19492444396018982 -0.0339178629219532  738290.6351149613
1.5164200067520142 -0.010377546772360802 0.019292211160063744 0.01845407672226429 -0.21855910122394562 -0.03393177688121796  738290.6351150767
1.5166499614715576 -0.010390570387244225 0.019293522462248802 0.017084097489714622 -0.22076985239982605 -0.03314976766705513  738290.6351151923
1.516742467880249 -0.010493824258446693 0.019297707825899124 0.0174010768532753 -0.22068920731544495 -0.032412126660346985  738290.635115296
1.5152968168258667 -0.011074647307395935 0.018785621970891953 0.03631627932190895 -0.1610976755619049 -0.03284309804439545  738290.6351154115
1.5159205198287964 -0.010683324187994003 0.018769336864352226 0.016180936247110367 -0.1842430979013443 -0.03295772150158882  738290.6351155384
1.515926480293274 -0.009875601157546043 0.018755940720438957 -0.019087789580225945 -0.1830592155456543 -0.03284987807273865  738290.6351156654
1.5159313678741455 -0.010093195363879204 0.018732184544205666 -0.012859804555773735 -0.18062418699264526 -0.033189088106155396  738290.6351157692
1.5159424543380737 -0.01073985081166029 0.01920434646308422 0.010660961270332336 -0.17801688611507416 -0.032478008419275284  738290.6351158731
1.5144717693328857 -0.009488255716860294 0.01922597922384739 -0.041378363966941833 -0.11856019496917725 -0.03249289467930794  738290.635116001
% x y z qx qy qz qw  738290.6351160242
1.515746831893921 -0.009492650628089905 0.019239000976085663 -0.04215741902589798 -0.17006191611289978 -0.03293570131063461  738290.635116105
1.515960693359375 -0.011209012009203434 0.019241763278841972 0.024492930620908737 -0.17824490368366241 -0.03168211504817009  738290.6351162319
1.5159674882888794 -0.011008531786501408 0.019250083714723587 0.010888072662055492 -0.1755891889333725 -0.03314446657896042  738290.6351163473
1.5151089429855347 -0.011025371961295605 0.01955549791455269 0.007521844003349543 -0.13975688815116882 -0.03375342860817909  738290.635116463
1.5159707069396973 -0.011039997451007366 0.0195783618837595 0.005099657457321882 -0.17497986555099487 -0.03318333998322487  738290.6351165782
1.5151005983352661 -0.009295946918427944 0.019617890939116478 -0.06666357070207596 -0.13656438887119293 -0.03390112146735191  738290.6351166822
1.5150948762893677 -0.009293759241700172 0.019638871774077415 -0.06671606749296188 -0.1364789605140686 -0.03266756981611252  738290.6351168092
1.5130771398544312 -0.01092588435858488 0.01979096792638302 -0.0005056537920609117 -0.058020807802677155 -0.03149772062897682  738290.6351169245
1.5130592584609985 -0.011145771481096745 0.019817668944597244 -0.0005866499850526452 -0.05716639384627342 -0.032647401094436646  738290.6351170399
1.513047218322754 -0.010131476446986198 0.01985321380198002 -0.04300026595592499 -0.06056443974375725 -0.0315590426325798  738290.6351171554
1.5129482746124268 -0.010158011689782143 0.019877582788467407 -0.043480802327394485 -0.062211647629737854 -0.03281007334589958  738290.6351172824
1.5150913000106812 -0.011248921975493431 0.019937634468078613 -0.0016125735128298402 -0.14942555129528046 -0.031592365354299545  738290.6351173862
1.514128565788269 -0.009517946280539036 0.019597364589571953 -0.0748867467045784 -0.11127056181430817 -0.03241893649101257  738290.6351175017
1.5150954723358154 -0.010686762630939484 0.01961091160774231 -0.027673708274960518 -0.15254531800746918 -0.031341180205345154  738290.6351176171
1.5151000022888184 -0.011479698121547699 0.019613148644566536 0.002238994697108865 -0.15176397562026978 -0.031685490161180496  738290.6351177326
1.5156956911087036 -0.01149839162826538 0.019616980105638504 -0.000805575808044523 -0.17442338168621063 -0.030586672946810722  738290.6351178479
1.514103889465332 -0.01071014441549778 0.019782954826951027 -0.036122843623161316 -0.10682755708694458 -0.03209131583571434  738290.635117975
1.5159047842025757 -0.011524558998644352 0.01980125904083252 -0.005661331117153168 -0.18270348012447357 -0.0313468761742115  738290.6351180788
1.515959620475769 -0.011607125401496887 0.0198130551725626 -0.005703764036297798 -0.18160712718963623 -0.031613513827323914  738290.6351181943
1.5139561891555786 -0.01067795418202877 0.0198555588722229 -0.04523928463459015 -0.09649653732776642 -0.03183581307530403  738290.6351183096
1.515083909034729 -0.011255457997322083 0.019882114604115486 -0.023587025701999664 -0.14367535710334778 -0.03174325451254845  738290.6351184251
1.513173222541809 -0.010308483615517616 0.019548974931240082 -0.06459391862154007 -0.06512624770402908 -0.03261392563581467  738290.6351185406
1.5130829811096191 -0.01031930185854435 0.019544187933206558 -0.06453071534633636 -0.06622622907161713 -0.03243377432227135  738290.635118656
1.5161380767822266 -0.011370683088898659 0.019585974514484406 -0.021132029592990875 -0.1952587068080902 -0.030752135440707207  738290.6351187716
1.5163391828536987 -0.01175212673842907 0.019578812643885612 -0.008679624646902084 -0.2004431039094925 -0.031606677919626236  738290.6351188868
1.516359806060791 -0.011584359221160412 0.018597232177853584 -0.019086716696619987 -0.1980842500925064 -0.03190235793590546  738290.6351190023
1.5163847208023071 -0.01197951752692461 0.018536049872636795 -0.0060553718358278275 -0.1960630714893341 -0.03199457377195358  738290.6351191292
1.5163987874984741 -0.012567494995892048 0.01847880706191063 0.01531450916081667 -0.19421829283237457 -0.030418209731578827  738290.6351192332
1.5160340070724487 -0.011266658082604408 0.018452167510986328 -0.04364386945962906 -0.1755799949169159 -0.031503718346357346  738290.6351193485
1.516430139541626 -0.011858504265546799 0.01937774010002613 -0.020148802548646927 -0.19048555195331573 -0.031216394156217575  738290.635119464
1.5162441730499268 -0.012644916772842407 0.019378703087568283 0.0114711569622159 -0.17994441092014313 -0.031454671174287796  738290.6351195795
1.5146862268447876 -0.011097638867795467 0.019412998110055923 -0.05911647155880928 -0.11024050414562225 -0.03202662616968155  738290.6351196949
1.5164421796798706 -0.011102398857474327 0.01943066716194153 -0.05919187515974045 -0.18485306203365326 -0.03307553753256798  738290.6351198104
1.5164539813995361 -0.012700557708740234 0.01944136433303356 0.0071671148762106895 -0.1821850687265396 -0.03399481251835823  738290.6351199372
1.5154677629470825 -0.011320367455482483 0.01969142071902752 -0.05572329834103584 -0.1384144276380539 -0.03350362926721573  738290.6351200527
1.5164719820022583 -0.01192944124341011 0.019713282585144043 -0.03102618269622326 -0.18144404888153076 -0.03268159553408623  738290.6351201567
1.5165306329727173 -0.011980406939983368 0.01973348669707775 -0.03107537515461445 -0.1803622543811798 -0.03325487673282623  738290.635120272
1.515275478363037 -0.010365697555243969 0.019773609936237335 -0.09999505430459976 -0.12603187561035156 -0.03387840837240219  738290.6351203874
1.5158416032791138 -0.010733943432569504 0.019802726805210114 -0.08220965415239334 -0.14968712627887726 -0.03189866244792938  738290.6351205029
1.5141167640686035 -0.010347790084779263 0.01990494690835476 -0.09853844344615936 -0.07656938582658768 -0.031845998018980026  738290.6351206299
1.515075445175171 -0.010340271517634392 0.019945332780480385 -0.0960519090294838 -0.11963289231061935 -0.031110431998968124  738290.6351207339
1.5156604051589966 -0.01091785728931427 0.019982248544692993 -0.07027462124824524 -0.14578847587108612 -0.03202139958739281  738290.6351208608
1.5154634714126587 -0.010917693376541138 0.020011471584439278 -0.06962233781814575 -0.13824068009853363 -0.03161599487066269  738290.6351209761
1.515657663345337 -0.01111171767115593 0.019620997831225395 -0.059555716812610626 -0.14721396565437317 -0.031253308057785034  738290.6351210801
1.5156669616699219 -0.011110207065939903 0.019626833498477936 -0.05998843535780907 -0.14599281549453735 -0.03122543916106224  738290.6351211955
1.5130443572998047 -0.0096304751932621 0.019630907103419304 -0.12160512059926987 -0.034041423350572586 -0.032606661319732666  738290.635121311
1.5131945610046387 -0.009423596784472466 0.019640369340777397 -0.12675221264362335 -0.04539919272065163 -0.033139098435640335  738290.635121438
1.5137393474578857 -0.010346587747335434 0.019680289551615715 -0.08340306580066681 -0.07221046090126038 -0.03330756723880768  738290.6351215533
1.513155221939087 -0.009390070103108883 0.020212072879076004 -0.12446126341819763 -0.05242244526743889 -0.032927099615335464  738290.6351216688
1.5137096643447876 -0.009370731189846992 0.020258277654647827 -0.12179394066333771 -0.08111049234867096 -0.03222564607858658  738290.6351217726
1.5144709348678589 -0.011112529784440994 0.020329957827925682 -0.04429559037089348 -0.11651872843503952 -0.03286293148994446  738290.6351218997
1.5144659280776978 -0.010719097219407558 0.02037052996456623 -0.06037458777427673 -0.11894167959690094 -0.03167438879609108  738290.6351220035
1.5126762390136719 -0.009331242181360722 0.020239191129803658 -0.11973530054092407 -0.04530433565378189 -0.03146794065833092  738290.6351221305
1.5126523971557617 -0.009918947704136372 0.020276691764593124 -0.08962716907262802 -0.04929949715733528 -0.0315459705889225  738290.6351222344
1.5144360065460205 -0.009709707461297512 0.02033856511116028 -0.09553856402635574 -0.13076847791671753 -0.030158238485455513  738290.6351223614
1.5138181447982788 -0.009496725164353848 0.020369254052639008 -0.1013060137629509 -0.10570317506790161 -0.03071300871670246  738290.6351224768
1.5138086080551147 -0.010519484989345074 0.01987496018409729 -0.05570822209119797 -0.10703840851783752 -0.03279509395360947  738290.6351225807
1.5127756595611572 -0.00928368791937828 0.019875485450029373 -0.10690195113420486 -0.06540479511022568 -0.03289014846086502  738290.6351227077
1.513588547706604 -0.01010105013847351 0.01990295760333538 -0.069974385201931 -0.1058386042714119 -0.03211690112948418  738290.6351228231
1.5144137144088745 -0.010096285492181778 0.01991845667362213 -0.06881183385848999 -0.14395058155059814 -0.03159373253583908  738290.6351229385
1.5143898725509644 -0.010059613734483719 0.0199289433658123 -0.06871876865625381 -0.14358031749725342 -0.032717086374759674  738290.6351230539
1.511339545249939 -0.0085912412032485 0.01956138387322426 -0.1290067583322525 -0.018435681238770485 -0.03370773792266846  738290.6351231695
1.5111087560653687 -0.009546571411192417 0.019565092399716377 -0.08381617069244385 -0.015630466863512993 -0.03410030156373978  738290.6351232849
1.5110714435577393 -0.008548320271074772 0.019554750993847847 -0.12321086972951889 -0.02302752621471882 -0.03344210237264633  738290.6351234004
1.5120290517807007 -0.008728195913136005 0.019581472501158714 -0.11052951216697693 -0.07041797041893005 -0.032872989773750305  738290.6351235156
1.5109968185424805 -0.008708416484296322 0.020108366385102272 -0.10688745230436325 -0.03299843519926071 -0.032780665904283524  738290.6351236311
1.5117720365524292 -0.00909751933068037 0.020153643563389778 -0.08571340888738632 -0.07266900688409805 -0.031850799918174744  738290.6351237466
1.5127699375152588 -0.009493493475019932 0.02019583061337471 -0.06601642072200775 -0.11905408650636673 -0.03224740922451019  738290.6351238621
1.5125541687011719 -0.008663351647555828 0.020216867327690125 -0.09832455962896347 -0.11341899633407593 -0.032741185277700424  738290.6351239774
1.5127437114715576 -0.009880892001092434 0.020257167518138885 -0.04391197860240936 -0.12429746985435486 -0.03329255431890488  738290.6351240928
1.5112764835357666 -0.008626667782664299 0.020562687888741493 -0.09539314359426498 -0.06615995615720749 -0.03487132862210274  738290.6351242083
1.5127198696136475 -0.009033585898578167 0.020626036450266838 -0.07464093714952469 -0.13179908692836761 -0.03373788669705391  738290.6351243237
1.5120785236358643 -0.009023771621286869 0.020663728937506676 -0.07291408628225327 -0.10731710493564606 -0.034086767584085464  738290.6351244391
1.512702226638794 -0.009863905608654022 0.020713355392217636 -0.036424994468688965 -0.13640016317367554 -0.03465753421187401  738290.6351245546
1.5126965045928955 -0.01029141154140234 0.020464887842535973 -0.018183991312980652 -0.1381523609161377 -0.03395741805434227  738290.63512467
1.5126901865005493 -0.009008694440126419 0.020492522045969963 -0.07060090452432632 -0.13917410373687744 -0.034299712628126144  738290.6351247855
1.5126798152923584 -0.00877769012004137 0.02051931992173195 -0.07655813544988632 -0.14057454466819763 -0.03404935821890831  738290.6351249008
1.5120189189910889 -0.008548413403332233 0.020543532446026802 -0.08226246386766434 -0.1153925210237503 -0.03419024124741554  738290.6351250163
1.513543963432312 -0.010291610844433308 0.020601145923137665 -0.009491953998804092 -0.180076465010643 -0.03294924646615982  738290.6351251317
1.511568307876587 -0.008533590473234653 0.01961204782128334 -0.08240486681461334 -0.09983938932418823 -0.032369621098041534  738290.6351252472
1.5126630067825317 -0.009412824176251888 0.019606269896030426 -0.0435616672039032 -0.14829230308532715 -0.03255344554781914  738290.6351253625
1.5115488767623901 -0.009632064029574394 0.01958453096449375 -0.03314293548464775 -0.10466928780078888 -0.03235359862446785  738290.635125478
1.5126537084579468 -0.009632442146539688 0.019577989354729652 -0.03177249804139137 -0.1528698354959488 -0.03203990310430527  738290.6351255934
1.5126476287841797 -0.00917747337371111 0.02013869769871235 -0.04927974194288254 -0.15371136367321014 -0.032022226601839066  738290.6351257204
1.5126429796218872 -0.00962566677480936 0.020154332742094994 -0.02985028550028801 -0.15419064462184906 -0.03222157061100006  738290.6351258244
1.512610912322998 -0.009610672481358051 0.020168574526906013 -0.029613563790917397 -0.15421214699745178 -0.032477159053087234  738290.6351259397
1.5126760005950928 -0.00881422683596611 0.020183008164167404 -0.0599510632455349 -0.1585730016231537 -0.031820911914110184  738290.6351260553
1.5126742124557495 -0.009225464425981045 0.020201202481985092 -0.041618142277002335 -0.15928643941879272 -0.032547254115343094  738290.6351261706
1.5116291046142578 -0.009009395726025105 0.02054259181022644 -0.04841115325689316 -0.1195770874619484 -0.0328473336994648  738290.6351262861
1.5120387077331543 -0.009849220514297485 0.020583540201187134 -0.012765459716320038 -0.13890157639980316 -0.031911544501781464  738290.6351264131
1.5126694440841675 -0.009211376309394836 0.020621154457330704 -0.03819945827126503 -0.16561231017112732 -0.031462207436561584  738290.6351265169
1.5126525163650513 -0.009175497107207775 0.020653847604990005 -0.037442781031131744 -0.16546258330345154 -0.030855577439069748  738290.6351266439
1.5126805305480957 -0.008881552144885063 0.01878417655825615 -0.048693861812353134 -0.1673334389925003 -0.029754523187875748  738290.6351267479
1.510899305343628 -0.0066987741738557816 0.018702257424592972 -0.1332840770483017 -0.09470593184232712 -0.02938355877995491  738290.6351268748
1.510877251625061 -0.0076723298989236355 0.018656382337212563 -0.08762725442647934 -0.09726253896951675 -0.02997656539082527  738290.6351269787
1.5126703977584839 -0.008859513327479362 0.01863425225019455 -0.03472829982638359 -0.17240260541439056 -0.030735166743397713  738290.6351271056
1.5126636028289795 -0.008818182162940502 0.01856904849410057 -0.03568252548575401 -0.17205408215522766 -0.031230760738253593  738290.6351272096
1.5093135833740234 -0.007780609652400017 0.018275802955031395 -0.07400327920913696 -0.03406934440135956 -0.03322409838438034  738290.6351273251
1.5102105140686035 -0.007572518195956945 0.018228253349661827 -0.07789542526006699 -0.07903821021318436 -0.0319104865193367  738290.6351274404
1.510947823524475 -0.008314428851008415 0.01818590611219406 -0.04212772101163864 -0.11359835416078568 -0.03212474659085274  738290.6351275676
1.5109293460845947 -0.008108770474791527 0.01811899058520794 -0.04903768002986908 -0.11540703475475311 -0.03184738755226135  738290.6351276829
1.509743094444275 -0.008285963907837868 0.018426161259412766 -0.03943493962287903 -0.06960772722959518 -0.03179892152547836  738290.6351277868
1.5108832120895386 -0.008668133988976479 0.01840156503021717 -0.02242230996489525 -0.12252204865217209 -0.03321732208132744  738290.6351279025
1.5090792179107666 -0.00747049693018198 0.018341470509767532 -0.07213882356882095 -0.04902278631925583 -0.034689925611019135  738290.6351280296
1.510825514793396 -0.008250368759036064 0.018345320597290993 -0.03514077514410019 -0.12774020433425903 -0.030933167785406113  738290.6351281449
1.510438323020935 -0.00784104224294424 0.01829436980187893 -0.0503186471760273 -0.11062777787446976 -0.03780447319149971  738290.6351282605
1.509010910987854 -0.007211513817310333 0.01811736822128296 -0.07704703509807587 -0.05484313145279884 -0.033054448664188385  738290.6351283758
1.5108014345169067 -0.008392739109694958 0.01811045967042446 -0.022812603041529655 -0.1387249082326889 -0.03289441019296646  738290.6351284798
1.5107858180999756 -0.008584133349359035 0.018056046217679977 -0.010864965617656708 -0.1411435604095459 -0.025744983926415443  738290.6351286067
1.5107694864273071 -0.008810842409729958 0.017994672060012817 -0.0013333770912140608 -0.13999556005001068 -0.03956252709031105  738290.6351287107
1.5089061260223389 -0.007136415224522352 0.017562100663781166 -0.08337321132421494 -0.06991410255432129 -0.019199112430214882  738290.6351288375
1.5099890232086182 -0.0070771570317447186 0.017498236149549484 -0.07212233543395996 -0.12140706181526184 -0.045789413154125214  738290.6351289415
1.5107907056808472 -0.00924256257712841 0.017453301697969437 0.016058770939707756 -0.1603780835866928 -0.11623425781726837  738290.6351290684
1.5104281902313232 -0.006038026884198189 0.01739904284477234 -0.09444153308868408 -0.11733236163854599 -0.21479186415672302  738290.6351291839
1.5100998878479004 -0.008660843595862389 0.017389269545674324 -0.0065348329953849316 -0.1313355714082718 -0.2574232220649719  738290.6351292994
1.509789228439331 -0.008134255185723305 0.017581304535269737 0.0020590967033058405 -0.0934579074382782 -0.2629289925098419  738290.6351294147
1.510881781578064 -0.008779218420386314 0.017577987164258957 -0.005676041357219219 -0.1780100017786026 -0.27259889245033264  738290.6351295302
1.5110318660736084 -0.00966562982648611 0.017579814419150352 0.03203202784061432 -0.15789441764354706 -0.31971120834350586  738290.6351296456
1.5115514993667603 -0.009317991323769093 0.017515821382403374 0.06863255053758621 -0.14137956500053406 -0.34207379817962646  738290.6351297495
1.5112217664718628 -0.008848165161907673 0.01803751103579998 -0.0116391871124506 -0.1553429365158081 -0.27056291699409485  738290.6351298764
1.5112887620925903 -0.009033947251737118 0.01797371543943882 -0.020007146522402763 -0.1930653303861618 -0.1463399976491928  738290.6351299919
1.513109564781189 -0.009308182634413242 0.01789659820497036 0.0009941557655110955 -0.25173285603523254 -0.002925763139501214  738290.6351301075